Distance in bp(Fragment Length Estimate: 162)(Peak Width Estimate: 162)	Same Strand (+ for Watson strand, - for Crick)	Opposite Strand
-2000	120056.0	120594.0
-1999	120309.0	119879.0
-1998	120657.0	119833.0
-1997	120504.0	119868.0
-1996	119944.0	119852.0
-1995	120792.0	119723.0
-1994	120411.0	119458.0
-1993	120713.0	119604.0
-1992	120719.0	119794.0
-1991	120184.0	120264.0
-1990	119987.0	120448.0
-1989	120184.0	120730.0
-1988	120476.0	119993.0
-1987	120631.0	120395.0
-1986	120291.0	119879.0
-1985	120312.0	119518.0
-1984	120274.0	119611.0
-1983	120197.0	119991.0
-1982	120123.0	119397.0
-1981	121044.0	120321.0
-1980	120850.0	120187.0
-1979	120668.0	120384.0
-1978	120384.0	120252.0
-1977	120678.0	119664.0
-1976	119975.0	120361.0
-1975	121026.0	119799.0
-1974	120649.0	120450.0
-1973	119845.0	119543.0
-1972	120162.0	120263.0
-1971	120581.0	120007.0
-1970	120088.0	119964.0
-1969	121154.0	120223.0
-1968	120469.0	119833.0
-1967	120691.0	119766.0
-1966	121052.0	120606.0
-1965	120577.0	120327.0
-1964	120544.0	119949.0
-1963	120403.0	120138.0
-1962	121382.0	120532.0
-1961	120751.0	119914.0
-1960	120205.0	119712.0
-1959	120907.0	119768.0
-1958	120300.0	119813.0
-1957	120265.0	120335.0
-1956	120322.0	120444.0
-1955	119834.0	120581.0
-1954	120497.0	120395.0
-1953	120604.0	120351.0
-1952	120664.0	120116.0
-1951	121028.0	120200.0
-1950	120516.0	120429.0
-1949	120634.0	119491.0
-1948	121006.0	119959.0
-1947	120566.0	119973.0
-1946	120379.0	119483.0
-1945	120963.0	119835.0
-1944	120719.0	120192.0
-1943	120229.0	119901.0
-1942	120924.0	119857.0
-1941	120852.0	120273.0
-1940	120235.0	119138.0
-1939	120495.0	120250.0
-1938	120598.0	120129.0
-1937	120888.0	119834.0
-1936	120444.0	120141.0
-1935	120499.0	119918.0
-1934	120280.0	119471.0
-1933	120348.0	119621.0
-1932	120776.0	120140.0
-1931	120863.0	120280.0
-1930	120540.0	119842.0
-1929	121010.0	120564.0
-1928	120468.0	119978.0
-1927	120552.0	119944.0
-1926	120688.0	120258.0
-1925	120616.0	120172.0
-1924	120137.0	120404.0
-1923	120780.0	120785.0
-1922	120801.0	120162.0
-1921	120280.0	120515.0
-1920	120800.0	120437.0
-1919	121045.0	120452.0
-1918	120915.0	120282.0
-1917	120343.0	120888.0
-1916	120710.0	120317.0
-1915	120527.0	120114.0
-1914	120215.0	120302.0
-1913	120671.0	119891.0
-1912	120804.0	120265.0
-1911	120474.0	120320.0
-1910	120383.0	120559.0
-1909	120905.0	120610.0
-1908	120974.0	120571.0
-1907	120630.0	120667.0
-1906	121338.0	120152.0
-1905	121466.0	119972.0
-1904	121702.0	120151.0
-1903	121585.0	120225.0
-1902	121565.0	120425.0
-1901	121098.0	119393.0
-1900	120860.0	120174.0
-1899	120173.0	121152.0
-1898	120661.0	120579.0
-1897	120491.0	120628.0
-1896	120736.0	120519.0
-1895	120411.0	120099.0
-1894	120340.0	120662.0
-1893	121202.0	120497.0
-1892	120738.0	120168.0
-1891	120980.0	120563.0
-1890	121350.0	120722.0
-1889	120602.0	120458.0
-1888	120850.0	120240.0
-1887	120306.0	120345.0
-1886	121074.0	120212.0
-1885	121153.0	120117.0
-1884	121181.0	120141.0
-1883	120954.0	120142.0
-1882	121346.0	120219.0
-1881	120967.0	120417.0
-1880	120422.0	120567.0
-1879	120312.0	120655.0
-1878	120804.0	120703.0
-1877	120824.0	120879.0
-1876	120744.0	120558.0
-1875	120726.0	120171.0
-1874	120563.0	119823.0
-1873	120534.0	120000.0
-1872	120522.0	119873.0
-1871	120680.0	120136.0
-1870	120207.0	120732.0
-1869	120553.0	120672.0
-1868	120480.0	120413.0
-1867	120233.0	121007.0
-1866	120920.0	120549.0
-1865	121112.0	120017.0
-1864	120790.0	120652.0
-1863	120972.0	120414.0
-1862	120769.0	120085.0
-1861	120794.0	120358.0
-1860	121760.0	120596.0
-1859	120990.0	120231.0
-1858	121226.0	120388.0
-1857	120841.0	120824.0
-1856	120798.0	121037.0
-1855	120024.0	120984.0
-1854	121142.0	120399.0
-1853	120988.0	120567.0
-1852	120832.0	120066.0
-1851	120773.0	120382.0
-1850	120333.0	120820.0
-1849	121093.0	120851.0
-1848	120827.0	120714.0
-1847	120793.0	120538.0
-1846	120624.0	121013.0
-1845	120954.0	120582.0
-1844	120904.0	120099.0
-1843	120800.0	120404.0
-1842	121242.0	120832.0
-1841	120669.0	120323.0
-1840	120667.0	120424.0
-1839	120914.0	120550.0
-1838	121239.0	120621.0
-1837	120723.0	120251.0
-1836	121180.0	120872.0
-1835	121194.0	120718.0
-1834	120450.0	120995.0
-1833	121039.0	120695.0
-1832	121194.0	120677.0
-1831	121052.0	120866.0
-1830	121254.0	121127.0
-1829	120913.0	120800.0
-1828	121218.0	121103.0
-1827	120839.0	121085.0
-1826	121297.0	120633.0
-1825	120863.0	120825.0
-1824	120990.0	120551.0
-1823	120771.0	120926.0
-1822	120956.0	120856.0
-1821	121049.0	121049.0
-1820	121142.0	120614.0
-1819	121475.0	120334.0
-1818	121285.0	120209.0
-1817	121358.0	120704.0
-1816	120937.0	121009.0
-1815	121228.0	120962.0
-1814	120775.0	120941.0
-1813	121002.0	120944.0
-1812	120973.0	120437.0
-1811	121106.0	120694.0
-1810	120640.0	120531.0
-1809	120951.0	121085.0
-1808	121141.0	120104.0
-1807	121252.0	120842.0
-1806	121374.0	120543.0
-1805	121450.0	120869.0
-1804	121202.0	120557.0
-1803	120837.0	120635.0
-1802	120647.0	120277.0
-1801	120938.0	120647.0
-1800	121270.0	121111.0
-1799	121429.0	120057.0
-1798	120849.0	121192.0
-1797	121167.0	121024.0
-1796	121076.0	120799.0
-1795	120992.0	120804.0
-1794	120781.0	120923.0
-1793	120997.0	120745.0
-1792	120871.0	121282.0
-1791	121037.0	120941.0
-1790	121269.0	120375.0
-1789	121095.0	120251.0
-1788	121487.0	121050.0
-1787	121358.0	120808.0
-1786	121354.0	120524.0
-1785	121408.0	120361.0
-1784	121189.0	120314.0
-1783	121229.0	120845.0
-1782	121463.0	120871.0
-1781	120838.0	120894.0
-1780	121323.0	120729.0
-1779	120833.0	120552.0
-1778	121001.0	121099.0
-1777	120851.0	121299.0
-1776	121208.0	120735.0
-1775	121705.0	121222.0
-1774	121394.0	120167.0
-1773	121663.0	120667.0
-1772	120969.0	120399.0
-1771	120934.0	120630.0
-1770	120976.0	121171.0
-1769	120873.0	120632.0
-1768	121228.0	120453.0
-1767	121579.0	120758.0
-1766	121252.0	120626.0
-1765	121622.0	120809.0
-1764	120680.0	120474.0
-1763	121134.0	120941.0
-1762	121289.0	120189.0
-1761	121489.0	120565.0
-1760	121366.0	120202.0
-1759	121859.0	121103.0
-1758	121456.0	121014.0
-1757	121698.0	120836.0
-1756	121392.0	121211.0
-1755	121340.0	120256.0
-1754	121274.0	119792.0
-1753	121088.0	120857.0
-1752	120975.0	120376.0
-1751	120792.0	120917.0
-1750	120882.0	121103.0
-1749	121015.0	120961.0
-1748	121040.0	121126.0
-1747	121381.0	120689.0
-1746	121168.0	120778.0
-1745	120956.0	120972.0
-1744	121207.0	121062.0
-1743	121359.0	121117.0
-1742	120876.0	120967.0
-1741	121573.0	120924.0
-1740	121372.0	120770.0
-1739	121506.0	120936.0
-1738	121348.0	121150.0
-1737	121026.0	120971.0
-1736	121365.0	120191.0
-1735	120796.0	120655.0
-1734	121760.0	121183.0
-1733	121431.0	121127.0
-1732	120951.0	121115.0
-1731	121009.0	120720.0
-1730	121128.0	120813.0
-1729	121254.0	121308.0
-1728	121118.0	121376.0
-1727	121601.0	121054.0
-1726	121867.0	120727.0
-1725	121109.0	120693.0
-1724	121446.0	121041.0
-1723	121734.0	121633.0
-1722	121395.0	120712.0
-1721	121804.0	121241.0
-1720	121145.0	120961.0
-1719	121423.0	120873.0
-1718	121172.0	121050.0
-1717	121765.0	121579.0
-1716	121590.0	121113.0
-1715	120884.0	121284.0
-1714	121512.0	120639.0
-1713	121694.0	120945.0
-1712	121619.0	121013.0
-1711	121463.0	120676.0
-1710	121426.0	120479.0
-1709	120784.0	120651.0
-1708	121061.0	120723.0
-1707	120643.0	120856.0
-1706	121573.0	121074.0
-1705	121008.0	121129.0
-1704	121132.0	120731.0
-1703	121465.0	120828.0
-1702	121202.0	121000.0
-1701	120890.0	120655.0
-1700	120984.0	120840.0
-1699	120914.0	121177.0
-1698	121882.0	121309.0
-1697	121781.0	121278.0
-1696	121735.0	121179.0
-1695	121746.0	121364.0
-1694	121491.0	121473.0
-1693	121431.0	121429.0
-1692	121814.0	121476.0
-1691	121681.0	121624.0
-1690	121359.0	121832.0
-1689	121033.0	120497.0
-1688	121027.0	120726.0
-1687	121307.0	121220.0
-1686	121630.0	121049.0
-1685	121274.0	121121.0
-1684	121427.0	121539.0
-1683	121853.0	120644.0
-1682	121682.0	120889.0
-1681	121863.0	120642.0
-1680	121213.0	121070.0
-1679	121613.0	121469.0
-1678	121616.0	121584.0
-1677	121995.0	121295.0
-1676	121557.0	121535.0
-1675	120647.0	121232.0
-1674	121514.0	121348.0
-1673	121760.0	120610.0
-1672	121113.0	120917.0
-1671	121005.0	121410.0
-1670	121299.0	120817.0
-1669	121007.0	121473.0
-1668	121596.0	121689.0
-1667	121428.0	120801.0
-1666	121425.0	121350.0
-1665	121072.0	120754.0
-1664	121162.0	121811.0
-1663	121371.0	120657.0
-1662	121231.0	121545.0
-1661	121254.0	120893.0
-1660	121721.0	120989.0
-1659	121446.0	120928.0
-1658	121130.0	120673.0
-1657	121390.0	120707.0
-1656	121878.0	121075.0
-1655	121894.0	121728.0
-1654	121640.0	121633.0
-1653	121221.0	120713.0
-1652	121610.0	121272.0
-1651	120816.0	120841.0
-1650	122099.0	120492.0
-1649	121291.0	120958.0
-1648	121237.0	121173.0
-1647	121854.0	121547.0
-1646	121385.0	121526.0
-1645	121497.0	121502.0
-1644	121067.0	121600.0
-1643	121313.0	121521.0
-1642	120747.0	121026.0
-1641	121908.0	121799.0
-1640	121308.0	120966.0
-1639	121495.0	121711.0
-1638	121178.0	121429.0
-1637	122335.0	121419.0
-1636	122397.0	120913.0
-1635	122081.0	121594.0
-1634	121569.0	121488.0
-1633	121564.0	121600.0
-1632	121869.0	121717.0
-1631	121548.0	121244.0
-1630	121264.0	121151.0
-1629	121719.0	121438.0
-1628	121337.0	121221.0
-1627	121800.0	121324.0
-1626	122300.0	120888.0
-1625	121489.0	120549.0
-1624	121572.0	121459.0
-1623	121354.0	121297.0
-1622	121054.0	120982.0
-1621	121470.0	120788.0
-1620	121407.0	121896.0
-1619	122027.0	121453.0
-1618	121516.0	121780.0
-1617	122004.0	121616.0
-1616	121834.0	121607.0
-1615	122309.0	121497.0
-1614	121935.0	121328.0
-1613	121498.0	120738.0
-1612	121735.0	121483.0
-1611	121204.0	121144.0
-1610	121801.0	121523.0
-1609	121892.0	121461.0
-1608	121601.0	121606.0
-1607	121818.0	120876.0
-1606	121483.0	121756.0
-1605	121185.0	121751.0
-1604	122138.0	121309.0
-1603	121982.0	121059.0
-1602	121897.0	121788.0
-1601	122090.0	121553.0
-1600	121601.0	121276.0
-1599	121682.0	121258.0
-1598	121484.0	121936.0
-1597	121922.0	121371.0
-1596	122225.0	121363.0
-1595	121223.0	121616.0
-1594	121812.0	121313.0
-1593	121709.0	121457.0
-1592	121962.0	121627.0
-1591	121784.0	121206.0
-1590	121964.0	121161.0
-1589	121824.0	121152.0
-1588	121804.0	121772.0
-1587	122271.0	121166.0
-1586	121516.0	121299.0
-1585	122043.0	121678.0
-1584	121427.0	121871.0
-1583	121111.0	121828.0
-1582	121624.0	121840.0
-1581	121850.0	121577.0
-1580	121879.0	120974.0
-1579	121688.0	120953.0
-1578	121775.0	121583.0
-1577	121396.0	121735.0
-1576	122421.0	121099.0
-1575	122349.0	121181.0
-1574	121821.0	121728.0
-1573	121701.0	121491.0
-1572	121868.0	121410.0
-1571	120967.0	121115.0
-1570	121823.0	121755.0
-1569	121799.0	121463.0
-1568	121546.0	121063.0
-1567	121882.0	121150.0
-1566	121991.0	121021.0
-1565	121890.0	121671.0
-1564	121377.0	120927.0
-1563	121367.0	121434.0
-1562	121508.0	121619.0
-1561	121432.0	121964.0
-1560	121948.0	121290.0
-1559	121620.0	122470.0
-1558	121359.0	121772.0
-1557	121551.0	121964.0
-1556	122075.0	121873.0
-1555	122185.0	122700.0
-1554	122016.0	121947.0
-1553	121791.0	121399.0
-1552	121947.0	121517.0
-1551	122333.0	121736.0
-1550	121841.0	121471.0
-1549	122898.0	121831.0
-1548	122401.0	121695.0
-1547	121960.0	121585.0
-1546	121874.0	121558.0
-1545	122070.0	122019.0
-1544	121985.0	120990.0
-1543	122004.0	121645.0
-1542	122143.0	121419.0
-1541	122153.0	121333.0
-1540	121808.0	122312.0
-1539	122133.0	121475.0
-1538	122434.0	121441.0
-1537	121967.0	121573.0
-1536	122432.0	121163.0
-1535	121597.0	122032.0
-1534	121793.0	121548.0
-1533	121948.0	121972.0
-1532	122193.0	121841.0
-1531	121831.0	122163.0
-1530	121669.0	121588.0
-1529	121855.0	122064.0
-1528	121425.0	121442.0
-1527	122191.0	121800.0
-1526	122001.0	121207.0
-1525	122348.0	121471.0
-1524	122113.0	121820.0
-1523	122154.0	122095.0
-1522	121802.0	121662.0
-1521	121698.0	121494.0
-1520	121491.0	121961.0
-1519	121595.0	121970.0
-1518	122520.0	121783.0
-1517	121856.0	122038.0
-1516	121311.0	122373.0
-1515	121580.0	122142.0
-1514	121873.0	122629.0
-1513	122086.0	122652.0
-1512	122225.0	122214.0
-1511	121607.0	121762.0
-1510	122332.0	121608.0
-1509	122314.0	121886.0
-1508	122340.0	122092.0
-1507	122399.0	121899.0
-1506	121954.0	121488.0
-1505	122417.0	122029.0
-1504	122838.0	121934.0
-1503	121944.0	121620.0
-1502	122352.0	121966.0
-1501	122664.0	121624.0
-1500	122617.0	121820.0
-1499	122020.0	121274.0
-1498	122201.0	121947.0
-1497	122082.0	122780.0
-1496	122051.0	121798.0
-1495	122047.0	122069.0
-1494	121976.0	122223.0
-1493	121978.0	121800.0
-1492	123087.0	121875.0
-1491	122681.0	121674.0
-1490	121919.0	121269.0
-1489	122096.0	121479.0
-1488	122188.0	121960.0
-1487	121949.0	121700.0
-1486	122259.0	121573.0
-1485	122861.0	122417.0
-1484	122362.0	122020.0
-1483	122289.0	122227.0
-1482	122869.0	122184.0
-1481	122660.0	120957.0
-1480	122006.0	121355.0
-1479	122791.0	121320.0
-1478	122966.0	121953.0
-1477	122039.0	121184.0
-1476	122082.0	121916.0
-1475	122171.0	121699.0
-1474	122592.0	122061.0
-1473	122495.0	122073.0
-1472	122727.0	121379.0
-1471	122258.0	121889.0
-1470	122349.0	121874.0
-1469	122239.0	122264.0
-1468	122575.0	122152.0
-1467	122760.0	121808.0
-1466	122353.0	121308.0
-1465	122223.0	121986.0
-1464	122187.0	121812.0
-1463	121395.0	121904.0
-1462	122004.0	122114.0
-1461	121782.0	121591.0
-1460	122414.0	121720.0
-1459	122138.0	122264.0
-1458	122003.0	121821.0
-1457	122362.0	120952.0
-1456	122335.0	121775.0
-1455	122585.0	121735.0
-1454	122200.0	121539.0
-1453	122484.0	121324.0
-1452	122419.0	121075.0
-1451	121833.0	121514.0
-1450	122302.0	121482.0
-1449	122471.0	121710.0
-1448	122228.0	120844.0
-1447	122459.0	121310.0
-1446	122065.0	121328.0
-1445	122174.0	121328.0
-1444	121553.0	121801.0
-1443	121692.0	121563.0
-1442	122020.0	122277.0
-1441	121870.0	121818.0
-1440	121897.0	121506.0
-1439	122463.0	121457.0
-1438	122012.0	122067.0
-1437	122094.0	121302.0
-1436	122104.0	121745.0
-1435	121999.0	121590.0
-1434	121710.0	121991.0
-1433	121666.0	122066.0
-1432	121838.0	121609.0
-1431	121894.0	121881.0
-1430	121785.0	121872.0
-1429	122357.0	121863.0
-1428	122184.0	121467.0
-1427	121661.0	121697.0
-1426	121486.0	122245.0
-1425	121755.0	122039.0
-1424	121822.0	122272.0
-1423	121543.0	122108.0
-1422	122204.0	122235.0
-1421	121817.0	121858.0
-1420	121618.0	121904.0
-1419	122397.0	122539.0
-1418	121770.0	122309.0
-1417	122057.0	121970.0
-1416	121782.0	122324.0
-1415	121908.0	121757.0
-1414	121937.0	122079.0
-1413	122470.0	122118.0
-1412	122100.0	122092.0
-1411	122121.0	121889.0
-1410	122428.0	121748.0
-1409	122132.0	121690.0
-1408	122316.0	122184.0
-1407	122210.0	122227.0
-1406	121962.0	122247.0
-1405	121728.0	121860.0
-1404	122714.0	121725.0
-1403	121762.0	122269.0
-1402	122129.0	122210.0
-1401	122023.0	121822.0
-1400	121893.0	121990.0
-1399	122335.0	121861.0
-1398	122656.0	122489.0
-1397	122365.0	122186.0
-1396	122334.0	122040.0
-1395	122354.0	122003.0
-1394	121744.0	121667.0
-1393	122519.0	121823.0
-1392	121935.0	121723.0
-1391	122059.0	121283.0
-1390	122358.0	122611.0
-1389	122076.0	122338.0
-1388	122436.0	121721.0
-1387	121939.0	121379.0
-1386	121784.0	122044.0
-1385	121874.0	122337.0
-1384	122113.0	122780.0
-1383	122918.0	122694.0
-1382	122221.0	121654.0
-1381	122173.0	121644.0
-1380	122663.0	121971.0
-1379	122341.0	121882.0
-1378	122514.0	121680.0
-1377	122036.0	121621.0
-1376	121370.0	121933.0
-1375	121889.0	122163.0
-1374	122091.0	121875.0
-1373	122294.0	121999.0
-1372	121952.0	122054.0
-1371	122029.0	122455.0
-1370	121664.0	121803.0
-1369	121499.0	122502.0
-1368	122074.0	122119.0
-1367	122249.0	121822.0
-1366	122052.0	122267.0
-1365	122092.0	121851.0
-1364	121812.0	121998.0
-1363	121708.0	121610.0
-1362	122534.0	122116.0
-1361	122357.0	122039.0
-1360	122520.0	121730.0
-1359	121971.0	122114.0
-1358	122564.0	122004.0
-1357	122054.0	121857.0
-1356	122215.0	122489.0
-1355	122229.0	122519.0
-1354	122406.0	122128.0
-1353	122408.0	122301.0
-1352	122754.0	122255.0
-1351	122061.0	122924.0
-1350	122722.0	122034.0
-1349	122146.0	122940.0
-1348	122298.0	122778.0
-1347	123071.0	122367.0
-1346	122223.0	122374.0
-1345	122246.0	121964.0
-1344	122662.0	122844.0
-1343	122552.0	122609.0
-1342	122265.0	122225.0
-1341	122895.0	121814.0
-1340	122212.0	122153.0
-1339	121849.0	122035.0
-1338	122312.0	122493.0
-1337	122852.0	122232.0
-1336	123106.0	122548.0
-1335	122538.0	122708.0
-1334	122476.0	122005.0
-1333	122401.0	122602.0
-1332	122153.0	122239.0
-1331	122401.0	122721.0
-1330	122877.0	123262.0
-1329	122718.0	122543.0
-1328	122990.0	122052.0
-1327	122584.0	122382.0
-1326	122481.0	122345.0
-1325	122380.0	122191.0
-1324	122224.0	122225.0
-1323	122647.0	121888.0
-1322	122085.0	122203.0
-1321	121950.0	122515.0
-1320	122206.0	122618.0
-1319	122110.0	121974.0
-1318	122779.0	122529.0
-1317	122801.0	122364.0
-1316	121922.0	121844.0
-1315	122709.0	122195.0
-1314	122631.0	122630.0
-1313	122942.0	122470.0
-1312	122416.0	122428.0
-1311	122798.0	123005.0
-1310	122629.0	122138.0
-1309	122492.0	122206.0
-1308	122861.0	122457.0
-1307	122470.0	122485.0
-1306	122856.0	123059.0
-1305	122821.0	122659.0
-1304	122267.0	122523.0
-1303	122797.0	122567.0
-1302	122710.0	122677.0
-1301	122428.0	121930.0
-1300	122714.0	122784.0
-1299	123137.0	122410.0
-1298	122595.0	122511.0
-1297	122893.0	122611.0
-1296	123568.0	122660.0
-1295	122749.0	122218.0
-1294	122903.0	121663.0
-1293	122740.0	122439.0
-1292	122542.0	122187.0
-1291	122965.0	122595.0
-1290	122964.0	122571.0
-1289	123058.0	122070.0
-1288	122520.0	121850.0
-1287	122216.0	121905.0
-1286	122316.0	121619.0
-1285	122192.0	122551.0
-1284	122521.0	122878.0
-1283	122359.0	122102.0
-1282	122691.0	122607.0
-1281	122733.0	122070.0
-1280	121973.0	121764.0
-1279	122285.0	121773.0
-1278	122548.0	121499.0
-1277	122318.0	122373.0
-1276	122418.0	122377.0
-1275	122647.0	122323.0
-1274	122977.0	122102.0
-1273	123037.0	122579.0
-1272	122488.0	122066.0
-1271	122691.0	121811.0
-1270	122680.0	122355.0
-1269	122726.0	122424.0
-1268	122092.0	122492.0
-1267	122111.0	122399.0
-1266	122962.0	122034.0
-1265	122453.0	121722.0
-1264	122747.0	122787.0
-1263	122450.0	122187.0
-1262	122145.0	121547.0
-1261	122868.0	122536.0
-1260	122784.0	121948.0
-1259	122207.0	122392.0
-1258	122404.0	122181.0
-1257	122517.0	122477.0
-1256	122443.0	122201.0
-1255	122431.0	122602.0
-1254	122389.0	122226.0
-1253	122419.0	122190.0
-1252	123078.0	122507.0
-1251	122531.0	122255.0
-1250	122196.0	122567.0
-1249	122756.0	122455.0
-1248	122246.0	121930.0
-1247	122473.0	122623.0
-1246	122665.0	122580.0
-1245	122909.0	121921.0
-1244	121977.0	122174.0
-1243	122322.0	122620.0
-1242	123084.0	121812.0
-1241	122240.0	122051.0
-1240	122285.0	122519.0
-1239	122676.0	123031.0
-1238	122324.0	122277.0
-1237	122434.0	122462.0
-1236	122682.0	122198.0
-1235	122494.0	122300.0
-1234	122528.0	122816.0
-1233	122381.0	122475.0
-1232	122514.0	122488.0
-1231	121773.0	122300.0
-1230	122471.0	122555.0
-1229	122395.0	122147.0
-1228	122373.0	122500.0
-1227	122568.0	122640.0
-1226	122853.0	122323.0
-1225	122524.0	123034.0
-1224	122688.0	121984.0
-1223	122935.0	122213.0
-1222	122367.0	122627.0
-1221	122649.0	122165.0
-1220	122472.0	122122.0
-1219	122126.0	122213.0
-1218	122445.0	122979.0
-1217	122402.0	122712.0
-1216	122671.0	122902.0
-1215	122772.0	122805.0
-1214	122717.0	122541.0
-1213	123488.0	122070.0
-1212	122427.0	121859.0
-1211	122888.0	122327.0
-1210	122792.0	122527.0
-1209	122887.0	123035.0
-1208	122756.0	122850.0
-1207	122376.0	123078.0
-1206	122266.0	123122.0
-1205	122472.0	123106.0
-1204	122754.0	123206.0
-1203	122516.0	122507.0
-1202	122792.0	122514.0
-1201	122943.0	123118.0
-1200	123167.0	122845.0
-1199	123375.0	122469.0
-1198	123484.0	122588.0
-1197	123570.0	122509.0
-1196	122130.0	122179.0
-1195	123038.0	123005.0
-1194	123101.0	123165.0
-1193	122848.0	122670.0
-1192	123386.0	122953.0
-1191	123563.0	122524.0
-1190	123306.0	122275.0
-1189	123000.0	122827.0
-1188	123235.0	122751.0
-1187	122347.0	122769.0
-1186	123232.0	122697.0
-1185	122816.0	123215.0
-1184	122606.0	122269.0
-1183	123647.0	122487.0
-1182	123673.0	123223.0
-1181	122850.0	123484.0
-1180	123601.0	122770.0
-1179	123125.0	122992.0
-1178	123044.0	122768.0
-1177	123171.0	122649.0
-1176	123706.0	122458.0
-1175	122595.0	122341.0
-1174	122891.0	122350.0
-1173	123363.0	122378.0
-1172	123469.0	123149.0
-1171	123679.0	122840.0
-1170	123755.0	122752.0
-1169	123249.0	122647.0
-1168	123086.0	123130.0
-1167	123066.0	122930.0
-1166	123260.0	122956.0
-1165	123370.0	123537.0
-1164	123252.0	122900.0
-1163	123354.0	123118.0
-1162	123450.0	122782.0
-1161	123305.0	122911.0
-1160	123237.0	122878.0
-1159	123169.0	122903.0
-1158	123342.0	122803.0
-1157	122846.0	122646.0
-1156	123244.0	122882.0
-1155	123303.0	123121.0
-1154	123351.0	122388.0
-1153	123570.0	123058.0
-1152	123570.0	123086.0
-1151	123644.0	122411.0
-1150	123092.0	122892.0
-1149	123245.0	123194.0
-1148	122935.0	122943.0
-1147	123035.0	123284.0
-1146	123086.0	122565.0
-1145	122796.0	122887.0
-1144	123385.0	123367.0
-1143	123364.0	122964.0
-1142	122877.0	122645.0
-1141	123272.0	122995.0
-1140	123410.0	122934.0
-1139	123418.0	123039.0
-1138	123168.0	123632.0
-1137	123164.0	123215.0
-1136	123101.0	122786.0
-1135	122978.0	122771.0
-1134	123734.0	122801.0
-1133	122925.0	122868.0
-1132	122921.0	122586.0
-1131	123014.0	122929.0
-1130	122624.0	122849.0
-1129	122707.0	122815.0
-1128	123159.0	123045.0
-1127	123429.0	122693.0
-1126	123767.0	122705.0
-1125	123281.0	123070.0
-1124	123028.0	122907.0
-1123	123055.0	123163.0
-1122	123766.0	122800.0
-1121	123204.0	122563.0
-1120	122685.0	122987.0
-1119	123305.0	123103.0
-1118	123449.0	123081.0
-1117	123090.0	123316.0
-1116	123132.0	123422.0
-1115	122528.0	123814.0
-1114	123221.0	122500.0
-1113	123153.0	122673.0
-1112	123277.0	122537.0
-1111	123388.0	122411.0
-1110	123168.0	122622.0
-1109	122907.0	122634.0
-1108	123509.0	123408.0
-1107	123233.0	122242.0
-1106	122776.0	122626.0
-1105	123449.0	122726.0
-1104	123313.0	122683.0
-1103	123326.0	122932.0
-1102	123287.0	122639.0
-1101	123449.0	122665.0
-1100	122706.0	122436.0
-1099	122958.0	123271.0
-1098	123195.0	122767.0
-1097	123342.0	123065.0
-1096	123161.0	122925.0
-1095	123094.0	122525.0
-1094	123412.0	122238.0
-1093	123470.0	122660.0
-1092	123520.0	122234.0
-1091	122926.0	122056.0
-1090	122751.0	122745.0
-1089	123048.0	122652.0
-1088	122328.0	122659.0
-1087	122973.0	123126.0
-1086	123108.0	122582.0
-1085	123027.0	123228.0
-1084	123286.0	122917.0
-1083	122710.0	122494.0
-1082	123146.0	122305.0
-1081	122904.0	122977.0
-1080	123035.0	122747.0
-1079	122992.0	122663.0
-1078	123807.0	122571.0
-1077	123668.0	122569.0
-1076	122938.0	122270.0
-1075	123400.0	123086.0
-1074	123327.0	122645.0
-1073	123028.0	122654.0
-1072	122781.0	123157.0
-1071	123253.0	123290.0
-1070	123424.0	122986.0
-1069	123329.0	122640.0
-1068	123716.0	123337.0
-1067	122586.0	122647.0
-1066	122967.0	123162.0
-1065	123821.0	122468.0
-1064	123032.0	122321.0
-1063	123274.0	123063.0
-1062	123414.0	123117.0
-1061	122809.0	122446.0
-1060	123036.0	123685.0
-1059	123538.0	123250.0
-1058	123065.0	122396.0
-1057	123558.0	123249.0
-1056	122586.0	122902.0
-1055	122978.0	123043.0
-1054	122991.0	123250.0
-1053	122928.0	123027.0
-1052	123063.0	122610.0
-1051	122854.0	122672.0
-1050	122787.0	122903.0
-1049	122623.0	122463.0
-1048	123207.0	123972.0
-1047	123462.0	123676.0
-1046	122537.0	123345.0
-1045	123105.0	123466.0
-1044	123203.0	123257.0
-1043	122602.0	122700.0
-1042	123264.0	123202.0
-1041	124232.0	123324.0
-1040	123402.0	123334.0
-1039	123775.0	123352.0
-1038	124109.0	123413.0
-1037	123163.0	122982.0
-1036	123291.0	123439.0
-1035	123260.0	123331.0
-1034	123025.0	122872.0
-1033	122807.0	123268.0
-1032	122878.0	123400.0
-1031	122285.0	122306.0
-1030	123291.0	123190.0
-1029	123237.0	123044.0
-1028	123547.0	122382.0
-1027	123071.0	123344.0
-1026	123018.0	123248.0
-1025	122809.0	123085.0
-1024	122873.0	123562.0
-1023	123455.0	123759.0
-1022	122998.0	123173.0
-1021	123062.0	123178.0
-1020	123654.0	123358.0
-1019	123866.0	123362.0
-1018	123405.0	123444.0
-1017	123600.0	123696.0
-1016	123330.0	123704.0
-1015	123396.0	123812.0
-1014	123484.0	123793.0
-1013	123166.0	123571.0
-1012	123358.0	123079.0
-1011	123593.0	122947.0
-1010	123679.0	123283.0
-1009	123656.0	123462.0
-1008	123417.0	123106.0
-1007	122919.0	123342.0
-1006	123216.0	124051.0
-1005	123290.0	123324.0
-1004	123032.0	123201.0
-1003	123193.0	123607.0
-1002	123634.0	123661.0
-1001	123796.0	123016.0
-1000	123683.0	123319.0
-999	123123.0	123563.0
-998	124200.0	123352.0
-997	123529.0	123916.0
-996	123628.0	123829.0
-995	123353.0	123362.0
-994	124139.0	123629.0
-993	123490.0	124139.0
-992	124043.0	122710.0
-991	123861.0	123729.0
-990	124204.0	123955.0
-989	122803.0	123758.0
-988	124218.0	123612.0
-987	124100.0	123615.0
-986	124077.0	123696.0
-985	123417.0	123725.0
-984	124160.0	123518.0
-983	123118.0	123182.0
-982	123842.0	123423.0
-981	123880.0	123540.0
-980	123517.0	123099.0
-979	124392.0	123638.0
-978	124155.0	123203.0
-977	123591.0	123702.0
-976	123707.0	123646.0
-975	124320.0	123547.0
-974	124454.0	123581.0
-973	124042.0	124059.0
-972	124499.0	123286.0
-971	123987.0	122987.0
-970	124102.0	123728.0
-969	123826.0	123122.0
-968	124126.0	122947.0
-967	123767.0	123491.0
-966	123993.0	123108.0
-965	123275.0	123742.0
-964	123685.0	123469.0
-963	124452.0	123175.0
-962	124105.0	123342.0
-961	123950.0	123704.0
-960	124130.0	123077.0
-959	124229.0	123040.0
-958	124071.0	123026.0
-957	123923.0	123397.0
-956	123644.0	123240.0
-955	123784.0	123052.0
-954	123503.0	123057.0
-953	123682.0	123170.0
-952	124173.0	123772.0
-951	124074.0	123672.0
-950	123358.0	123114.0
-949	123919.0	123142.0
-948	123672.0	123752.0
-947	123614.0	123560.0
-946	123750.0	123183.0
-945	124283.0	123405.0
-944	123586.0	123251.0
-943	123966.0	123105.0
-942	124355.0	123654.0
-941	123459.0	123380.0
-940	124224.0	123826.0
-939	123904.0	124401.0
-938	123606.0	122979.0
-937	124111.0	123476.0
-936	124163.0	123893.0
-935	123828.0	123162.0
-934	124218.0	123593.0
-933	124363.0	123395.0
-932	123742.0	123281.0
-931	123533.0	123739.0
-930	123762.0	123600.0
-929	123966.0	122926.0
-928	123560.0	124178.0
-927	123556.0	123558.0
-926	123457.0	123163.0
-925	123617.0	123798.0
-924	123924.0	123582.0
-923	123615.0	123439.0
-922	124233.0	123379.0
-921	124357.0	123387.0
-920	123866.0	122969.0
-919	123581.0	123615.0
-918	124114.0	123753.0
-917	123558.0	123419.0
-916	123605.0	123633.0
-915	123917.0	123752.0
-914	123713.0	123398.0
-913	124199.0	123964.0
-912	124497.0	123294.0
-911	123432.0	123606.0
-910	123146.0	123424.0
-909	123680.0	123491.0
-908	123796.0	123430.0
-907	123887.0	123926.0
-906	123623.0	123648.0
-905	123681.0	123122.0
-904	123703.0	122926.0
-903	123762.0	123919.0
-902	123511.0	123752.0
-901	123345.0	123687.0
-900	123632.0	123605.0
-899	123516.0	124004.0
-898	123001.0	123662.0
-897	123417.0	124258.0
-896	123268.0	123408.0
-895	123762.0	124211.0
-894	124257.0	123943.0
-893	123553.0	123805.0
-892	123116.0	124067.0
-891	123328.0	124055.0
-890	123011.0	123632.0
-889	123915.0	123721.0
-888	124322.0	123386.0
-887	123623.0	123794.0
-886	123639.0	123730.0
-885	123882.0	124074.0
-884	123635.0	123091.0
-883	123721.0	123583.0
-882	124209.0	123092.0
-881	123758.0	123340.0
-880	123343.0	123604.0
-879	123650.0	124096.0
-878	123592.0	123800.0
-877	124174.0	124242.0
-876	123752.0	123021.0
-875	123603.0	123862.0
-874	123839.0	123806.0
-873	124072.0	123590.0
-872	123978.0	123593.0
-871	122886.0	123611.0
-870	124177.0	124087.0
-869	123696.0	123278.0
-868	124072.0	123685.0
-867	124139.0	123959.0
-866	123912.0	123717.0
-865	123906.0	124263.0
-864	124085.0	124165.0
-863	123689.0	123674.0
-862	123894.0	123806.0
-861	123905.0	123848.0
-860	123881.0	124012.0
-859	123806.0	124485.0
-858	124430.0	124301.0
-857	124267.0	124005.0
-856	123736.0	123974.0
-855	123988.0	123803.0
-854	123108.0	123523.0
-853	123826.0	124196.0
-852	123950.0	123720.0
-851	123878.0	123388.0
-850	124055.0	124126.0
-849	124698.0	124060.0
-848	123698.0	124007.0
-847	123848.0	123984.0
-846	124006.0	124283.0
-845	124093.0	123847.0
-844	123433.0	124585.0
-843	123813.0	123769.0
-842	123944.0	123411.0
-841	124440.0	124043.0
-840	124109.0	123498.0
-839	123607.0	123947.0
-838	124101.0	124394.0
-837	124354.0	124316.0
-836	123913.0	123720.0
-835	123906.0	123921.0
-834	124669.0	123601.0
-833	124087.0	123233.0
-832	124123.0	123936.0
-831	125088.0	124115.0
-830	123648.0	123589.0
-829	124160.0	123803.0
-828	124117.0	123784.0
-827	124146.0	123515.0
-826	124178.0	123535.0
-825	124311.0	123885.0
-824	124506.0	123125.0
-823	124425.0	124439.0
-822	124794.0	124335.0
-821	124015.0	123709.0
-820	123857.0	124547.0
-819	125131.0	124290.0
-818	124022.0	124095.0
-817	124865.0	123830.0
-816	124808.0	124271.0
-815	124258.0	123751.0
-814	124016.0	124295.0
-813	124518.0	124157.0
-812	124067.0	123393.0
-811	124680.0	124084.0
-810	124613.0	123762.0
-809	124259.0	123245.0
-808	124507.0	124239.0
-807	125053.0	124226.0
-806	124391.0	124208.0
-805	124233.0	124365.0
-804	124369.0	124076.0
-803	124157.0	123161.0
-802	124364.0	123937.0
-801	124786.0	122990.0
-800	124343.0	123403.0
-799	123965.0	124704.0
-798	124285.0	124077.0
-797	124035.0	123916.0
-796	124648.0	124128.0
-795	124339.0	124128.0
-794	123960.0	123644.0
-793	123441.0	123958.0
-792	124262.0	124266.0
-791	123803.0	124088.0
-790	123744.0	123812.0
-789	124202.0	123275.0
-788	124449.0	123482.0
-787	123288.0	123832.0
-786	124363.0	124026.0
-785	124211.0	124150.0
-784	123966.0	124818.0
-783	124054.0	124203.0
-782	123993.0	124499.0
-781	123778.0	124426.0
-780	123926.0	123798.0
-779	123576.0	123949.0
-778	124621.0	123899.0
-777	124924.0	124479.0
-776	123885.0	123765.0
-775	123951.0	123249.0
-774	124419.0	124148.0
-773	124600.0	123402.0
-772	123699.0	124077.0
-771	124053.0	123929.0
-770	123659.0	124263.0
-769	124067.0	124056.0
-768	124584.0	123948.0
-767	123689.0	123442.0
-766	124008.0	124227.0
-765	124295.0	123785.0
-764	123741.0	124005.0
-763	123955.0	124283.0
-762	123909.0	124150.0
-761	123828.0	123898.0
-760	123851.0	123936.0
-759	123740.0	124627.0
-758	124061.0	124077.0
-757	123832.0	124696.0
-756	124445.0	124562.0
-755	124219.0	124108.0
-754	124241.0	124178.0
-753	124456.0	124371.0
-752	123765.0	123907.0
-751	123862.0	124542.0
-750	124077.0	124701.0
-749	123378.0	124084.0
-748	123430.0	124717.0
-747	124118.0	124034.0
-746	123664.0	123924.0
-745	124401.0	123946.0
-744	124262.0	124506.0
-743	123996.0	124177.0
-742	124105.0	123991.0
-741	124441.0	124832.0
-740	123923.0	124551.0
-739	124154.0	124131.0
-738	124626.0	124465.0
-737	124039.0	124021.0
-736	123909.0	124614.0
-735	124966.0	124974.0
-734	124429.0	124219.0
-733	124269.0	124485.0
-732	124049.0	124116.0
-731	124419.0	124272.0
-730	124230.0	124601.0
-729	124942.0	124669.0
-728	124268.0	124704.0
-727	124158.0	124341.0
-726	124931.0	124691.0
-725	124056.0	124504.0
-724	124219.0	124727.0
-723	124679.0	124291.0
-722	123533.0	124020.0
-721	124073.0	124115.0
-720	124495.0	124212.0
-719	124564.0	124930.0
-718	123949.0	125154.0
-717	124480.0	124325.0
-716	124281.0	124073.0
-715	124010.0	124953.0
-714	124666.0	123973.0
-713	124388.0	123623.0
-712	124472.0	124323.0
-711	125248.0	124691.0
-710	124637.0	124579.0
-709	124623.0	124840.0
-708	124859.0	124840.0
-707	124623.0	124174.0
-706	125261.0	124825.0
-705	124798.0	124997.0
-704	124414.0	124741.0
-703	124324.0	124796.0
-702	124906.0	124574.0
-701	124013.0	124395.0
-700	123995.0	124497.0
-699	125144.0	124703.0
-698	124345.0	124275.0
-697	124366.0	124535.0
-696	124649.0	123995.0
-695	124075.0	123891.0
-694	124159.0	124050.0
-693	124972.0	124487.0
-692	124408.0	124496.0
-691	123802.0	125251.0
-690	125395.0	125208.0
-689	124799.0	124123.0
-688	124531.0	124343.0
-687	124949.0	124759.0
-686	124642.0	124356.0
-685	124354.0	124466.0
-684	124735.0	125064.0
-683	124354.0	124217.0
-682	123997.0	124601.0
-681	124766.0	124481.0
-680	124021.0	124218.0
-679	124889.0	124941.0
-678	125080.0	124483.0
-677	124422.0	123742.0
-676	124117.0	124511.0
-675	125094.0	124743.0
-674	124712.0	124257.0
-673	124549.0	124056.0
-672	124139.0	124675.0
-671	124669.0	123880.0
-670	124693.0	124202.0
-669	125093.0	124101.0
-668	125089.0	123524.0
-667	124216.0	123895.0
-666	124916.0	124280.0
-665	124702.0	123797.0
-664	124144.0	124583.0
-663	125318.0	124814.0
-662	124382.0	123911.0
-661	124358.0	124078.0
-660	124940.0	124355.0
-659	124489.0	123954.0
-658	124485.0	124101.0
-657	124909.0	124586.0
-656	124073.0	124302.0
-655	124177.0	124957.0
-654	124725.0	124856.0
-653	124344.0	123916.0
-652	123827.0	124572.0
-651	124506.0	124398.0
-650	124249.0	123378.0
-649	124589.0	124617.0
-648	124733.0	124552.0
-647	124508.0	123227.0
-646	124017.0	124137.0
-645	124813.0	124221.0
-644	124223.0	123863.0
-643	123551.0	124227.0
-642	124361.0	124188.0
-641	124261.0	124203.0
-640	124160.0	124459.0
-639	124639.0	124768.0
-638	124361.0	124060.0
-637	124094.0	124193.0
-636	124459.0	124087.0
-635	124039.0	123405.0
-634	124057.0	124115.0
-633	124198.0	124053.0
-632	123699.0	123852.0
-631	123736.0	124428.0
-630	124112.0	123978.0
-629	123525.0	124077.0
-628	123788.0	124613.0
-627	124166.0	124277.0
-626	124399.0	123578.0
-625	123668.0	124232.0
-624	124554.0	124043.0
-623	124307.0	123511.0
-622	123440.0	124429.0
-621	124283.0	124164.0
-620	123617.0	124012.0
-619	123562.0	124828.0
-618	123814.0	125409.0
-617	123419.0	124046.0
-616	123869.0	124438.0
-615	123886.0	124812.0
-614	124183.0	124156.0
-613	123967.0	124721.0
-612	123800.0	125137.0
-611	123661.0	124042.0
-610	123824.0	124816.0
-609	124683.0	124621.0
-608	124414.0	124602.0
-607	123473.0	125170.0
-606	124432.0	124513.0
-605	123500.0	124147.0
-604	124516.0	124883.0
-603	124417.0	125073.0
-602	124284.0	124561.0
-601	123695.0	124760.0
-600	124254.0	125643.0
-599	123617.0	124743.0
-598	124704.0	125216.0
-597	124277.0	125337.0
-596	123966.0	124257.0
-595	124121.0	124836.0
-594	124579.0	125074.0
-593	123934.0	124583.0
-592	124446.0	125150.0
-591	125094.0	124809.0
-590	123836.0	124300.0
-589	124172.0	125358.0
-588	124552.0	124965.0
-587	124404.0	125195.0
-586	123891.0	125590.0
-585	124906.0	124851.0
-584	123648.0	124926.0
-583	124025.0	125024.0
-582	124143.0	125237.0
-581	124157.0	124708.0
-580	124151.0	125054.0
-579	124630.0	125440.0
-578	124780.0	125008.0
-577	123821.0	125420.0
-576	124722.0	125240.0
-575	124344.0	124886.0
-574	124433.0	125906.0
-573	124621.0	124659.0
-572	123904.0	124987.0
-571	124097.0	124878.0
-570	124218.0	125107.0
-569	124447.0	124713.0
-568	124414.0	125799.0
-567	124299.0	125679.0
-566	124591.0	125175.0
-565	124730.0	125365.0
-564	125422.0	126080.0
-563	124501.0	124658.0
-562	124377.0	125709.0
-561	125214.0	125535.0
-560	125004.0	124876.0
-559	124658.0	125735.0
-558	125035.0	125241.0
-557	125194.0	124951.0
-556	124695.0	125808.0
-555	124786.0	125757.0
-554	125033.0	125380.0
-553	125231.0	125632.0
-552	125553.0	125920.0
-551	125210.0	125603.0
-550	124610.0	125446.0
-549	125979.0	125253.0
-548	125529.0	125218.0
-547	125619.0	126142.0
-546	126043.0	125422.0
-545	125080.0	125079.0
-544	124471.0	125505.0
-543	125875.0	125168.0
-542	125538.0	125032.0
-541	124945.0	125611.0
-540	125782.0	125149.0
-539	125633.0	124420.0
-538	124494.0	125305.0
-537	125821.0	125844.0
-536	125740.0	125034.0
-535	124410.0	125473.0
-534	125858.0	125402.0
-533	125533.0	125270.0
-532	125292.0	125261.0
-531	126084.0	125747.0
-530	125804.0	124973.0
-529	125832.0	125171.0
-528	125553.0	125311.0
-527	125471.0	125756.0
-526	125161.0	126157.0
-525	126095.0	125797.0
-524	126051.0	125032.0
-523	125474.0	125107.0
-522	126049.0	126120.0
-521	125724.0	125175.0
-520	125853.0	125109.0
-519	125616.0	125690.0
-518	124900.0	124352.0
-517	125494.0	124722.0
-516	125825.0	124730.0
-515	125851.0	124477.0
-514	125217.0	125523.0
-513	126416.0	125543.0
-512	125735.0	124712.0
-511	125409.0	125052.0
-510	126850.0	124963.0
-509	125166.0	124381.0
-508	125422.0	125120.0
-507	125585.0	125969.0
-506	125723.0	125123.0
-505	125116.0	125069.0
-504	126197.0	124855.0
-503	125577.0	124590.0
-502	125809.0	125106.0
-501	126119.0	125091.0
-500	125891.0	123798.0
-499	125768.0	124107.0
-498	125706.0	124676.0
-497	125475.0	124136.0
-496	125470.0	124603.0
-495	126245.0	124330.0
-494	125583.0	124473.0
-493	125333.0	124611.0
-492	125925.0	124841.0
-491	125930.0	124473.0
-490	125272.0	125120.0
-489	126194.0	124853.0
-488	125674.0	123773.0
-487	125420.0	124585.0
-486	126802.0	124524.0
-485	124891.0	123351.0
-484	124724.0	124701.0
-483	126316.0	124596.0
-482	125561.0	123991.0
-481	124864.0	124444.0
-480	125803.0	125212.0
-479	124831.0	123219.0
-478	125333.0	124194.0
-477	125920.0	124249.0
-476	124768.0	123272.0
-475	125134.0	123918.0
-474	125920.0	124415.0
-473	125624.0	123696.0
-472	124749.0	124051.0
-471	125397.0	124463.0
-470	124593.0	124131.0
-469	124854.0	124494.0
-468	125107.0	124040.0
-467	124516.0	123821.0
-466	124774.0	123922.0
-465	125307.0	123798.0
-464	125308.0	123172.0
-463	124742.0	124055.0
-462	125384.0	124022.0
-461	124039.0	123287.0
-460	124046.0	123897.0
-459	125128.0	124390.0
-458	124394.0	123935.0
-457	124884.0	124709.0
-456	125130.0	124189.0
-455	124460.0	123929.0
-454	124555.0	124025.0
-453	125245.0	124449.0
-452	124309.0	123785.0
-451	124246.0	124286.0
-450	125257.0	124650.0
-449	124196.0	123406.0
-448	124114.0	124285.0
-447	124914.0	124375.0
-446	124037.0	123589.0
-445	123991.0	124569.0
-444	124796.0	124479.0
-443	124504.0	123615.0
-442	124113.0	124148.0
-441	125216.0	124279.0
-440	124142.0	124093.0
-439	123956.0	124636.0
-438	124208.0	124205.0
-437	123958.0	123593.0
-436	124225.0	124217.0
-435	124974.0	124341.0
-434	123998.0	123794.0
-433	123916.0	124523.0
-432	124728.0	125052.0
-431	124341.0	124278.0
-430	123794.0	124925.0
-429	124689.0	124990.0
-428	124046.0	124295.0
-427	124306.0	124936.0
-426	125020.0	125154.0
-425	123452.0	124224.0
-424	124018.0	125112.0
-423	124969.0	125710.0
-422	124297.0	124809.0
-421	124039.0	125451.0
-420	125537.0	125623.0
-419	124307.0	124745.0
-418	124109.0	125601.0
-417	124871.0	125045.0
-416	124005.0	125026.0
-415	124246.0	125222.0
-414	124700.0	125760.0
-413	124806.0	124597.0
-412	124795.0	126006.0
-411	125422.0	126054.0
-410	124268.0	125030.0
-409	124639.0	125906.0
-408	125474.0	125712.0
-407	124925.0	125479.0
-406	124649.0	126231.0
-405	124907.0	126040.0
-404	124775.0	125468.0
-403	124767.0	126052.0
-402	125899.0	126015.0
-401	124898.0	125124.0
-400	124710.0	126214.0
-399	125421.0	126282.0
-398	124654.0	125915.0
-397	124911.0	126719.0
-396	125708.0	126264.0
-395	125559.0	125865.0
-394	125223.0	126259.0
-393	126642.0	126655.0
-392	125947.0	126055.0
-391	125625.0	126696.0
-390	126342.0	126510.0
-389	125553.0	126313.0
-388	125824.0	126717.0
-387	126670.0	126792.0
-386	125885.0	126060.0
-385	125747.0	126925.0
-384	126574.0	126682.0
-383	126220.0	125875.0
-382	126516.0	127375.0
-381	127103.0	127899.0
-380	126639.0	126327.0
-379	126515.0	127143.0
-378	127458.0	127596.0
-377	126168.0	126358.0
-376	126802.0	127122.0
-375	127093.0	127114.0
-374	126471.0	125650.0
-373	126729.0	127390.0
-372	127962.0	127056.0
-371	127302.0	126590.0
-370	127910.0	127390.0
-369	128382.0	126656.0
-368	127106.0	125502.0
-367	127494.0	127022.0
-366	128225.0	127066.0
-365	127198.0	126350.0
-364	127785.0	127266.0
-363	128575.0	126599.0
-362	127892.0	126066.0
-361	127607.0	127100.0
-360	128708.0	126951.0
-359	127294.0	126212.0
-358	128129.0	127830.0
-357	128520.0	127351.0
-356	127997.0	125883.0
-355	127444.0	126867.0
-354	128824.0	126742.0
-353	128041.0	125551.0
-352	128533.0	126567.0
-351	129315.0	126670.0
-350	127799.0	125968.0
-349	128142.0	126689.0
-348	128850.0	126966.0
-347	128011.0	125943.0
-346	128519.0	126775.0
-345	129636.0	126273.0
-344	128494.0	125679.0
-343	128286.0	125651.0
-342	129214.0	126061.0
-341	128186.0	125280.0
-340	128821.0	125845.0
-339	129378.0	126253.0
-338	128028.0	125864.0
-337	128186.0	125913.0
-336	128896.0	125744.0
-335	128068.0	125101.0
-334	128118.0	125811.0
-333	129774.0	126208.0
-332	128391.0	124068.0
-331	128342.0	125319.0
-330	128633.0	126066.0
-329	127529.0	124631.0
-328	127761.0	124879.0
-327	128635.0	125269.0
-326	127254.0	124399.0
-325	127759.0	125885.0
-324	128982.0	125391.0
-323	127482.0	124427.0
-322	127847.0	125405.0
-321	128718.0	125042.0
-320	127466.0	123959.0
-319	127884.0	125320.0
-318	128925.0	125136.0
-317	128055.0	124097.0
-316	127729.0	124582.0
-315	128524.0	124472.0
-314	127029.0	123675.0
-313	127472.0	125226.0
-312	128906.0	125064.0
-311	127333.0	124025.0
-310	127669.0	124051.0
-309	128107.0	124010.0
-308	127053.0	123755.0
-307	127141.0	124488.0
-306	127436.0	124199.0
-305	127026.0	123375.0
-304	126656.0	124229.0
-303	128561.0	124129.0
-302	126550.0	123268.0
-301	126820.0	123957.0
-300	127551.0	124283.0
-299	126174.0	123192.0
-298	126376.0	124303.0
-297	127753.0	124430.0
-296	126656.0	123408.0
-295	126694.0	123981.0
-294	127924.0	124119.0
-293	126447.0	123449.0
-292	126343.0	123947.0
-291	127056.0	124436.0
-290	126251.0	123847.0
-289	126343.0	124132.0
-288	127648.0	124430.0
-287	125767.0	123037.0
-286	126062.0	124166.0
-285	127511.0	123729.0
-284	125935.0	122929.0
-283	124989.0	123672.0
-282	126798.0	123896.0
-281	125345.0	123130.0
-280	124985.0	124102.0
-279	126252.0	124054.0
-278	125113.0	123232.0
-277	125783.0	123615.0
-276	126572.0	123452.0
-275	125355.0	123593.0
-274	124725.0	124376.0
-273	126388.0	124158.0
-272	124925.0	123446.0
-271	125161.0	124377.0
-270	126320.0	124252.0
-269	124970.0	122951.0
-268	125631.0	124066.0
-267	125972.0	124952.0
-266	125697.0	123774.0
-265	125215.0	124343.0
-264	126206.0	124342.0
-263	124989.0	123957.0
-262	125013.0	124644.0
-261	125951.0	124440.0
-260	125208.0	124198.0
-259	124775.0	124771.0
-258	125666.0	125018.0
-257	125197.0	124292.0
-256	125034.0	125535.0
-255	125943.0	125202.0
-254	124942.0	124124.0
-253	125458.0	125623.0
-252	127152.0	125748.0
-251	125722.0	124172.0
-250	125412.0	125558.0
-249	127078.0	125346.0
-248	125753.0	124259.0
-247	125319.0	125887.0
-246	127051.0	125816.0
-245	125505.0	124360.0
-244	126045.0	126152.0
-243	126633.0	126183.0
-242	125777.0	125502.0
-241	126713.0	126270.0
-240	127310.0	126979.0
-239	126041.0	125723.0
-238	126239.0	126914.0
-237	128050.0	126987.0
-236	126387.0	125975.0
-235	126835.0	126865.0
-234	127749.0	127427.0
-233	126204.0	126138.0
-232	126969.0	127731.0
-231	128378.0	127229.0
-230	126663.0	126899.0
-229	127528.0	127855.0
-228	127639.0	128322.0
-227	127427.0	126525.0
-226	127010.0	128429.0
-225	128562.0	127640.0
-224	127855.0	126652.0
-223	127389.0	128208.0
-222	129012.0	128237.0
-221	128067.0	127191.0
-220	127931.0	129058.0
-219	129029.0	129171.0
-218	128407.0	127544.0
-217	128915.0	128536.0
-216	130430.0	128956.0
-215	129177.0	127323.0
-214	128934.0	128890.0
-213	130620.0	129024.0
-212	130069.0	128029.0
-211	129274.0	129475.0
-210	130871.0	129490.0
-209	129510.0	127753.0
-208	129749.0	129061.0
-207	131728.0	129231.0
-206	129688.0	127829.0
-205	129900.0	129752.0
-204	131779.0	129441.0
-203	130906.0	127507.0
-202	130904.0	128938.0
-201	132428.0	128927.0
-200	131448.0	127734.0
-199	131543.0	129501.0
-198	132599.0	129958.0
-197	131822.0	128132.0
-196	131638.0	129745.0
-195	133260.0	129884.0
-194	131696.0	128233.0
-193	132482.0	130095.0
-192	133975.0	130083.0
-191	132612.0	128348.0
-190	132905.0	129523.0
-189	134998.0	129896.0
-188	133453.0	128238.0
-187	133113.0	129668.0
-186	134772.0	129378.0
-185	132641.0	127651.0
-184	132897.0	129120.0
-183	134870.0	128682.0
-182	133230.0	127575.0
-181	133358.0	128839.0
-180	134986.0	128982.0
-179	133806.0	127653.0
-178	133127.0	129045.0
-177	135211.0	129279.0
-176	133375.0	127901.0
-175	133112.0	128660.0
-174	134918.0	129076.0
-173	133543.0	127403.0
-172	133748.0	128396.0
-171	135577.0	128912.0
-170	134110.0	126454.0
-169	134087.0	128012.0
-168	135367.0	128628.0
-167	133749.0	126460.0
-166	133380.0	128255.0
-165	134585.0	127997.0
-164	133887.0	126306.0
-163	132703.0	127418.0
-162	135137.0	127689.0
-161	133886.0	125906.0
-160	133292.0	127939.0
-159	135194.0	127748.0
-158	133249.0	125654.0
-157	133705.0	127513.0
-156	134733.0	126900.0
-155	133079.0	125654.0
-154	133289.0	127146.0
-153	134963.0	126627.0
-152	133088.0	125519.0
-151	133291.0	126932.0
-150	135152.0	126595.0
-149	132793.0	125175.0
-148	133182.0	126675.0
-147	134434.0	126582.0
-146	132615.0	124739.0
-145	132838.0	126485.0
-144	135389.0	126158.0
-143	133779.0	124339.0
-142	133147.0	125398.0
-141	134429.0	125571.0
-140	132012.0	124059.0
-139	132176.0	125498.0
-138	133971.0	125437.0
-137	131527.0	124147.0
-136	131387.0	125294.0
-135	133269.0	125331.0
-134	132229.0	123921.0
-133	132504.0	125035.0
-132	134978.0	124748.0
-131	132711.0	123588.0
-130	132869.0	124822.0
-129	133880.0	124917.0
-128	131381.0	123475.0
-127	130854.0	125172.0
-126	132786.0	125282.0
-125	130719.0	124150.0
-124	131433.0	125136.0
-123	133936.0	125187.0
-122	132548.0	123148.0
-121	132975.0	124699.0
-120	134577.0	125038.0
-119	132146.0	123416.0
-118	131413.0	125065.0
-117	132544.0	125243.0
-116	130006.0	123457.0
-115	131077.0	125162.0
-114	132789.0	124510.0
-113	131481.0	123734.0
-112	131755.0	125182.0
-111	134144.0	124602.0
-110	132486.0	122869.0
-109	132093.0	124841.0
-108	133557.0	125059.0
-107	130975.0	123735.0
-106	130486.0	125108.0
-105	132289.0	125881.0
-104	131124.0	124173.0
-103	131232.0	125430.0
-102	133861.0	124610.0
-101	132741.0	123603.0
-100	132476.0	124979.0
-99	133837.0	125942.0
-98	132038.0	123730.0
-97	131631.0	125470.0
-96	133412.0	125640.0
-95	131489.0	124107.0
-94	131574.0	125093.0
-93	134350.0	124995.0
-92	132231.0	123607.0
-91	132634.0	125441.0
-90	135048.0	126022.0
-89	132905.0	124004.0
-88	132082.0	125893.0
-87	134025.0	126275.0
-86	131208.0	123873.0
-85	131589.0	126241.0
-84	133533.0	126422.0
-83	131824.0	124817.0
-82	132414.0	126501.0
-81	134435.0	126540.0
-80	133293.0	124660.0
-79	132792.0	126595.0
-78	134817.0	126430.0
-77	132971.0	125388.0
-76	132712.0	127057.0
-75	135039.0	127907.0
-74	133350.0	126315.0
-73	132943.0	128127.0
-72	135520.0	127842.0
-71	133736.0	125323.0
-70	134723.0	127668.0
-69	136927.0	127666.0
-68	134922.0	125456.0
-67	134340.0	128509.0
-66	135816.0	128589.0
-65	134439.0	126827.0
-64	133881.0	128845.0
-63	136894.0	128996.0
-62	134901.0	126830.0
-61	135334.0	128784.0
-60	137625.0	129461.0
-59	135873.0	127277.0
-58	136261.0	129398.0
-57	138097.0	130434.0
-56	134842.0	128226.0
-55	135158.0	129952.0
-54	137958.0	130134.0
-53	136412.0	128825.0
-52	137184.0	131063.0
-51	140077.0	131627.0
-50	138591.0	129419.0
-49	138285.0	131449.0
-48	140543.0	131543.0
-47	138058.0	129577.0
-46	138116.0	132833.0
-45	140014.0	132796.0
-44	138205.0	130507.0
-43	138895.0	133031.0
-42	142105.0	133227.0
-41	140236.0	131426.0
-40	141285.0	133487.0
-39	145089.0	133637.0
-38	142247.0	131646.0
-37	142657.0	133829.0
-36	143776.0	133790.0
-35	139965.0	131918.0
-34	141255.0	134684.0
-33	144725.0	134947.0
-32	143316.0	132515.0
-31	143730.0	135112.0
-30	147852.0	135545.0
-29	145127.0	132642.0
-28	145136.0	135270.0
-27	147779.0	135903.0
-26	145621.0	133923.0
-25	144176.0	136601.0
-24	147182.0	137460.0
-23	143985.0	134707.0
-22	144078.0	137862.0
-21	148180.0	138861.0
-20	146666.0	136300.0
-19	147666.0	139945.0
-18	151710.0	140044.0
-17	147792.0	137863.0
-16	148328.0	140534.0
-15	150242.0	141925.0
-14	146455.0	140524.0
-13	146960.0	144348.0
-12	152157.0	144993.0
-11	150821.0	142526.0
-10	150815.0	146211.0
-9	155198.0	148776.0
-8	152803.0	150019.0
-7	149637.0	157434.0
-6	149159.0	161157.0
-5	142930.0	159561.0
-4	143165.0	163266.0
-3	158005.0	173437.0
-2	175736.0	165312.0
-1	254607.0	165012.0
0	2908.0	117341.0
1	256401.0	40528.0
2	175636.0	70639.0
3	159059.0	93782.0
4	142655.0	117333.0
5	143001.0	132665.0
6	149032.0	129444.0
7	149963.0	118436.0
8	153358.0	118029.0
9	156027.0	115653.0
10	151988.0	112692.0
11	150907.0	116698.0
12	152665.0	118623.0
13	147741.0	117506.0
14	147392.0	121850.0
15	150276.0	123370.0
16	147706.0	121376.0
17	148130.0	123178.0
18	151807.0	124079.0
19	148347.0	121228.0
20	147041.0	124638.0
21	149026.0	125717.0
22	144512.0	125577.0
23	144490.0	129866.0
24	147464.0	129822.0
25	145009.0	127717.0
26	145709.0	129842.0
27	148287.0	128353.0
28	146702.0	124895.0
29	146310.0	126617.0
30	148179.0	127401.0
31	144843.0	124663.0
32	143782.0	127625.0
33	144962.0	129446.0
34	141196.0	128201.0
35	141013.0	131827.0
36	144491.0	132366.0
37	142614.0	129036.0
38	142481.0	130112.0
39	145057.0	128981.0
40	142562.0	126506.0
41	141369.0	128559.0
42	142152.0	129836.0
43	139381.0	129006.0
44	138214.0	133320.0
45	140881.0	133230.0
46	137819.0	131236.0
47	138561.0	133483.0
48	140797.0	132437.0
49	139101.0	129891.0
50	138690.0	131816.0
51	141333.0	131342.0
52	138289.0	129531.0
53	136611.0	131539.0
54	138385.0	132208.0
55	135272.0	131090.0
56	135446.0	133922.0
57	137729.0	134539.0
58	135797.0	131388.0
59	136116.0	132654.0
60	138845.0	132036.0
61	136010.0	130087.0
62	135122.0	132152.0
63	137417.0	131532.0
64	134879.0	129599.0
65	134681.0	132514.0
66	137023.0	131992.0
67	134270.0	130497.0
68	134823.0	132027.0
69	137375.0	132206.0
70	135047.0	129088.0
71	134655.0	131159.0
72	136507.0	131499.0
73	134093.0	129532.0
74	133712.0	131710.0
75	135278.0	132078.0
76	133539.0	130023.0
77	133766.0	131924.0
78	135166.0	131771.0
79	133162.0	129841.0
80	133189.0	132284.0
81	134498.0	132294.0
82	132618.0	130765.0
83	132016.0	132821.0
84	133673.0	134219.0
85	132053.0	132636.0
86	132192.0	134037.0
87	134640.0	133053.0
88	133243.0	130788.0
89	133745.0	131783.0
90	136065.0	131763.0
91	132827.0	129901.0
92	133136.0	132354.0
93	134402.0	133397.0
94	131840.0	132099.0
95	131664.0	135181.0
96	133646.0	135198.0
97	132182.0	133056.0
98	132679.0	134835.0
99	134924.0	133584.0
100	133590.0	130834.0
101	133721.0	132681.0
102	134944.0	132943.0
103	132176.0	131480.0
104	131511.0	134343.0
105	132737.0	136149.0
106	131132.0	134941.0
107	131584.0	137167.0
108	134056.0	136827.0
109	132358.0	133558.0
110	132570.0	134068.0
111	135079.0	133235.0
112	132643.0	132421.0
113	131887.0	135461.0
114	133986.0	136833.0
115	131452.0	135773.0
116	130606.0	138848.0
117	132780.0	140125.0
118	131569.0	137246.0
119	132993.0	139073.0
120	134898.0	138617.0
121	133288.0	135835.0
122	133581.0	137459.0
123	135059.0	138149.0
124	132463.0	136632.0
125	132019.0	139593.0
126	133332.0	140284.0
127	131719.0	139005.0
128	131808.0	141207.0
129	134776.0	141044.0
130	133349.0	138008.0
131	133597.0	139309.0
132	135578.0	139177.0
133	133057.0	137266.0
134	132168.0	139835.0
135	133547.0	140779.0
136	131601.0	140991.0
137	131991.0	143908.0
138	133825.0	144121.0
139	133401.0	142312.0
140	133422.0	143482.0
141	134969.0	143180.0
142	133671.0	141346.0
143	133840.0	142920.0
144	135409.0	143199.0
145	133520.0	141602.0
146	133434.0	144426.0
147	135493.0	144365.0
148	133132.0	142923.0
149	134109.0	144640.0
150	135536.0	144374.0
151	133964.0	143203.0
152	133682.0	144248.0
153	135577.0	143792.0
154	134092.0	142682.0
155	134680.0	144927.0
156	135191.0	145409.0
157	133417.0	143077.0
158	133711.0	145116.0
159	135190.0	144643.0
160	133656.0	142785.0
161	133393.0	144422.0
162	136256.0	144030.0
163	134231.0	143280.0
164	134185.0	144530.0
165	135676.0	144960.0
166	134157.0	142920.0
167	133828.0	144298.0
168	135898.0	144508.0
169	133997.0	142389.0
170	134440.0	143819.0
171	136623.0	143936.0
172	134431.0	141924.0
173	133549.0	144117.0
174	135808.0	143458.0
175	133617.0	142854.0
176	134111.0	144410.0
177	135466.0	144046.0
178	133963.0	142071.0
179	133714.0	143294.0
180	135629.0	143098.0
181	133919.0	141085.0
182	133804.0	142639.0
183	135554.0	142378.0
184	133698.0	140412.0
185	133520.0	142106.0
186	135247.0	142516.0
187	133786.0	140637.0
188	133339.0	141327.0
189	134683.0	140999.0
190	133014.0	139740.0
191	133330.0	140629.0
192	134460.0	140424.0
193	133113.0	138451.0
194	132067.0	139906.0
195	133607.0	139915.0
196	131931.0	139098.0
197	132532.0	139497.0
198	133209.0	139289.0
199	131894.0	137956.0
200	131482.0	139248.0
201	132737.0	138901.0
202	131502.0	137191.0
203	131537.0	138063.0
204	132998.0	138052.0
205	131024.0	136783.0
206	130766.0	139040.0
207	132290.0	138566.0
208	130831.0	136944.0
209	130147.0	137737.0
210	131230.0	137803.0
211	129923.0	136769.0
212	129886.0	137396.0
213	130947.0	138012.0
214	129896.0	135471.0
215	129329.0	137585.0
216	130716.0	137356.0
217	129158.0	136157.0
218	128478.0	137721.0
219	129661.0	137687.0
220	128564.0	135757.0
221	129137.0	137413.0
222	130288.0	137761.0
223	128872.0	135999.0
224	128359.0	137268.0
225	129266.0	137214.0
226	127838.0	136527.0
227	127516.0	136998.0
228	128551.0	137269.0
229	127283.0	135987.0
230	127479.0	136670.0
231	128711.0	137592.0
232	126872.0	136243.0
233	126778.0	136950.0
234	127950.0	137299.0
235	126634.0	136204.0
236	126573.0	137495.0
237	127879.0	137909.0
238	126934.0	136085.0
239	126279.0	137768.0
240	127194.0	137684.0
241	126168.0	136108.0
242	126333.0	137744.0
243	127366.0	137360.0
244	125497.0	136747.0
245	125486.0	137744.0
246	126879.0	138280.0
247	125834.0	137205.0
248	126207.0	138347.0
249	127467.0	138345.0
250	125450.0	136617.0
251	125457.0	138722.0
252	127465.0	138298.0
253	125732.0	137165.0
254	125794.0	138826.0
255	127119.0	138707.0
256	125077.0	137554.0
257	125372.0	139130.0
258	126664.0	139254.0
259	124965.0	138716.0
260	125937.0	139360.0
261	126872.0	139978.0
262	125367.0	138346.0
263	125356.0	139661.0
264	126169.0	139652.0
265	126009.0	138646.0
266	125363.0	139745.0
267	127066.0	140216.0
268	125722.0	138316.0
269	126119.0	140146.0
270	127019.0	139810.0
271	125718.0	139239.0
272	125838.0	140622.0
273	127311.0	140615.0
274	126171.0	139620.0
275	125598.0	140616.0
276	127292.0	140528.0
277	126177.0	139707.0
278	126238.0	140629.0
279	126948.0	141207.0
280	125905.0	139827.0
281	126461.0	141015.0
282	127903.0	141323.0
283	126645.0	139827.0
284	126323.0	141046.0
285	127502.0	141015.0
286	126797.0	139861.0
287	125992.0	141143.0
288	128122.0	141750.0
289	126917.0	139595.0
290	126992.0	140575.0
291	128182.0	141286.0
292	127153.0	140133.0
293	127390.0	141001.0
294	128193.0	140813.0
295	126911.0	139274.0
296	126923.0	140925.0
297	128161.0	141721.0
298	127103.0	139847.0
299	127101.0	140719.0
300	128377.0	141013.0
301	126926.0	138775.0
302	127204.0	140436.0
303	128259.0	141018.0
304	127335.0	139236.0
305	127064.0	141024.0
306	128165.0	141059.0
307	127679.0	139783.0
308	127027.0	140639.0
309	128570.0	140759.0
310	127951.0	139782.0
311	127886.0	140303.0
312	129286.0	140703.0
313	128240.0	139508.0
314	127981.0	139979.0
315	129297.0	139937.0
316	128387.0	139086.0
317	128054.0	139819.0
318	128919.0	140148.0
319	128286.0	138332.0
320	128699.0	139994.0
321	129089.0	139720.0
322	128886.0	137872.0
323	129017.0	139390.0
324	129217.0	139271.0
325	128474.0	138088.0
326	128536.0	138913.0
327	129767.0	139075.0
328	128388.0	137590.0
329	128238.0	138264.0
330	129244.0	138386.0
331	128220.0	137134.0
332	128978.0	138160.0
333	129629.0	137575.0
334	129053.0	137325.0
335	128122.0	138205.0
336	129400.0	137502.0
337	128877.0	136618.0
338	129434.0	137386.0
339	129801.0	137280.0
340	129076.0	136081.0
341	128713.0	136585.0
342	129842.0	136795.0
343	128618.0	135964.0
344	128545.0	137012.0
345	128978.0	136469.0
346	128859.0	135124.0
347	128574.0	136442.0
348	129583.0	136102.0
349	127986.0	135279.0
350	128956.0	135140.0
351	129288.0	136279.0
352	128625.0	134066.0
353	128689.0	134593.0
354	128906.0	134638.0
355	128360.0	133701.0
356	128648.0	134917.0
357	129635.0	134564.0
358	128219.0	133351.0
359	128683.0	134162.0
360	129210.0	133822.0
361	128486.0	133087.0
362	127629.0	133357.0
363	128602.0	133216.0
364	127716.0	132070.0
365	127657.0	133001.0
366	128317.0	133646.0
367	127994.0	132342.0
368	127831.0	132534.0
369	128354.0	132766.0
370	127450.0	131804.0
371	127404.0	131876.0
372	127947.0	132046.0
373	127525.0	131087.0
374	127196.0	132793.0
375	128180.0	132425.0
376	126735.0	131512.0
377	127082.0	132051.0
378	128302.0	131715.0
379	126713.0	130129.0
380	126550.0	131289.0
381	127160.0	130916.0
382	126828.0	130018.0
383	127284.0	131104.0
384	127622.0	130626.0
385	126523.0	130280.0
386	126697.0	130998.0
387	127404.0	131000.0
388	126090.0	130554.0
389	126288.0	131454.0
390	127117.0	131282.0
391	126118.0	130067.0
392	125463.0	130709.0
393	126634.0	131023.0
394	125651.0	129442.0
395	126151.0	130005.0
396	126756.0	130153.0
397	126002.0	129542.0
398	125426.0	130792.0
399	126407.0	130690.0
400	125412.0	129671.0
401	125258.0	130344.0
402	126439.0	130552.0
403	125228.0	130067.0
404	125191.0	130619.0
405	126057.0	130437.0
406	125021.0	129295.0
407	125108.0	130177.0
408	125833.0	130520.0
409	124977.0	129327.0
410	124795.0	130310.0
411	125556.0	129823.0
412	124422.0	129194.0
413	125312.0	130328.0
414	125614.0	130628.0
415	124630.0	129680.0
416	124689.0	130632.0
417	125669.0	130272.0
418	124901.0	129382.0
419	124533.0	130529.0
420	125796.0	130774.0
421	124395.0	129541.0
422	124319.0	130731.0
423	124781.0	130320.0
424	124356.0	129689.0
425	124663.0	130625.0
426	125211.0	130516.0
427	124695.0	129861.0
428	124669.0	130315.0
429	124934.0	130003.0
430	124630.0	130052.0
431	124738.0	130970.0
432	125060.0	130426.0
433	124742.0	130444.0
434	123849.0	131176.0
435	125331.0	130767.0
436	124332.0	130075.0
437	124108.0	130423.0
438	124923.0	130955.0
439	124403.0	130125.0
440	124243.0	130622.0
441	125463.0	131086.0
442	124665.0	130453.0
443	124419.0	130894.0
444	124963.0	130914.0
445	124421.0	130056.0
446	124529.0	131351.0
447	124928.0	131650.0
448	124404.0	130398.0
449	124877.0	131124.0
450	125103.0	131630.0
451	124356.0	130684.0
452	124895.0	131311.0
453	125349.0	131299.0
454	124982.0	130354.0
455	124993.0	131464.0
456	125398.0	131702.0
457	125398.0	130957.0
458	125041.0	131778.0
459	125400.0	131696.0
460	124660.0	130167.0
461	125518.0	131584.0
462	125268.0	131666.0
463	124649.0	130443.0
464	124605.0	131280.0
465	125472.0	131265.0
466	124818.0	130348.0
467	124991.0	131319.0
468	125937.0	131164.0
469	125758.0	130795.0
470	125247.0	131139.0
471	125970.0	130586.0
472	125102.0	130427.0
473	125771.0	131370.0
474	126148.0	131322.0
475	125979.0	130115.0
476	125576.0	130981.0
477	126069.0	130931.0
478	125796.0	130699.0
479	125780.0	131400.0
480	126567.0	131823.0
481	125833.0	131064.0
482	125637.0	130946.0
483	126205.0	130604.0
484	125476.0	129388.0
485	125762.0	130844.0
486	126389.0	130822.0
487	125851.0	130154.0
488	125385.0	130713.0
489	126887.0	130681.0
490	125894.0	129824.0
491	125999.0	130631.0
492	127088.0	130511.0
493	126518.0	129382.0
494	126359.0	130181.0
495	126807.0	131112.0
496	126486.0	129797.0
497	125871.0	130342.0
498	126687.0	130729.0
499	125576.0	129645.0
500	126694.0	129705.0
501	127065.0	130027.0
502	125584.0	129106.0
503	126392.0	129176.0
504	127587.0	129413.0
505	126483.0	128438.0
506	126183.0	128931.0
507	126332.0	129811.0
508	126321.0	128400.0
509	125535.0	129511.0
510	126711.0	129438.0
511	125834.0	128616.0
512	126313.0	129232.0
513	126535.0	128939.0
514	125759.0	128629.0
515	125750.0	129361.0
516	126410.0	129276.0
517	126388.0	128311.0
518	126624.0	128959.0
519	127383.0	128992.0
520	125879.0	127964.0
521	126498.0	128887.0
522	126283.0	128829.0
523	126145.0	128282.0
524	126536.0	128898.0
525	126762.0	128373.0
526	125275.0	127622.0
527	125495.0	128211.0
528	126542.0	128711.0
529	125474.0	127629.0
530	125291.0	127911.0
531	126666.0	128299.0
532	125561.0	127371.0
533	126115.0	127650.0
534	126362.0	127455.0
535	125239.0	127102.0
536	125732.0	127987.0
537	126364.0	127633.0
538	125767.0	127458.0
539	125090.0	127887.0
540	125637.0	127692.0
541	125303.0	127401.0
542	125588.0	127350.0
543	125825.0	127604.0
544	125890.0	127262.0
545	125478.0	127135.0
546	126038.0	127400.0
547	125506.0	126253.0
548	124983.0	127293.0
549	125888.0	127656.0
550	125551.0	126877.0
551	125403.0	127306.0
552	125349.0	127162.0
553	125249.0	126377.0
554	126082.0	127037.0
555	125905.0	126529.0
556	125054.0	125855.0
557	125098.0	126875.0
558	125325.0	127136.0
559	125125.0	126750.0
560	125356.0	126956.0
561	125558.0	126439.0
562	124617.0	126277.0
563	124918.0	126970.0
564	126085.0	126346.0
565	124961.0	125636.0
566	124537.0	126069.0
567	125511.0	126497.0
568	124773.0	126226.0
569	125426.0	126995.0
570	125767.0	126670.0
571	124696.0	125918.0
572	125218.0	126446.0
573	125360.0	127100.0
574	125201.0	126230.0
575	124703.0	126782.0
576	125502.0	126235.0
577	124759.0	126280.0
578	124281.0	126411.0
579	124974.0	127279.0
580	124884.0	126440.0
581	124600.0	126620.0
582	125262.0	126329.0
583	124547.0	126113.0
584	124765.0	126887.0
585	125584.0	126150.0
586	125141.0	126127.0
587	124222.0	126601.0
588	124857.0	126297.0
589	124135.0	125902.0
590	124214.0	126552.0
591	124827.0	126408.0
592	124477.0	125812.0
593	124271.0	126240.0
594	124686.0	126822.0
595	124024.0	126244.0
596	124501.0	127124.0
597	124988.0	127089.0
598	124228.0	125976.0
599	124184.0	126558.0
600	125107.0	126240.0
601	124059.0	125805.0
602	124540.0	127014.0
603	124828.0	127142.0
604	124392.0	125933.0
605	123852.0	126560.0
606	124801.0	126064.0
607	124328.0	126540.0
608	124851.0	127064.0
609	124632.0	126713.0
610	124794.0	126332.0
611	124629.0	126825.0
612	125383.0	126531.0
613	123918.0	125853.0
614	124277.0	126728.0
615	124489.0	126848.0
616	124286.0	126103.0
617	124391.0	126416.0
618	125291.0	126407.0
619	124829.0	126370.0
620	124559.0	126548.0
621	125336.0	126847.0
622	124257.0	126444.0
623	124648.0	126468.0
624	124801.0	126087.0
625	124683.0	126128.0
626	124679.0	126369.0
627	125248.0	126869.0
628	124358.0	126050.0
629	124177.0	126658.0
630	125239.0	126576.0
631	123976.0	126762.0
632	124728.0	127062.0
633	124368.0	127002.0
634	124906.0	126320.0
635	124714.0	126588.0
636	125267.0	127105.0
637	124770.0	126079.0
638	124952.0	125884.0
639	125101.0	126825.0
640	124544.0	126561.0
641	124866.0	127080.0
642	125413.0	125971.0
643	124840.0	125672.0
644	124761.0	127046.0
645	125074.0	126665.0
646	124920.0	126039.0
647	124860.0	126563.0
648	125594.0	126689.0
649	124632.0	125838.0
650	124916.0	126142.0
651	125131.0	125844.0
652	124780.0	125976.0
653	124612.0	125991.0
654	125703.0	126361.0
655	124560.0	125726.0
656	124547.0	126413.0
657	125432.0	126240.0
658	124511.0	126391.0
659	124271.0	126071.0
660	125099.0	126336.0
661	124287.0	125899.0
662	124880.0	126513.0
663	125102.0	126236.0
664	124944.0	126029.0
665	125157.0	126489.0
666	125346.0	126422.0
667	124538.0	125916.0
668	125192.0	126362.0
669	125629.0	125771.0
670	125001.0	125554.0
671	124571.0	126358.0
672	125030.0	125814.0
673	125257.0	125317.0
674	124966.0	126162.0
675	125396.0	126117.0
676	124845.0	125438.0
677	124702.0	125844.0
678	125338.0	125800.0
679	125566.0	125588.0
680	125130.0	125999.0
681	124807.0	125994.0
682	125176.0	125060.0
683	125072.0	126122.0
684	125758.0	125172.0
685	125212.0	125165.0
686	125708.0	125927.0
687	125381.0	125585.0
688	124598.0	124809.0
689	124905.0	125589.0
690	125126.0	125334.0
691	124986.0	125430.0
692	125427.0	125528.0
693	124768.0	126091.0
694	124350.0	125338.0
695	125087.0	125483.0
696	125373.0	125431.0
697	124801.0	124973.0
698	125011.0	125543.0
699	124695.0	125116.0
700	125119.0	125114.0
701	124768.0	125197.0
702	125098.0	125698.0
703	124570.0	124521.0
704	124144.0	124803.0
705	125203.0	124673.0
706	124686.0	124682.0
707	124771.0	125753.0
708	124773.0	125146.0
709	124646.0	124959.0
710	124635.0	124731.0
711	124785.0	124675.0
712	124756.0	124502.0
713	124714.0	125149.0
714	125346.0	124548.0
715	124512.0	124649.0
716	124023.0	124772.0
717	124949.0	124286.0
718	124329.0	124532.0
719	124368.0	124949.0
720	124584.0	125461.0
721	124322.0	124551.0
722	124377.0	124468.0
723	124925.0	124814.0
724	124778.0	124093.0
725	124255.0	125411.0
726	124722.0	125004.0
727	124876.0	125082.0
728	124298.0	124633.0
729	124687.0	124623.0
730	125302.0	124786.0
731	124483.0	124775.0
732	124699.0	125095.0
733	124646.0	124705.0
734	124340.0	124944.0
735	125235.0	124858.0
736	124047.0	124958.0
737	123666.0	125231.0
738	124807.0	125570.0
739	124722.0	124740.0
740	124456.0	124975.0
741	124873.0	124966.0
742	124132.0	124523.0
743	124493.0	124803.0
744	124606.0	124828.0
745	124344.0	124311.0
746	124335.0	124879.0
747	125260.0	124929.0
748	124693.0	124107.0
749	125261.0	125035.0
750	124928.0	124906.0
751	124639.0	124848.0
752	124866.0	124870.0
753	124217.0	124149.0
754	124583.0	124298.0
755	124626.0	124786.0
756	124194.0	124537.0
757	124253.0	124701.0
758	123703.0	125151.0
759	124605.0	125041.0
760	124026.0	124625.0
761	124612.0	124987.0
762	124734.0	125049.0
763	124627.0	124685.0
764	124215.0	124789.0
765	124572.0	124759.0
766	123724.0	124352.0
767	124486.0	125301.0
768	125044.0	124795.0
769	124243.0	124660.0
770	125004.0	124867.0
771	124988.0	124870.0
772	124106.0	123792.0
773	124078.0	125340.0
774	124452.0	124785.0
775	123776.0	124039.0
776	123829.0	125160.0
777	124789.0	125205.0
778	124557.0	124216.0
779	124481.0	124843.0
780	124639.0	125114.0
781	124329.0	124581.0
782	124144.0	125088.0
783	124783.0	124576.0
784	124481.0	124472.0
785	124469.0	124498.0
786	124756.0	124204.0
787	124009.0	123665.0
788	124106.0	124437.0
789	124665.0	124617.0
790	124218.0	124492.0
791	124363.0	125101.0
792	124568.0	124635.0
793	123632.0	124408.0
794	124127.0	125022.0
795	124447.0	125178.0
796	123709.0	124722.0
797	124279.0	124590.0
798	123986.0	124534.0
799	124035.0	124623.0
800	124864.0	125472.0
801	124167.0	124793.0
802	124496.0	124382.0
803	124887.0	124351.0
804	124716.0	124508.0
805	124400.0	124241.0
806	123811.0	124515.0
807	124165.0	124687.0
808	124038.0	124265.0
809	124345.0	124707.0
810	125119.0	124409.0
811	124253.0	124332.0
812	124422.0	124081.0
813	124698.0	124579.0
814	124515.0	124932.0
815	124223.0	124446.0
816	124846.0	124556.0
817	123976.0	124006.0
818	123856.0	124055.0
819	124453.0	124751.0
820	124634.0	124364.0
821	124754.0	124640.0
822	124418.0	124726.0
823	124267.0	123784.0
824	124200.0	124706.0
825	124822.0	123952.0
826	124588.0	124236.0
827	124983.0	124360.0
828	124901.0	124026.0
829	123669.0	124317.0
830	124394.0	124783.0
831	125109.0	124172.0
832	124275.0	124706.0
833	124458.0	124420.0
834	124403.0	124452.0
835	124652.0	124425.0
836	123879.0	124574.0
837	124365.0	124930.0
838	124256.0	123991.0
839	124410.0	125045.0
840	124573.0	124354.0
841	124336.0	123779.0
842	124465.0	124516.0
843	124523.0	124748.0
844	124646.0	124272.0
845	124611.0	123891.0
846	124023.0	124666.0
847	124321.0	124287.0
848	124419.0	124433.0
849	124291.0	124165.0
850	125008.0	123747.0
851	124835.0	124360.0
852	124734.0	124656.0
853	124138.0	124198.0
854	124394.0	124296.0
855	124714.0	124272.0
856	124297.0	123905.0
857	124118.0	123953.0
858	124322.0	123869.0
859	124253.0	123977.0
860	124667.0	124600.0
861	124475.0	123929.0
862	123508.0	123685.0
863	124611.0	124329.0
864	124114.0	124095.0
865	123643.0	124298.0
866	123447.0	124256.0
867	124503.0	123685.0
868	123699.0	123737.0
869	124111.0	124210.0
870	123949.0	124077.0
871	124254.0	124301.0
872	124082.0	123918.0
873	124165.0	124318.0
874	124193.0	123897.0
875	123684.0	124199.0
876	124372.0	124520.0
877	124646.0	123619.0
878	123932.0	124116.0
879	124354.0	124859.0
880	123965.0	124010.0
881	123878.0	123777.0
882	124243.0	124143.0
883	124294.0	123666.0
884	124768.0	124357.0
885	124658.0	124105.0
886	123653.0	124086.0
887	123897.0	124076.0
888	124282.0	124299.0
889	124256.0	123500.0
890	124173.0	123933.0
891	124358.0	124068.0
892	124032.0	123412.0
893	124140.0	124662.0
894	124797.0	124142.0
895	124050.0	123356.0
896	123755.0	123454.0
897	124469.0	124446.0
898	123578.0	123490.0
899	123370.0	123880.0
900	124048.0	124129.0
901	124319.0	123588.0
902	124007.0	124036.0
903	124251.0	123973.0
904	123899.0	124103.0
905	123732.0	124032.0
906	124401.0	123501.0
907	123831.0	123618.0
908	123993.0	123576.0
909	124185.0	124603.0
910	124266.0	124122.0
911	123914.0	124778.0
912	124447.0	125050.0
913	123750.0	124074.0
914	123720.0	124211.0
915	124128.0	124116.0
916	124065.0	123876.0
917	124005.0	124101.0
918	124721.0	123999.0
919	124456.0	123353.0
920	123874.0	123623.0
921	124419.0	124059.0
922	123863.0	124237.0
923	123550.0	124399.0
924	124227.0	123897.0
925	123769.0	124002.0
926	123885.0	124169.0
927	124286.0	124518.0
928	124116.0	124113.0
929	123876.0	124435.0
930	124433.0	124845.0
931	123796.0	124004.0
932	123776.0	124442.0
933	124290.0	124421.0
934	124540.0	124104.0
935	123787.0	124098.0
936	124299.0	123836.0
937	124202.0	123869.0
938	123558.0	124158.0
939	124149.0	124028.0
940	124033.0	123759.0
941	123679.0	124385.0
942	124309.0	123793.0
943	123563.0	124177.0
944	123950.0	123936.0
945	124408.0	123775.0
946	123852.0	124253.0
947	123623.0	124255.0
948	124227.0	124210.0
949	123954.0	123970.0
950	123640.0	124232.0
951	124254.0	124342.0
952	124372.0	124117.0
953	124204.0	125215.0
954	123844.0	124672.0
955	123809.0	123793.0
956	124534.0	124114.0
957	124513.0	124019.0
958	124237.0	123703.0
959	123934.0	123853.0
960	123946.0	124072.0
961	124554.0	124088.0
962	123417.0	124195.0
963	125090.0	124219.0
964	124154.0	124026.0
965	124539.0	124253.0
966	124399.0	124195.0
967	124379.0	123762.0
968	124242.0	123865.0
969	124755.0	125078.0
970	123472.0	124701.0
971	124284.0	124249.0
972	124327.0	124810.0
973	123560.0	124061.0
974	124615.0	124336.0
975	124529.0	124223.0
976	124198.0	123759.0
977	124173.0	123222.0
978	124318.0	124229.0
979	124636.0	123840.0
980	124736.0	123742.0
981	124164.0	123748.0
982	124567.0	123483.0
983	124117.0	124058.0
984	124380.0	123903.0
985	124101.0	124023.0
986	124779.0	124604.0
987	124298.0	124149.0
988	124488.0	123901.0
989	123958.0	123436.0
990	124244.0	123891.0
991	123790.0	124127.0
992	124158.0	124473.0
993	124064.0	123984.0
994	124208.0	123752.0
995	124112.0	123457.0
996	124597.0	122827.0
997	124113.0	123478.0
998	124147.0	123475.0
999	123939.0	123723.0
1000	123815.0	123644.0
1001	123529.0	123510.0
1002	124154.0	123606.0
1003	124059.0	124389.0
1004	123726.0	123963.0
1005	123635.0	124036.0
1006	123845.0	123976.0
1007	124041.0	123971.0
1008	124649.0	123969.0
1009	123491.0	123911.0
1010	124106.0	123928.0
1011	124122.0	124063.0
1012	123721.0	123428.0
1013	123960.0	124187.0
1014	123583.0	123694.0
1015	123611.0	123823.0
1016	123803.0	123767.0
1017	123831.0	124197.0
1018	123732.0	123869.0
1019	123797.0	123831.0
1020	125031.0	123086.0
1021	123859.0	123448.0
1022	124007.0	123341.0
1023	124478.0	123501.0
1024	123669.0	123367.0
1025	124028.0	123228.0
1026	124283.0	124085.0
1027	123629.0	123653.0
1028	123172.0	123053.0
1029	123578.0	123016.0
1030	123541.0	123864.0
1031	124419.0	123738.0
1032	124007.0	123907.0
1033	123791.0	123378.0
1034	123618.0	124209.0
1035	123850.0	123885.0
1036	124030.0	123732.0
1037	124172.0	124037.0
1038	124150.0	123801.0
1039	123893.0	123742.0
1040	123731.0	123434.0
1041	123396.0	123234.0
1042	123364.0	123749.0
1043	124156.0	123532.0
1044	124199.0	123385.0
1045	124176.0	123145.0
1046	123792.0	123679.0
1047	123960.0	123179.0
1048	123683.0	122852.0
1049	123446.0	123502.0
1050	123675.0	123914.0
1051	123924.0	123588.0
1052	123299.0	123335.0
1053	123771.0	123682.0
1054	124116.0	122969.0
1055	123798.0	123235.0
1056	123697.0	123300.0
1057	123242.0	123524.0
1058	123410.0	123484.0
1059	124123.0	123453.0
1060	123438.0	123509.0
1061	123163.0	123553.0
1062	124030.0	123329.0
1063	123886.0	123569.0
1064	123631.0	123586.0
1065	124223.0	123275.0
1066	123736.0	122838.0
1067	124047.0	123383.0
1068	123773.0	123987.0
1069	123702.0	123040.0
1070	123512.0	123887.0
1071	123709.0	124407.0
1072	123970.0	123785.0
1073	124032.0	123693.0
1074	123762.0	123996.0
1075	123652.0	123460.0
1076	123332.0	122865.0
1077	123465.0	123792.0
1078	123915.0	123636.0
1079	123944.0	123547.0
1080	123924.0	123838.0
1081	124052.0	123272.0
1082	123414.0	123709.0
1083	124016.0	123708.0
1084	123383.0	123151.0
1085	123809.0	124005.0
1086	124259.0	124190.0
1087	123602.0	123022.0
1088	123465.0	123753.0
1089	123444.0	123483.0
1090	123628.0	123363.0
1091	124022.0	123490.0
1092	123551.0	123738.0
1093	123743.0	123899.0
1094	123745.0	124216.0
1095	123578.0	124323.0
1096	123868.0	123632.0
1097	123814.0	123692.0
1098	123423.0	123929.0
1099	123425.0	123254.0
1100	123676.0	123878.0
1101	123745.0	123685.0
1102	123423.0	123167.0
1103	123410.0	123920.0
1104	123999.0	123932.0
1105	123598.0	123235.0
1106	123518.0	123650.0
1107	123846.0	124088.0
1108	123814.0	123023.0
1109	124146.0	123878.0
1110	123226.0	124180.0
1111	123243.0	123815.0
1112	123756.0	123863.0
1113	123960.0	124126.0
1114	123899.0	123649.0
1115	123842.0	124057.0
1116	123460.0	123524.0
1117	123515.0	123760.0
1118	123216.0	123892.0
1119	123590.0	124191.0
1120	123923.0	123603.0
1121	124010.0	123860.0
1122	123707.0	123453.0
1123	123511.0	123206.0
1124	123367.0	124043.0
1125	123997.0	123912.0
1126	123443.0	123756.0
1127	123462.0	124073.0
1128	123889.0	124088.0
1129	124169.0	123415.0
1130	123865.0	123961.0
1131	124017.0	123738.0
1132	123686.0	124250.0
1133	123620.0	123685.0
1134	124201.0	123474.0
1135	124134.0	123516.0
1136	123200.0	123477.0
1137	124070.0	123705.0
1138	123724.0	123856.0
1139	123350.0	124113.0
1140	123840.0	124006.0
1141	124276.0	124016.0
1142	123847.0	123628.0
1143	124262.0	123561.0
1144	123580.0	123396.0
1145	123352.0	123517.0
1146	123555.0	123858.0
1147	123503.0	123119.0
1148	123228.0	124069.0
1149	123411.0	124274.0
1150	123520.0	123211.0
1151	124018.0	123578.0
1152	123990.0	123342.0
1153	123653.0	123486.0
1154	123680.0	123664.0
1155	123420.0	122979.0
1156	123953.0	123083.0
1157	124393.0	123947.0
1158	123858.0	123690.0
1159	124703.0	123088.0
1160	123854.0	123247.0
1161	123543.0	123641.0
1162	123351.0	123223.0
1163	123432.0	122864.0
1164	123777.0	123221.0
1165	123914.0	123587.0
1166	123638.0	123111.0
1167	123416.0	123050.0
1168	123426.0	123502.0
1169	123774.0	124162.0
1170	123889.0	123856.0
1171	123708.0	123014.0
1172	123936.0	123316.0
1173	124091.0	123156.0
1174	124213.0	122998.0
1175	123224.0	122894.0
1176	123695.0	123932.0
1177	124169.0	123420.0
1178	123178.0	123578.0
1179	124104.0	122753.0
1180	123946.0	123063.0
1181	123683.0	123455.0
1182	123376.0	123561.0
1183	123677.0	123255.0
1184	123346.0	122777.0
1185	123646.0	123500.0
1186	123464.0	122910.0
1187	123070.0	122999.0
1188	123106.0	123408.0
1189	123410.0	123093.0
1190	122809.0	123358.0
1191	122911.0	122959.0
1192	123705.0	123056.0
1193	123049.0	123238.0
1194	123575.0	123300.0
1195	122914.0	123010.0
1196	122615.0	123400.0
1197	123390.0	122821.0
1198	123574.0	123245.0
1199	123035.0	123429.0
1200	123503.0	123311.0
1201	123142.0	122870.0
1202	123163.0	123151.0
1203	123338.0	123746.0
1204	123392.0	123190.0
1205	122864.0	123268.0
1206	122858.0	123691.0
1207	122594.0	123573.0
1208	122929.0	123585.0
1209	123959.0	123655.0
1210	123473.0	123603.0
1211	124212.0	123023.0
1212	124084.0	123130.0
1213	123333.0	123303.0
1214	123176.0	122106.0
1215	122841.0	123454.0
1216	123352.0	123447.0
1217	123366.0	123959.0
1218	123413.0	123595.0
1219	123310.0	123324.0
1220	123234.0	123613.0
1221	123619.0	123229.0
1222	122974.0	122899.0
1223	123141.0	123050.0
1224	122788.0	123265.0
1225	123060.0	122714.0
1226	123250.0	123142.0
1227	123335.0	123182.0
1228	123393.0	122899.0
1229	122960.0	123369.0
1230	123779.0	123412.0
1231	123056.0	123030.0
1232	122913.0	123361.0
1233	122929.0	123666.0
1234	122568.0	123149.0
1235	123557.0	123270.0
1236	122962.0	122817.0
1237	123421.0	123104.0
1238	123030.0	123476.0
1239	123718.0	123387.0
1240	123839.0	123368.0
1241	123491.0	124193.0
1242	123050.0	123309.0
1243	122933.0	122946.0
1244	123156.0	123288.0
1245	123167.0	122992.0
1246	123276.0	124225.0
1247	122675.0	124110.0
1248	123269.0	123403.0
1249	122975.0	123329.0
1250	122778.0	123192.0
1251	123274.0	123121.0
1252	123526.0	123431.0
1253	122912.0	123195.0
1254	123082.0	124052.0
1255	123140.0	123090.0
1256	122917.0	123187.0
1257	122726.0	123235.0
1258	123344.0	123325.0
1259	123303.0	123387.0
1260	123160.0	124003.0
1261	123378.0	123452.0
1262	123189.0	123472.0
1263	123308.0	122837.0
1264	122827.0	123092.0
1265	123073.0	123455.0
1266	122972.0	123424.0
1267	122479.0	122996.0
1268	122849.0	123360.0
1269	123503.0	123736.0
1270	123363.0	123399.0
1271	122942.0	123857.0
1272	123283.0	122813.0
1273	122575.0	122502.0
1274	122929.0	123461.0
1275	122916.0	123503.0
1276	122909.0	123723.0
1277	123127.0	123926.0
1278	123164.0	123885.0
1279	123071.0	123176.0
1280	123230.0	123918.0
1281	123283.0	123401.0
1282	123144.0	123440.0
1283	123067.0	123618.0
1284	123380.0	123435.0
1285	123323.0	123189.0
1286	123042.0	123342.0
1287	123498.0	123479.0
1288	122889.0	123160.0
1289	122871.0	123231.0
1290	123217.0	123321.0
1291	123510.0	123495.0
1292	122980.0	123489.0
1293	123107.0	123768.0
1294	122982.0	123396.0
1295	122670.0	123139.0
1296	123469.0	123648.0
1297	123062.0	122834.0
1298	123402.0	123864.0
1299	123363.0	123596.0
1300	123313.0	123252.0
1301	123080.0	123123.0
1302	123482.0	123524.0
1303	123409.0	123082.0
1304	123334.0	123284.0
1305	123357.0	123577.0
1306	123355.0	123001.0
1307	122757.0	123496.0
1308	122935.0	123791.0
1309	123290.0	123336.0
1310	122881.0	124044.0
1311	122971.0	123490.0
1312	123574.0	123349.0
1313	122844.0	122817.0
1314	123121.0	123400.0
1315	122826.0	123221.0
1316	122863.0	123431.0
1317	123614.0	124003.0
1318	123277.0	123391.0
1319	123205.0	123396.0
1320	123150.0	123385.0
1321	122913.0	123059.0
1322	122844.0	123267.0
1323	123433.0	123117.0
1324	123167.0	122226.0
1325	122323.0	123573.0
1326	123271.0	122716.0
1327	123348.0	123314.0
1328	123287.0	123016.0
1329	122571.0	123058.0
1330	122773.0	122712.0
1331	122813.0	122453.0
1332	123139.0	123561.0
1333	123620.0	122879.0
1334	123370.0	122962.0
1335	123363.0	122730.0
1336	123304.0	123044.0
1337	123157.0	123711.0
1338	122720.0	123076.0
1339	123157.0	123375.0
1340	122841.0	123473.0
1341	123616.0	123430.0
1342	123412.0	123076.0
1343	123389.0	123420.0
1344	123178.0	122875.0
1345	122845.0	122789.0
1346	122686.0	123038.0
1347	123270.0	123150.0
1348	123057.0	122719.0
1349	123122.0	123080.0
1350	123490.0	123573.0
1351	123095.0	122817.0
1352	122479.0	122439.0
1353	122861.0	123217.0
1354	122732.0	122944.0
1355	123072.0	122724.0
1356	123044.0	123025.0
1357	123320.0	122801.0
1358	123229.0	122824.0
1359	123099.0	123278.0
1360	122939.0	122799.0
1361	122694.0	123558.0
1362	123117.0	123198.0
1363	123279.0	122887.0
1364	122779.0	122698.0
1365	123074.0	123594.0
1366	122657.0	122848.0
1367	122669.0	122872.0
1368	122452.0	123303.0
1369	122647.0	123369.0
1370	122848.0	122964.0
1371	123234.0	122940.0
1372	122950.0	122970.0
1373	122892.0	122711.0
1374	122262.0	122503.0
1375	122035.0	122638.0
1376	122728.0	123186.0
1377	123299.0	123010.0
1378	123221.0	122675.0
1379	123024.0	122604.0
1380	123102.0	123055.0
1381	123346.0	122679.0
1382	122670.0	122443.0
1383	122320.0	123465.0
1384	122785.0	122020.0
1385	122789.0	122798.0
1386	122927.0	123349.0
1387	122690.0	122873.0
1388	123085.0	122767.0
1389	122927.0	122965.0
1390	122306.0	122623.0
1391	122582.0	122740.0
1392	122998.0	122403.0
1393	122294.0	122778.0
1394	122889.0	122654.0
1395	122946.0	122662.0
1396	122638.0	122903.0
1397	122244.0	123367.0
1398	122500.0	123318.0
1399	122874.0	122596.0
1400	122599.0	122633.0
1401	122753.0	122995.0
1402	122188.0	123215.0
1403	122179.0	123124.0
1404	122453.0	122653.0
1405	122764.0	122160.0
1406	122909.0	123243.0
1407	122964.0	123304.0
1408	122523.0	123052.0
1409	122339.0	122919.0
1410	122618.0	122781.0
1411	122803.0	122977.0
1412	122644.0	123174.0
1413	122596.0	123056.0
1414	122948.0	122991.0
1415	122621.0	122619.0
1416	122505.0	122622.0
1417	122297.0	122693.0
1418	122798.0	122948.0
1419	122808.0	123202.0
1420	122374.0	122735.0
1421	121977.0	122599.0
1422	122019.0	122585.0
1423	122302.0	122896.0
1424	122796.0	122973.0
1425	122276.0	123139.0
1426	122418.0	122909.0
1427	122131.0	123162.0
1428	122281.0	123113.0
1429	123177.0	122891.0
1430	122379.0	122868.0
1431	122130.0	123274.0
1432	122632.0	123314.0
1433	122512.0	123552.0
1434	122371.0	122740.0
1435	122714.0	123061.0
1436	122647.0	122916.0
1437	122653.0	122744.0
1438	121767.0	122527.0
1439	122107.0	122886.0
1440	122433.0	122743.0
1441	122925.0	122563.0
1442	122017.0	122857.0
1443	122545.0	122881.0
1444	122619.0	123278.0
1445	122413.0	122510.0
1446	122579.0	123026.0
1447	122902.0	123418.0
1448	123025.0	123254.0
1449	122631.0	123342.0
1450	122490.0	122966.0
1451	122319.0	122904.0
1452	122666.0	123341.0
1453	122394.0	123316.0
1454	122733.0	122814.0
1455	122907.0	122797.0
1456	122462.0	122349.0
1457	122728.0	122889.0
1458	123118.0	123141.0
1459	122642.0	123083.0
1460	123056.0	123004.0
1461	122960.0	123524.0
1462	122749.0	123558.0
1463	122611.0	123367.0
1464	123191.0	123110.0
1465	122289.0	122579.0
1466	122676.0	123015.0
1467	123034.0	122985.0
1468	122518.0	122345.0
1469	122150.0	122658.0
1470	122155.0	123131.0
1471	122193.0	122912.0
1472	122279.0	123026.0
1473	122827.0	122742.0
1474	122656.0	122582.0
1475	122985.0	122850.0
1476	123061.0	123269.0
1477	122173.0	123251.0
1478	122386.0	123215.0
1479	122154.0	122482.0
1480	122565.0	122729.0
1481	122135.0	122485.0
1482	123014.0	123208.0
1483	123008.0	122536.0
1484	121939.0	122543.0
1485	122549.0	122955.0
1486	122131.0	122874.0
1487	122371.0	123081.0
1488	122759.0	123081.0
1489	121724.0	122831.0
1490	122457.0	123112.0
1491	122630.0	123110.0
1492	122858.0	122826.0
1493	122874.0	122287.0
1494	122102.0	122909.0
1495	122343.0	122735.0
1496	122576.0	122448.0
1497	122577.0	122953.0
1498	122576.0	122669.0
1499	122513.0	122592.0
1500	122818.0	122434.0
1501	122302.0	122668.0
1502	122453.0	122500.0
1503	121658.0	122931.0
1504	122028.0	122358.0
1505	122460.0	122774.0
1506	122639.0	122824.0
1507	123250.0	122816.0
1508	123093.0	121821.0
1509	122592.0	122312.0
1510	122162.0	122716.0
1511	122556.0	122225.0
1512	122745.0	123110.0
1513	122227.0	122508.0
1514	121908.0	122424.0
1515	121681.0	122089.0
1516	122112.0	121827.0
1517	121732.0	122388.0
1518	122791.0	122719.0
1519	122034.0	122958.0
1520	122082.0	123104.0
1521	122478.0	122645.0
1522	122854.0	122314.0
1523	122819.0	122879.0
1524	122722.0	122419.0
1525	121775.0	122361.0
1526	122147.0	122433.0
1527	122291.0	122336.0
1528	122483.0	122116.0
1529	122065.0	122612.0
1530	122314.0	122582.0
1531	122167.0	122071.0
1532	122292.0	122729.0
1533	122369.0	122925.0
1534	122566.0	122742.0
1535	122616.0	122488.0
1536	122404.0	122398.0
1537	122271.0	122415.0
1538	122013.0	122560.0
1539	122044.0	122319.0
1540	122370.0	122261.0
1541	122673.0	123253.0
1542	122388.0	123099.0
1543	122276.0	122688.0
1544	122664.0	122851.0
1545	122114.0	122370.0
1546	122135.0	122194.0
1547	121789.0	122345.0
1548	122381.0	122944.0
1549	122801.0	122152.0
1550	122748.0	121629.0
1551	122070.0	122270.0
1552	122476.0	122377.0
1553	122304.0	122833.0
1554	121810.0	122587.0
1555	121322.0	122115.0
1556	122146.0	122565.0
1557	122446.0	122576.0
1558	121430.0	122282.0
1559	122604.0	122358.0
1560	122569.0	122257.0
1561	122335.0	121859.0
1562	122626.0	122321.0
1563	122195.0	123195.0
1564	122461.0	122940.0
1565	122183.0	122377.0
1566	122121.0	122782.0
1567	122657.0	122605.0
1568	122232.0	122245.0
1569	122243.0	122180.0
1570	123142.0	122297.0
1571	122067.0	122948.0
1572	122569.0	122784.0
1573	121744.0	122921.0
1574	122284.0	122888.0
1575	122070.0	122345.0
1576	122504.0	122473.0
1577	122712.0	122479.0
1578	122039.0	122553.0
1579	121816.0	122299.0
1580	122449.0	122285.0
1581	122556.0	122898.0
1582	122080.0	122682.0
1583	122380.0	122790.0
1584	122284.0	122855.0
1585	121801.0	122242.0
1586	122479.0	122652.0
1587	122298.0	122918.0
1588	122187.0	122569.0
1589	122104.0	121653.0
1590	122209.0	122044.0
1591	122647.0	122457.0
1592	122276.0	122626.0
1593	122263.0	122503.0
1594	122177.0	122814.0
1595	122285.0	122783.0
1596	122459.0	122955.0
1597	122108.0	122368.0
1598	121856.0	122514.0
1599	122395.0	122441.0
1600	122990.0	122401.0
1601	122032.0	122340.0
1602	121942.0	122418.0
1603	122243.0	122077.0
1604	121675.0	122358.0
1605	122619.0	122644.0
1606	122154.0	122020.0
1607	121968.0	122262.0
1608	122397.0	122673.0
1609	121932.0	122660.0
1610	121725.0	122642.0
1611	122175.0	122931.0
1612	122591.0	122361.0
1613	122386.0	121958.0
1614	122145.0	122145.0
1615	122082.0	122372.0
1616	121878.0	123045.0
1617	122171.0	122846.0
1618	122149.0	122339.0
1619	121864.0	121994.0
1620	122189.0	122161.0
1621	122039.0	122090.0
1622	122592.0	122741.0
1623	122232.0	122823.0
1624	122769.0	122494.0
1625	122561.0	122571.0
1626	121534.0	122400.0
1627	122178.0	121886.0
1628	121780.0	122377.0
1629	122389.0	122475.0
1630	121892.0	122261.0
1631	121930.0	122478.0
1632	122148.0	122469.0
1633	122288.0	122799.0
1634	122098.0	122323.0
1635	122159.0	122686.0
1636	122333.0	122851.0
1637	121913.0	122135.0
1638	121823.0	122354.0
1639	122805.0	122525.0
1640	122482.0	123031.0
1641	121696.0	122684.0
1642	121951.0	122018.0
1643	121973.0	122110.0
1644	122058.0	122360.0
1645	122198.0	122113.0
1646	121835.0	122482.0
1647	122362.0	122705.0
1648	121516.0	122988.0
1649	121872.0	122489.0
1650	121980.0	122499.0
1651	122011.0	122310.0
1652	122352.0	122634.0
1653	122179.0	122274.0
1654	121813.0	121875.0
1655	121803.0	122474.0
1656	122098.0	122602.0
1657	121958.0	122195.0
1658	122356.0	122762.0
1659	122007.0	122350.0
1660	122272.0	122690.0
1661	121769.0	122433.0
1662	122524.0	121553.0
1663	121447.0	121762.0
1664	121921.0	122653.0
1665	122382.0	122036.0
1666	121977.0	122293.0
1667	122080.0	122830.0
1668	122535.0	122122.0
1669	121984.0	122093.0
1670	122252.0	122792.0
1671	121740.0	122149.0
1672	122164.0	122609.0
1673	122252.0	122995.0
1674	122062.0	122131.0
1675	121590.0	122512.0
1676	122008.0	123018.0
1677	121556.0	122293.0
1678	121748.0	122201.0
1679	121543.0	122634.0
1680	122078.0	122790.0
1681	121863.0	122320.0
1682	122012.0	122362.0
1683	121477.0	121907.0
1684	121648.0	122259.0
1685	121337.0	122264.0
1686	122113.0	122436.0
1687	122356.0	122344.0
1688	122171.0	122319.0
1689	122086.0	122186.0
1690	122346.0	122316.0
1691	122124.0	122168.0
1692	122034.0	122187.0
1693	121363.0	122026.0
1694	121858.0	122573.0
1695	122360.0	122341.0
1696	121734.0	121806.0
1697	121382.0	121720.0
1698	121842.0	122444.0
1699	121865.0	121747.0
1700	121648.0	121797.0
1701	122217.0	122206.0
1702	122214.0	121767.0
1703	122366.0	122322.0
1704	121865.0	121962.0
1705	122133.0	121730.0
1706	122595.0	122415.0
1707	121689.0	122285.0
1708	121226.0	121681.0
1709	121820.0	122991.0
1710	122496.0	121928.0
1711	121712.0	121909.0
1712	121842.0	121769.0
1713	122043.0	121585.0
1714	122031.0	122286.0
1715	122264.0	122116.0
1716	121788.0	122259.0
1717	121783.0	121935.0
1718	121855.0	121806.0
1719	121807.0	121295.0
1720	122160.0	121250.0
1721	121621.0	121995.0
1722	121597.0	121993.0
1723	121523.0	121729.0
1724	121996.0	122458.0
1725	122146.0	121778.0
1726	121899.0	122264.0
1727	122017.0	122074.0
1728	122022.0	121782.0
1729	121169.0	121849.0
1730	121630.0	122119.0
1731	121694.0	122303.0
1732	121942.0	122215.0
1733	121914.0	122084.0
1734	121706.0	122043.0
1735	121881.0	121605.0
1736	122223.0	122008.0
1737	121964.0	121812.0
1738	121617.0	122091.0
1739	122038.0	122303.0
1740	121473.0	122075.0
1741	121869.0	122038.0
1742	121756.0	122416.0
1743	121778.0	121207.0
1744	121676.0	122089.0
1745	121337.0	122280.0
1746	121256.0	121999.0
1747	121878.0	121789.0
1748	121361.0	121463.0
1749	121878.0	122182.0
1750	121943.0	122244.0
1751	121507.0	122291.0
1752	121733.0	122574.0
1753	122209.0	122118.0
1754	121721.0	122574.0
1755	121985.0	122248.0
1756	121947.0	122057.0
1757	121187.0	122041.0
1758	122030.0	122177.0
1759	121688.0	122357.0
1760	121626.0	121367.0
1761	121578.0	122338.0
1762	121208.0	121563.0
1763	122128.0	122249.0
1764	122102.0	122262.0
1765	121344.0	121807.0
1766	121670.0	121660.0
1767	122048.0	121980.0
1768	121134.0	121992.0
1769	121921.0	122119.0
1770	122530.0	121930.0
1771	121952.0	121559.0
1772	122358.0	121607.0
1773	121470.0	122075.0
1774	121439.0	121807.0
1775	121569.0	122265.0
1776	121671.0	121992.0
1777	121534.0	121694.0
1778	121604.0	121540.0
1779	121717.0	121677.0
1780	121951.0	122044.0
1781	121962.0	121966.0
1782	121927.0	121638.0
1783	121064.0	121563.0
1784	121299.0	121718.0
1785	121677.0	122172.0
1786	122048.0	121578.0
1787	121307.0	121847.0
1788	121764.0	121655.0
1789	121195.0	122118.0
1790	121382.0	121912.0
1791	121501.0	121882.0
1792	121821.0	121432.0
1793	121498.0	122095.0
1794	122222.0	121740.0
1795	121617.0	121711.0
1796	121720.0	122245.0
1797	122308.0	122507.0
1798	121979.0	121807.0
1799	121362.0	122286.0
1800	121822.0	121930.0
1801	122272.0	122051.0
1802	121364.0	122320.0
1803	121787.0	122264.0
1804	121501.0	122076.0
1805	121697.0	122067.0
1806	121564.0	122776.0
1807	121560.0	121952.0
1808	121472.0	122051.0
1809	121798.0	121877.0
1810	121825.0	121583.0
1811	121970.0	121838.0
1812	121786.0	122278.0
1813	121436.0	121870.0
1814	121913.0	122086.0
1815	121596.0	121644.0
1816	122051.0	121732.0
1817	121968.0	121154.0
1818	121335.0	121711.0
1819	121696.0	121745.0
1820	121748.0	121910.0
1821	121630.0	121557.0
1822	121318.0	121421.0
1823	121568.0	121839.0
1824	121882.0	121706.0
1825	121936.0	121534.0
1826	121090.0	122280.0
1827	121564.0	121568.0
1828	121471.0	121753.0
1829	122031.0	121894.0
1830	121792.0	121760.0
1831	121452.0	121891.0
1832	121509.0	121915.0
1833	121730.0	121828.0
1834	121710.0	121662.0
1835	121569.0	122022.0
1836	121437.0	121612.0
1837	121579.0	121681.0
1838	121656.0	122168.0
1839	121721.0	121524.0
1840	121626.0	121336.0
1841	121184.0	122220.0
1842	121585.0	121687.0
1843	121588.0	121647.0
1844	121404.0	121950.0
1845	121951.0	122678.0
1846	121597.0	121985.0
1847	121716.0	121598.0
1848	121452.0	121418.0
1849	121645.0	121478.0
1850	121317.0	121876.0
1851	121533.0	121524.0
1852	121744.0	121747.0
1853	121469.0	121650.0
1854	121283.0	121480.0
1855	121400.0	121838.0
1856	121460.0	122252.0
1857	121364.0	121770.0
1858	121633.0	121703.0
1859	121963.0	121735.0
1860	121734.0	120914.0
1861	121775.0	121674.0
1862	121608.0	121617.0
1863	121384.0	121369.0
1864	121791.0	121927.0
1865	121881.0	121355.0
1866	121706.0	121138.0
1867	121024.0	121338.0
1868	121362.0	121844.0
1869	122062.0	121793.0
1870	121668.0	121666.0
1871	122008.0	121835.0
1872	121463.0	121664.0
1873	122002.0	121634.0
1874	121494.0	122012.0
1875	121241.0	121230.0
1876	121496.0	121637.0
1877	121866.0	121275.0
1878	121489.0	121483.0
1879	121488.0	121943.0
1880	121475.0	122132.0
1881	121459.0	121452.0
1882	121534.0	121356.0
1883	121570.0	121503.0
1884	121467.0	121526.0
1885	121194.0	121552.0
1886	121464.0	121523.0
1887	121023.0	121153.0
1888	120641.0	121773.0
1889	121368.0	122129.0
1890	121094.0	121668.0
1891	121121.0	121080.0
1892	120876.0	121895.0
1893	121229.0	122123.0
1894	121191.0	121916.0
1895	121097.0	121924.0
1896	121286.0	122158.0
1897	121028.0	121698.0
1898	121127.0	121689.0
1899	121163.0	121577.0
1900	120967.0	121867.0
1901	121187.0	122012.0
1902	120746.0	120959.0
1903	120715.0	121855.0
1904	121535.0	121552.0
1905	121349.0	121010.0
1906	121424.0	121290.0
1907	121448.0	121708.0
1908	121153.0	121542.0
1909	120840.0	122016.0
1910	120260.0	121530.0
1911	121164.0	121716.0
1912	121141.0	121467.0
1913	121003.0	121980.0
1914	121416.0	122120.0
1915	120644.0	121706.0
1916	121617.0	121394.0
1917	121366.0	121628.0
1918	120864.0	120980.0
1919	120539.0	121459.0
1920	120660.0	121356.0
1921	120797.0	121574.0
1922	121113.0	121701.0
1923	120789.0	122017.0
1924	120258.0	121637.0
1925	120394.0	121274.0
1926	120730.0	121461.0
1927	120553.0	121047.0
1928	121153.0	121612.0
1929	121168.0	122063.0
1930	121149.0	121863.0
1931	121300.0	121569.0
1932	121053.0	121791.0
1933	121373.0	121624.0
1934	121554.0	121281.0
1935	121585.0	121572.0
1936	120842.0	121807.0
1937	120495.0	122078.0
1938	121400.0	121925.0
1939	121135.0	121110.0
1940	121029.0	121600.0
1941	121239.0	121299.0
1942	121094.0	121279.0
1943	120769.0	121884.0
1944	121596.0	122015.0
1945	121448.0	121421.0
1946	121036.0	121635.0
1947	121292.0	121745.0
1948	121299.0	121496.0
1949	121144.0	122308.0
1950	121021.0	122031.0
1951	121282.0	121678.0
1952	121289.0	121065.0
1953	120956.0	121601.0
1954	121081.0	121355.0
1955	121305.0	121359.0
1956	121527.0	121361.0
1957	120781.0	121499.0
1958	121184.0	121588.0
1959	121117.0	121154.0
1960	120711.0	121049.0
1961	120796.0	121259.0
1962	121479.0	121458.0
1963	121547.0	121272.0
1964	121127.0	121485.0
1965	121165.0	122117.0
1966	120861.0	121426.0
1967	120394.0	121383.0
1968	121022.0	121737.0
1969	120406.0	121459.0
1970	121317.0	121602.0
1971	120793.0	121115.0
1972	120921.0	121329.0
1973	120866.0	121504.0
1974	121489.0	121752.0
1975	120537.0	121394.0
1976	120641.0	121516.0
1977	121516.0	121481.0
1978	120580.0	121264.0
1979	121225.0	121393.0
1980	120776.0	121265.0
1981	120729.0	121603.0
1982	120853.0	121380.0
1983	120966.0	121673.0
1984	120813.0	121300.0
1985	120929.0	121510.0
1986	121182.0	121225.0
1987	120274.0	121447.0
1988	121013.0	121173.0
1989	120534.0	120670.0
1990	120531.0	121702.0
1991	121150.0	122266.0
1992	121070.0	121537.0
1993	120860.0	121287.0
1994	120824.0	121165.0
1995	120565.0	121157.0
1996	120597.0	121525.0
1997	120871.0	120964.0
1998	120648.0	121764.0
1999	120953.0	121472.0
