Distance in bp(Fragment Length Estimate: 144)(Peak Width Estimate: 144)	Same Strand (+ for Watson strand, - for Crick)	Opposite Strand
-2000	121787.0	121108.0
-1999	122266.0	120995.0
-1998	121404.0	121065.0
-1997	121930.0	121019.0
-1996	121751.0	121259.0
-1995	121952.0	120640.0
-1994	121806.0	120674.0
-1993	121410.0	121413.0
-1992	122366.0	121167.0
-1991	121452.0	121287.0
-1990	121897.0	121129.0
-1989	121815.0	121520.0
-1988	121537.0	121391.0
-1987	121435.0	120816.0
-1986	121863.0	121352.0
-1985	121527.0	121039.0
-1984	122211.0	121448.0
-1983	121789.0	121577.0
-1982	121745.0	121144.0
-1981	122210.0	121146.0
-1980	121666.0	120853.0
-1979	121899.0	121783.0
-1978	122045.0	121601.0
-1977	122052.0	121273.0
-1976	121932.0	121402.0
-1975	122212.0	121178.0
-1974	121649.0	120803.0
-1973	121835.0	121235.0
-1972	121609.0	122066.0
-1971	121783.0	121142.0
-1970	121675.0	121280.0
-1969	121487.0	121634.0
-1968	121492.0	121668.0
-1967	121750.0	121298.0
-1966	122015.0	121504.0
-1965	121619.0	120755.0
-1964	121809.0	121672.0
-1963	122335.0	121504.0
-1962	122088.0	121486.0
-1961	121821.0	121206.0
-1960	121032.0	121292.0
-1959	121486.0	121301.0
-1958	122158.0	122048.0
-1957	121938.0	120974.0
-1956	121927.0	121172.0
-1955	121673.0	120920.0
-1954	122243.0	120912.0
-1953	121615.0	121651.0
-1952	121751.0	121038.0
-1951	120617.0	121404.0
-1950	121965.0	121356.0
-1949	121780.0	121361.0
-1948	121789.0	121633.0
-1947	121703.0	121586.0
-1946	122077.0	120960.0
-1945	122483.0	120897.0
-1944	121949.0	121115.0
-1943	120976.0	121204.0
-1942	121743.0	121417.0
-1941	121204.0	121484.0
-1940	121778.0	121780.0
-1939	121681.0	121005.0
-1938	122058.0	121412.0
-1937	122008.0	120482.0
-1936	122001.0	121086.0
-1935	121311.0	121658.0
-1934	121693.0	121507.0
-1933	121564.0	121862.0
-1932	121306.0	121347.0
-1931	121567.0	120970.0
-1930	121789.0	121444.0
-1929	121647.0	121463.0
-1928	121632.0	121750.0
-1927	122135.0	121477.0
-1926	122458.0	121019.0
-1925	121427.0	120922.0
-1924	121568.0	121162.0
-1923	121355.0	121125.0
-1922	121652.0	120990.0
-1921	121790.0	120985.0
-1920	121975.0	121812.0
-1919	121247.0	121039.0
-1918	121904.0	121627.0
-1917	121732.0	121046.0
-1916	122277.0	121303.0
-1915	121477.0	121712.0
-1914	121689.0	121082.0
-1913	121549.0	121390.0
-1912	122616.0	120802.0
-1911	121683.0	121588.0
-1910	121943.0	121234.0
-1909	121851.0	121403.0
-1908	122123.0	121497.0
-1907	121314.0	120886.0
-1906	122288.0	121306.0
-1905	122777.0	121183.0
-1904	121685.0	121423.0
-1903	122468.0	121910.0
-1902	122616.0	121345.0
-1901	121964.0	121270.0
-1900	122313.0	121575.0
-1899	121641.0	121862.0
-1898	121890.0	120931.0
-1897	121991.0	121453.0
-1896	121689.0	121807.0
-1895	121856.0	121976.0
-1894	121639.0	121475.0
-1893	121491.0	121503.0
-1892	121787.0	121624.0
-1891	121857.0	121891.0
-1890	121752.0	121887.0
-1889	121614.0	122235.0
-1888	122091.0	121438.0
-1887	122673.0	121749.0
-1886	122147.0	121562.0
-1885	122071.0	120995.0
-1884	122259.0	121220.0
-1883	122089.0	121300.0
-1882	122183.0	121479.0
-1881	122505.0	121429.0
-1880	121909.0	121264.0
-1879	121325.0	121220.0
-1878	122057.0	121437.0
-1877	121942.0	121665.0
-1876	122343.0	121631.0
-1875	122221.0	121274.0
-1874	122072.0	122084.0
-1873	122157.0	122228.0
-1872	121954.0	121977.0
-1871	122065.0	121373.0
-1870	121666.0	121917.0
-1869	122180.0	121672.0
-1868	122407.0	121877.0
-1867	121975.0	122513.0
-1866	121992.0	121792.0
-1865	122215.0	121811.0
-1864	121877.0	121416.0
-1863	122364.0	122074.0
-1862	121196.0	121425.0
-1861	121570.0	121635.0
-1860	122289.0	121256.0
-1859	122220.0	121491.0
-1858	122218.0	121238.0
-1857	122100.0	121702.0
-1856	122063.0	122001.0
-1855	121830.0	121743.0
-1854	122692.0	121458.0
-1853	122526.0	121808.0
-1852	122241.0	122232.0
-1851	122010.0	122039.0
-1850	122182.0	121688.0
-1849	122305.0	122150.0
-1848	122190.0	121759.0
-1847	122056.0	122035.0
-1846	122114.0	121691.0
-1845	122246.0	121998.0
-1844	122038.0	122112.0
-1843	122098.0	121161.0
-1842	122609.0	121933.0
-1841	122212.0	121805.0
-1840	122379.0	122127.0
-1839	122535.0	121698.0
-1838	122444.0	122186.0
-1837	121839.0	121808.0
-1836	122065.0	121904.0
-1835	122141.0	121779.0
-1834	121834.0	122022.0
-1833	122059.0	122139.0
-1832	122709.0	121012.0
-1831	121870.0	121656.0
-1830	122341.0	121893.0
-1829	122684.0	121793.0
-1828	122429.0	122309.0
-1827	122747.0	122084.0
-1826	123000.0	121530.0
-1825	122214.0	122146.0
-1824	122099.0	121510.0
-1823	122242.0	121521.0
-1822	122459.0	121923.0
-1821	122650.0	121556.0
-1820	122016.0	121370.0
-1819	122412.0	121732.0
-1818	122200.0	121962.0
-1817	121786.0	121530.0
-1816	123087.0	121284.0
-1815	122298.0	122290.0
-1814	121819.0	122108.0
-1813	121974.0	121974.0
-1812	122041.0	121672.0
-1811	121959.0	122209.0
-1810	122239.0	121831.0
-1809	122154.0	122013.0
-1808	122192.0	121494.0
-1807	121969.0	121508.0
-1806	122673.0	121303.0
-1805	122261.0	121442.0
-1804	122039.0	121491.0
-1803	122269.0	121318.0
-1802	122128.0	121700.0
-1801	121704.0	121120.0
-1800	122409.0	121553.0
-1799	122160.0	121815.0
-1798	121712.0	121554.0
-1797	122261.0	121615.0
-1796	122180.0	121404.0
-1795	121944.0	121700.0
-1794	122213.0	122000.0
-1793	122689.0	121987.0
-1792	122268.0	121363.0
-1791	122204.0	121612.0
-1790	121607.0	121555.0
-1789	121829.0	121734.0
-1788	122465.0	121639.0
-1787	122439.0	121421.0
-1786	121798.0	121438.0
-1785	122021.0	121392.0
-1784	121370.0	121879.0
-1783	121153.0	121790.0
-1782	121642.0	122534.0
-1781	121339.0	122388.0
-1780	121969.0	122218.0
-1779	122125.0	121706.0
-1778	121351.0	121731.0
-1777	122180.0	122056.0
-1776	121910.0	122016.0
-1775	121887.0	121682.0
-1774	122431.0	121640.0
-1773	121978.0	121903.0
-1772	121971.0	121836.0
-1771	121635.0	121344.0
-1770	121758.0	121263.0
-1769	122180.0	121779.0
-1768	121805.0	121935.0
-1767	121798.0	121969.0
-1766	121809.0	122087.0
-1765	121785.0	121441.0
-1764	121796.0	121501.0
-1763	121779.0	121677.0
-1762	121874.0	121611.0
-1761	121954.0	121845.0
-1760	121974.0	121723.0
-1759	122089.0	121726.0
-1758	122475.0	121938.0
-1757	122235.0	121439.0
-1756	121851.0	121343.0
-1755	122526.0	122150.0
-1754	121579.0	121538.0
-1753	121712.0	121907.0
-1752	121656.0	121866.0
-1751	122016.0	121478.0
-1750	122092.0	121957.0
-1749	122189.0	121740.0
-1748	121805.0	122062.0
-1747	121810.0	121662.0
-1746	122234.0	121583.0
-1745	122206.0	122093.0
-1744	122033.0	122158.0
-1743	121747.0	122000.0
-1742	122063.0	121555.0
-1741	122149.0	121606.0
-1740	122553.0	122054.0
-1739	121730.0	122007.0
-1738	121876.0	122460.0
-1737	122110.0	122300.0
-1736	122508.0	122033.0
-1735	122152.0	122165.0
-1734	122460.0	121827.0
-1733	122085.0	121720.0
-1732	121865.0	122224.0
-1731	122635.0	122026.0
-1730	122439.0	121330.0
-1729	122237.0	121683.0
-1728	121963.0	121904.0
-1727	122474.0	122131.0
-1726	122016.0	122582.0
-1725	122625.0	121678.0
-1724	122003.0	122028.0
-1723	122223.0	122007.0
-1722	122260.0	122384.0
-1721	122252.0	121996.0
-1720	122275.0	121654.0
-1719	122114.0	122168.0
-1718	121994.0	122641.0
-1717	122316.0	122217.0
-1716	122696.0	121808.0
-1715	121951.0	121640.0
-1714	122266.0	121548.0
-1713	122713.0	121627.0
-1712	122733.0	122574.0
-1711	122496.0	122514.0
-1710	122561.0	122286.0
-1709	122397.0	121867.0
-1708	122331.0	121962.0
-1707	122154.0	122041.0
-1706	122148.0	121419.0
-1705	122357.0	122007.0
-1704	122100.0	121737.0
-1703	122624.0	121945.0
-1702	122282.0	122235.0
-1701	123184.0	122591.0
-1700	122107.0	122524.0
-1699	121864.0	122313.0
-1698	122180.0	121851.0
-1697	122655.0	121955.0
-1696	122683.0	121454.0
-1695	122816.0	122179.0
-1694	122586.0	121414.0
-1693	122226.0	122062.0
-1692	122598.0	122300.0
-1691	122036.0	122117.0
-1690	122523.0	122076.0
-1689	122664.0	122112.0
-1688	122944.0	122402.0
-1687	122387.0	122401.0
-1686	123245.0	122732.0
-1685	122210.0	121831.0
-1684	122653.0	122247.0
-1683	122477.0	122369.0
-1682	122645.0	122136.0
-1681	122234.0	121544.0
-1680	122510.0	122024.0
-1679	122469.0	121301.0
-1678	122597.0	121845.0
-1677	122450.0	122427.0
-1676	122690.0	122442.0
-1675	122634.0	122611.0
-1674	122643.0	122581.0
-1673	122357.0	122311.0
-1672	122574.0	122056.0
-1671	122564.0	121926.0
-1670	123159.0	122049.0
-1669	122415.0	121983.0
-1668	122522.0	122118.0
-1667	122554.0	122204.0
-1666	122353.0	122037.0
-1665	122051.0	122258.0
-1664	122182.0	122489.0
-1663	122387.0	122603.0
-1662	122502.0	122370.0
-1661	122416.0	122125.0
-1660	122433.0	122237.0
-1659	122477.0	122643.0
-1658	123020.0	121551.0
-1657	122172.0	122023.0
-1656	122252.0	121756.0
-1655	122765.0	121764.0
-1654	122626.0	122360.0
-1653	122873.0	121993.0
-1652	121995.0	121402.0
-1651	122477.0	122008.0
-1650	123158.0	122022.0
-1649	122107.0	121858.0
-1648	122686.0	121742.0
-1647	122699.0	122053.0
-1646	122614.0	121823.0
-1645	123108.0	121874.0
-1644	122480.0	122267.0
-1643	122977.0	122510.0
-1642	123060.0	121750.0
-1641	122155.0	121496.0
-1640	122408.0	122474.0
-1639	122278.0	121972.0
-1638	122784.0	122374.0
-1637	122065.0	121762.0
-1636	122715.0	121917.0
-1635	122449.0	121361.0
-1634	122394.0	121517.0
-1633	122307.0	121967.0
-1632	122410.0	121262.0
-1631	122973.0	122071.0
-1630	122672.0	121750.0
-1629	122798.0	122124.0
-1628	122125.0	122444.0
-1627	122451.0	121850.0
-1626	122429.0	122339.0
-1625	122693.0	121934.0
-1624	122199.0	122099.0
-1623	122390.0	121918.0
-1622	121882.0	121933.0
-1621	121878.0	122327.0
-1620	122481.0	122310.0
-1619	121988.0	121983.0
-1618	123034.0	121877.0
-1617	122506.0	122279.0
-1616	122416.0	122438.0
-1615	122504.0	122265.0
-1614	122191.0	122084.0
-1613	122614.0	121616.0
-1612	122338.0	122098.0
-1611	121922.0	121678.0
-1610	122107.0	121622.0
-1609	122311.0	121802.0
-1608	121852.0	122394.0
-1607	121935.0	121662.0
-1606	121964.0	121693.0
-1605	122111.0	122372.0
-1604	121601.0	122013.0
-1603	122637.0	122034.0
-1602	122463.0	122491.0
-1601	122319.0	122353.0
-1600	122401.0	122325.0
-1599	122384.0	122200.0
-1598	122093.0	121913.0
-1597	122375.0	121670.0
-1596	122210.0	121748.0
-1595	122712.0	122355.0
-1594	122256.0	122048.0
-1593	122738.0	122240.0
-1592	122127.0	122527.0
-1591	122545.0	122103.0
-1590	122431.0	122219.0
-1589	122005.0	122428.0
-1588	122477.0	122113.0
-1587	122756.0	122089.0
-1586	122427.0	122032.0
-1585	122728.0	122530.0
-1584	122178.0	122318.0
-1583	122877.0	122728.0
-1582	122518.0	122597.0
-1581	122691.0	122046.0
-1580	122275.0	122557.0
-1579	122201.0	121676.0
-1578	123012.0	122067.0
-1577	122003.0	122176.0
-1576	122210.0	122786.0
-1575	122396.0	122288.0
-1574	122340.0	121888.0
-1573	122384.0	121817.0
-1572	122229.0	122293.0
-1571	122558.0	121693.0
-1570	122110.0	121884.0
-1569	122150.0	122114.0
-1568	122224.0	121793.0
-1567	122922.0	122643.0
-1566	122433.0	122686.0
-1565	122640.0	122324.0
-1564	122891.0	122311.0
-1563	122120.0	122886.0
-1562	122785.0	122976.0
-1561	122538.0	122011.0
-1560	122953.0	122291.0
-1559	122813.0	122284.0
-1558	122791.0	122603.0
-1557	123037.0	122363.0
-1556	123004.0	122510.0
-1555	123269.0	122460.0
-1554	122504.0	122644.0
-1553	123186.0	122594.0
-1552	123294.0	122136.0
-1551	122886.0	123232.0
-1550	122739.0	122183.0
-1549	122977.0	123005.0
-1548	123044.0	122559.0
-1547	123397.0	122167.0
-1546	123338.0	122955.0
-1545	122974.0	122216.0
-1544	122640.0	122795.0
-1543	122037.0	123235.0
-1542	122032.0	122120.0
-1541	122916.0	123086.0
-1540	123121.0	122953.0
-1539	123115.0	122262.0
-1538	122854.0	122655.0
-1537	122761.0	122332.0
-1536	123179.0	122647.0
-1535	123536.0	122474.0
-1534	122796.0	122761.0
-1533	123115.0	122787.0
-1532	122752.0	123165.0
-1531	122831.0	122509.0
-1530	123849.0	122419.0
-1529	123374.0	122500.0
-1528	123125.0	122770.0
-1527	123743.0	123016.0
-1526	123203.0	122204.0
-1525	122994.0	122218.0
-1524	122744.0	122982.0
-1523	122708.0	122136.0
-1522	122998.0	122663.0
-1521	123161.0	122423.0
-1520	123074.0	122355.0
-1519	123051.0	122908.0
-1518	122923.0	122367.0
-1517	123096.0	122332.0
-1516	122705.0	122170.0
-1515	122972.0	122681.0
-1514	122658.0	123474.0
-1513	123241.0	123129.0
-1512	123812.0	122792.0
-1511	123161.0	122790.0
-1510	123603.0	122467.0
-1509	122964.0	122463.0
-1508	123335.0	122494.0
-1507	123578.0	122689.0
-1506	123481.0	122560.0
-1505	123121.0	122715.0
-1504	123756.0	122502.0
-1503	122928.0	122504.0
-1502	122934.0	122845.0
-1501	123584.0	121825.0
-1500	123882.0	122381.0
-1499	123873.0	122528.0
-1498	123330.0	122639.0
-1497	123218.0	122556.0
-1496	123091.0	122809.0
-1495	123629.0	122836.0
-1494	123445.0	122767.0
-1493	123238.0	122546.0
-1492	123063.0	122801.0
-1491	123016.0	122339.0
-1490	123092.0	122187.0
-1489	123147.0	122532.0
-1488	123453.0	122386.0
-1487	123512.0	122526.0
-1486	122962.0	122310.0
-1485	123773.0	122765.0
-1484	123249.0	122327.0
-1483	122872.0	122609.0
-1482	123682.0	122467.0
-1481	123276.0	122193.0
-1480	123678.0	122013.0
-1479	123380.0	122596.0
-1478	122534.0	122062.0
-1477	122530.0	122499.0
-1476	123225.0	122204.0
-1475	122710.0	121874.0
-1474	122949.0	121917.0
-1473	123365.0	122572.0
-1472	123304.0	122169.0
-1471	123181.0	122537.0
-1470	123595.0	122269.0
-1469	122819.0	122679.0
-1468	122791.0	122223.0
-1467	123683.0	122300.0
-1466	122723.0	122913.0
-1465	122650.0	122760.0
-1464	123252.0	122660.0
-1463	123038.0	121892.0
-1462	122509.0	121723.0
-1461	123047.0	122291.0
-1460	123001.0	121449.0
-1459	122716.0	122432.0
-1458	122923.0	122260.0
-1457	123452.0	122450.0
-1456	122669.0	122858.0
-1455	122777.0	122193.0
-1454	122801.0	121554.0
-1453	123081.0	122189.0
-1452	122529.0	122430.0
-1451	122549.0	122219.0
-1450	122713.0	121963.0
-1449	123416.0	122096.0
-1448	122969.0	122519.0
-1447	123226.0	122072.0
-1446	123005.0	121856.0
-1445	122611.0	122145.0
-1444	122172.0	122132.0
-1443	122461.0	122256.0
-1442	122122.0	122468.0
-1441	122397.0	122647.0
-1440	122845.0	123236.0
-1439	123026.0	122438.0
-1438	122847.0	122201.0
-1437	122661.0	122837.0
-1436	122675.0	122485.0
-1435	122804.0	122494.0
-1434	123362.0	122508.0
-1433	122808.0	121994.0
-1432	122899.0	121769.0
-1431	122455.0	121958.0
-1430	123103.0	121881.0
-1429	122485.0	122602.0
-1428	123082.0	122323.0
-1427	123094.0	122228.0
-1426	122798.0	122476.0
-1425	123285.0	122174.0
-1424	122707.0	122410.0
-1423	122902.0	122319.0
-1422	123124.0	122146.0
-1421	122408.0	121903.0
-1420	123037.0	122495.0
-1419	123227.0	122234.0
-1418	122537.0	122175.0
-1417	122401.0	122803.0
-1416	123213.0	122662.0
-1415	122413.0	122464.0
-1414	123048.0	122216.0
-1413	122636.0	122348.0
-1412	122969.0	121908.0
-1411	122387.0	122211.0
-1410	122846.0	122728.0
-1409	122297.0	122888.0
-1408	122442.0	122710.0
-1407	122683.0	122910.0
-1406	122584.0	121979.0
-1405	122944.0	122861.0
-1404	122936.0	122625.0
-1403	122900.0	123055.0
-1402	123126.0	122826.0
-1401	123119.0	122484.0
-1400	123089.0	122268.0
-1399	123319.0	122875.0
-1398	123283.0	122685.0
-1397	122893.0	122210.0
-1396	122923.0	122002.0
-1395	123223.0	122497.0
-1394	122590.0	122022.0
-1393	123148.0	122672.0
-1392	122971.0	122698.0
-1391	122955.0	122857.0
-1390	122604.0	123294.0
-1389	123279.0	122779.0
-1388	122507.0	122490.0
-1387	122906.0	123137.0
-1386	122588.0	122545.0
-1385	122431.0	122721.0
-1384	122844.0	122574.0
-1383	122438.0	123272.0
-1382	122834.0	122716.0
-1381	122861.0	122696.0
-1380	123117.0	123066.0
-1379	123082.0	122976.0
-1378	123170.0	123161.0
-1377	123328.0	123477.0
-1376	122286.0	122567.0
-1375	122125.0	123240.0
-1374	123108.0	123229.0
-1373	123158.0	122309.0
-1372	123388.0	122863.0
-1371	123257.0	123563.0
-1370	123541.0	123159.0
-1369	123829.0	123023.0
-1368	124041.0	123190.0
-1367	123088.0	122558.0
-1366	123003.0	123109.0
-1365	123449.0	122883.0
-1364	122930.0	122406.0
-1363	123017.0	123242.0
-1362	123494.0	122704.0
-1361	123016.0	122245.0
-1360	122477.0	123222.0
-1359	123227.0	122816.0
-1358	122881.0	122942.0
-1357	123023.0	122985.0
-1356	123399.0	122944.0
-1355	122975.0	123122.0
-1354	123260.0	123158.0
-1353	123398.0	123014.0
-1352	123702.0	122570.0
-1351	122904.0	123483.0
-1350	123025.0	123088.0
-1349	123024.0	123395.0
-1348	123317.0	122824.0
-1347	124191.0	122606.0
-1346	123485.0	123487.0
-1345	123934.0	124009.0
-1344	123697.0	123179.0
-1343	123257.0	123393.0
-1342	123511.0	123061.0
-1341	123685.0	123182.0
-1340	122927.0	122822.0
-1339	123815.0	123697.0
-1338	123621.0	122976.0
-1337	123958.0	123547.0
-1336	124018.0	123410.0
-1335	124302.0	123581.0
-1334	123833.0	122907.0
-1333	124284.0	123874.0
-1332	123627.0	123653.0
-1331	123791.0	122941.0
-1330	123410.0	124049.0
-1329	124521.0	123225.0
-1328	123546.0	122888.0
-1327	123770.0	122800.0
-1326	123601.0	122819.0
-1325	124350.0	122553.0
-1324	123245.0	123378.0
-1323	123950.0	123107.0
-1322	124329.0	122805.0
-1321	123696.0	122444.0
-1320	123574.0	122600.0
-1319	123373.0	123083.0
-1318	123714.0	123150.0
-1317	123176.0	123095.0
-1316	123610.0	122754.0
-1315	123461.0	123061.0
-1314	123409.0	123320.0
-1313	123644.0	122796.0
-1312	123339.0	122753.0
-1311	124005.0	123001.0
-1310	123589.0	123173.0
-1309	123476.0	122346.0
-1308	123880.0	123177.0
-1307	123546.0	122386.0
-1306	124524.0	122658.0
-1305	124427.0	122719.0
-1304	123795.0	122875.0
-1303	124220.0	123094.0
-1302	123840.0	122877.0
-1301	122963.0	123180.0
-1300	123517.0	122688.0
-1299	123493.0	122406.0
-1298	123820.0	122243.0
-1297	123755.0	122838.0
-1296	123545.0	122399.0
-1295	123849.0	122767.0
-1294	123653.0	122783.0
-1293	123859.0	122655.0
-1292	124067.0	123015.0
-1291	123475.0	122333.0
-1290	123392.0	122909.0
-1289	123814.0	122519.0
-1288	122893.0	122592.0
-1287	123790.0	122961.0
-1286	123556.0	122659.0
-1285	123789.0	122876.0
-1284	123522.0	122814.0
-1283	123409.0	122434.0
-1282	123570.0	121973.0
-1281	123684.0	122509.0
-1280	123449.0	122415.0
-1279	123573.0	122760.0
-1278	123762.0	122538.0
-1277	123113.0	122218.0
-1276	123502.0	123115.0
-1275	123754.0	122885.0
-1274	123496.0	122668.0
-1273	123230.0	122994.0
-1272	123434.0	122758.0
-1271	123157.0	122718.0
-1270	123105.0	122297.0
-1269	123522.0	122200.0
-1268	123020.0	122489.0
-1267	123122.0	122382.0
-1266	123722.0	123007.0
-1265	123443.0	122398.0
-1264	122812.0	122521.0
-1263	122841.0	122353.0
-1262	123296.0	122251.0
-1261	123787.0	122442.0
-1260	123929.0	123202.0
-1259	123589.0	122710.0
-1258	123314.0	122597.0
-1257	123069.0	122986.0
-1256	122696.0	123083.0
-1255	123353.0	123271.0
-1254	122686.0	123029.0
-1253	122763.0	122675.0
-1252	123291.0	122672.0
-1251	124170.0	123022.0
-1250	123087.0	122342.0
-1249	123342.0	122697.0
-1248	123741.0	123074.0
-1247	122941.0	123661.0
-1246	123640.0	122608.0
-1245	123284.0	122093.0
-1244	122988.0	122472.0
-1243	122885.0	123065.0
-1242	123320.0	122718.0
-1241	123281.0	122513.0
-1240	122930.0	123319.0
-1239	123418.0	122893.0
-1238	123163.0	121721.0
-1237	122925.0	122858.0
-1236	122905.0	122501.0
-1235	123181.0	123474.0
-1234	123026.0	123730.0
-1233	123647.0	123154.0
-1232	122867.0	123004.0
-1231	123284.0	122793.0
-1230	123101.0	123051.0
-1229	122992.0	123085.0
-1228	123513.0	122506.0
-1227	123363.0	122738.0
-1226	123433.0	123382.0
-1225	123216.0	123797.0
-1224	123486.0	122900.0
-1223	122872.0	123341.0
-1222	123863.0	122640.0
-1221	123392.0	123528.0
-1220	123040.0	122889.0
-1219	122770.0	122984.0
-1218	123664.0	123839.0
-1217	124236.0	123515.0
-1216	123462.0	123715.0
-1215	123304.0	124437.0
-1214	123486.0	123477.0
-1213	123168.0	123070.0
-1212	123538.0	123889.0
-1211	123511.0	122836.0
-1210	123852.0	123113.0
-1209	123590.0	123292.0
-1208	123860.0	122821.0
-1207	123143.0	123554.0
-1206	124084.0	123120.0
-1205	123327.0	123722.0
-1204	123505.0	123557.0
-1203	123908.0	123553.0
-1202	123187.0	123286.0
-1201	123629.0	123473.0
-1200	124050.0	124048.0
-1199	123691.0	122533.0
-1198	123290.0	123049.0
-1197	123108.0	123797.0
-1196	123431.0	123173.0
-1195	123914.0	123373.0
-1194	123647.0	123409.0
-1193	123472.0	123106.0
-1192	123939.0	123296.0
-1191	123826.0	123603.0
-1190	124029.0	123594.0
-1189	124309.0	122984.0
-1188	124007.0	123424.0
-1187	124067.0	122710.0
-1186	123319.0	123559.0
-1185	124091.0	123675.0
-1184	123867.0	123697.0
-1183	123442.0	123597.0
-1182	123447.0	123590.0
-1181	123299.0	123314.0
-1180	123096.0	123519.0
-1179	123917.0	123713.0
-1178	123928.0	123418.0
-1177	123940.0	123056.0
-1176	124126.0	123475.0
-1175	123846.0	123447.0
-1174	124127.0	124506.0
-1173	123671.0	124044.0
-1172	123210.0	124067.0
-1171	124024.0	124541.0
-1170	124263.0	123272.0
-1169	124431.0	123474.0
-1168	123824.0	123759.0
-1167	123897.0	123786.0
-1166	124125.0	123377.0
-1165	124080.0	123812.0
-1164	123921.0	123587.0
-1163	124169.0	123269.0
-1162	123520.0	123731.0
-1161	123833.0	123894.0
-1160	124307.0	123250.0
-1159	124251.0	123799.0
-1158	124800.0	123511.0
-1157	124746.0	123691.0
-1156	124289.0	123830.0
-1155	124185.0	123472.0
-1154	123608.0	122969.0
-1153	124584.0	124016.0
-1152	124419.0	123789.0
-1151	123675.0	123117.0
-1150	124084.0	123747.0
-1149	124610.0	123264.0
-1148	124795.0	123945.0
-1147	124571.0	124095.0
-1146	124261.0	123514.0
-1145	124517.0	123508.0
-1144	124865.0	123715.0
-1143	124899.0	123089.0
-1142	124247.0	123509.0
-1141	124295.0	123816.0
-1140	124516.0	123699.0
-1139	124462.0	123418.0
-1138	123751.0	123594.0
-1137	124072.0	124022.0
-1136	124810.0	124116.0
-1135	124628.0	123930.0
-1134	124576.0	123845.0
-1133	124836.0	122671.0
-1132	124463.0	123674.0
-1131	124409.0	122672.0
-1130	124177.0	123423.0
-1129	124184.0	123502.0
-1128	124667.0	123476.0
-1127	124306.0	123636.0
-1126	124517.0	123647.0
-1125	124485.0	123319.0
-1124	123947.0	123634.0
-1123	124933.0	123839.0
-1122	124174.0	123483.0
-1121	124241.0	122847.0
-1120	124451.0	123780.0
-1119	124751.0	123489.0
-1118	124086.0	123276.0
-1117	123932.0	123715.0
-1116	124753.0	122851.0
-1115	124027.0	123095.0
-1114	124347.0	123517.0
-1113	124362.0	123483.0
-1112	124728.0	123111.0
-1111	124277.0	123335.0
-1110	124698.0	123635.0
-1109	124169.0	122835.0
-1108	123883.0	123536.0
-1107	124231.0	123103.0
-1106	124002.0	122995.0
-1105	124317.0	123801.0
-1104	124664.0	123614.0
-1103	123872.0	123795.0
-1102	124238.0	123672.0
-1101	124235.0	123434.0
-1100	123821.0	122134.0
-1099	123884.0	123511.0
-1098	123822.0	124093.0
-1097	123646.0	122989.0
-1096	123868.0	123941.0
-1095	124451.0	123563.0
-1094	124211.0	123189.0
-1093	124234.0	123740.0
-1092	124978.0	122985.0
-1091	124021.0	123054.0
-1090	123710.0	123748.0
-1089	124598.0	123218.0
-1088	123683.0	123294.0
-1087	124446.0	123436.0
-1086	124036.0	123269.0
-1085	123843.0	123156.0
-1084	123688.0	122948.0
-1083	123993.0	123158.0
-1082	123787.0	123098.0
-1081	124190.0	123290.0
-1080	124212.0	123463.0
-1079	123602.0	123477.0
-1078	124390.0	122284.0
-1077	123812.0	122961.0
-1076	123768.0	122532.0
-1075	123963.0	123669.0
-1074	124099.0	123647.0
-1073	124316.0	123096.0
-1072	124116.0	123654.0
-1071	124322.0	123075.0
-1070	124024.0	123330.0
-1069	123908.0	123021.0
-1068	123340.0	123081.0
-1067	124083.0	123805.0
-1066	124216.0	123473.0
-1065	123924.0	123258.0
-1064	124172.0	123455.0
-1063	123972.0	123221.0
-1062	124336.0	123200.0
-1061	124001.0	123013.0
-1060	123787.0	123750.0
-1059	123662.0	123523.0
-1058	123736.0	122834.0
-1057	123801.0	123221.0
-1056	123732.0	122991.0
-1055	124158.0	123044.0
-1054	124036.0	122957.0
-1053	123910.0	123781.0
-1052	123716.0	123478.0
-1051	123672.0	123408.0
-1050	124154.0	123348.0
-1049	124215.0	123190.0
-1048	123793.0	123120.0
-1047	123890.0	123891.0
-1046	123588.0	123440.0
-1045	123969.0	124263.0
-1044	123809.0	123928.0
-1043	124100.0	124149.0
-1042	123726.0	123667.0
-1041	124292.0	124059.0
-1040	124404.0	123766.0
-1039	124334.0	124002.0
-1038	124153.0	123875.0
-1037	123861.0	123073.0
-1036	123722.0	123632.0
-1035	124347.0	123986.0
-1034	123940.0	123363.0
-1033	124361.0	124370.0
-1032	124831.0	123744.0
-1031	123723.0	123909.0
-1030	124074.0	123978.0
-1029	124176.0	124174.0
-1028	123843.0	124000.0
-1027	124269.0	124290.0
-1026	124131.0	123644.0
-1025	123123.0	123468.0
-1024	123820.0	124053.0
-1023	123924.0	123954.0
-1022	124137.0	124041.0
-1021	124446.0	124572.0
-1020	124462.0	124328.0
-1019	124390.0	123886.0
-1018	124073.0	124241.0
-1017	123909.0	124245.0
-1016	124138.0	123852.0
-1015	124302.0	124354.0
-1014	124341.0	124037.0
-1013	124016.0	123526.0
-1012	124888.0	124372.0
-1011	124036.0	124381.0
-1010	123928.0	123564.0
-1009	124262.0	124238.0
-1008	124353.0	124276.0
-1007	123631.0	124605.0
-1006	123982.0	124590.0
-1005	124528.0	124065.0
-1004	124729.0	123865.0
-1003	123987.0	124359.0
-1002	124755.0	124033.0
-1001	124206.0	124062.0
-1000	124478.0	124647.0
-999	124473.0	124526.0
-998	124488.0	123929.0
-997	124592.0	123968.0
-996	124678.0	124817.0
-995	124416.0	123868.0
-994	125310.0	124853.0
-993	124986.0	125186.0
-992	124586.0	123441.0
-991	123999.0	124504.0
-990	124908.0	124481.0
-989	124670.0	124561.0
-988	123643.0	125105.0
-987	124850.0	125022.0
-986	124530.0	124530.0
-985	124363.0	124636.0
-984	125036.0	124172.0
-983	124523.0	124251.0
-982	124220.0	124601.0
-981	125220.0	123965.0
-980	124975.0	123487.0
-979	124701.0	124413.0
-978	124631.0	124221.0
-977	124508.0	123534.0
-976	124819.0	124749.0
-975	125395.0	124471.0
-974	124773.0	123181.0
-973	124910.0	124341.0
-972	125179.0	124537.0
-971	124094.0	124148.0
-970	125150.0	123984.0
-969	124564.0	124114.0
-968	124841.0	124161.0
-967	124813.0	124099.0
-966	124428.0	124377.0
-965	124526.0	124378.0
-964	124922.0	123968.0
-963	124717.0	124634.0
-962	124831.0	124151.0
-961	124724.0	124714.0
-960	124464.0	124338.0
-959	125074.0	123611.0
-958	124906.0	124628.0
-957	124953.0	124155.0
-956	124794.0	123989.0
-955	123954.0	124136.0
-954	125476.0	124331.0
-953	125008.0	124298.0
-952	125106.0	124213.0
-951	125173.0	124219.0
-950	124934.0	123602.0
-949	124998.0	124425.0
-948	124754.0	124542.0
-947	124484.0	124299.0
-946	124906.0	124647.0
-945	126044.0	124443.0
-944	125074.0	123517.0
-943	124831.0	124148.0
-942	125501.0	124163.0
-941	125039.0	124048.0
-940	124768.0	123951.0
-939	125248.0	124405.0
-938	124525.0	123232.0
-937	125141.0	123892.0
-936	125510.0	124322.0
-935	124348.0	123500.0
-934	125098.0	124058.0
-933	125384.0	123733.0
-932	125371.0	123829.0
-931	124470.0	124754.0
-930	125037.0	124381.0
-929	125015.0	123982.0
-928	124474.0	123871.0
-927	125077.0	123996.0
-926	124285.0	123539.0
-925	124528.0	123989.0
-924	124965.0	123583.0
-923	124707.0	123825.0
-922	125015.0	123528.0
-921	125301.0	124136.0
-920	124077.0	123450.0
-919	124780.0	123629.0
-918	124821.0	124435.0
-917	124894.0	123862.0
-916	124049.0	124264.0
-915	124383.0	124288.0
-914	124805.0	123567.0
-913	124908.0	124175.0
-912	125478.0	123613.0
-911	124816.0	123581.0
-910	125014.0	123809.0
-909	125201.0	124107.0
-908	124250.0	124286.0
-907	124797.0	123757.0
-906	125119.0	123858.0
-905	124924.0	124493.0
-904	124206.0	124321.0
-903	124888.0	124582.0
-902	124682.0	123649.0
-901	125107.0	124102.0
-900	124919.0	123831.0
-899	125149.0	123629.0
-898	124572.0	124373.0
-897	125354.0	124200.0
-896	124230.0	123898.0
-895	124687.0	123867.0
-894	124590.0	123709.0
-893	124277.0	123934.0
-892	124587.0	123516.0
-891	124984.0	124040.0
-890	124315.0	124259.0
-889	123929.0	124648.0
-888	124578.0	123249.0
-887	124792.0	123664.0
-886	124459.0	124296.0
-885	125238.0	124766.0
-884	125056.0	124206.0
-883	125025.0	124609.0
-882	124883.0	124218.0
-881	124132.0	123739.0
-880	125379.0	124049.0
-879	125484.0	123809.0
-878	124212.0	124418.0
-877	124783.0	124006.0
-876	125608.0	123537.0
-875	124292.0	123563.0
-874	125048.0	124399.0
-873	125302.0	123843.0
-872	124784.0	123073.0
-871	124619.0	124160.0
-870	125365.0	123929.0
-869	124082.0	123740.0
-868	124419.0	123909.0
-867	124766.0	124474.0
-866	124942.0	123892.0
-865	124697.0	123884.0
-864	124453.0	124553.0
-863	125018.0	123851.0
-862	124813.0	124571.0
-861	124993.0	123886.0
-860	124491.0	123844.0
-859	125020.0	124113.0
-858	124647.0	123707.0
-857	125237.0	123812.0
-856	124585.0	124328.0
-855	124897.0	124606.0
-854	125446.0	123496.0
-853	125045.0	123807.0
-852	125473.0	124574.0
-851	124771.0	124280.0
-850	124840.0	124220.0
-849	125796.0	124036.0
-848	124998.0	123622.0
-847	124494.0	124924.0
-846	124792.0	124376.0
-845	124012.0	124732.0
-844	124838.0	124382.0
-843	124794.0	124910.0
-842	124977.0	124300.0
-841	125279.0	124346.0
-840	124990.0	123766.0
-839	124865.0	123922.0
-838	125682.0	124352.0
-837	124780.0	124301.0
-836	124454.0	123985.0
-835	124040.0	125361.0
-834	124964.0	124436.0
-833	124775.0	124220.0
-832	124880.0	124691.0
-831	125223.0	125384.0
-830	124560.0	124354.0
-829	124600.0	124836.0
-828	124875.0	124768.0
-827	125082.0	124318.0
-826	124889.0	123355.0
-825	124629.0	124485.0
-824	124896.0	124483.0
-823	125442.0	124961.0
-822	125056.0	124952.0
-821	124631.0	123872.0
-820	124681.0	124657.0
-819	125107.0	125081.0
-818	125211.0	125012.0
-817	124831.0	124595.0
-816	124360.0	124641.0
-815	124544.0	124584.0
-814	124597.0	124699.0
-813	124913.0	124689.0
-812	125313.0	124862.0
-811	124514.0	125108.0
-810	124373.0	124605.0
-809	124551.0	124523.0
-808	125188.0	124821.0
-807	124790.0	124758.0
-806	124713.0	123995.0
-805	124850.0	124993.0
-804	125595.0	124383.0
-803	125094.0	124500.0
-802	124264.0	125158.0
-801	125289.0	125041.0
-800	125551.0	124390.0
-799	124480.0	124411.0
-798	124989.0	124198.0
-797	124861.0	124657.0
-796	124219.0	125399.0
-795	125324.0	125009.0
-794	125193.0	124473.0
-793	124902.0	125014.0
-792	125469.0	125421.0
-791	125102.0	124841.0
-790	124668.0	125062.0
-789	125014.0	124602.0
-788	125320.0	124506.0
-787	125181.0	124627.0
-786	124949.0	124567.0
-785	124573.0	124116.0
-784	125720.0	125254.0
-783	125386.0	125516.0
-782	125131.0	125115.0
-781	125211.0	124942.0
-780	125588.0	125170.0
-779	125173.0	124664.0
-778	125712.0	124676.0
-777	125381.0	124822.0
-776	125228.0	124952.0
-775	125181.0	125448.0
-774	125243.0	125336.0
-773	125028.0	125054.0
-772	124697.0	124942.0
-771	125779.0	125145.0
-770	124945.0	125034.0
-769	125147.0	124625.0
-768	125766.0	124826.0
-767	125469.0	124614.0
-766	124713.0	125210.0
-765	125763.0	124818.0
-764	125564.0	125118.0
-763	125478.0	124597.0
-762	125556.0	125418.0
-761	125867.0	124763.0
-760	125403.0	125507.0
-759	125628.0	125190.0
-758	125398.0	124941.0
-757	125803.0	125696.0
-756	125386.0	124942.0
-755	125339.0	124950.0
-754	125277.0	125011.0
-753	125691.0	125415.0
-752	126333.0	125630.0
-751	125829.0	126025.0
-750	126699.0	125607.0
-749	125759.0	125032.0
-748	125763.0	125070.0
-747	125768.0	125219.0
-746	125809.0	125147.0
-745	124935.0	125084.0
-744	126819.0	125153.0
-743	125924.0	125387.0
-742	125793.0	124865.0
-741	125936.0	125313.0
-740	125550.0	124672.0
-739	125541.0	125175.0
-738	125473.0	125559.0
-737	126179.0	124664.0
-736	126182.0	125640.0
-735	126497.0	125742.0
-734	125623.0	125384.0
-733	125685.0	125410.0
-732	126882.0	125629.0
-731	125739.0	124694.0
-730	125932.0	124997.0
-729	126430.0	125410.0
-728	126501.0	124596.0
-727	125934.0	125182.0
-726	126257.0	125231.0
-725	126366.0	124789.0
-724	126257.0	125043.0
-723	126691.0	125109.0
-722	126191.0	124117.0
-721	125626.0	125905.0
-720	126632.0	125770.0
-719	125806.0	124495.0
-718	126350.0	125260.0
-717	126330.0	125473.0
-716	126325.0	124775.0
-715	126494.0	125582.0
-714	126955.0	124919.0
-713	126477.0	124936.0
-712	126959.0	125369.0
-711	126892.0	125347.0
-710	126475.0	124961.0
-709	126338.0	125177.0
-708	126470.0	124682.0
-707	126498.0	125328.0
-706	126696.0	125350.0
-705	126076.0	125327.0
-704	126307.0	124267.0
-703	126628.0	125476.0
-702	126634.0	125347.0
-701	126693.0	124578.0
-700	125718.0	124784.0
-699	126443.0	125550.0
-698	126472.0	124743.0
-697	126058.0	124662.0
-696	126969.0	125697.0
-695	126251.0	124481.0
-694	126196.0	125012.0
-693	126778.0	125040.0
-692	126214.0	125057.0
-691	126253.0	124624.0
-690	126230.0	124838.0
-689	126404.0	123856.0
-688	126352.0	124626.0
-687	125942.0	125354.0
-686	126413.0	124563.0
-685	125913.0	124386.0
-684	126710.0	124462.0
-683	126157.0	123563.0
-682	126017.0	125331.0
-681	126658.0	125314.0
-680	125677.0	124763.0
-679	125759.0	124636.0
-678	125886.0	125607.0
-677	126064.0	123989.0
-676	125466.0	124802.0
-675	125834.0	124378.0
-674	125867.0	124545.0
-673	125479.0	124885.0
-672	126227.0	124763.0
-671	125689.0	124874.0
-670	125620.0	124795.0
-669	126097.0	124592.0
-668	125928.0	123861.0
-667	125552.0	124289.0
-666	125486.0	124612.0
-665	125200.0	124022.0
-664	125495.0	124414.0
-663	126347.0	124861.0
-662	125328.0	123912.0
-661	125486.0	124453.0
-660	125739.0	124321.0
-659	125088.0	124208.0
-658	125317.0	124174.0
-657	125705.0	124682.0
-656	125624.0	124138.0
-655	125339.0	124699.0
-654	125560.0	124861.0
-653	125422.0	124345.0
-652	124498.0	124297.0
-651	125653.0	124603.0
-650	124738.0	124380.0
-649	125041.0	124311.0
-648	125628.0	124733.0
-647	124935.0	124282.0
-646	124794.0	125060.0
-645	125205.0	124352.0
-644	124924.0	123911.0
-643	124917.0	125241.0
-642	125151.0	124802.0
-641	124654.0	124331.0
-640	124406.0	124711.0
-639	124737.0	124632.0
-638	124504.0	124274.0
-637	124518.0	124389.0
-636	125268.0	124615.0
-635	123848.0	124247.0
-634	124255.0	125235.0
-633	124671.0	124749.0
-632	124430.0	124088.0
-631	124211.0	125168.0
-630	125088.0	124816.0
-629	124630.0	125071.0
-628	124122.0	125093.0
-627	124477.0	124481.0
-626	123799.0	124717.0
-625	124160.0	124920.0
-624	124729.0	124926.0
-623	124443.0	124642.0
-622	124607.0	125053.0
-621	124890.0	125500.0
-620	124007.0	125277.0
-619	124639.0	126075.0
-618	124314.0	125340.0
-617	124667.0	124854.0
-616	123853.0	125321.0
-615	125090.0	125475.0
-614	124341.0	125170.0
-613	124314.0	125715.0
-612	125145.0	125535.0
-611	123983.0	125731.0
-610	123173.0	125733.0
-609	124005.0	124876.0
-608	124614.0	125497.0
-607	124502.0	125468.0
-606	124486.0	125774.0
-605	124780.0	125393.0
-604	124289.0	126042.0
-603	124670.0	125765.0
-602	124645.0	125167.0
-601	124200.0	126125.0
-600	126013.0	126186.0
-599	124714.0	125665.0
-598	124684.0	126071.0
-597	125452.0	126584.0
-596	124546.0	125431.0
-595	124575.0	126070.0
-594	125021.0	126893.0
-593	125113.0	125809.0
-592	125393.0	127191.0
-591	125348.0	127408.0
-590	125529.0	126208.0
-589	125357.0	126677.0
-588	125993.0	125892.0
-587	125062.0	126319.0
-586	125305.0	127009.0
-585	126274.0	126846.0
-584	125562.0	126680.0
-583	125620.0	127046.0
-582	126452.0	127443.0
-581	125130.0	126475.0
-580	125975.0	127065.0
-579	126207.0	126732.0
-578	126234.0	126496.0
-577	125664.0	127171.0
-576	125990.0	126891.0
-575	125871.0	125981.0
-574	126027.0	127350.0
-573	126729.0	126870.0
-572	126142.0	126767.0
-571	126130.0	127561.0
-570	126523.0	126640.0
-569	126397.0	126342.0
-568	126697.0	127597.0
-567	127234.0	127512.0
-566	126554.0	127116.0
-565	127507.0	128048.0
-564	127266.0	127656.0
-563	127058.0	126268.0
-562	127172.0	127499.0
-561	127342.0	127308.0
-560	126824.0	126424.0
-559	127152.0	127497.0
-558	127036.0	127249.0
-557	127081.0	127198.0
-556	127415.0	127301.0
-555	128314.0	127658.0
-554	127552.0	127614.0
-553	127825.0	127232.0
-552	127690.0	127324.0
-551	127400.0	125974.0
-550	127243.0	126867.0
-549	128459.0	126437.0
-548	127736.0	126779.0
-547	127660.0	127527.0
-546	127605.0	127512.0
-545	127818.0	126794.0
-544	128178.0	127463.0
-543	128721.0	127397.0
-542	128079.0	126395.0
-541	128572.0	126965.0
-540	129029.0	127049.0
-539	127983.0	125647.0
-538	127929.0	127324.0
-537	128331.0	127166.0
-536	127501.0	126087.0
-535	127937.0	127024.0
-534	128282.0	127024.0
-533	128024.0	126414.0
-532	127753.0	126763.0
-531	128947.0	126856.0
-530	127765.0	126374.0
-529	128195.0	126681.0
-528	128624.0	125974.0
-527	128030.0	125914.0
-526	128359.0	126855.0
-525	129309.0	126926.0
-524	128036.0	126035.0
-523	128832.0	126143.0
-522	128814.0	126785.0
-521	127985.0	126070.0
-520	127739.0	126417.0
-519	128202.0	126086.0
-518	128254.0	125267.0
-517	128246.0	125447.0
-516	128695.0	125931.0
-515	127653.0	125399.0
-514	127603.0	125607.0
-513	128524.0	125480.0
-512	127723.0	125043.0
-511	127922.0	125937.0
-510	128300.0	126260.0
-509	127125.0	124664.0
-508	127124.0	124979.0
-507	128205.0	125194.0
-506	127631.0	124414.0
-505	128270.0	125895.0
-504	127560.0	125759.0
-503	128207.0	124816.0
-502	127399.0	126300.0
-501	128331.0	124982.0
-500	127145.0	124220.0
-499	127587.0	124768.0
-498	127978.0	125391.0
-497	126496.0	124254.0
-496	126841.0	124736.0
-495	127954.0	124709.0
-494	126820.0	124571.0
-493	127142.0	124805.0
-492	127283.0	124627.0
-491	126714.0	123876.0
-490	126611.0	124475.0
-489	126653.0	124237.0
-488	126177.0	123979.0
-487	126389.0	124309.0
-486	126714.0	124336.0
-485	126185.0	123952.0
-484	126071.0	123683.0
-483	126824.0	124252.0
-482	126249.0	123000.0
-481	125683.0	123730.0
-480	126122.0	124306.0
-479	125599.0	123726.0
-478	125602.0	124041.0
-477	126726.0	123880.0
-476	125138.0	123180.0
-475	125036.0	123778.0
-474	125517.0	123433.0
-473	124898.0	123376.0
-472	125153.0	123946.0
-471	125903.0	123707.0
-470	125438.0	122608.0
-469	124246.0	123728.0
-468	125189.0	123341.0
-467	123791.0	123383.0
-466	123989.0	124241.0
-465	125080.0	124670.0
-464	124339.0	123484.0
-463	124499.0	124315.0
-462	124449.0	123993.0
-461	123769.0	122788.0
-460	124232.0	124313.0
-459	123607.0	124534.0
-458	123406.0	123812.0
-457	123147.0	124618.0
-456	124195.0	124385.0
-455	123197.0	123557.0
-454	123042.0	125120.0
-453	123832.0	123951.0
-452	122904.0	124113.0
-451	123310.0	124406.0
-450	124418.0	124451.0
-449	123045.0	124313.0
-448	123195.0	124473.0
-447	123510.0	124760.0
-446	122722.0	124197.0
-445	123059.0	124835.0
-444	123499.0	124793.0
-443	122527.0	124250.0
-442	122626.0	124278.0
-441	123256.0	125415.0
-440	123252.0	124597.0
-439	122661.0	124704.0
-438	123467.0	125493.0
-437	122951.0	124936.0
-436	122945.0	125858.0
-435	123246.0	126190.0
-434	121911.0	125468.0
-433	122349.0	126395.0
-432	123754.0	125924.0
-431	122971.0	125636.0
-430	122957.0	126130.0
-429	123290.0	126022.0
-428	122881.0	125672.0
-427	122758.0	126545.0
-426	124276.0	126562.0
-425	122911.0	125950.0
-424	122830.0	127422.0
-423	124111.0	126542.0
-422	123575.0	126175.0
-421	123289.0	127624.0
-420	123751.0	126661.0
-419	123469.0	126219.0
-418	123262.0	126767.0
-417	124387.0	127671.0
-416	124080.0	127265.0
-415	123365.0	127862.0
-414	124308.0	127876.0
-413	123519.0	126686.0
-412	124217.0	127467.0
-411	125036.0	128181.0
-410	124690.0	127572.0
-409	125270.0	128419.0
-408	126208.0	128398.0
-407	124087.0	128126.0
-406	124797.0	128899.0
-405	125753.0	129228.0
-404	125098.0	127946.0
-403	125058.0	129021.0
-402	125392.0	128804.0
-401	125896.0	128448.0
-400	125882.0	128630.0
-399	126473.0	129238.0
-398	125402.0	129242.0
-397	125754.0	129211.0
-396	127078.0	129791.0
-395	126189.0	128691.0
-394	126595.0	130060.0
-393	127199.0	129701.0
-392	126774.0	128942.0
-391	126744.0	129920.0
-390	128310.0	129762.0
-389	127584.0	129241.0
-388	127399.0	129770.0
-387	128497.0	129492.0
-386	128043.0	129186.0
-385	127963.0	129363.0
-384	128001.0	130025.0
-383	128208.0	128846.0
-382	128609.0	130486.0
-381	129520.0	130007.0
-380	128589.0	129159.0
-379	128866.0	130351.0
-378	129702.0	129914.0
-377	129244.0	129531.0
-376	129665.0	130120.0
-375	130476.0	130318.0
-374	129862.0	129444.0
-373	130462.0	129962.0
-372	130689.0	129064.0
-371	130070.0	129372.0
-370	129986.0	129586.0
-369	130721.0	129864.0
-368	130355.0	129193.0
-367	130235.0	129529.0
-366	131006.0	129601.0
-365	130322.0	128950.0
-364	130509.0	129149.0
-363	130770.0	129418.0
-362	130211.0	128518.0
-361	130876.0	129042.0
-360	131343.0	129153.0
-359	130440.0	128411.0
-358	131199.0	129053.0
-357	131777.0	129300.0
-356	131059.0	127661.0
-355	130728.0	128861.0
-354	131927.0	129048.0
-353	130611.0	127774.0
-352	130527.0	128195.0
-351	132211.0	127977.0
-350	130830.0	127536.0
-349	130629.0	128175.0
-348	131998.0	127712.0
-347	131262.0	127194.0
-346	130165.0	127588.0
-345	131745.0	128137.0
-344	131101.0	126749.0
-343	131220.0	127970.0
-342	131490.0	127323.0
-341	130709.0	126514.0
-340	130852.0	127263.0
-339	131785.0	126800.0
-338	130834.0	125869.0
-337	130281.0	126261.0
-336	131398.0	126351.0
-335	130295.0	125459.0
-334	130428.0	125866.0
-333	131572.0	126297.0
-332	130348.0	125343.0
-331	129232.0	125687.0
-330	130232.0	126128.0
-329	129583.0	124851.0
-328	129379.0	125916.0
-327	130181.0	125248.0
-326	129313.0	124271.0
-325	129281.0	124913.0
-324	129733.0	124608.0
-323	128769.0	123914.0
-322	128718.0	124093.0
-321	130342.0	124639.0
-320	128498.0	123650.0
-319	128771.0	124175.0
-318	128736.0	124311.0
-317	128020.0	122706.0
-316	128023.0	123698.0
-315	128637.0	123771.0
-314	126863.0	122837.0
-313	127557.0	123413.0
-312	128245.0	123201.0
-311	126948.0	123076.0
-310	127182.0	123619.0
-309	127735.0	123416.0
-308	127029.0	122504.0
-307	126645.0	122927.0
-306	127234.0	123005.0
-305	126396.0	121778.0
-304	126043.0	122843.0
-303	126950.0	122514.0
-302	125257.0	121709.0
-301	124977.0	122256.0
-300	126121.0	122644.0
-299	124804.0	121799.0
-298	124229.0	122994.0
-297	125979.0	122796.0
-296	125100.0	121800.0
-295	124687.0	122415.0
-294	125772.0	122540.0
-293	124012.0	121670.0
-292	124115.0	122167.0
-291	124989.0	122480.0
-290	124186.0	121253.0
-289	123599.0	122540.0
-288	124468.0	122574.0
-287	123173.0	121353.0
-286	123154.0	122791.0
-285	123894.0	121856.0
-284	122393.0	120657.0
-283	123008.0	122603.0
-282	123791.0	122504.0
-281	122812.0	121745.0
-280	122447.0	121864.0
-279	123434.0	122107.0
-278	122609.0	122154.0
-277	122342.0	122284.0
-276	123091.0	122456.0
-275	121871.0	121432.0
-274	121884.0	122444.0
-273	122488.0	122389.0
-272	121684.0	121960.0
-271	121310.0	122742.0
-270	122036.0	122805.0
-269	121506.0	122247.0
-268	121795.0	123042.0
-267	122377.0	123848.0
-266	121476.0	122230.0
-265	121537.0	123613.0
-264	121473.0	123793.0
-263	120856.0	122781.0
-262	121116.0	123945.0
-261	122663.0	124119.0
-260	121630.0	123466.0
-259	120899.0	124696.0
-258	122563.0	124879.0
-257	122105.0	123763.0
-256	121061.0	124742.0
-255	122121.0	124700.0
-254	121044.0	124037.0
-253	120948.0	125430.0
-252	123060.0	125642.0
-251	121918.0	125009.0
-250	121790.0	126232.0
-249	123276.0	126209.0
-248	122132.0	125304.0
-247	121297.0	126758.0
-246	123118.0	127025.0
-245	121890.0	126624.0
-244	122709.0	127835.0
-243	123317.0	127196.0
-242	122572.0	126945.0
-241	122979.0	127728.0
-240	123717.0	128107.0
-239	122869.0	126998.0
-238	122928.0	128847.0
-237	124479.0	129134.0
-236	123311.0	128158.0
-235	123737.0	129143.0
-234	124543.0	129249.0
-233	123836.0	128500.0
-232	124450.0	130009.0
-231	125730.0	130416.0
-230	124923.0	129174.0
-229	124728.0	130433.0
-228	126155.0	130221.0
-227	125922.0	129888.0
-226	125237.0	130913.0
-225	126331.0	130597.0
-224	125699.0	130003.0
-223	125747.0	131820.0
-222	128128.0	130887.0
-221	126505.0	130462.0
-220	127167.0	132362.0
-219	128699.0	132138.0
-218	127839.0	130445.0
-217	127922.0	132682.0
-216	129216.0	131965.0
-215	128371.0	131396.0
-214	128733.0	132717.0
-213	129781.0	132986.0
-212	129223.0	132234.0
-211	129000.0	133239.0
-210	131339.0	133515.0
-209	130487.0	132211.0
-208	130006.0	133843.0
-207	132446.0	133488.0
-206	130907.0	132117.0
-205	131564.0	133339.0
-204	132379.0	133510.0
-203	132254.0	132174.0
-202	131893.0	133346.0
-201	134087.0	132903.0
-200	132609.0	132349.0
-199	132833.0	133434.0
-198	134645.0	133810.0
-197	133380.0	132297.0
-196	133482.0	133439.0
-195	134516.0	133739.0
-194	133761.0	131562.0
-193	134099.0	133783.0
-192	135749.0	133678.0
-191	134653.0	131564.0
-190	134356.0	133260.0
-189	136755.0	133672.0
-188	135536.0	131461.0
-187	135983.0	132600.0
-186	136891.0	132053.0
-185	135001.0	130909.0
-184	135692.0	132477.0
-183	137123.0	132001.0
-182	136695.0	131039.0
-181	135456.0	132417.0
-180	138039.0	131383.0
-179	136305.0	130498.0
-178	135866.0	132184.0
-177	137112.0	131127.0
-176	136132.0	129955.0
-175	136146.0	130553.0
-174	137446.0	130237.0
-173	135954.0	129000.0
-172	136209.0	130200.0
-171	137192.0	130303.0
-170	135707.0	128834.0
-169	135472.0	129702.0
-168	136659.0	129263.0
-167	135153.0	128131.0
-166	135836.0	129066.0
-165	136568.0	128877.0
-164	134410.0	127268.0
-163	134192.0	127983.0
-162	135672.0	127741.0
-161	134709.0	126306.0
-160	134413.0	128138.0
-159	135644.0	127862.0
-158	133945.0	125684.0
-157	133301.0	127409.0
-156	134880.0	126978.0
-155	133850.0	125627.0
-154	133470.0	125893.0
-153	134205.0	126425.0
-152	133012.0	124807.0
-151	131898.0	125872.0
-150	133224.0	125525.0
-149	130781.0	123420.0
-148	130771.0	125264.0
-147	131987.0	124832.0
-146	129658.0	123822.0
-145	129074.0	124992.0
-144	131631.0	124569.0
-143	129273.0	122750.0
-142	129284.0	124602.0
-141	129649.0	124204.0
-140	127748.0	122259.0
-139	127397.0	124114.0
-138	127784.0	123764.0
-137	126004.0	121888.0
-136	125984.0	123791.0
-135	126798.0	123588.0
-134	125617.0	121509.0
-133	126221.0	122789.0
-132	127593.0	122484.0
-131	126101.0	120644.0
-130	125065.0	121715.0
-129	125320.0	122162.0
-128	122780.0	121844.0
-127	121888.0	123268.0
-126	123425.0	123276.0
-125	121989.0	120720.0
-124	122748.0	122431.0
-123	125177.0	122168.0
-122	124198.0	120101.0
-121	123379.0	121691.0
-120	124122.0	121754.0
-119	121778.0	120906.0
-118	120810.0	122713.0
-117	120890.0	121895.0
-116	119586.0	120817.0
-115	119770.0	122397.0
-114	122570.0	122091.0
-113	121656.0	120638.0
-112	121581.0	122047.0
-111	123809.0	121497.0
-110	121658.0	120358.0
-109	121341.0	122807.0
-108	122411.0	121883.0
-107	119526.0	121005.0
-106	118956.0	122451.0
-105	121936.0	122548.0
-104	119749.0	120540.0
-103	120625.0	122303.0
-102	122814.0	122304.0
-101	121783.0	120435.0
-100	121564.0	122050.0
-99	122803.0	122405.0
-98	120377.0	121426.0
-97	120955.0	123390.0
-96	121980.0	122848.0
-95	119978.0	121306.0
-94	120602.0	123596.0
-93	122912.0	122667.0
-92	121413.0	121253.0
-91	121673.0	122671.0
-90	123658.0	123544.0
-89	121242.0	122581.0
-88	121329.0	124598.0
-87	122999.0	124295.0
-86	120434.0	122889.0
-85	119609.0	125152.0
-84	122184.0	124658.0
-83	121116.0	122287.0
-82	121487.0	124842.0
-81	123533.0	124929.0
-80	122449.0	123639.0
-79	121538.0	125607.0
-78	123975.0	125979.0
-77	122012.0	124966.0
-76	122652.0	126792.0
-75	124386.0	127680.0
-74	123245.0	125600.0
-73	123204.0	127653.0
-72	124983.0	127320.0
-71	124353.0	125347.0
-70	124529.0	127823.0
-69	126305.0	127639.0
-68	124226.0	126176.0
-67	124353.0	128641.0
-66	126341.0	129519.0
-65	125021.0	127982.0
-64	125344.0	130327.0
-63	127542.0	130463.0
-62	125598.0	129032.0
-61	126757.0	130571.0
-60	130053.0	130264.0
-59	128126.0	129085.0
-58	126818.0	131747.0
-57	128451.0	132251.0
-56	127087.0	131159.0
-55	127120.0	133304.0
-54	130094.0	133889.0
-53	129041.0	131727.0
-52	130233.0	134692.0
-51	133128.0	134289.0
-50	131325.0	132472.0
-49	131548.0	135628.0
-48	134613.0	135496.0
-47	132594.0	133985.0
-46	131402.0	136134.0
-45	133994.0	136419.0
-44	132323.0	134450.0
-43	133450.0	137183.0
-42	137230.0	137136.0
-41	136937.0	135651.0
-40	137620.0	137688.0
-39	140866.0	138097.0
-38	138646.0	135763.0
-37	138117.0	138685.0
-36	140752.0	138997.0
-35	137641.0	137506.0
-34	137795.0	139678.0
-33	142158.0	138897.0
-32	141247.0	137106.0
-31	143340.0	140284.0
-30	147017.0	139371.0
-29	144878.0	137653.0
-28	145182.0	140295.0
-27	147544.0	140370.0
-26	145568.0	138194.0
-25	144691.0	141238.0
-24	146697.0	141213.0
-23	144991.0	138912.0
-22	145470.0	141809.0
-21	149698.0	142822.0
-20	148445.0	141295.0
-19	150141.0	143707.0
-18	153076.0	144430.0
-17	149952.0	142117.0
-16	149546.0	145660.0
-15	151922.0	145797.0
-14	149053.0	144805.0
-13	149710.0	148507.0
-12	155713.0	148133.0
-11	153590.0	144803.0
-10	153570.0	149349.0
-9	157639.0	152522.0
-8	154509.0	153323.0
-7	151999.0	161416.0
-6	151908.0	163859.0
-5	143509.0	160391.0
-4	141121.0	164481.0
-3	157619.0	172800.0
-2	177079.0	165647.0
-1	278800.0	155665.0
0	2094.0	104005.0
1	278893.0	31317.0
2	176390.0	63149.0
3	157242.0	85755.0
4	140501.0	113290.0
5	142790.0	130103.0
6	151659.0	124925.0
7	151950.0	113688.0
8	154290.0	115104.0
9	158063.0	113098.0
10	154549.0	111551.0
11	153366.0	115220.0
12	155672.0	117891.0
13	149446.0	116715.0
14	149533.0	120746.0
15	151321.0	121727.0
16	149866.0	119073.0
17	150046.0	120592.0
18	153323.0	119735.0
19	149809.0	117406.0
20	149339.0	120020.0
21	150060.0	121246.0
22	145302.0	121369.0
23	144922.0	125459.0
24	147286.0	126202.0
25	143585.0	123962.0
26	144426.0	125022.0
27	147939.0	123584.0
28	145801.0	120128.0
29	145185.0	121678.0
30	147455.0	121138.0
31	142370.0	119589.0
32	141186.0	122333.0
33	141997.0	123785.0
34	138312.0	123273.0
35	137011.0	125777.0
36	140245.0	126184.0
37	138139.0	123406.0
38	138611.0	123912.0
39	140393.0	122340.0
40	137793.0	120474.0
41	135734.0	122483.0
42	136978.0	123285.0
43	133285.0	123512.0
44	132277.0	127227.0
45	133662.0	127057.0
46	132044.0	124897.0
47	132272.0	126985.0
48	134732.0	125182.0
49	132074.0	122555.0
50	131387.0	123948.0
51	133380.0	123462.0
52	130238.0	122301.0
53	128871.0	125069.0
54	129648.0	125426.0
55	127157.0	124177.0
56	126761.0	126964.0
57	128717.0	127112.0
58	126423.0	124071.0
59	127236.0	124826.0
60	129062.0	124293.0
61	126566.0	122253.0
62	126372.0	125290.0
63	127014.0	125560.0
64	125432.0	123722.0
65	124828.0	124982.0
66	126472.0	125518.0
67	124021.0	122841.0
68	124013.0	124892.0
69	126134.0	125295.0
70	124812.0	122446.0
71	123939.0	124265.0
72	124707.0	124724.0
73	122291.0	124483.0
74	122717.0	126579.0
75	124266.0	125949.0
76	122549.0	124264.0
77	122375.0	125872.0
78	123209.0	124658.0
79	121603.0	124676.0
80	121586.0	127114.0
81	123114.0	126738.0
82	121286.0	125740.0
83	120180.0	129138.0
84	121519.0	130104.0
85	119925.0	128700.0
86	120552.0	130347.0
87	122472.0	129019.0
88	121572.0	126235.0
89	121473.0	127352.0
90	123644.0	127037.0
91	121295.0	126285.0
92	121075.0	129152.0
93	122524.0	130410.0
94	119881.0	130450.0
95	119043.0	132665.0
96	121402.0	133195.0
97	119669.0	131273.0
98	120465.0	132652.0
99	123161.0	132122.0
100	121479.0	129935.0
101	121489.0	131272.0
102	123150.0	132392.0
103	120203.0	131838.0
104	119307.0	135947.0
105	120584.0	137042.0
106	118825.0	136890.0
107	119624.0	138931.0
108	122386.0	138635.0
109	121069.0	136027.0
110	120972.0	137812.0
111	123239.0	136458.0
112	121277.0	136574.0
113	120890.0	139457.0
114	121963.0	140669.0
115	120302.0	141565.0
116	119532.0	145458.0
117	122371.0	146854.0
118	120794.0	145538.0
119	121484.0	147012.0
120	124384.0	145518.0
121	122904.0	144108.0
122	123415.0	146148.0
123	124747.0	146591.0
124	122268.0	146993.0
125	122132.0	150483.0
126	123809.0	151859.0
127	122155.0	151782.0
128	122932.0	154298.0
129	125458.0	153307.0
130	124854.0	150796.0
131	126122.0	151966.0
132	127392.0	151031.0
133	125489.0	150806.0
134	125407.0	154107.0
135	126585.0	155843.0
136	124858.0	156093.0
137	125267.0	158962.0
138	127204.0	158954.0
139	126673.0	157279.0
140	127462.0	158308.0
141	130252.0	157891.0
142	128878.0	155707.0
143	129614.0	157204.0
144	131675.0	158193.0
145	129715.0	155931.0
146	129464.0	159167.0
147	132026.0	159330.0
148	130807.0	156765.0
149	131293.0	158369.0
150	132935.0	156888.0
151	131639.0	155623.0
152	132419.0	156940.0
153	134294.0	156454.0
154	132880.0	154777.0
155	132603.0	156773.0
156	134142.0	155831.0
157	132838.0	153156.0
158	133859.0	154705.0
159	135651.0	154290.0
160	133917.0	151271.0
161	134171.0	152395.0
162	136176.0	151380.0
163	134035.0	149773.0
164	134560.0	151111.0
165	136820.0	150661.0
166	134859.0	149496.0
167	134618.0	150145.0
168	136963.0	148678.0
169	135902.0	146697.0
170	136205.0	148438.0
171	137097.0	147242.0
172	135931.0	145302.0
173	135189.0	146221.0
174	136885.0	145548.0
175	136193.0	144027.0
176	135205.0	145196.0
177	136650.0	144052.0
178	135051.0	142422.0
179	135702.0	143291.0
180	137064.0	141900.0
181	135833.0	140120.0
182	135512.0	141238.0
183	136695.0	140343.0
184	134987.0	139418.0
185	135170.0	139920.0
186	137051.0	138961.0
187	134493.0	136879.0
188	134540.0	138126.0
189	135519.0	136932.0
190	134620.0	135164.0
191	134360.0	135722.0
192	135367.0	135007.0
193	134080.0	133350.0
194	133174.0	133912.0
195	134640.0	134304.0
196	133233.0	131912.0
197	133236.0	132846.0
198	134075.0	132307.0
199	132403.0	129733.0
200	132491.0	131574.0
201	134047.0	130732.0
202	131802.0	129163.0
203	131535.0	129766.0
204	132437.0	129565.0
205	130654.0	127753.0
206	130257.0	128992.0
207	131961.0	128860.0
208	130180.0	127427.0
209	129258.0	126990.0
210	130702.0	126811.0
211	129816.0	125152.0
212	128993.0	127158.0
213	130213.0	126311.0
214	128942.0	124787.0
215	128069.0	126278.0
216	129212.0	125447.0
217	127958.0	124178.0
218	127506.0	125472.0
219	128236.0	125030.0
220	127037.0	123300.0
221	127098.0	123864.0
222	127485.0	124239.0
223	125862.0	122726.0
224	126270.0	124103.0
225	126796.0	123762.0
226	124906.0	122916.0
227	125074.0	123312.0
228	125710.0	123427.0
229	124584.0	121943.0
230	124386.0	122806.0
231	125077.0	122691.0
232	124200.0	121962.0
233	123773.0	122969.0
234	124609.0	122990.0
235	123357.0	121828.0
236	122708.0	123250.0
237	124114.0	122942.0
238	123111.0	122168.0
239	122419.0	122619.0
240	123642.0	122282.0
241	122370.0	121443.0
242	122466.0	123135.0
243	123414.0	122739.0
244	122154.0	121911.0
245	121963.0	122714.0
246	122930.0	123114.0
247	121555.0	122219.0
248	121547.0	123488.0
249	122368.0	123694.0
250	121972.0	122655.0
251	121756.0	123242.0
252	122609.0	123351.0
253	121475.0	122284.0
254	121488.0	123949.0
255	122115.0	123981.0
256	121364.0	122613.0
257	120608.0	124567.0
258	121686.0	124422.0
259	120996.0	123491.0
260	121137.0	124629.0
261	121460.0	124439.0
262	120500.0	124264.0
263	121417.0	125844.0
264	121496.0	126343.0
265	121058.0	124741.0
266	121137.0	125936.0
267	121969.0	125586.0
268	121043.0	125469.0
269	121199.0	126715.0
270	122171.0	127116.0
271	121399.0	126254.0
272	121287.0	126806.0
273	122275.0	127280.0
274	121874.0	126564.0
275	122299.0	128105.0
276	122786.0	127704.0
277	121748.0	127904.0
278	121526.0	128495.0
279	123613.0	128787.0
280	121724.0	127859.0
281	122201.0	129236.0
282	123818.0	128891.0
283	122356.0	128690.0
284	122671.0	130145.0
285	124120.0	129994.0
286	123305.0	129691.0
287	123285.0	130882.0
288	124455.0	130771.0
289	123154.0	130323.0
290	123130.0	131731.0
291	124939.0	131433.0
292	123941.0	131082.0
293	123912.0	132041.0
294	125607.0	131973.0
295	124255.0	131734.0
296	123897.0	132450.0
297	125757.0	132643.0
298	123850.0	132367.0
299	124691.0	133447.0
300	126004.0	133234.0
301	125487.0	132103.0
302	125355.0	133767.0
303	126007.0	133514.0
304	125855.0	132993.0
305	125434.0	134333.0
306	126797.0	134076.0
307	125804.0	133671.0
308	126163.0	134890.0
309	127635.0	135221.0
310	126916.0	134374.0
311	127048.0	135306.0
312	128383.0	135332.0
313	127065.0	134323.0
314	127910.0	135606.0
315	128444.0	135533.0
316	127848.0	135074.0
317	127635.0	135512.0
318	128564.0	135100.0
319	128358.0	134889.0
320	128319.0	135738.0
321	129086.0	135292.0
322	128731.0	134496.0
323	129212.0	135565.0
324	129661.0	135033.0
325	129194.0	134741.0
326	129249.0	135780.0
327	129721.0	135449.0
328	129497.0	135100.0
329	129585.0	136426.0
330	130110.0	135502.0
331	130056.0	134808.0
332	129678.0	136007.0
333	130753.0	135275.0
334	129684.0	134289.0
335	130203.0	135091.0
336	131179.0	134443.0
337	130980.0	133791.0
338	130801.0	134814.0
339	131141.0	134962.0
340	130587.0	133640.0
341	130998.0	133847.0
342	131842.0	134203.0
343	130580.0	132897.0
344	130593.0	133570.0
345	131883.0	133238.0
346	130626.0	132634.0
347	131051.0	132598.0
348	131836.0	132541.0
349	131521.0	132102.0
350	131356.0	132775.0
351	131755.0	132204.0
352	130851.0	130883.0
353	131089.0	131701.0
354	131470.0	131518.0
355	130735.0	130719.0
356	130433.0	131339.0
357	131986.0	130688.0
358	130723.0	129559.0
359	130457.0	130550.0
360	131293.0	129568.0
361	130677.0	128724.0
362	130344.0	129515.0
363	131426.0	128933.0
364	130627.0	128078.0
365	130325.0	128993.0
366	130906.0	128087.0
367	130232.0	127736.0
368	130697.0	128334.0
369	130976.0	127821.0
370	129611.0	127513.0
371	130177.0	127276.0
372	129864.0	126670.0
373	129117.0	126129.0
374	129030.0	126512.0
375	129599.0	126419.0
376	129001.0	124943.0
377	128562.0	125685.0
378	129568.0	125584.0
379	128183.0	124697.0
380	128310.0	125409.0
381	128525.0	124557.0
382	128331.0	124217.0
383	128797.0	124718.0
384	128291.0	124502.0
385	127793.0	123283.0
386	127735.0	124531.0
387	128094.0	123973.0
388	127133.0	123102.0
389	127065.0	124250.0
390	127469.0	123855.0
391	126773.0	123158.0
392	126489.0	123305.0
393	126623.0	122887.0
394	126325.0	123013.0
395	126322.0	123513.0
396	126682.0	122965.0
397	126114.0	122303.0
398	125369.0	123161.0
399	126110.0	123224.0
400	125281.0	122237.0
401	125439.0	123342.0
402	125833.0	122852.0
403	125331.0	121798.0
404	125130.0	122513.0
405	125416.0	122263.0
406	124288.0	121996.0
407	124049.0	122556.0
408	124829.0	123122.0
409	124531.0	121823.0
410	123779.0	121929.0
411	124639.0	121629.0
412	123343.0	121995.0
413	124335.0	122634.0
414	123905.0	122576.0
415	122946.0	122198.0
416	123346.0	122089.0
417	123747.0	122870.0
418	122993.0	122587.0
419	123249.0	123450.0
420	123730.0	123018.0
421	123087.0	121698.0
422	123079.0	122849.0
423	123229.0	123136.0
424	122821.0	122660.0
425	122309.0	123693.0
426	123192.0	123595.0
427	122529.0	122519.0
428	122681.0	123364.0
429	123087.0	123925.0
430	123032.0	123365.0
431	122541.0	123819.0
432	123269.0	123643.0
433	122515.0	123897.0
434	122693.0	124615.0
435	122798.0	124713.0
436	121887.0	123988.0
437	122713.0	124435.0
438	123290.0	124769.0
439	122340.0	123964.0
440	122960.0	124729.0
441	123137.0	125533.0
442	122712.0	124227.0
443	122938.0	125174.0
444	123999.0	124938.0
445	122154.0	124322.0
446	122561.0	125667.0
447	123533.0	126303.0
448	123020.0	125050.0
449	123192.0	126154.0
450	123402.0	126357.0
451	123008.0	125302.0
452	123426.0	126382.0
453	123702.0	126679.0
454	122796.0	126086.0
455	123447.0	127116.0
456	123744.0	126604.0
457	122925.0	126153.0
458	122969.0	127798.0
459	123787.0	127610.0
460	122757.0	126565.0
461	123380.0	127541.0
462	124805.0	127616.0
463	123991.0	127025.0
464	123808.0	127494.0
465	124193.0	128494.0
466	124038.0	127394.0
467	123143.0	128457.0
468	124490.0	128425.0
469	123597.0	127930.0
470	123845.0	128292.0
471	124497.0	128576.0
472	124579.0	128363.0
473	124455.0	128652.0
474	125321.0	128940.0
475	124482.0	128245.0
476	124841.0	128939.0
477	125444.0	129231.0
478	124960.0	128765.0
479	126200.0	128994.0
480	125387.0	129138.0
481	124859.0	128636.0
482	125692.0	129545.0
483	126097.0	129095.0
484	126148.0	129137.0
485	125980.0	129917.0
486	126649.0	129397.0
487	126145.0	129008.0
488	126357.0	129714.0
489	127006.0	129557.0
490	126231.0	129240.0
491	127041.0	130539.0
492	126993.0	129601.0
493	126425.0	129520.0
494	126461.0	130452.0
495	127222.0	129683.0
496	126628.0	129504.0
497	126789.0	130182.0
498	127502.0	129885.0
499	127440.0	129124.0
500	127102.0	129873.0
501	127389.0	129643.0
502	126767.0	129386.0
503	126532.0	129591.0
504	128128.0	130020.0
505	127031.0	129194.0
506	127129.0	129564.0
507	127749.0	129148.0
508	127384.0	129453.0
509	127360.0	129926.0
510	127996.0	129492.0
511	127092.0	128789.0
512	127286.0	129583.0
513	127727.0	128734.0
514	127364.0	128609.0
515	127754.0	128770.0
516	128544.0	129425.0
517	128416.0	128921.0
518	128323.0	129285.0
519	128720.0	128669.0
520	128212.0	128181.0
521	128207.0	128995.0
522	127998.0	128714.0
523	128121.0	128222.0
524	127556.0	128911.0
525	128427.0	128314.0
526	128225.0	127330.0
527	128064.0	128053.0
528	128695.0	127875.0
529	127914.0	127456.0
530	128285.0	127472.0
531	128561.0	128096.0
532	127289.0	127562.0
533	127683.0	128010.0
534	128474.0	127260.0
535	127974.0	126349.0
536	127330.0	126939.0
537	128022.0	127197.0
538	127664.0	126495.0
539	127576.0	126889.0
540	127959.0	126516.0
541	127876.0	126654.0
542	127951.0	126780.0
543	128110.0	126286.0
544	126838.0	125656.0
545	127598.0	126819.0
546	127865.0	126737.0
547	127242.0	125600.0
548	127202.0	126379.0
549	127389.0	126124.0
550	127501.0	125688.0
551	126658.0	125673.0
552	127891.0	126009.0
553	126795.0	125583.0
554	126958.0	126007.0
555	127087.0	125026.0
556	127261.0	124996.0
557	127302.0	124994.0
558	126897.0	124664.0
559	126540.0	124259.0
560	127101.0	125003.0
561	127458.0	124885.0
562	126426.0	124163.0
563	125936.0	124656.0
564	127537.0	125279.0
565	125834.0	123957.0
566	126258.0	124547.0
567	126919.0	123702.0
568	126533.0	123532.0
569	126217.0	124677.0
570	126828.0	123774.0
571	125832.0	123908.0
572	126052.0	124028.0
573	126564.0	123795.0
574	125387.0	123445.0
575	125777.0	123699.0
576	125774.0	123908.0
577	125069.0	123168.0
578	125665.0	123688.0
579	126640.0	123936.0
580	125922.0	123195.0
581	125856.0	123895.0
582	125826.0	123598.0
583	125053.0	123165.0
584	125028.0	123441.0
585	125692.0	123189.0
586	125349.0	124010.0
587	125390.0	123640.0
588	125610.0	123634.0
589	124893.0	123222.0
590	124994.0	123967.0
591	125629.0	123584.0
592	124862.0	123020.0
593	124642.0	123852.0
594	125081.0	123633.0
595	124351.0	123467.0
596	124187.0	123215.0
597	125908.0	123915.0
598	124349.0	123520.0
599	124475.0	124648.0
600	125091.0	124234.0
601	124290.0	124441.0
602	124224.0	124222.0
603	124944.0	124011.0
604	124196.0	123911.0
605	124148.0	124247.0
606	124986.0	124076.0
607	124066.0	123983.0
608	124249.0	124514.0
609	123985.0	124981.0
610	123941.0	124664.0
611	123699.0	124583.0
612	124791.0	124533.0
613	124157.0	124768.0
614	123806.0	125196.0
615	124594.0	124894.0
616	124157.0	124491.0
617	124211.0	124894.0
618	124356.0	124581.0
619	124253.0	124613.0
620	124242.0	125285.0
621	124344.0	124899.0
622	124171.0	125386.0
623	124075.0	125143.0
624	124831.0	124899.0
625	124485.0	125566.0
626	124124.0	126137.0
627	124853.0	126344.0
628	124767.0	124892.0
629	124189.0	125460.0
630	124681.0	125889.0
631	124021.0	125649.0
632	124428.0	126171.0
633	124738.0	125613.0
634	124409.0	126274.0
635	124583.0	126592.0
636	124864.0	126445.0
637	124491.0	125745.0
638	124432.0	126309.0
639	124765.0	126159.0
640	124950.0	125789.0
641	124149.0	126234.0
642	125017.0	126806.0
643	125045.0	126128.0
644	124221.0	126343.0
645	125418.0	126864.0
646	124735.0	126292.0
647	124963.0	126458.0
648	124892.0	126913.0
649	124356.0	126154.0
650	125034.0	127167.0
651	125443.0	126975.0
652	124796.0	126563.0
653	124863.0	127267.0
654	125896.0	126936.0
655	124837.0	126469.0
656	124497.0	127618.0
657	125493.0	126810.0
658	125093.0	126356.0
659	124938.0	127036.0
660	125463.0	127538.0
661	125046.0	126582.0
662	124828.0	127449.0
663	125866.0	126855.0
664	125340.0	126057.0
665	125257.0	127741.0
666	126233.0	126873.0
667	125248.0	126657.0
668	125079.0	127115.0
669	126066.0	127412.0
670	125448.0	127076.0
671	126075.0	127044.0
672	125664.0	127485.0
673	125759.0	126580.0
674	125785.0	127613.0
675	126412.0	127000.0
676	125448.0	127310.0
677	125985.0	127209.0
678	126422.0	127000.0
679	125864.0	126907.0
680	125185.0	127207.0
681	125341.0	127304.0
682	125483.0	126476.0
683	126128.0	127309.0
684	126304.0	127383.0
685	125103.0	126609.0
686	125545.0	127174.0
687	126025.0	126789.0
688	125572.0	126673.0
689	125939.0	127312.0
690	126468.0	127125.0
691	126625.0	126775.0
692	126288.0	126711.0
693	126165.0	127140.0
694	125696.0	126504.0
695	124986.0	126840.0
696	126736.0	127543.0
697	125688.0	126793.0
698	126492.0	126686.0
699	126866.0	126808.0
700	126227.0	126353.0
701	126265.0	126906.0
702	126221.0	126878.0
703	125845.0	126382.0
704	125618.0	126569.0
705	126132.0	126744.0
706	125957.0	126189.0
707	126343.0	126871.0
708	126204.0	127004.0
709	125871.0	126036.0
710	125428.0	125803.0
711	126289.0	126474.0
712	126031.0	126417.0
713	125832.0	126228.0
714	126485.0	125923.0
715	126640.0	126261.0
716	126113.0	126151.0
717	126809.0	126731.0
718	125891.0	125247.0
719	126183.0	126199.0
720	126568.0	125739.0
721	125555.0	126128.0
722	126253.0	126425.0
723	125967.0	125873.0
724	126205.0	125474.0
725	125761.0	125614.0
726	126456.0	125322.0
727	126190.0	124964.0
728	125715.0	125692.0
729	126754.0	125128.0
730	126122.0	125196.0
731	125518.0	125668.0
732	125629.0	125573.0
733	125620.0	125578.0
734	125424.0	125650.0
735	125981.0	126062.0
736	125370.0	125356.0
737	125727.0	125325.0
738	126039.0	125196.0
739	125166.0	124690.0
740	125182.0	124937.0
741	126936.0	125185.0
742	125658.0	124863.0
743	125549.0	125220.0
744	125304.0	125393.0
745	125738.0	124278.0
746	125773.0	125036.0
747	126062.0	125349.0
748	125870.0	124728.0
749	125800.0	125563.0
750	125695.0	125542.0
751	125163.0	124511.0
752	124746.0	124566.0
753	125591.0	124804.0
754	125792.0	124638.0
755	125127.0	125170.0
756	125476.0	125105.0
757	125530.0	124277.0
758	125409.0	124799.0
759	125560.0	125201.0
760	125054.0	124285.0
761	125123.0	125223.0
762	125567.0	124533.0
763	124769.0	124332.0
764	125141.0	124586.0
765	125707.0	124492.0
766	125147.0	124468.0
767	125139.0	125202.0
768	124727.0	125025.0
769	124924.0	124336.0
770	124839.0	125069.0
771	124447.0	124737.0
772	125086.0	124386.0
773	124790.0	124926.0
774	125512.0	124821.0
775	125167.0	124580.0
776	124656.0	124676.0
777	125151.0	125318.0
778	125126.0	124105.0
779	124598.0	124866.0
780	125422.0	125191.0
781	124976.0	124991.0
782	124901.0	124789.0
783	124643.0	124968.0
784	124459.0	124524.0
785	124689.0	124951.0
786	124359.0	124417.0
787	124841.0	124364.0
788	124445.0	124883.0
789	125207.0	124926.0
790	124678.0	124387.0
791	124653.0	125016.0
792	124347.0	124571.0
793	124551.0	125205.0
794	124701.0	125410.0
795	125212.0	125498.0
796	125424.0	125284.0
797	124620.0	125514.0
798	124964.0	125515.0
799	124767.0	125167.0
800	124155.0	125979.0
801	125110.0	124744.0
802	124031.0	125054.0
803	125108.0	125299.0
804	124635.0	125320.0
805	124709.0	125387.0
806	124512.0	125008.0
807	125300.0	125379.0
808	124479.0	124867.0
809	124560.0	125525.0
810	124896.0	125069.0
811	124936.0	125237.0
812	124527.0	125371.0
813	124926.0	125723.0
814	124791.0	124754.0
815	124951.0	125856.0
816	124634.0	125151.0
817	124339.0	124989.0
818	124440.0	125648.0
819	125162.0	125473.0
820	124065.0	125211.0
821	124332.0	125610.0
822	125393.0	125916.0
823	124440.0	125332.0
824	124911.0	125395.0
825	125274.0	125733.0
826	123941.0	125238.0
827	124803.0	126145.0
828	124625.0	125735.0
829	124901.0	126032.0
830	124807.0	125866.0
831	124759.0	125462.0
832	123993.0	125162.0
833	124786.0	126318.0
834	124594.0	125703.0
835	124622.0	125886.0
836	124423.0	125696.0
837	125330.0	125231.0
838	124278.0	125732.0
839	124672.0	126429.0
840	125395.0	125407.0
841	124938.0	125301.0
842	124482.0	126015.0
843	125031.0	125538.0
844	124404.0	125078.0
845	124762.0	125972.0
846	124476.0	126048.0
847	123899.0	125593.0
848	124046.0	126205.0
849	124703.0	125582.0
850	124617.0	125179.0
851	124726.0	125313.0
852	124411.0	125619.0
853	125000.0	125900.0
854	124178.0	125703.0
855	124766.0	124880.0
856	124563.0	125073.0
857	123574.0	125813.0
858	124270.0	125666.0
859	124223.0	125219.0
860	124935.0	125777.0
861	125169.0	125476.0
862	124734.0	125272.0
863	124376.0	125459.0
864	124278.0	125684.0
865	124230.0	124670.0
866	124495.0	125696.0
867	124610.0	125663.0
868	124166.0	124987.0
869	124069.0	125438.0
870	125101.0	125464.0
871	125177.0	125213.0
872	125135.0	125053.0
873	124964.0	126103.0
874	124765.0	125227.0
875	124470.0	125122.0
876	124720.0	125524.0
877	124677.0	125292.0
878	124505.0	125819.0
879	124604.0	126075.0
880	124686.0	125159.0
881	124645.0	125681.0
882	124744.0	125709.0
883	124784.0	125281.0
884	124871.0	125841.0
885	125105.0	124793.0
886	124599.0	124690.0
887	124470.0	125204.0
888	125073.0	125142.0
889	124779.0	125265.0
890	124806.0	126053.0
891	125329.0	125674.0
892	124903.0	125793.0
893	124422.0	125565.0
894	124502.0	125429.0
895	124521.0	125049.0
896	123964.0	125417.0
897	124475.0	125465.0
898	124274.0	124881.0
899	124171.0	125741.0
900	125090.0	125751.0
901	125003.0	124925.0
902	124492.0	125730.0
903	125227.0	124861.0
904	125035.0	125219.0
905	124558.0	125152.0
906	124680.0	125349.0
907	124627.0	125178.0
908	124382.0	125206.0
909	125061.0	125328.0
910	124621.0	124927.0
911	124396.0	125787.0
912	124791.0	125558.0
913	124272.0	124853.0
914	124243.0	125369.0
915	124582.0	125186.0
916	124570.0	125069.0
917	124098.0	125489.0
918	124674.0	125537.0
919	124993.0	125433.0
920	124349.0	125247.0
921	124684.0	125670.0
922	124313.0	125091.0
923	124454.0	125029.0
924	124167.0	125009.0
925	124627.0	125158.0
926	124456.0	125240.0
927	125221.0	125420.0
928	124356.0	124942.0
929	123910.0	125482.0
930	125205.0	124927.0
931	124298.0	124318.0
932	124626.0	124505.0
933	124371.0	124962.0
934	124529.0	124595.0
935	125151.0	125081.0
936	124132.0	125141.0
937	124404.0	125041.0
938	124542.0	125125.0
939	124097.0	125483.0
940	124030.0	125185.0
941	124583.0	125491.0
942	124433.0	125550.0
943	124133.0	125005.0
944	124653.0	125121.0
945	124752.0	125154.0
946	124645.0	124779.0
947	124730.0	125360.0
948	124748.0	125114.0
949	124081.0	125084.0
950	124431.0	125041.0
951	125176.0	125141.0
952	124715.0	124941.0
953	124355.0	124891.0
954	125144.0	125553.0
955	124597.0	124973.0
956	124501.0	124890.0
957	124577.0	125293.0
958	124968.0	124642.0
959	124892.0	124617.0
960	124546.0	125389.0
961	124931.0	124611.0
962	124336.0	124672.0
963	124513.0	124599.0
964	124355.0	124720.0
965	125531.0	125274.0
966	125384.0	124696.0
967	125200.0	124734.0
968	124474.0	124739.0
969	124796.0	124735.0
970	124111.0	124513.0
971	124580.0	124868.0
972	124858.0	124372.0
973	123817.0	124081.0
974	124671.0	124845.0
975	125055.0	124852.0
976	124836.0	124314.0
977	124351.0	125081.0
978	124906.0	125022.0
979	125226.0	124767.0
980	124459.0	124687.0
981	124845.0	124679.0
982	124945.0	124428.0
983	124279.0	124440.0
984	124602.0	124070.0
985	124374.0	124991.0
986	124485.0	124565.0
987	124645.0	124119.0
988	124420.0	124149.0
989	124117.0	124348.0
990	125145.0	124527.0
991	124638.0	125279.0
992	124326.0	124906.0
993	125167.0	124395.0
994	124251.0	124853.0
995	124097.0	124710.0
996	124297.0	124223.0
997	124450.0	123975.0
998	124329.0	124624.0
999	124387.0	124097.0
1000	123940.0	124648.0
1001	123950.0	124488.0
1002	124126.0	124287.0
1003	123783.0	124723.0
1004	124092.0	124470.0
1005	124450.0	124416.0
1006	123655.0	124833.0
1007	123805.0	124162.0
1008	124293.0	124206.0
1009	124346.0	124337.0
1010	124303.0	124346.0
1011	124047.0	124040.0
1012	123775.0	124288.0
1013	124076.0	124090.0
1014	123691.0	124625.0
1015	124762.0	124507.0
1016	124373.0	124799.0
1017	124342.0	124249.0
1018	124123.0	124612.0
1019	124036.0	124208.0
1020	124385.0	124232.0
1021	124015.0	124009.0
1022	124006.0	123891.0
1023	124424.0	123991.0
1024	123759.0	124124.0
1025	123980.0	124804.0
1026	124021.0	125070.0
1027	124556.0	124251.0
1028	123721.0	124350.0
1029	124324.0	124197.0
1030	123717.0	123826.0
1031	123832.0	124722.0
1032	124162.0	124556.0
1033	123459.0	124261.0
1034	123337.0	123886.0
1035	124069.0	124469.0
1036	123902.0	124254.0
1037	123648.0	124523.0
1038	124306.0	124228.0
1039	123776.0	124323.0
1040	123306.0	124771.0
1041	123985.0	124015.0
1042	122933.0	124306.0
1043	123706.0	124385.0
1044	123535.0	124269.0
1045	123936.0	124296.0
1046	123676.0	124522.0
1047	124289.0	124894.0
1048	123923.0	124830.0
1049	124628.0	124322.0
1050	124157.0	124814.0
1051	124040.0	124077.0
1052	123247.0	124155.0
1053	123763.0	124856.0
1054	123997.0	124263.0
1055	123297.0	125100.0
1056	124095.0	124198.0
1057	124474.0	123975.0
1058	123765.0	124733.0
1059	124110.0	124814.0
1060	124098.0	124216.0
1061	123695.0	125011.0
1062	124413.0	124514.0
1063	123857.0	123589.0
1064	123362.0	124197.0
1065	123804.0	125011.0
1066	124044.0	124522.0
1067	123248.0	124480.0
1068	123675.0	124395.0
1069	124243.0	124553.0
1070	123683.0	124506.0
1071	123730.0	125205.0
1072	123533.0	124296.0
1073	123909.0	124342.0
1074	123536.0	124448.0
1075	123732.0	124369.0
1076	124094.0	124464.0
1077	123726.0	124509.0
1078	123846.0	124390.0
1079	123874.0	125253.0
1080	124574.0	124508.0
1081	124023.0	124280.0
1082	123300.0	124194.0
1083	123707.0	124328.0
1084	124098.0	125080.0
1085	123680.0	125082.0
1086	123865.0	124909.0
1087	123317.0	124512.0
1088	122906.0	124763.0
1089	123915.0	125204.0
1090	124040.0	125279.0
1091	123479.0	124986.0
1092	123756.0	124902.0
1093	123443.0	124286.0
1094	123219.0	124531.0
1095	123900.0	124902.0
1096	124220.0	124735.0
1097	124028.0	124814.0
1098	123311.0	124668.0
1099	123362.0	125542.0
1100	123919.0	124703.0
1101	123549.0	125267.0
1102	123203.0	124378.0
1103	123592.0	124480.0
1104	124297.0	125069.0
1105	123041.0	124562.0
1106	123564.0	125092.0
1107	123645.0	125444.0
1108	122846.0	124910.0
1109	123921.0	125456.0
1110	124167.0	126277.0
1111	124126.0	124809.0
1112	124747.0	125289.0
1113	124452.0	124669.0
1114	123567.0	124839.0
1115	124210.0	124987.0
1116	124348.0	124636.0
1117	123913.0	124636.0
1118	124287.0	124261.0
1119	123827.0	125405.0
1120	123668.0	124600.0
1121	123489.0	124971.0
1122	124340.0	125307.0
1123	124269.0	124728.0
1124	123989.0	124652.0
1125	124157.0	124653.0
1126	124108.0	124539.0
1127	123632.0	125193.0
1128	124382.0	125122.0
1129	124318.0	124802.0
1130	124081.0	124977.0
1131	124358.0	125250.0
1132	123921.0	124898.0
1133	124375.0	124699.0
1134	124816.0	125319.0
1135	124104.0	124233.0
1136	123520.0	124311.0
1137	124514.0	124639.0
1138	123597.0	124255.0
1139	123922.0	124217.0
1140	124043.0	123936.0
1141	124028.0	124498.0
1142	124080.0	124981.0
1143	124514.0	124147.0
1144	124044.0	124340.0
1145	123864.0	124873.0
1146	124438.0	124851.0
1147	124449.0	123960.0
1148	124008.0	124152.0
1149	124167.0	124171.0
1150	123943.0	124645.0
1151	124044.0	125029.0
1152	124179.0	124967.0
1153	124184.0	124911.0
1154	123753.0	123950.0
1155	123975.0	124187.0
1156	123946.0	124037.0
1157	123442.0	124218.0
1158	124275.0	123955.0
1159	124049.0	124342.0
1160	124315.0	124164.0
1161	124670.0	124158.0
1162	124275.0	123997.0
1163	123112.0	123434.0
1164	123440.0	124230.0
1165	123783.0	123583.0
1166	124065.0	123650.0
1167	123862.0	124389.0
1168	123308.0	124277.0
1169	123701.0	124760.0
1170	124118.0	124386.0
1171	123328.0	124086.0
1172	123587.0	124481.0
1173	124264.0	124047.0
1174	123906.0	123818.0
1175	123903.0	124260.0
1176	123743.0	124145.0
1177	124392.0	123837.0
1178	124075.0	123785.0
1179	123937.0	123847.0
1180	124347.0	123834.0
1181	124190.0	123685.0
1182	123729.0	124174.0
1183	122946.0	123670.0
1184	123630.0	124120.0
1185	123997.0	124708.0
1186	123862.0	123753.0
1187	123490.0	124616.0
1188	124292.0	124044.0
1189	123782.0	123979.0
1190	123433.0	123640.0
1191	123317.0	124062.0
1192	123675.0	123961.0
1193	123611.0	123441.0
1194	123366.0	123442.0
1195	123670.0	123320.0
1196	123440.0	124024.0
1197	123293.0	123622.0
1198	122735.0	123507.0
1199	122954.0	123684.0
1200	123436.0	123899.0
1201	123288.0	124226.0
1202	123298.0	123219.0
1203	124108.0	123877.0
1204	123102.0	123878.0
1205	122687.0	123646.0
1206	123580.0	123259.0
1207	122872.0	123649.0
1208	123127.0	123390.0
1209	123915.0	123495.0
1210	123125.0	123453.0
1211	123044.0	123110.0
1212	123652.0	123260.0
1213	123748.0	123544.0
1214	122585.0	123548.0
1215	123664.0	123891.0
1216	123401.0	123330.0
1217	122824.0	123946.0
1218	123379.0	123801.0
1219	123491.0	123772.0
1220	123044.0	124137.0
1221	123025.0	123902.0
1222	123459.0	123401.0
1223	122951.0	123388.0
1224	123201.0	123528.0
1225	123117.0	123112.0
1226	122726.0	123785.0
1227	122914.0	123743.0
1228	122441.0	123242.0
1229	122736.0	123340.0
1230	123333.0	123952.0
1231	122856.0	123285.0
1232	122770.0	123721.0
1233	123218.0	124562.0
1234	123274.0	123660.0
1235	123120.0	124061.0
1236	123122.0	124304.0
1237	122851.0	123192.0
1238	123433.0	123881.0
1239	123376.0	123539.0
1240	123115.0	123104.0
1241	123401.0	123855.0
1242	123181.0	123622.0
1243	122970.0	124065.0
1244	122892.0	124399.0
1245	123085.0	124381.0
1246	122608.0	123414.0
1247	123080.0	124482.0
1248	123141.0	123649.0
1249	123565.0	123582.0
1250	123720.0	124106.0
1251	123647.0	123317.0
1252	122855.0	123981.0
1253	122913.0	123953.0
1254	123321.0	123960.0
1255	123364.0	123815.0
1256	123112.0	124228.0
1257	123260.0	124067.0
1258	122749.0	124330.0
1259	123112.0	124042.0
1260	123314.0	123902.0
1261	122910.0	123756.0
1262	123236.0	123953.0
1263	123772.0	124029.0
1264	122693.0	123819.0
1265	122850.0	123408.0
1266	123089.0	124596.0
1267	123257.0	123573.0
1268	123659.0	123568.0
1269	123961.0	124012.0
1270	123183.0	123533.0
1271	123196.0	124072.0
1272	123464.0	123650.0
1273	122858.0	124400.0
1274	122977.0	124471.0
1275	122912.0	124140.0
1276	122759.0	123626.0
1277	123406.0	124553.0
1278	123511.0	124160.0
1279	123293.0	123994.0
1280	122670.0	123890.0
1281	123395.0	124028.0
1282	123894.0	124168.0
1283	123407.0	124315.0
1284	123458.0	124167.0
1285	122198.0	124082.0
1286	123482.0	124471.0
1287	123426.0	124843.0
1288	122773.0	123936.0
1289	122506.0	123960.0
1290	123605.0	123927.0
1291	123995.0	123778.0
1292	123703.0	124010.0
1293	123790.0	124635.0
1294	123014.0	124216.0
1295	123130.0	124408.0
1296	123159.0	123734.0
1297	123304.0	124466.0
1298	122823.0	124169.0
1299	123320.0	124502.0
1300	123622.0	123788.0
1301	123854.0	124522.0
1302	123963.0	124068.0
1303	123326.0	123923.0
1304	123069.0	124174.0
1305	122770.0	123983.0
1306	123719.0	124067.0
1307	123126.0	123678.0
1308	123376.0	123474.0
1309	123584.0	123886.0
1310	123226.0	123989.0
1311	124149.0	124070.0
1312	123642.0	123226.0
1313	123216.0	123645.0
1314	123447.0	124166.0
1315	123278.0	123724.0
1316	123486.0	123656.0
1317	124124.0	124168.0
1318	123398.0	123266.0
1319	123318.0	124474.0
1320	123720.0	124082.0
1321	123502.0	124447.0
1322	122788.0	124337.0
1323	123967.0	124286.0
1324	123703.0	124178.0
1325	123319.0	123545.0
1326	123548.0	123812.0
1327	123625.0	123503.0
1328	123921.0	124268.0
1329	123887.0	124004.0
1330	124285.0	123130.0
1331	123514.0	123841.0
1332	123756.0	123535.0
1333	123021.0	123405.0
1334	123490.0	123490.0
1335	123513.0	123706.0
1336	122851.0	123493.0
1337	123315.0	123306.0
1338	123906.0	123567.0
1339	123198.0	123074.0
1340	123648.0	123235.0
1341	123102.0	123287.0
1342	123267.0	123970.0
1343	123052.0	123751.0
1344	123284.0	123765.0
1345	123235.0	122993.0
1346	122872.0	123274.0
1347	123315.0	123171.0
1348	122883.0	122612.0
1349	123941.0	123289.0
1350	123570.0	123036.0
1351	123254.0	123020.0
1352	123082.0	123145.0
1353	123233.0	122821.0
1354	122839.0	123439.0
1355	122815.0	123089.0
1356	123121.0	123070.0
1357	122896.0	122938.0
1358	123107.0	123624.0
1359	123654.0	123393.0
1360	122722.0	122962.0
1361	122740.0	123497.0
1362	123191.0	123721.0
1363	122648.0	123351.0
1364	123162.0	123154.0
1365	122605.0	123157.0
1366	123128.0	122964.0
1367	123093.0	123328.0
1368	123228.0	123252.0
1369	122942.0	123136.0
1370	123435.0	122874.0
1371	123194.0	122893.0
1372	123249.0	123343.0
1373	122661.0	122568.0
1374	123111.0	123761.0
1375	123118.0	123491.0
1376	122569.0	123306.0
1377	122396.0	123484.0
1378	122243.0	123202.0
1379	122778.0	123089.0
1380	122827.0	123129.0
1381	122865.0	123378.0
1382	122617.0	122964.0
1383	122907.0	123730.0
1384	122798.0	123427.0
1385	122234.0	123012.0
1386	122482.0	122807.0
1387	122645.0	122649.0
1388	122944.0	122806.0
1389	122145.0	122654.0
1390	122189.0	122944.0
1391	122020.0	123273.0
1392	122680.0	122869.0
1393	122285.0	123592.0
1394	122931.0	123124.0
1395	123013.0	123660.0
1396	122266.0	122993.0
1397	122363.0	123034.0
1398	122654.0	123060.0
1399	122581.0	123319.0
1400	122500.0	123202.0
1401	123123.0	123213.0
1402	122599.0	123727.0
1403	122470.0	122939.0
1404	122548.0	122883.0
1405	122353.0	122471.0
1406	122580.0	123368.0
1407	122362.0	122955.0
1408	122533.0	123164.0
1409	122768.0	123893.0
1410	122831.0	123370.0
1411	123208.0	124051.0
1412	122806.0	123798.0
1413	122525.0	122639.0
1414	122434.0	123154.0
1415	122493.0	123376.0
1416	122809.0	123168.0
1417	123100.0	122733.0
1418	121895.0	123748.0
1419	122224.0	123360.0
1420	122645.0	123047.0
1421	123143.0	123442.0
1422	122057.0	123549.0
1423	122633.0	123312.0
1424	122422.0	123711.0
1425	122111.0	123383.0
1426	122680.0	122489.0
1427	122309.0	123137.0
1428	122284.0	123452.0
1429	122156.0	123105.0
1430	122667.0	123344.0
1431	122628.0	123639.0
1432	122334.0	123069.0
1433	122997.0	123570.0
1434	122753.0	123443.0
1435	123209.0	123321.0
1436	122532.0	123386.0
1437	122347.0	123664.0
1438	122423.0	123004.0
1439	122375.0	123401.0
1440	123065.0	123817.0
1441	122827.0	122932.0
1442	123420.0	123392.0
1443	122703.0	123358.0
1444	122716.0	123665.0
1445	122430.0	124267.0
1446	122747.0	124343.0
1447	122801.0	123154.0
1448	122413.0	124023.0
1449	122253.0	123145.0
1450	122965.0	123334.0
1451	122495.0	123881.0
1452	122495.0	123601.0
1453	122581.0	123052.0
1454	122278.0	123197.0
1455	122477.0	123923.0
1456	122388.0	123622.0
1457	123025.0	123532.0
1458	123052.0	123858.0
1459	123569.0	123645.0
1460	122864.0	124328.0
1461	122867.0	123188.0
1462	122390.0	123081.0
1463	122692.0	123131.0
1464	122826.0	123631.0
1465	123220.0	123841.0
1466	122575.0	123412.0
1467	122255.0	123616.0
1468	122486.0	123362.0
1469	122647.0	124011.0
1470	122217.0	123688.0
1471	122381.0	123460.0
1472	122761.0	123940.0
1473	123174.0	123452.0
1474	123975.0	123572.0
1475	123514.0	123648.0
1476	122884.0	123652.0
1477	123153.0	123169.0
1478	122881.0	123758.0
1479	122990.0	123495.0
1480	122886.0	123017.0
1481	122676.0	123669.0
1482	123171.0	123877.0
1483	123198.0	122926.0
1484	122410.0	123465.0
1485	122363.0	123278.0
1486	122805.0	123684.0
1487	123145.0	123527.0
1488	123023.0	123870.0
1489	122900.0	122719.0
1490	122352.0	123056.0
1491	123115.0	123845.0
1492	123338.0	123532.0
1493	122748.0	123293.0
1494	123028.0	123542.0
1495	122674.0	122955.0
1496	122234.0	123334.0
1497	122853.0	123471.0
1498	122781.0	123778.0
1499	122453.0	122718.0
1500	122800.0	123349.0
1501	122898.0	122778.0
1502	122557.0	123627.0
1503	122846.0	123639.0
1504	122059.0	123191.0
1505	122588.0	123588.0
1506	122835.0	123295.0
1507	123270.0	123683.0
1508	122841.0	123656.0
1509	122569.0	123647.0
1510	123332.0	122941.0
1511	122975.0	123290.0
1512	122859.0	122661.0
1513	123283.0	122213.0
1514	123282.0	123000.0
1515	122442.0	122844.0
1516	122645.0	122506.0
1517	122619.0	123373.0
1518	122827.0	123217.0
1519	122539.0	122178.0
1520	122805.0	123043.0
1521	122864.0	123247.0
1522	122860.0	121996.0
1523	122993.0	123222.0
1524	122359.0	123129.0
1525	122291.0	123123.0
1526	122526.0	123259.0
1527	122399.0	123159.0
1528	122658.0	123272.0
1529	122312.0	122720.0
1530	122438.0	123630.0
1531	122608.0	122522.0
1532	121978.0	123333.0
1533	123593.0	122909.0
1534	122991.0	122850.0
1535	122701.0	122447.0
1536	123175.0	122821.0
1537	123017.0	122862.0
1538	122300.0	122146.0
1539	122304.0	122574.0
1540	121931.0	122216.0
1541	122485.0	122985.0
1542	122372.0	123193.0
1543	122132.0	122983.0
1544	122681.0	122771.0
1545	122509.0	123092.0
1546	122662.0	122909.0
1547	122669.0	122828.0
1548	122704.0	122702.0
1549	122438.0	122443.0
1550	122261.0	122724.0
1551	122973.0	122491.0
1552	122296.0	122607.0
1553	122289.0	122707.0
1554	122447.0	122726.0
1555	122451.0	122322.0
1556	121996.0	123617.0
1557	122364.0	123136.0
1558	122406.0	122825.0
1559	121676.0	123324.0
1560	122240.0	123025.0
1561	122562.0	122650.0
1562	122020.0	122522.0
1563	123301.0	122982.0
1564	122378.0	122674.0
1565	121784.0	122743.0
1566	122483.0	122848.0
1567	121688.0	122356.0
1568	121839.0	122697.0
1569	122536.0	122267.0
1570	122162.0	123335.0
1571	121939.0	123000.0
1572	122852.0	123031.0
1573	122964.0	122343.0
1574	122588.0	122262.0
1575	122317.0	122660.0
1576	122647.0	122589.0
1577	122347.0	123043.0
1578	122224.0	122799.0
1579	122140.0	122539.0
1580	121837.0	122682.0
1581	122361.0	122834.0
1582	121923.0	122588.0
1583	122144.0	122138.0
1584	122666.0	123149.0
1585	122304.0	122978.0
1586	122240.0	122821.0
1587	122114.0	122653.0
1588	122507.0	122503.0
1589	122303.0	122755.0
1590	122529.0	122707.0
1591	122028.0	122737.0
1592	122356.0	123175.0
1593	122271.0	122796.0
1594	121904.0	122364.0
1595	121970.0	123598.0
1596	122549.0	123396.0
1597	122552.0	122582.0
1598	122442.0	122482.0
1599	121962.0	122035.0
1600	121986.0	121914.0
1601	121790.0	122938.0
1602	122481.0	122563.0
1603	122794.0	122680.0
1604	122107.0	122691.0
1605	122689.0	123335.0
1606	121804.0	122608.0
1607	121479.0	122901.0
1608	122645.0	122923.0
1609	122546.0	122708.0
1610	122335.0	122795.0
1611	122296.0	122994.0
1612	121785.0	123047.0
1613	122260.0	123425.0
1614	122436.0	123267.0
1615	123140.0	122480.0
1616	122313.0	122565.0
1617	121990.0	123384.0
1618	122024.0	122593.0
1619	122499.0	123151.0
1620	122230.0	123091.0
1621	121905.0	122636.0
1622	122205.0	122833.0
1623	121937.0	122752.0
1624	122701.0	122878.0
1625	122764.0	123395.0
1626	122943.0	122617.0
1627	122142.0	123054.0
1628	122281.0	122913.0
1629	122528.0	123134.0
1630	122532.0	123203.0
1631	122335.0	123351.0
1632	122857.0	122686.0
1633	122450.0	122523.0
1634	122074.0	122873.0
1635	121688.0	123349.0
1636	122057.0	123305.0
1637	121734.0	122723.0
1638	121845.0	122688.0
1639	122115.0	123260.0
1640	122291.0	123191.0
1641	121908.0	123538.0
1642	122581.0	122812.0
1643	122285.0	122764.0
1644	122425.0	123063.0
1645	121935.0	122582.0
1646	121753.0	122974.0
1647	122221.0	122779.0
1648	122022.0	122942.0
1649	122268.0	123314.0
1650	122723.0	123175.0
1651	122491.0	123407.0
1652	121821.0	122936.0
1653	122410.0	123132.0
1654	122356.0	123076.0
1655	122316.0	122231.0
1656	122477.0	122896.0
1657	122677.0	122261.0
1658	122400.0	122804.0
1659	122346.0	123112.0
1660	122427.0	123010.0
1661	122249.0	123189.0
1662	122268.0	122676.0
1663	122005.0	122699.0
1664	122201.0	122922.0
1665	122444.0	123073.0
1666	121960.0	122389.0
1667	122218.0	122797.0
1668	122578.0	123095.0
1669	122734.0	122599.0
1670	122168.0	122317.0
1671	121952.0	122309.0
1672	122243.0	122782.0
1673	122390.0	122494.0
1674	122092.0	122685.0
1675	122380.0	123535.0
1676	121797.0	122023.0
1677	121992.0	122424.0
1678	121907.0	122612.0
1679	122101.0	122727.0
1680	122489.0	122396.0
1681	122787.0	122618.0
1682	122065.0	123255.0
1683	121572.0	122611.0
1684	122218.0	122604.0
1685	122304.0	122888.0
1686	122432.0	123242.0
1687	123184.0	122503.0
1688	122132.0	122118.0
1689	122338.0	122917.0
1690	121636.0	123046.0
1691	122502.0	122756.0
1692	122741.0	123128.0
1693	122253.0	122829.0
1694	122774.0	122455.0
1695	122615.0	122291.0
1696	122491.0	122320.0
1697	121704.0	122242.0
1698	121843.0	121914.0
1699	122914.0	122443.0
1700	122892.0	122503.0
1701	122720.0	122444.0
1702	122507.0	122054.0
1703	121763.0	122315.0
1704	122265.0	122749.0
1705	122560.0	123174.0
1706	122446.0	122291.0
1707	122362.0	122403.0
1708	122175.0	122594.0
1709	122211.0	122901.0
1710	122247.0	122266.0
1711	122151.0	122182.0
1712	122355.0	122024.0
1713	122043.0	122023.0
1714	122279.0	122192.0
1715	122114.0	122160.0
1716	122442.0	122001.0
1717	121959.0	122600.0
1718	122527.0	123207.0
1719	122350.0	122043.0
1720	122221.0	122922.0
1721	122009.0	122222.0
1722	122418.0	122682.0
1723	121557.0	121964.0
1724	122007.0	122805.0
1725	122075.0	122931.0
1726	122012.0	122470.0
1727	121737.0	122571.0
1728	121944.0	122600.0
1729	121766.0	122698.0
1730	121709.0	122346.0
1731	121622.0	122372.0
1732	122285.0	122217.0
1733	122370.0	122679.0
1734	122241.0	122087.0
1735	121779.0	122243.0
1736	121528.0	121726.0
1737	122230.0	122657.0
1738	121576.0	122735.0
1739	121510.0	122301.0
1740	122142.0	122068.0
1741	121829.0	122353.0
1742	122337.0	122234.0
1743	121658.0	122729.0
1744	121275.0	122663.0
1745	122366.0	123176.0
1746	122313.0	122228.0
1747	121948.0	122208.0
1748	122102.0	122776.0
1749	122046.0	122397.0
1750	121705.0	122586.0
1751	122158.0	122290.0
1752	122413.0	122015.0
1753	122341.0	121897.0
1754	121981.0	122360.0
1755	121493.0	122662.0
1756	122271.0	122066.0
1757	121867.0	122141.0
1758	121980.0	122271.0
1759	121911.0	122733.0
1760	121550.0	122470.0
1761	122198.0	122783.0
1762	121901.0	122973.0
1763	121588.0	122486.0
1764	122538.0	122978.0
1765	122716.0	121911.0
1766	121534.0	122530.0
1767	122023.0	122519.0
1768	121780.0	122481.0
1769	121721.0	122926.0
1770	122255.0	122496.0
1771	122104.0	122376.0
1772	121763.0	122690.0
1773	122415.0	122646.0
1774	122262.0	122985.0
1775	121909.0	121999.0
1776	122110.0	122564.0
1777	121728.0	121880.0
1778	121097.0	122248.0
1779	121334.0	122265.0
1780	122295.0	122390.0
1781	121955.0	122804.0
1782	121645.0	121819.0
1783	121643.0	122152.0
1784	121611.0	122375.0
1785	122177.0	121768.0
1786	121550.0	122525.0
1787	122388.0	122545.0
1788	121170.0	122637.0
1789	121478.0	121695.0
1790	121828.0	122825.0
1791	121546.0	123020.0
1792	121979.0	122072.0
1793	120714.0	122762.0
1794	121723.0	122302.0
1795	121907.0	122288.0
1796	121534.0	122139.0
1797	121346.0	122806.0
1798	122002.0	122317.0
1799	122264.0	122372.0
1800	121809.0	121555.0
1801	122046.0	122002.0
1802	121874.0	122470.0
1803	122320.0	122106.0
1804	122128.0	122701.0
1805	122262.0	122391.0
1806	121654.0	122958.0
1807	121936.0	122675.0
1808	122467.0	122583.0
1809	122057.0	122422.0
1810	121796.0	122276.0
1811	122101.0	122530.0
1812	122033.0	122798.0
1813	122034.0	122341.0
1814	121520.0	122056.0
1815	121598.0	122781.0
1816	121167.0	122220.0
1817	122202.0	121926.0
1818	122071.0	122434.0
1819	122030.0	122288.0
1820	121779.0	122186.0
1821	122050.0	122322.0
1822	121171.0	122304.0
1823	121677.0	122229.0
1824	121654.0	122388.0
1825	121836.0	122381.0
1826	122103.0	122506.0
1827	121228.0	122079.0
1828	121702.0	121958.0
1829	122210.0	122838.0
1830	121542.0	122336.0
1831	121796.0	122386.0
1832	122107.0	121893.0
1833	122184.0	122858.0
1834	121657.0	122631.0
1835	121760.0	122187.0
1836	122151.0	122166.0
1837	121686.0	122732.0
1838	121739.0	122761.0
1839	121842.0	122291.0
1840	122070.0	122182.0
1841	121841.0	122782.0
1842	122362.0	122806.0
1843	121990.0	122212.0
1844	122272.0	122108.0
1845	122027.0	122318.0
1846	121847.0	122118.0
1847	121374.0	122686.0
1848	121679.0	122491.0
1849	122319.0	122408.0
1850	122383.0	122531.0
1851	121210.0	122710.0
1852	121113.0	122520.0
1853	121832.0	122712.0
1854	122285.0	122455.0
1855	121763.0	122898.0
1856	122155.0	122140.0
1857	122426.0	122177.0
1858	121901.0	122016.0
1859	122054.0	122034.0
1860	121981.0	122665.0
1861	121848.0	122448.0
1862	121746.0	122465.0
1863	121609.0	122680.0
1864	121648.0	122573.0
1865	121925.0	123117.0
1866	121999.0	121920.0
1867	121951.0	122029.0
1868	122165.0	121984.0
1869	121759.0	122210.0
1870	121094.0	121782.0
1871	121478.0	122405.0
1872	121298.0	122602.0
1873	121601.0	122289.0
1874	121816.0	121597.0
1875	122175.0	121807.0
1876	121921.0	121797.0
1877	121881.0	121822.0
1878	121313.0	121733.0
1879	122394.0	121606.0
1880	121803.0	121999.0
1881	121961.0	122607.0
1882	121432.0	121753.0
1883	121937.0	121807.0
1884	121831.0	121666.0
1885	121312.0	122159.0
1886	122683.0	122030.0
1887	122485.0	122121.0
1888	121914.0	122166.0
1889	121681.0	122632.0
1890	121570.0	121961.0
1891	121866.0	122823.0
1892	121446.0	122550.0
1893	122135.0	121753.0
1894	121675.0	121436.0
1895	121272.0	121887.0
1896	122125.0	122198.0
1897	121420.0	121975.0
1898	121742.0	122142.0
1899	121758.0	121827.0
1900	121501.0	121789.0
1901	121500.0	121893.0
1902	121247.0	122152.0
1903	121437.0	122073.0
1904	121182.0	121373.0
1905	121602.0	121554.0
1906	121163.0	121738.0
1907	121552.0	121598.0
1908	121836.0	121755.0
1909	121660.0	121729.0
1910	121369.0	121821.0
1911	121389.0	121572.0
1912	121313.0	122170.0
1913	121695.0	121696.0
1914	121704.0	122430.0
1915	121629.0	121541.0
1916	122267.0	121927.0
1917	121259.0	122151.0
1918	121737.0	122320.0
1919	121457.0	121817.0
1920	121498.0	122189.0
1921	121755.0	121694.0
1922	121804.0	121776.0
1923	121464.0	121907.0
1924	121068.0	121875.0
1925	121113.0	121981.0
1926	121579.0	122238.0
1927	121711.0	122039.0
1928	121621.0	121961.0
1929	121387.0	121833.0
1930	121406.0	121449.0
1931	121828.0	121511.0
1932	121434.0	121589.0
1933	120933.0	121802.0
1934	121881.0	122208.0
1935	121341.0	122399.0
1936	120619.0	121533.0
1937	121539.0	121774.0
1938	121669.0	121870.0
1939	121871.0	122035.0
1940	121811.0	122044.0
1941	121639.0	121801.0
1942	121458.0	122064.0
1943	121580.0	121989.0
1944	121180.0	121980.0
1945	121570.0	121253.0
1946	121347.0	121773.0
1947	121195.0	121641.0
1948	121750.0	121617.0
1949	121279.0	121851.0
1950	121861.0	121754.0
1951	121800.0	121862.0
1952	121270.0	122307.0
1953	121951.0	122132.0
1954	121778.0	122017.0
1955	121243.0	122257.0
1956	121662.0	121880.0
1957	121369.0	121806.0
1958	121369.0	121921.0
1959	122011.0	121873.0
1960	122012.0	121630.0
1961	121898.0	121585.0
1962	121994.0	121586.0
1963	121649.0	122453.0
1964	120941.0	122050.0
1965	121299.0	121798.0
1966	121182.0	121833.0
1967	121447.0	121377.0
1968	121442.0	121621.0
1969	121442.0	122045.0
1970	121437.0	122119.0
1971	121522.0	122003.0
1972	121026.0	122250.0
1973	121688.0	121804.0
1974	122023.0	121667.0
1975	121455.0	122049.0
1976	121766.0	122274.0
1977	122078.0	122011.0
1978	121624.0	121803.0
1979	121699.0	121878.0
1980	122174.0	122164.0
1981	121161.0	122206.0
1982	121748.0	122170.0
1983	121316.0	121510.0
1984	121675.0	121248.0
1985	121163.0	122112.0
1986	121501.0	122080.0
1987	121072.0	121568.0
1988	121530.0	121879.0
1989	121783.0	122288.0
1990	121592.0	122336.0
1991	120677.0	122107.0
1992	121698.0	122562.0
1993	121062.0	121647.0
1994	121573.0	121702.0
1995	121552.0	121987.0
1996	121564.0	121702.0
1997	121563.0	122076.0
1998	121277.0	121463.0
1999	122321.0	121726.0
