Distance in bp(Fragment Length Estimate: 132)(Peak Width Estimate: 132)	Same Strand (+ for Watson strand, - for Crick)	Opposite Strand
-2000	123121.0	122499.0
-1999	122993.0	122617.0
-1998	122693.0	122775.0
-1997	122275.0	122494.0
-1996	123056.0	122544.0
-1995	123764.0	122553.0
-1994	123080.0	122442.0
-1993	123420.0	122368.0
-1992	122918.0	122556.0
-1991	123353.0	122745.0
-1990	122707.0	122719.0
-1989	122692.0	122995.0
-1988	122846.0	122456.0
-1987	122726.0	122646.0
-1986	123488.0	122400.0
-1985	122946.0	122942.0
-1984	122791.0	122413.0
-1983	123033.0	122705.0
-1982	123260.0	122688.0
-1981	123082.0	123575.0
-1980	123020.0	122773.0
-1979	123081.0	122639.0
-1978	122995.0	123165.0
-1977	122994.0	122988.0
-1976	122710.0	122918.0
-1975	122990.0	122537.0
-1974	123044.0	122408.0
-1973	122271.0	122296.0
-1972	122681.0	123054.0
-1971	123249.0	123658.0
-1970	122948.0	122841.0
-1969	123052.0	122604.0
-1968	122932.0	123195.0
-1967	123300.0	122882.0
-1966	123217.0	122436.0
-1965	122682.0	122830.0
-1964	122455.0	122669.0
-1963	123014.0	123125.0
-1962	123017.0	122511.0
-1961	122947.0	122712.0
-1960	123191.0	123227.0
-1959	123397.0	122690.0
-1958	123353.0	122432.0
-1957	122584.0	122399.0
-1956	122906.0	122460.0
-1955	122616.0	123070.0
-1954	122856.0	123265.0
-1953	123249.0	122610.0
-1952	122642.0	123097.0
-1951	123225.0	122396.0
-1950	122838.0	123158.0
-1949	122891.0	122474.0
-1948	122704.0	122517.0
-1947	123157.0	122327.0
-1946	122965.0	121959.0
-1945	123091.0	122867.0
-1944	123027.0	122296.0
-1943	122131.0	122826.0
-1942	123085.0	123344.0
-1941	122921.0	122605.0
-1940	122873.0	122483.0
-1939	122917.0	122773.0
-1938	123291.0	123046.0
-1937	123140.0	122108.0
-1936	123201.0	122439.0
-1935	122997.0	122805.0
-1934	122440.0	122618.0
-1933	122814.0	122533.0
-1932	122455.0	123184.0
-1931	123169.0	122703.0
-1930	123050.0	122643.0
-1929	123799.0	122881.0
-1928	122174.0	122571.0
-1927	122551.0	122762.0
-1926	123427.0	123542.0
-1925	122527.0	122675.0
-1924	122272.0	123021.0
-1923	122891.0	122820.0
-1922	122943.0	123045.0
-1921	123062.0	122420.0
-1920	123567.0	123002.0
-1919	123580.0	123742.0
-1918	122926.0	122486.0
-1917	123281.0	122740.0
-1916	123143.0	122819.0
-1915	123421.0	123126.0
-1914	122712.0	123553.0
-1913	123021.0	123127.0
-1912	123129.0	122903.0
-1911	122837.0	123422.0
-1910	122884.0	122799.0
-1909	122846.0	123003.0
-1908	122607.0	122677.0
-1907	122348.0	122647.0
-1906	122707.0	123516.0
-1905	123216.0	122447.0
-1904	122909.0	122668.0
-1903	122894.0	123431.0
-1902	123724.0	123217.0
-1901	122981.0	122251.0
-1900	123703.0	122536.0
-1899	122595.0	122993.0
-1898	122484.0	122362.0
-1897	122542.0	122669.0
-1896	123207.0	123162.0
-1895	123019.0	123271.0
-1894	122925.0	123560.0
-1893	123082.0	123071.0
-1892	122770.0	122298.0
-1891	123634.0	123324.0
-1890	123089.0	123152.0
-1889	123139.0	123166.0
-1888	122839.0	122344.0
-1887	123395.0	123073.0
-1886	123204.0	122699.0
-1885	122870.0	122619.0
-1884	123722.0	123159.0
-1883	123017.0	122754.0
-1882	123645.0	122510.0
-1881	123412.0	123611.0
-1880	123118.0	122510.0
-1879	122978.0	122887.0
-1878	122924.0	122856.0
-1877	122732.0	122702.0
-1876	122924.0	122881.0
-1875	122714.0	123458.0
-1874	123164.0	122254.0
-1873	122680.0	123044.0
-1872	122760.0	123163.0
-1871	123160.0	122433.0
-1870	123329.0	122911.0
-1869	122973.0	123010.0
-1868	122873.0	123189.0
-1867	122846.0	122588.0
-1866	123096.0	122929.0
-1865	123153.0	122997.0
-1864	123133.0	123441.0
-1863	123194.0	123541.0
-1862	123565.0	122847.0
-1861	122858.0	122650.0
-1860	123178.0	122985.0
-1859	122934.0	122772.0
-1858	123084.0	123072.0
-1857	123131.0	122881.0
-1856	122595.0	122823.0
-1855	123056.0	123851.0
-1854	122971.0	122196.0
-1853	122868.0	122694.0
-1852	123724.0	122651.0
-1851	122847.0	122785.0
-1850	122749.0	122408.0
-1849	123257.0	123043.0
-1848	123564.0	122972.0
-1847	122401.0	122757.0
-1846	123284.0	123018.0
-1845	123430.0	123097.0
-1844	123051.0	122629.0
-1843	122186.0	122986.0
-1842	122859.0	122949.0
-1841	122314.0	123349.0
-1840	123111.0	123267.0
-1839	123781.0	122985.0
-1838	123342.0	122645.0
-1837	123001.0	123554.0
-1836	123128.0	123550.0
-1835	123315.0	122446.0
-1834	122718.0	123084.0
-1833	122850.0	123069.0
-1832	122811.0	122654.0
-1831	122871.0	123505.0
-1830	122809.0	122695.0
-1829	123008.0	122198.0
-1828	123018.0	123133.0
-1827	123384.0	123403.0
-1826	122960.0	122823.0
-1825	122930.0	123323.0
-1824	123022.0	122922.0
-1823	123393.0	122030.0
-1822	122869.0	122727.0
-1821	122656.0	123083.0
-1820	123184.0	122684.0
-1819	122837.0	122969.0
-1818	123279.0	122563.0
-1817	123551.0	122967.0
-1816	123054.0	123088.0
-1815	123409.0	122471.0
-1814	123139.0	122507.0
-1813	123498.0	123224.0
-1812	122529.0	123457.0
-1811	122915.0	123045.0
-1810	122842.0	123122.0
-1809	123401.0	122793.0
-1808	122969.0	122635.0
-1807	123856.0	123033.0
-1806	123389.0	122898.0
-1805	123058.0	122422.0
-1804	122956.0	122722.0
-1803	122731.0	123098.0
-1802	122145.0	123070.0
-1801	122925.0	122791.0
-1800	123300.0	123902.0
-1799	123072.0	123260.0
-1798	122820.0	123260.0
-1797	123040.0	123105.0
-1796	123228.0	122938.0
-1795	122996.0	122894.0
-1794	123493.0	122846.0
-1793	123255.0	122839.0
-1792	123343.0	123142.0
-1791	123422.0	122592.0
-1790	123190.0	123305.0
-1789	122811.0	123580.0
-1788	122775.0	123330.0
-1787	122921.0	123442.0
-1786	122799.0	123191.0
-1785	123100.0	123229.0
-1784	122918.0	123090.0
-1783	122916.0	123180.0
-1782	122912.0	123165.0
-1781	123040.0	123006.0
-1780	123144.0	123539.0
-1779	123255.0	123483.0
-1778	122810.0	122906.0
-1777	123212.0	123202.0
-1776	123090.0	123490.0
-1775	123067.0	122336.0
-1774	123174.0	123082.0
-1773	123148.0	123150.0
-1772	123248.0	123575.0
-1771	123115.0	123537.0
-1770	123265.0	122827.0
-1769	123030.0	123498.0
-1768	123055.0	123301.0
-1767	123151.0	122932.0
-1766	123385.0	122870.0
-1765	123332.0	123439.0
-1764	123097.0	122626.0
-1763	123326.0	122770.0
-1762	123446.0	122942.0
-1761	123366.0	122897.0
-1760	123477.0	123123.0
-1759	122895.0	122875.0
-1758	123272.0	122506.0
-1757	122954.0	123846.0
-1756	123163.0	123372.0
-1755	123431.0	123512.0
-1754	123155.0	123282.0
-1753	122817.0	123047.0
-1752	122862.0	123361.0
-1751	122478.0	123136.0
-1750	123113.0	123228.0
-1749	123186.0	124068.0
-1748	123222.0	123461.0
-1747	123455.0	122988.0
-1746	122766.0	123102.0
-1745	122858.0	123246.0
-1744	122390.0	123355.0
-1743	123696.0	123234.0
-1742	123258.0	122830.0
-1741	123272.0	123247.0
-1740	123121.0	123215.0
-1739	123058.0	123127.0
-1738	122870.0	122616.0
-1737	123052.0	123222.0
-1736	123036.0	123034.0
-1735	122983.0	123382.0
-1734	123609.0	123466.0
-1733	122790.0	123084.0
-1732	123683.0	123315.0
-1731	122999.0	123293.0
-1730	123406.0	123511.0
-1729	123082.0	123464.0
-1728	122941.0	123499.0
-1727	124053.0	122924.0
-1726	123371.0	123373.0
-1725	123805.0	122947.0
-1724	123855.0	123004.0
-1723	124351.0	123526.0
-1722	123412.0	122964.0
-1721	122967.0	122670.0
-1720	123416.0	123483.0
-1719	123231.0	123417.0
-1718	123199.0	123293.0
-1717	122904.0	122767.0
-1716	123261.0	123684.0
-1715	123061.0	123061.0
-1714	123339.0	123371.0
-1713	123656.0	123147.0
-1712	123986.0	123179.0
-1711	122570.0	122648.0
-1710	123359.0	123136.0
-1709	122936.0	123156.0
-1708	123302.0	123836.0
-1707	123590.0	123467.0
-1706	123253.0	123636.0
-1705	123545.0	122619.0
-1704	123350.0	122833.0
-1703	123102.0	122969.0
-1702	123185.0	123126.0
-1701	123034.0	123516.0
-1700	123693.0	123552.0
-1699	123084.0	123664.0
-1698	123955.0	123394.0
-1697	123623.0	123470.0
-1696	123769.0	122727.0
-1695	123446.0	123458.0
-1694	123311.0	123664.0
-1693	123733.0	122470.0
-1692	123542.0	122831.0
-1691	123611.0	123390.0
-1690	123577.0	123239.0
-1689	123584.0	122992.0
-1688	123000.0	123219.0
-1687	123084.0	123264.0
-1686	123643.0	123587.0
-1685	123211.0	122622.0
-1684	123366.0	122788.0
-1683	124045.0	123274.0
-1682	123156.0	123148.0
-1681	123465.0	123346.0
-1680	123529.0	122925.0
-1679	123204.0	123019.0
-1678	123223.0	122988.0
-1677	123508.0	123018.0
-1676	123810.0	123375.0
-1675	122808.0	123051.0
-1674	122601.0	123253.0
-1673	123283.0	123516.0
-1672	123387.0	123158.0
-1671	123521.0	123214.0
-1670	123927.0	122917.0
-1669	123554.0	123024.0
-1668	123590.0	122866.0
-1667	123699.0	123290.0
-1666	122998.0	123564.0
-1665	123185.0	123020.0
-1664	123717.0	122668.0
-1663	122763.0	123093.0
-1662	123542.0	123770.0
-1661	122799.0	122434.0
-1660	123093.0	123256.0
-1659	123706.0	123736.0
-1658	123770.0	122949.0
-1657	123174.0	123010.0
-1656	123616.0	123231.0
-1655	122947.0	122652.0
-1654	123106.0	123254.0
-1653	123159.0	123192.0
-1652	122484.0	123343.0
-1651	122668.0	123304.0
-1650	123194.0	123427.0
-1649	122583.0	122973.0
-1648	122931.0	123530.0
-1647	123356.0	123170.0
-1646	123371.0	122860.0
-1645	123542.0	122793.0
-1644	122970.0	123602.0
-1643	123259.0	122967.0
-1642	123428.0	122699.0
-1641	123064.0	123250.0
-1640	123650.0	123253.0
-1639	123539.0	123215.0
-1638	123261.0	123417.0
-1637	123032.0	123354.0
-1636	123117.0	123438.0
-1635	123826.0	123251.0
-1634	123090.0	123177.0
-1633	122998.0	123213.0
-1632	123605.0	123870.0
-1631	123099.0	123499.0
-1630	122834.0	123407.0
-1629	123560.0	123463.0
-1628	123479.0	122522.0
-1627	123607.0	122920.0
-1626	123754.0	123149.0
-1625	123052.0	122958.0
-1624	123304.0	123303.0
-1623	123375.0	123196.0
-1622	123206.0	122951.0
-1621	122986.0	122971.0
-1620	123357.0	123719.0
-1619	123586.0	123449.0
-1618	123341.0	122713.0
-1617	123541.0	123502.0
-1616	122777.0	123048.0
-1615	123414.0	123246.0
-1614	124004.0	123758.0
-1613	123951.0	123006.0
-1612	123537.0	123119.0
-1611	123248.0	123162.0
-1610	123634.0	123743.0
-1609	123668.0	123303.0
-1608	123227.0	122848.0
-1607	122979.0	123689.0
-1606	123591.0	123432.0
-1605	123391.0	122786.0
-1604	123057.0	123809.0
-1603	122865.0	123471.0
-1602	123603.0	122925.0
-1601	122930.0	123035.0
-1600	123448.0	123140.0
-1599	122897.0	123474.0
-1598	123313.0	122828.0
-1597	123504.0	122937.0
-1596	122808.0	123035.0
-1595	123304.0	123179.0
-1594	123157.0	122813.0
-1593	123777.0	123582.0
-1592	122984.0	123490.0
-1591	123513.0	123277.0
-1590	123516.0	122712.0
-1589	122953.0	123368.0
-1588	123107.0	123131.0
-1587	123062.0	122964.0
-1586	123093.0	123415.0
-1585	122836.0	123714.0
-1584	123375.0	123791.0
-1583	123191.0	124004.0
-1582	123441.0	123329.0
-1581	123645.0	123158.0
-1580	123319.0	123384.0
-1579	123939.0	123217.0
-1578	123341.0	123455.0
-1577	123889.0	123392.0
-1576	123298.0	123120.0
-1575	123275.0	123686.0
-1574	123207.0	123403.0
-1573	122826.0	123739.0
-1572	123061.0	123824.0
-1571	123211.0	123614.0
-1570	123180.0	123951.0
-1569	123626.0	123679.0
-1568	123155.0	123510.0
-1567	123152.0	123653.0
-1566	123515.0	123609.0
-1565	123085.0	123095.0
-1564	123078.0	123489.0
-1563	123360.0	123645.0
-1562	123567.0	123533.0
-1561	123310.0	124122.0
-1560	123167.0	124170.0
-1559	123562.0	123498.0
-1558	123122.0	123237.0
-1557	123572.0	123318.0
-1556	123398.0	123199.0
-1555	123269.0	124179.0
-1554	124143.0	123704.0
-1553	123543.0	123420.0
-1552	123490.0	123489.0
-1551	123119.0	123415.0
-1550	122710.0	123774.0
-1549	123188.0	123799.0
-1548	123753.0	123748.0
-1547	122829.0	123169.0
-1546	123564.0	123192.0
-1545	123253.0	123556.0
-1544	123798.0	123435.0
-1543	123574.0	123180.0
-1542	123865.0	123990.0
-1541	123266.0	123714.0
-1540	122911.0	123794.0
-1539	123657.0	123456.0
-1538	123697.0	123242.0
-1537	123149.0	123785.0
-1536	123211.0	123782.0
-1535	123814.0	123120.0
-1534	123327.0	122780.0
-1533	123215.0	123627.0
-1532	122916.0	123432.0
-1531	123256.0	123377.0
-1530	123883.0	123814.0
-1529	124874.0	123470.0
-1528	123619.0	124104.0
-1527	123984.0	124072.0
-1526	123425.0	123711.0
-1525	123629.0	123661.0
-1524	123681.0	123410.0
-1523	124172.0	123217.0
-1522	123720.0	123225.0
-1521	123802.0	123448.0
-1520	123988.0	123072.0
-1519	123614.0	123399.0
-1518	123403.0	124118.0
-1517	123243.0	123587.0
-1516	123620.0	123195.0
-1515	123224.0	123803.0
-1514	123239.0	123121.0
-1513	123804.0	123465.0
-1512	123818.0	123273.0
-1511	124182.0	123505.0
-1510	124009.0	123769.0
-1509	123465.0	123465.0
-1508	123884.0	123558.0
-1507	123981.0	123100.0
-1506	123933.0	123485.0
-1505	123504.0	123779.0
-1504	123710.0	123353.0
-1503	124032.0	123197.0
-1502	123434.0	123284.0
-1501	123774.0	122952.0
-1500	123716.0	122864.0
-1499	123715.0	123217.0
-1498	123951.0	122977.0
-1497	123627.0	123139.0
-1496	123718.0	123581.0
-1495	123291.0	123935.0
-1494	124080.0	123714.0
-1493	123555.0	123448.0
-1492	123738.0	123418.0
-1491	123587.0	123208.0
-1490	123568.0	123184.0
-1489	123711.0	123528.0
-1488	123278.0	123177.0
-1487	123196.0	123549.0
-1486	122815.0	123962.0
-1485	123603.0	124147.0
-1484	123521.0	123387.0
-1483	123960.0	123538.0
-1482	123926.0	123399.0
-1481	123744.0	123419.0
-1480	123242.0	123466.0
-1479	123077.0	123811.0
-1478	123598.0	123152.0
-1477	123738.0	122838.0
-1476	123491.0	123186.0
-1475	123300.0	122733.0
-1474	123178.0	123147.0
-1473	122994.0	123314.0
-1472	123051.0	123202.0
-1471	123488.0	123889.0
-1470	123868.0	123816.0
-1469	123675.0	123502.0
-1468	123665.0	123606.0
-1467	123726.0	123533.0
-1466	123892.0	123069.0
-1465	124137.0	123310.0
-1464	123295.0	123521.0
-1463	123810.0	123368.0
-1462	123282.0	123324.0
-1461	123364.0	123980.0
-1460	123377.0	123472.0
-1459	123782.0	123821.0
-1458	123249.0	123395.0
-1457	122857.0	123308.0
-1456	123835.0	123830.0
-1455	123994.0	122950.0
-1454	123780.0	123603.0
-1453	123094.0	123102.0
-1452	123764.0	123063.0
-1451	123332.0	123307.0
-1450	123554.0	123719.0
-1449	123852.0	123360.0
-1448	124104.0	123225.0
-1447	123192.0	123283.0
-1446	123417.0	123210.0
-1445	123438.0	123441.0
-1444	123362.0	123515.0
-1443	123502.0	123449.0
-1442	122979.0	123781.0
-1441	123546.0	124295.0
-1440	123678.0	123392.0
-1439	122736.0	123429.0
-1438	123562.0	123695.0
-1437	123607.0	123537.0
-1436	123215.0	123799.0
-1435	122796.0	123503.0
-1434	123771.0	123330.0
-1433	123429.0	122981.0
-1432	123367.0	122610.0
-1431	123699.0	123386.0
-1430	123229.0	123648.0
-1429	123588.0	123503.0
-1428	123286.0	123441.0
-1427	123841.0	123203.0
-1426	123820.0	123470.0
-1425	124297.0	123451.0
-1424	123292.0	123221.0
-1423	123774.0	123399.0
-1422	123531.0	123304.0
-1421	123122.0	123116.0
-1420	123527.0	123759.0
-1419	124129.0	124001.0
-1418	123038.0	123298.0
-1417	123595.0	123375.0
-1416	123975.0	123284.0
-1415	123334.0	123363.0
-1414	123280.0	123395.0
-1413	123536.0	122872.0
-1412	123561.0	123631.0
-1411	123639.0	123792.0
-1410	123787.0	123404.0
-1409	123385.0	123704.0
-1408	122610.0	123704.0
-1407	123269.0	123612.0
-1406	123773.0	123822.0
-1405	123628.0	123792.0
-1404	124158.0	124150.0
-1403	124054.0	123448.0
-1402	123812.0	124106.0
-1401	123949.0	123484.0
-1400	123666.0	123627.0
-1399	123612.0	123587.0
-1398	123733.0	123171.0
-1397	123225.0	123562.0
-1396	123073.0	123568.0
-1395	123264.0	123543.0
-1394	124004.0	123024.0
-1393	123890.0	123197.0
-1392	124019.0	123574.0
-1391	123568.0	123525.0
-1390	123291.0	123476.0
-1389	123841.0	124126.0
-1388	123476.0	123671.0
-1387	123406.0	123754.0
-1386	123450.0	123996.0
-1385	123771.0	123962.0
-1384	123573.0	122953.0
-1383	123537.0	123019.0
-1382	123833.0	123246.0
-1381	122958.0	123514.0
-1380	123568.0	123994.0
-1379	123698.0	123613.0
-1378	123338.0	123555.0
-1377	123961.0	123718.0
-1376	123673.0	123883.0
-1375	124154.0	122887.0
-1374	124093.0	123442.0
-1373	123291.0	123578.0
-1372	123989.0	123941.0
-1371	124175.0	123503.0
-1370	123729.0	123518.0
-1369	123601.0	123145.0
-1368	123666.0	123904.0
-1367	123681.0	123695.0
-1366	123391.0	123303.0
-1365	123701.0	124346.0
-1364	123641.0	123772.0
-1363	124429.0	123390.0
-1362	123758.0	123688.0
-1361	123893.0	123382.0
-1360	123716.0	123689.0
-1359	123393.0	124006.0
-1358	123910.0	123853.0
-1357	123595.0	124294.0
-1356	124041.0	124015.0
-1355	123421.0	124005.0
-1354	123507.0	123679.0
-1353	124078.0	123605.0
-1352	124107.0	123367.0
-1351	123604.0	123748.0
-1350	123966.0	123841.0
-1349	124583.0	123583.0
-1348	124181.0	123734.0
-1347	123677.0	123878.0
-1346	123076.0	123774.0
-1345	123907.0	122857.0
-1344	124682.0	124287.0
-1343	124357.0	123254.0
-1342	123665.0	123926.0
-1341	124185.0	124045.0
-1340	124131.0	123544.0
-1339	123746.0	124013.0
-1338	124570.0	123525.0
-1337	124135.0	123832.0
-1336	123989.0	123613.0
-1335	124084.0	124139.0
-1334	123533.0	122947.0
-1333	123823.0	122969.0
-1332	124322.0	123992.0
-1331	123951.0	123650.0
-1330	124391.0	123807.0
-1329	124002.0	124658.0
-1328	124019.0	123641.0
-1327	123923.0	123813.0
-1326	123351.0	123647.0
-1325	123514.0	124450.0
-1324	124492.0	123413.0
-1323	124322.0	123475.0
-1322	123720.0	123914.0
-1321	124106.0	123492.0
-1320	124531.0	122989.0
-1319	123998.0	123400.0
-1318	124599.0	123444.0
-1317	123876.0	123336.0
-1316	123536.0	123562.0
-1315	124180.0	123964.0
-1314	124202.0	123959.0
-1313	123982.0	123747.0
-1312	123843.0	122624.0
-1311	124339.0	124012.0
-1310	123867.0	123644.0
-1309	124513.0	123931.0
-1308	124515.0	123732.0
-1307	124416.0	123260.0
-1306	124494.0	123940.0
-1305	124296.0	123936.0
-1304	123994.0	123773.0
-1303	123990.0	123687.0
-1302	124106.0	123848.0
-1301	123726.0	124067.0
-1300	124127.0	123393.0
-1299	124174.0	123999.0
-1298	123592.0	123367.0
-1297	124136.0	123346.0
-1296	124412.0	123918.0
-1295	123372.0	123635.0
-1294	124510.0	123640.0
-1293	124150.0	124216.0
-1292	124170.0	123265.0
-1291	124120.0	123423.0
-1290	124334.0	123721.0
-1289	124138.0	123393.0
-1288	123672.0	123521.0
-1287	124389.0	123510.0
-1286	123876.0	123251.0
-1285	123936.0	123315.0
-1284	123857.0	123386.0
-1283	124307.0	123094.0
-1282	123712.0	123460.0
-1281	123965.0	124196.0
-1280	123378.0	122738.0
-1279	124006.0	123307.0
-1278	123562.0	123848.0
-1277	123855.0	123256.0
-1276	123289.0	123735.0
-1275	124168.0	123099.0
-1274	123653.0	123402.0
-1273	124001.0	124610.0
-1272	123972.0	123726.0
-1271	124242.0	123146.0
-1270	123709.0	123638.0
-1269	123715.0	123352.0
-1268	123458.0	123198.0
-1267	123763.0	123567.0
-1266	124423.0	123375.0
-1265	123872.0	123270.0
-1264	123777.0	123650.0
-1263	123810.0	123774.0
-1262	123910.0	123781.0
-1261	123983.0	123558.0
-1260	123872.0	123704.0
-1259	123800.0	122981.0
-1258	123381.0	123794.0
-1257	123783.0	124027.0
-1256	124176.0	123106.0
-1255	123554.0	123673.0
-1254	124062.0	124170.0
-1253	123526.0	123720.0
-1252	123820.0	123788.0
-1251	124862.0	123880.0
-1250	123841.0	123447.0
-1249	123343.0	123868.0
-1248	124308.0	123544.0
-1247	124553.0	123714.0
-1246	123929.0	123592.0
-1245	123660.0	123234.0
-1244	123300.0	123291.0
-1243	123785.0	123970.0
-1242	124219.0	123981.0
-1241	123360.0	123625.0
-1240	123402.0	123569.0
-1239	123829.0	124231.0
-1238	124007.0	123725.0
-1237	123604.0	124170.0
-1236	123448.0	123359.0
-1235	123867.0	123903.0
-1234	123693.0	124600.0
-1233	123438.0	124100.0
-1232	123357.0	123470.0
-1231	123579.0	124097.0
-1230	123851.0	123718.0
-1229	123469.0	124491.0
-1228	123729.0	123844.0
-1227	123896.0	124540.0
-1226	123959.0	123908.0
-1225	124105.0	124120.0
-1224	123818.0	124472.0
-1223	124010.0	124587.0
-1222	123591.0	124269.0
-1221	124035.0	124022.0
-1220	123227.0	124296.0
-1219	123539.0	124114.0
-1218	123703.0	123780.0
-1217	123543.0	123742.0
-1216	123386.0	123148.0
-1215	123808.0	123932.0
-1214	123409.0	123646.0
-1213	123563.0	124981.0
-1212	123955.0	124520.0
-1211	123762.0	123562.0
-1210	123668.0	124221.0
-1209	124301.0	124223.0
-1208	124178.0	123940.0
-1207	124099.0	123894.0
-1206	123918.0	123918.0
-1205	123040.0	124039.0
-1204	124435.0	124089.0
-1203	123684.0	124099.0
-1202	123837.0	124004.0
-1201	123829.0	124410.0
-1200	123463.0	123775.0
-1199	123958.0	123885.0
-1198	123343.0	124103.0
-1197	123956.0	124532.0
-1196	123203.0	123817.0
-1195	123295.0	124044.0
-1194	124392.0	124249.0
-1193	124041.0	124448.0
-1192	123141.0	123997.0
-1191	123860.0	123874.0
-1190	124378.0	124396.0
-1189	124187.0	124769.0
-1188	124227.0	124100.0
-1187	123963.0	124101.0
-1186	123966.0	124311.0
-1185	123863.0	124973.0
-1184	124258.0	124133.0
-1183	124452.0	123810.0
-1182	124430.0	124827.0
-1181	124045.0	123781.0
-1180	123546.0	124567.0
-1179	124152.0	124395.0
-1178	124278.0	123806.0
-1177	123705.0	124417.0
-1176	124281.0	124525.0
-1175	124298.0	123999.0
-1174	124071.0	124753.0
-1173	124089.0	123940.0
-1172	124075.0	123917.0
-1171	124242.0	124222.0
-1170	124682.0	124466.0
-1169	123921.0	124257.0
-1168	124151.0	124475.0
-1167	123755.0	124417.0
-1166	124667.0	124329.0
-1165	124170.0	124425.0
-1164	124913.0	124064.0
-1163	124000.0	124389.0
-1162	124362.0	124129.0
-1161	124797.0	124027.0
-1160	123991.0	123380.0
-1159	124187.0	124592.0
-1158	124890.0	124182.0
-1157	124013.0	124248.0
-1156	124218.0	123881.0
-1155	124783.0	124264.0
-1154	124538.0	124077.0
-1153	124498.0	123744.0
-1152	124936.0	124352.0
-1151	124574.0	124620.0
-1150	124616.0	123964.0
-1149	125259.0	123877.0
-1148	124593.0	123929.0
-1147	124757.0	124213.0
-1146	124788.0	124166.0
-1145	124522.0	124167.0
-1144	124465.0	124309.0
-1143	124362.0	123926.0
-1142	124540.0	124407.0
-1141	124224.0	123848.0
-1140	124844.0	124609.0
-1139	124549.0	124150.0
-1138	124527.0	124329.0
-1137	124147.0	124865.0
-1136	124541.0	123685.0
-1135	124580.0	124665.0
-1134	124194.0	124012.0
-1133	124294.0	123870.0
-1132	124457.0	124284.0
-1131	125069.0	123780.0
-1130	124103.0	124617.0
-1129	124726.0	124008.0
-1128	124399.0	124009.0
-1127	124551.0	124321.0
-1126	124675.0	124257.0
-1125	124045.0	124172.0
-1124	124281.0	123822.0
-1123	124720.0	124599.0
-1122	125164.0	124349.0
-1121	124448.0	123839.0
-1120	123769.0	123776.0
-1119	124330.0	124344.0
-1118	125252.0	123893.0
-1117	124641.0	124073.0
-1116	125488.0	124214.0
-1115	124220.0	124609.0
-1114	124176.0	124161.0
-1113	124574.0	124156.0
-1112	125116.0	123672.0
-1111	125435.0	123678.0
-1110	124958.0	123947.0
-1109	124353.0	123753.0
-1108	124570.0	124033.0
-1107	125026.0	124009.0
-1106	124454.0	123588.0
-1105	124590.0	124069.0
-1104	125037.0	124171.0
-1103	124695.0	123498.0
-1102	124339.0	123699.0
-1101	124175.0	123992.0
-1100	125072.0	124333.0
-1099	125032.0	123873.0
-1098	124509.0	123275.0
-1097	124091.0	123608.0
-1096	124973.0	123803.0
-1095	124540.0	123803.0
-1094	124712.0	123658.0
-1093	124357.0	124419.0
-1092	124540.0	123875.0
-1091	124137.0	122744.0
-1090	124337.0	123528.0
-1089	125036.0	123746.0
-1088	124573.0	124011.0
-1087	124535.0	123823.0
-1086	124802.0	123423.0
-1085	124708.0	123967.0
-1084	124545.0	123571.0
-1083	124637.0	123461.0
-1082	124588.0	124034.0
-1081	124557.0	123228.0
-1080	124868.0	123473.0
-1079	124044.0	123339.0
-1078	124275.0	123650.0
-1077	124729.0	124591.0
-1076	123824.0	123663.0
-1075	124518.0	123834.0
-1074	124463.0	124145.0
-1073	123836.0	123321.0
-1072	124125.0	123460.0
-1071	123798.0	124105.0
-1070	123557.0	123938.0
-1069	124477.0	123862.0
-1068	124343.0	123644.0
-1067	124333.0	123420.0
-1066	124343.0	123959.0
-1065	124379.0	123765.0
-1064	124176.0	124165.0
-1063	123878.0	124399.0
-1062	123928.0	123783.0
-1061	124214.0	124360.0
-1060	124144.0	124227.0
-1059	124493.0	124123.0
-1058	124213.0	123808.0
-1057	124244.0	124495.0
-1056	124110.0	124216.0
-1055	124268.0	123862.0
-1054	124026.0	124052.0
-1053	123702.0	124191.0
-1052	124399.0	123792.0
-1051	124030.0	123846.0
-1050	123739.0	123926.0
-1049	123942.0	123481.0
-1048	123818.0	124729.0
-1047	123835.0	124026.0
-1046	124745.0	123704.0
-1045	123839.0	124162.0
-1044	124509.0	124576.0
-1043	124193.0	123784.0
-1042	124176.0	124454.0
-1041	123897.0	124382.0
-1040	124253.0	123753.0
-1039	124131.0	124235.0
-1038	124341.0	124381.0
-1037	123459.0	123657.0
-1036	123633.0	124070.0
-1035	124169.0	124592.0
-1034	123390.0	123734.0
-1033	123969.0	124762.0
-1032	123672.0	124854.0
-1031	123857.0	123979.0
-1030	124074.0	124046.0
-1029	123620.0	124139.0
-1028	123840.0	123757.0
-1027	124152.0	124540.0
-1026	124279.0	124267.0
-1025	123401.0	124368.0
-1024	123495.0	124374.0
-1023	124334.0	124620.0
-1022	123587.0	124567.0
-1021	124011.0	124112.0
-1020	124490.0	124468.0
-1019	124506.0	124428.0
-1018	125055.0	124492.0
-1017	124346.0	124608.0
-1016	124058.0	124393.0
-1015	124263.0	124547.0
-1014	124453.0	124369.0
-1013	123840.0	123923.0
-1012	124577.0	124833.0
-1011	124993.0	125127.0
-1010	124065.0	124007.0
-1009	124106.0	124702.0
-1008	123709.0	124756.0
-1007	123754.0	124257.0
-1006	124066.0	124259.0
-1005	124389.0	125281.0
-1004	124079.0	124567.0
-1003	124149.0	124677.0
-1002	124491.0	124586.0
-1001	124280.0	123572.0
-1000	124171.0	124264.0
-999	124720.0	124454.0
-998	124173.0	124895.0
-997	124232.0	124201.0
-996	124319.0	125036.0
-995	124599.0	124072.0
-994	124750.0	124933.0
-993	125047.0	124493.0
-992	123631.0	124442.0
-991	124471.0	124961.0
-990	124557.0	124696.0
-989	123956.0	124552.0
-988	124462.0	125431.0
-987	124744.0	125037.0
-986	125223.0	124968.0
-985	124357.0	124618.0
-984	124021.0	125265.0
-983	124095.0	125045.0
-982	124484.0	124912.0
-981	124668.0	124084.0
-980	123888.0	124845.0
-979	123591.0	124970.0
-978	124938.0	124460.0
-977	124842.0	124697.0
-976	125143.0	124529.0
-975	124554.0	125035.0
-974	124390.0	125296.0
-973	124474.0	125173.0
-972	124487.0	125364.0
-971	124594.0	124261.0
-970	125001.0	124637.0
-969	124791.0	124575.0
-968	124762.0	124933.0
-967	125149.0	124459.0
-966	124987.0	124574.0
-965	124542.0	124969.0
-964	124608.0	124849.0
-963	125004.0	124678.0
-962	124987.0	124909.0
-961	125244.0	124961.0
-960	124899.0	124708.0
-959	124567.0	124822.0
-958	125079.0	124934.0
-957	125177.0	124311.0
-956	124659.0	124216.0
-955	124977.0	124729.0
-954	124869.0	124182.0
-953	125090.0	124324.0
-952	124842.0	124689.0
-951	125270.0	124713.0
-950	125365.0	124499.0
-949	124819.0	124356.0
-948	125177.0	124728.0
-947	124655.0	124205.0
-946	125008.0	124499.0
-945	124586.0	124563.0
-944	125380.0	124799.0
-943	125053.0	125267.0
-942	125078.0	125117.0
-941	124487.0	124066.0
-940	125121.0	124379.0
-939	125486.0	124650.0
-938	125230.0	124198.0
-937	124644.0	124352.0
-936	125160.0	123709.0
-935	125293.0	124373.0
-934	124683.0	124458.0
-933	125530.0	124524.0
-932	125934.0	124414.0
-931	125080.0	124817.0
-930	125464.0	125001.0
-929	125610.0	124776.0
-928	125206.0	124098.0
-927	125182.0	123918.0
-926	124724.0	124459.0
-925	124951.0	124002.0
-924	125245.0	124565.0
-923	124901.0	124111.0
-922	124691.0	124121.0
-921	125380.0	124510.0
-920	124821.0	124032.0
-919	125242.0	124562.0
-918	125482.0	123982.0
-917	124764.0	124325.0
-916	125135.0	123894.0
-915	125631.0	123759.0
-914	124745.0	123790.0
-913	124828.0	124268.0
-912	124464.0	123751.0
-911	124505.0	123644.0
-910	124926.0	124068.0
-909	125224.0	124036.0
-908	125083.0	124060.0
-907	125776.0	124214.0
-906	125274.0	123913.0
-905	124884.0	123550.0
-904	124223.0	123877.0
-903	125258.0	123947.0
-902	124991.0	123385.0
-901	125112.0	124314.0
-900	125719.0	123881.0
-899	124553.0	124326.0
-898	124046.0	124509.0
-897	125128.0	124682.0
-896	125330.0	124650.0
-895	125654.0	124802.0
-894	125493.0	124008.0
-893	125420.0	123962.0
-892	124428.0	123949.0
-891	124780.0	124186.0
-890	124810.0	123065.0
-889	124169.0	124379.0
-888	124428.0	124187.0
-887	124699.0	123584.0
-886	125129.0	123922.0
-885	124351.0	124214.0
-884	125135.0	123734.0
-883	124992.0	123702.0
-882	125340.0	123898.0
-881	124312.0	124149.0
-880	124729.0	123820.0
-879	124432.0	124001.0
-878	124101.0	124168.0
-877	124732.0	124659.0
-876	124431.0	124331.0
-875	124455.0	124287.0
-874	124612.0	123929.0
-873	124852.0	124507.0
-872	124658.0	123818.0
-871	124137.0	123703.0
-870	124331.0	124372.0
-869	124246.0	124456.0
-868	125007.0	123944.0
-867	124729.0	124946.0
-866	124354.0	123774.0
-865	124567.0	124925.0
-864	124758.0	124786.0
-863	124193.0	124066.0
-862	124157.0	124430.0
-861	124927.0	124505.0
-860	123870.0	124548.0
-859	124216.0	124654.0
-858	124198.0	124680.0
-857	123615.0	123920.0
-856	124524.0	124310.0
-855	124194.0	124186.0
-854	124720.0	124371.0
-853	123770.0	123964.0
-852	123972.0	124797.0
-851	124187.0	124529.0
-850	124431.0	124633.0
-849	124695.0	124891.0
-848	123782.0	124062.0
-847	124329.0	124913.0
-846	124720.0	125005.0
-845	124567.0	124632.0
-844	124453.0	124813.0
-843	123997.0	124884.0
-842	124171.0	124782.0
-841	124005.0	124948.0
-840	123799.0	124558.0
-839	123931.0	124512.0
-838	124227.0	124904.0
-837	124924.0	124587.0
-836	124378.0	124710.0
-835	124254.0	124936.0
-834	123821.0	124914.0
-833	123509.0	124895.0
-832	124124.0	124707.0
-831	124497.0	125342.0
-830	123848.0	124958.0
-829	124439.0	125048.0
-828	124129.0	124403.0
-827	124244.0	124754.0
-826	124277.0	125049.0
-825	124392.0	125164.0
-824	123793.0	125154.0
-823	124480.0	125352.0
-822	124454.0	124729.0
-821	123533.0	124662.0
-820	124712.0	124734.0
-819	123968.0	125196.0
-818	124096.0	124827.0
-817	123980.0	125313.0
-816	124209.0	124951.0
-815	123966.0	124022.0
-814	124488.0	124960.0
-813	124543.0	125592.0
-812	124268.0	124309.0
-811	124710.0	125742.0
-810	125362.0	124704.0
-809	124877.0	125074.0
-808	124374.0	125052.0
-807	124791.0	125363.0
-806	124738.0	124479.0
-805	124301.0	125516.0
-804	124652.0	124987.0
-803	124534.0	124841.0
-802	124825.0	125274.0
-801	124841.0	125588.0
-800	123733.0	125203.0
-799	124346.0	125255.0
-798	124366.0	125164.0
-797	124267.0	125385.0
-796	124976.0	125381.0
-795	124958.0	125022.0
-794	124641.0	125036.0
-793	124748.0	125171.0
-792	124511.0	125502.0
-791	124579.0	124884.0
-790	124940.0	125420.0
-789	124956.0	125607.0
-788	124891.0	125209.0
-787	124631.0	125277.0
-786	125282.0	125482.0
-785	124892.0	124852.0
-784	124821.0	125808.0
-783	125455.0	125335.0
-782	124713.0	124928.0
-781	124900.0	125492.0
-780	125832.0	126155.0
-779	125000.0	125232.0
-778	124892.0	125835.0
-777	125117.0	126095.0
-776	124978.0	125186.0
-775	125233.0	125355.0
-774	125349.0	124786.0
-773	125808.0	124353.0
-772	125291.0	125596.0
-771	125167.0	124903.0
-770	125029.0	125196.0
-769	125732.0	125112.0
-768	125794.0	125233.0
-767	125780.0	124923.0
-766	125098.0	125365.0
-765	125479.0	124375.0
-764	125418.0	125031.0
-763	125402.0	125727.0
-762	125636.0	125451.0
-761	125482.0	124825.0
-760	125709.0	125152.0
-759	126075.0	125549.0
-758	125963.0	125151.0
-757	126059.0	125397.0
-756	125755.0	125031.0
-755	125562.0	124631.0
-754	125519.0	125216.0
-753	126248.0	125259.0
-752	125324.0	124574.0
-751	126293.0	125087.0
-750	125968.0	124726.0
-749	125706.0	124747.0
-748	125982.0	125273.0
-747	126147.0	125526.0
-746	125714.0	125153.0
-745	125917.0	125125.0
-744	126150.0	125371.0
-743	125657.0	124697.0
-742	125681.0	125259.0
-741	126628.0	124999.0
-740	125339.0	124522.0
-739	126450.0	124598.0
-738	126929.0	124501.0
-737	125786.0	124720.0
-736	125539.0	124542.0
-735	126446.0	124162.0
-734	125599.0	124628.0
-733	126059.0	124381.0
-732	126697.0	125154.0
-731	125792.0	124658.0
-730	125874.0	124978.0
-729	125987.0	124388.0
-728	126003.0	124768.0
-727	126114.0	124842.0
-726	126121.0	124613.0
-725	126009.0	124290.0
-724	125677.0	124113.0
-723	125766.0	124589.0
-722	125961.0	124391.0
-721	125416.0	124143.0
-720	126170.0	124393.0
-719	125378.0	124031.0
-718	125862.0	123969.0
-717	126001.0	124814.0
-716	125759.0	124251.0
-715	125365.0	124368.0
-714	125843.0	124086.0
-713	126208.0	124307.0
-712	125994.0	124684.0
-711	125720.0	124399.0
-710	125766.0	124391.0
-709	125579.0	124657.0
-708	126051.0	124669.0
-707	126043.0	124144.0
-706	125411.0	124072.0
-705	126299.0	124418.0
-704	125466.0	124098.0
-703	126114.0	124239.0
-702	125961.0	124814.0
-701	125626.0	124224.0
-700	125812.0	124961.0
-699	125920.0	124673.0
-698	125227.0	124054.0
-697	125034.0	125181.0
-696	125386.0	124475.0
-695	125514.0	123891.0
-694	124834.0	124315.0
-693	125967.0	124220.0
-692	125109.0	124246.0
-691	125122.0	124534.0
-690	125551.0	124540.0
-689	125832.0	124367.0
-688	125366.0	124526.0
-687	125469.0	124401.0
-686	124592.0	123940.0
-685	125658.0	123868.0
-684	124978.0	124884.0
-683	124782.0	124229.0
-682	124092.0	124269.0
-681	125241.0	124721.0
-680	124902.0	123652.0
-679	124681.0	125013.0
-678	124777.0	123797.0
-677	124907.0	123764.0
-676	125446.0	125071.0
-675	124761.0	124403.0
-674	124228.0	123627.0
-673	124493.0	124172.0
-672	124953.0	124072.0
-671	124442.0	124485.0
-670	124232.0	124880.0
-669	124785.0	124484.0
-668	124297.0	124263.0
-667	124288.0	124465.0
-666	124698.0	124366.0
-665	124078.0	124062.0
-664	124372.0	125050.0
-663	124875.0	124799.0
-662	123942.0	124289.0
-661	123999.0	125095.0
-660	124499.0	125016.0
-659	123888.0	124486.0
-658	124696.0	124757.0
-657	124253.0	125195.0
-656	123768.0	124985.0
-655	124070.0	125045.0
-654	124414.0	125346.0
-653	124304.0	124746.0
-652	123616.0	124439.0
-651	124829.0	125394.0
-650	124231.0	124943.0
-649	124243.0	124941.0
-648	124343.0	125474.0
-647	123812.0	124808.0
-646	123710.0	125277.0
-645	124418.0	125100.0
-644	123835.0	124796.0
-643	123605.0	124831.0
-642	124564.0	125704.0
-641	124126.0	125325.0
-640	123863.0	125382.0
-639	124528.0	125542.0
-638	124185.0	124586.0
-637	124168.0	125238.0
-636	124177.0	125154.0
-635	123067.0	124934.0
-634	124231.0	125639.0
-633	125024.0	125222.0
-632	123485.0	125254.0
-631	123542.0	126131.0
-630	124192.0	125521.0
-629	123718.0	125163.0
-628	123746.0	126073.0
-627	125016.0	125833.0
-626	124610.0	125596.0
-625	124445.0	126432.0
-624	125002.0	126118.0
-623	123731.0	125625.0
-622	124161.0	125905.0
-621	124405.0	125587.0
-620	124338.0	125521.0
-619	124279.0	125750.0
-618	125027.0	126428.0
-617	124241.0	125521.0
-616	124008.0	126497.0
-615	124361.0	125618.0
-614	124712.0	125921.0
-613	125132.0	126370.0
-612	124633.0	125931.0
-611	124893.0	126212.0
-610	123998.0	126211.0
-609	125343.0	126285.0
-608	124796.0	125930.0
-607	125243.0	126321.0
-606	125771.0	126290.0
-605	124493.0	126459.0
-604	124479.0	126225.0
-603	125162.0	126662.0
-602	125117.0	126525.0
-601	125419.0	126298.0
-600	125169.0	126091.0
-599	125711.0	126194.0
-598	125377.0	126069.0
-597	125609.0	125997.0
-596	125300.0	126351.0
-595	126017.0	126770.0
-594	126114.0	126554.0
-593	125455.0	125932.0
-592	125326.0	126774.0
-591	126667.0	126046.0
-590	125549.0	126078.0
-589	125857.0	126552.0
-588	126704.0	127014.0
-587	126105.0	126159.0
-586	125432.0	126110.0
-585	126900.0	126135.0
-584	125920.0	126348.0
-583	126005.0	126152.0
-582	126021.0	125894.0
-581	126046.0	126522.0
-580	126454.0	126583.0
-579	126417.0	126001.0
-578	127038.0	125986.0
-577	125716.0	126036.0
-576	127128.0	125795.0
-575	126285.0	125192.0
-574	126545.0	126293.0
-573	127088.0	126120.0
-572	126603.0	126163.0
-571	126333.0	126440.0
-570	126948.0	125601.0
-569	126278.0	125497.0
-568	126851.0	125562.0
-567	127473.0	126413.0
-566	126933.0	125966.0
-565	126216.0	125957.0
-564	127572.0	126109.0
-563	126995.0	125880.0
-562	126640.0	126186.0
-561	127394.0	125911.0
-560	127517.0	125877.0
-559	127596.0	125834.0
-558	128400.0	125379.0
-557	127327.0	124804.0
-556	127372.0	125690.0
-555	127343.0	125345.0
-554	127020.0	125473.0
-553	127175.0	125887.0
-552	127800.0	125614.0
-551	127275.0	125001.0
-550	127163.0	125322.0
-549	128076.0	125827.0
-548	126947.0	125271.0
-547	127234.0	125477.0
-546	128011.0	125559.0
-545	127186.0	125207.0
-544	127693.0	125540.0
-543	127765.0	125276.0
-542	127006.0	125370.0
-541	127401.0	125137.0
-540	127704.0	125332.0
-539	127581.0	124419.0
-538	127695.0	125029.0
-537	127674.0	125416.0
-536	127358.0	124532.0
-535	126534.0	124665.0
-534	127448.0	125365.0
-533	127521.0	124232.0
-532	127157.0	125021.0
-531	127566.0	124897.0
-530	127452.0	124315.0
-529	126775.0	124898.0
-528	127665.0	124384.0
-527	126194.0	123851.0
-526	126896.0	124207.0
-525	127720.0	124888.0
-524	127023.0	124241.0
-523	126904.0	125458.0
-522	127346.0	124685.0
-521	126529.0	124007.0
-520	126263.0	124870.0
-519	126703.0	125147.0
-518	126116.0	124368.0
-517	126485.0	124067.0
-516	126743.0	123808.0
-515	126043.0	124402.0
-514	125583.0	124479.0
-513	126489.0	124433.0
-512	125890.0	123982.0
-511	126345.0	124312.0
-510	126972.0	124303.0
-509	126446.0	123796.0
-508	125886.0	124912.0
-507	127123.0	124066.0
-506	126087.0	123583.0
-505	125660.0	124475.0
-504	126315.0	124369.0
-503	125498.0	123488.0
-502	126035.0	124177.0
-501	126571.0	124484.0
-500	126033.0	123479.0
-499	125718.0	123643.0
-498	125809.0	123967.0
-497	124996.0	123450.0
-496	125191.0	123732.0
-495	125356.0	124143.0
-494	125041.0	124198.0
-493	125148.0	124586.0
-492	124891.0	124644.0
-491	124176.0	123138.0
-490	124816.0	124477.0
-489	125291.0	124682.0
-488	124841.0	124197.0
-487	124633.0	124284.0
-486	124935.0	124390.0
-485	124923.0	123822.0
-484	124444.0	124193.0
-483	124917.0	124333.0
-482	124011.0	123816.0
-481	123728.0	124405.0
-480	124956.0	124856.0
-479	124532.0	124268.0
-478	124576.0	124658.0
-477	124537.0	124396.0
-476	123619.0	124564.0
-475	123692.0	124410.0
-474	124607.0	124877.0
-473	123647.0	124797.0
-472	123229.0	124670.0
-471	123822.0	124819.0
-470	123938.0	124583.0
-469	123867.0	125212.0
-468	124220.0	124284.0
-467	123620.0	124526.0
-466	123768.0	124952.0
-465	123352.0	125493.0
-464	123991.0	125070.0
-463	123466.0	125390.0
-462	124473.0	125201.0
-461	123545.0	125272.0
-460	124070.0	125787.0
-459	123849.0	125534.0
-458	123021.0	125383.0
-457	122779.0	125768.0
-456	124331.0	125850.0
-455	123826.0	125419.0
-454	123864.0	125863.0
-453	124239.0	125924.0
-452	123696.0	125704.0
-451	123420.0	126131.0
-450	123190.0	125958.0
-449	123924.0	124939.0
-448	123200.0	126431.0
-447	123983.0	126073.0
-446	123389.0	125398.0
-445	123618.0	126565.0
-444	124154.0	126866.0
-443	123506.0	126547.0
-442	124079.0	126053.0
-441	124489.0	126879.0
-440	123746.0	126113.0
-439	123746.0	126863.0
-438	123906.0	127111.0
-437	123594.0	126013.0
-436	123602.0	127697.0
-435	124828.0	127542.0
-434	124146.0	126348.0
-433	124278.0	127587.0
-432	124407.0	127402.0
-431	123093.0	126523.0
-430	124179.0	127017.0
-429	124580.0	127324.0
-428	124322.0	127130.0
-427	124149.0	127906.0
-426	124815.0	128316.0
-425	124148.0	127269.0
-424	123776.0	127753.0
-423	125636.0	127613.0
-422	125214.0	127290.0
-421	124738.0	127446.0
-420	125768.0	128132.0
-419	125380.0	126595.0
-418	124654.0	127878.0
-417	125793.0	128167.0
-416	124827.0	127489.0
-415	124997.0	128454.0
-414	125453.0	128268.0
-413	125402.0	127822.0
-412	125256.0	127872.0
-411	125345.0	127902.0
-410	125724.0	127261.0
-409	126010.0	128222.0
-408	127246.0	128051.0
-407	126333.0	127501.0
-406	126888.0	127864.0
-405	127129.0	127994.0
-404	125922.0	127968.0
-403	126369.0	128065.0
-402	127185.0	128088.0
-401	126801.0	127180.0
-400	126267.0	127893.0
-399	127913.0	128277.0
-398	126742.0	127463.0
-397	127059.0	128127.0
-396	127995.0	128230.0
-395	127201.0	126863.0
-394	127805.0	128400.0
-393	128005.0	127785.0
-392	127453.0	127227.0
-391	127655.0	127748.0
-390	128607.0	128197.0
-389	127835.0	127293.0
-388	128007.0	127217.0
-387	128720.0	127838.0
-386	128438.0	127289.0
-385	128435.0	127845.0
-384	128981.0	127564.0
-383	127731.0	126867.0
-382	128324.0	127914.0
-381	129872.0	127630.0
-380	128767.0	126653.0
-379	129179.0	126762.0
-378	129225.0	127475.0
-377	129026.0	126229.0
-376	128773.0	127376.0
-375	130252.0	126885.0
-374	129019.0	126395.0
-373	129018.0	126477.0
-372	129473.0	127044.0
-371	128306.0	125737.0
-370	129034.0	127008.0
-369	129624.0	127525.0
-368	129371.0	125720.0
-367	129672.0	126131.0
-366	130288.0	126299.0
-365	129773.0	125604.0
-364	130124.0	126050.0
-363	130251.0	126604.0
-362	129102.0	125742.0
-361	129630.0	126301.0
-360	129802.0	125860.0
-359	129323.0	124910.0
-358	128244.0	125777.0
-357	130181.0	126299.0
-356	129179.0	125456.0
-355	129350.0	126303.0
-354	130900.0	125898.0
-353	129901.0	125247.0
-352	129415.0	125541.0
-351	130044.0	124985.0
-350	128902.0	124553.0
-349	128629.0	125435.0
-348	129663.0	125214.0
-347	129291.0	124515.0
-346	128465.0	125178.0
-345	129972.0	125098.0
-344	128476.0	124248.0
-343	128835.0	124648.0
-342	129128.0	125042.0
-341	128891.0	124655.0
-340	129065.0	125185.0
-339	129259.0	124524.0
-338	128038.0	124354.0
-337	128724.0	124010.0
-336	128772.0	124922.0
-335	128324.0	123743.0
-334	128832.0	124159.0
-333	128732.0	123759.0
-332	128285.0	123511.0
-331	127327.0	124329.0
-330	128081.0	123746.0
-329	126724.0	123597.0
-328	127753.0	124280.0
-327	127933.0	124005.0
-326	126603.0	124074.0
-325	126664.0	124124.0
-324	126890.0	123830.0
-323	126262.0	123209.0
-322	126475.0	123795.0
-321	127131.0	124279.0
-320	126519.0	123657.0
-319	126634.0	124044.0
-318	126514.0	123818.0
-317	126049.0	122878.0
-316	125720.0	123877.0
-315	126951.0	124326.0
-314	125733.0	122756.0
-313	125446.0	123400.0
-312	126205.0	124381.0
-311	125818.0	122781.0
-310	125334.0	123638.0
-309	125325.0	123644.0
-308	125064.0	122822.0
-307	125140.0	124067.0
-306	125626.0	123735.0
-305	124461.0	123416.0
-304	124846.0	123976.0
-303	125114.0	123364.0
-302	124368.0	123324.0
-301	124212.0	124296.0
-300	124772.0	124070.0
-299	123956.0	123222.0
-298	123833.0	124845.0
-297	124989.0	123850.0
-296	124097.0	123754.0
-295	123671.0	124028.0
-294	124355.0	124270.0
-293	123297.0	124066.0
-292	123495.0	124277.0
-291	124323.0	124807.0
-290	123366.0	123918.0
-289	123189.0	124826.0
-288	124099.0	124664.0
-287	122497.0	124573.0
-286	122640.0	124982.0
-285	124116.0	124633.0
-284	123634.0	124691.0
-283	123399.0	125240.0
-282	124171.0	125047.0
-281	123136.0	124714.0
-280	122187.0	125391.0
-279	123668.0	125800.0
-278	123089.0	124868.0
-277	123033.0	125743.0
-276	123638.0	126114.0
-275	122287.0	124425.0
-274	122262.0	126080.0
-273	123921.0	126542.0
-272	122584.0	125101.0
-271	123015.0	126502.0
-270	123356.0	126231.0
-269	122606.0	125979.0
-268	122446.0	126991.0
-267	123675.0	127148.0
-266	122536.0	125775.0
-265	122916.0	126799.0
-264	123714.0	126603.0
-263	122755.0	126914.0
-262	122788.0	128337.0
-261	124128.0	127421.0
-260	122826.0	127219.0
-259	123061.0	127698.0
-258	124095.0	128249.0
-257	123109.0	127622.0
-256	123263.0	128372.0
-255	124020.0	128132.0
-254	123279.0	127877.0
-253	122617.0	128438.0
-252	124482.0	128366.0
-251	122984.0	127909.0
-250	123391.0	128561.0
-249	124551.0	129343.0
-248	122701.0	127804.0
-247	123518.0	129167.0
-246	124705.0	129517.0
-245	123585.0	129139.0
-244	124068.0	129188.0
-243	124534.0	129906.0
-242	123866.0	129002.0
-241	124056.0	130145.0
-240	125937.0	129831.0
-239	124596.0	128965.0
-238	124735.0	130279.0
-237	126120.0	130667.0
-236	125224.0	128995.0
-235	124357.0	130302.0
-234	126308.0	130316.0
-233	125468.0	128963.0
-232	125288.0	130088.0
-231	126564.0	131149.0
-230	125818.0	130142.0
-229	125906.0	130630.0
-228	126795.0	130944.0
-227	125819.0	129792.0
-226	126476.0	130403.0
-225	127136.0	130423.0
-224	126598.0	130466.0
-223	126852.0	130616.0
-222	128070.0	131179.0
-221	127580.0	129385.0
-220	127176.0	130718.0
-219	128785.0	130551.0
-218	127132.0	129990.0
-217	127320.0	131111.0
-216	128999.0	130607.0
-215	128239.0	130335.0
-214	128044.0	130781.0
-213	129707.0	130871.0
-212	128679.0	129912.0
-211	129349.0	130477.0
-210	129931.0	130716.0
-209	129665.0	129078.0
-208	129460.0	130654.0
-207	131629.0	130623.0
-206	129900.0	129225.0
-205	130098.0	130505.0
-204	131709.0	130400.0
-203	130815.0	129026.0
-202	130411.0	129973.0
-201	132226.0	129854.0
-200	131101.0	129283.0
-199	131939.0	129270.0
-198	133178.0	129301.0
-197	131439.0	128302.0
-196	131265.0	129189.0
-195	132731.0	129424.0
-194	132094.0	128387.0
-193	131827.0	129218.0
-192	132890.0	128520.0
-191	132626.0	127661.0
-190	132499.0	128033.0
-189	133696.0	128768.0
-188	132740.0	127571.0
-187	133176.0	127682.0
-186	133594.0	128193.0
-185	132588.0	126606.0
-184	132364.0	128022.0
-183	134147.0	127169.0
-182	132857.0	126441.0
-181	133423.0	127317.0
-180	134910.0	126734.0
-179	132865.0	125459.0
-178	132383.0	127403.0
-177	134263.0	127325.0
-176	133015.0	126220.0
-175	132946.0	126809.0
-174	134069.0	126441.0
-173	132860.0	125127.0
-172	132598.0	126239.0
-171	134234.0	126092.0
-170	132444.0	125129.0
-169	132448.0	125811.0
-168	133801.0	126161.0
-167	132492.0	124463.0
-166	132222.0	125419.0
-165	133811.0	125454.0
-164	132606.0	124265.0
-163	132242.0	125128.0
-162	133913.0	124928.0
-161	131981.0	123869.0
-160	131952.0	125135.0
-159	133176.0	125105.0
-158	131936.0	124177.0
-157	131563.0	124651.0
-156	132488.0	125035.0
-155	131697.0	122908.0
-154	130736.0	124512.0
-153	132710.0	123487.0
-152	130926.0	122977.0
-151	130918.0	124498.0
-150	131467.0	124581.0
-149	130301.0	123340.0
-148	129470.0	123813.0
-147	130962.0	123898.0
-146	129210.0	123388.0
-145	129529.0	123961.0
-144	130228.0	124038.0
-143	129024.0	122456.0
-142	128488.0	123579.0
-141	128963.0	123421.0
-140	127721.0	122771.0
-139	126263.0	124036.0
-138	127299.0	123829.0
-137	125918.0	122778.0
-136	125559.0	124454.0
-135	126469.0	123524.0
-134	126163.0	122703.0
-133	125853.0	123472.0
-132	127295.0	123817.0
-131	125998.0	122171.0
-130	125398.0	123347.0
-129	125815.0	124226.0
-128	123455.0	123171.0
-127	122853.0	123429.0
-126	124292.0	123933.0
-125	122630.0	122566.0
-124	123529.0	124159.0
-123	125193.0	123058.0
-122	124396.0	122195.0
-121	123249.0	123386.0
-120	124167.0	124109.0
-119	122494.0	123080.0
-118	121583.0	123803.0
-117	122389.0	124644.0
-116	120626.0	123500.0
-115	121001.0	124393.0
-114	123002.0	124118.0
-113	121700.0	122724.0
-112	122207.0	123511.0
-111	124038.0	124362.0
-110	122425.0	122916.0
-109	121896.0	124807.0
-108	123066.0	124851.0
-107	120618.0	123450.0
-106	120279.0	125295.0
-105	121271.0	124978.0
-104	120418.0	124107.0
-103	122580.0	125004.0
-102	123917.0	125202.0
-101	122338.0	123986.0
-100	122669.0	125647.0
-99	123299.0	125634.0
-98	121294.0	124276.0
-97	121523.0	126513.0
-96	122265.0	126682.0
-95	120761.0	125039.0
-94	120663.0	126176.0
-93	123298.0	125907.0
-92	122405.0	125304.0
-91	122517.0	126823.0
-90	124625.0	126948.0
-89	123115.0	125511.0
-88	122805.0	128043.0
-87	123243.0	127363.0
-86	121785.0	126541.0
-85	120435.0	127813.0
-84	122137.0	127922.0
-83	120867.0	126232.0
-82	122309.0	127441.0
-81	123826.0	127845.0
-80	122661.0	126835.0
-79	122952.0	129190.0
-78	124693.0	129544.0
-77	123264.0	128404.0
-76	123352.0	129932.0
-75	124460.0	130079.0
-74	123057.0	128785.0
-73	122832.0	129612.0
-72	124886.0	129329.0
-71	123807.0	128444.0
-70	124839.0	130076.0
-69	125792.0	130359.0
-68	124427.0	129352.0
-67	122941.0	131155.0
-66	126072.0	131880.0
-65	124201.0	130348.0
-64	123779.0	131753.0
-63	126090.0	132585.0
-62	123747.0	130502.0
-61	124872.0	132868.0
-60	126720.0	132653.0
-59	125184.0	131645.0
-58	125105.0	133282.0
-57	125793.0	133418.0
-56	123132.0	131669.0
-55	123935.0	133801.0
-54	126477.0	134550.0
-53	125608.0	132720.0
-52	126283.0	133997.0
-51	128910.0	134794.0
-50	127272.0	132736.0
-49	127464.0	134582.0
-48	129523.0	135224.0
-47	126670.0	133558.0
-46	126772.0	135364.0
-45	127885.0	135168.0
-44	126445.0	133944.0
-43	126787.0	135368.0
-42	130673.0	135314.0
-41	129571.0	133918.0
-40	130230.0	136656.0
-39	132539.0	136352.0
-38	131109.0	134708.0
-37	130622.0	136616.0
-36	132175.0	136181.0
-35	129096.0	133729.0
-34	129888.0	135802.0
-33	133142.0	136249.0
-32	132492.0	133745.0
-31	133454.0	136264.0
-30	136506.0	136133.0
-29	134939.0	134192.0
-28	134343.0	136679.0
-27	136084.0	137176.0
-26	134039.0	135414.0
-25	133161.0	137481.0
-24	135320.0	137198.0
-23	132448.0	135620.0
-22	133241.0	138259.0
-21	137386.0	138682.0
-20	135724.0	136739.0
-19	137914.0	139148.0
-18	140981.0	139709.0
-17	137966.0	136761.0
-16	137576.0	139448.0
-15	139085.0	138879.0
-14	136273.0	136923.0
-13	136745.0	140201.0
-12	142760.0	140926.0
-11	140920.0	138125.0
-10	142076.0	141802.0
-9	145789.0	144017.0
-8	143555.0	143682.0
-7	140376.0	148332.0
-6	137973.0	149024.0
-5	130219.0	144650.0
-4	127578.0	146127.0
-3	143121.0	151154.0
-2	156585.0	137577.0
-1	236841.0	136147.0
0	2483.0	97617.0
1	235733.0	29634.0
2	156152.0	65242.0
3	143776.0	94988.0
4	127880.0	127794.0
5	130283.0	140383.0
6	137856.0	131998.0
7	140043.0	116516.0
8	144228.0	114753.0
9	146169.0	111337.0
10	142723.0	109727.0
11	141528.0	114455.0
12	142455.0	118807.0
13	136489.0	118226.0
14	136876.0	122389.0
15	139047.0	122961.0
16	136907.0	120208.0
17	138372.0	120965.0
18	140553.0	120961.0
19	138258.0	118746.0
20	136769.0	120912.0
21	137445.0	123745.0
22	133984.0	124311.0
23	133376.0	128475.0
24	135028.0	130022.0
25	133536.0	126985.0
26	134080.0	126703.0
27	136547.0	124572.0
28	134800.0	122128.0
29	134651.0	123225.0
30	137181.0	124077.0
31	133450.0	123048.0
32	132426.0	126312.0
33	133743.0	128325.0
34	129467.0	127581.0
35	129464.0	130393.0
36	131821.0	129781.0
37	130446.0	126565.0
38	130991.0	126567.0
39	132872.0	125870.0
40	131039.0	123257.0
41	130238.0	126200.0
42	130234.0	127290.0
43	127106.0	128260.0
44	126566.0	131260.0
45	128202.0	131720.0
46	126757.0	129568.0
47	127632.0	130000.0
48	128440.0	128851.0
49	127369.0	126975.0
50	127439.0	128216.0
51	129621.0	128901.0
52	127324.0	127885.0
53	125995.0	129195.0
54	126299.0	130220.0
55	124373.0	129876.0
56	123347.0	132617.0
57	125505.0	132454.0
58	124597.0	128882.0
59	125161.0	129137.0
60	126681.0	128018.0
61	124505.0	126846.0
62	124313.0	129836.0
63	125494.0	130235.0
64	124119.0	128401.0
65	124269.0	128335.0
66	125644.0	128111.0
67	123862.0	126699.0
68	124442.0	127488.0
69	125796.0	127815.0
70	124760.0	126449.0
71	123713.0	127904.0
72	125191.0	128750.0
73	122776.0	127747.0
74	122466.0	130047.0
75	124855.0	129811.0
76	123627.0	127102.0
77	122534.0	127105.0
78	124470.0	126812.0
79	122859.0	126031.0
80	122718.0	128516.0
81	124187.0	129413.0
82	122472.0	128712.0
83	121038.0	131140.0
84	122538.0	132058.0
85	120400.0	130689.0
86	121595.0	131299.0
87	123178.0	129938.0
88	122705.0	126698.0
89	123118.0	127159.0
90	124758.0	127326.0
91	122349.0	127186.0
92	122126.0	130088.0
93	123151.0	131761.0
94	121186.0	132428.0
95	120749.0	134465.0
96	122401.0	134356.0
97	121286.0	131294.0
98	121851.0	131875.0
99	123923.0	131640.0
100	122522.0	130503.0
101	122684.0	131735.0
102	123608.0	132702.0
103	121210.0	132781.0
104	119925.0	136293.0
105	121592.0	137841.0
106	120014.0	137356.0
107	120276.0	138897.0
108	122747.0	137780.0
109	121892.0	134203.0
110	122661.0	135344.0
111	123917.0	135465.0
112	122743.0	135484.0
113	121816.0	138250.0
114	122858.0	139935.0
115	120940.0	140847.0
116	120513.0	141947.0
117	122485.0	142909.0
118	121588.0	141646.0
119	122539.0	142291.0
120	124665.0	140467.0
121	123586.0	139327.0
122	123699.0	141108.0
123	125128.0	142432.0
124	123063.0	142195.0
125	122662.0	145287.0
126	123705.0	147352.0
127	122978.0	146128.0
128	124532.0	146481.0
129	126601.0	145011.0
130	125147.0	141525.0
131	125773.0	142644.0
132	127481.0	142560.0
133	125891.0	141835.0
134	125707.0	144843.0
135	126444.0	145437.0
136	125609.0	145893.0
137	125634.0	146618.0
138	126458.0	146807.0
139	126710.0	144244.0
140	126976.0	144569.0
141	129585.0	144060.0
142	128172.0	142057.0
143	128996.0	144134.0
144	129881.0	143940.0
145	129168.0	142972.0
146	129098.0	144375.0
147	130693.0	143342.0
148	129840.0	141731.0
149	129660.0	141941.0
150	131038.0	141090.0
151	129832.0	139860.0
152	131045.0	140451.0
153	132597.0	140575.0
154	131502.0	138214.0
155	131694.0	139636.0
156	132526.0	138447.0
157	131250.0	136752.0
158	131303.0	137447.0
159	132768.0	136336.0
160	131442.0	134453.0
161	131730.0	135570.0
162	133827.0	134690.0
163	131900.0	133167.0
164	132690.0	135579.0
165	134243.0	134200.0
166	131891.0	132684.0
167	132836.0	133140.0
168	133209.0	132789.0
169	132446.0	131786.0
170	132598.0	132365.0
171	134808.0	131635.0
172	132596.0	129820.0
173	133064.0	131575.0
174	134493.0	131471.0
175	133470.0	129855.0
176	132816.0	130299.0
177	134079.0	130200.0
178	132441.0	128531.0
179	133025.0	129434.0
180	134312.0	128599.0
181	132857.0	127613.0
182	133181.0	128764.0
183	133676.0	127472.0
184	132699.0	127301.0
185	133010.0	128248.0
186	133816.0	128859.0
187	132498.0	127138.0
188	132426.0	127075.0
189	134249.0	126474.0
190	132749.0	124947.0
191	132646.0	126521.0
192	133648.0	125583.0
193	132153.0	124582.0
194	132341.0	125499.0
195	132747.0	125827.0
196	131463.0	124629.0
197	131766.0	125465.0
198	132712.0	124907.0
199	131747.0	123516.0
200	131241.0	124593.0
201	132289.0	124433.0
202	131033.0	122952.0
203	131007.0	124180.0
204	131230.0	124176.0
205	130636.0	122758.0
206	130314.0	124353.0
207	131083.0	123892.0
208	129710.0	123263.0
209	129835.0	123738.0
210	130509.0	123091.0
211	129357.0	121843.0
212	129580.0	121812.0
213	130333.0	122644.0
214	128355.0	121817.0
215	128832.0	122949.0
216	129362.0	123575.0
217	127517.0	121905.0
218	127459.0	122778.0
219	128219.0	122370.0
220	127248.0	121445.0
221	126920.0	122399.0
222	128232.0	122614.0
223	126273.0	121283.0
224	126450.0	122572.0
225	127398.0	122158.0
226	126516.0	121420.0
227	126371.0	122486.0
228	127011.0	122183.0
229	126458.0	121913.0
230	125606.0	122423.0
231	126420.0	122391.0
232	125469.0	121606.0
233	125499.0	122324.0
234	126244.0	122221.0
235	125284.0	121452.0
236	124781.0	122451.0
237	125768.0	122782.0
238	124539.0	121730.0
239	124287.0	122814.0
240	125304.0	122658.0
241	123651.0	121252.0
242	124371.0	122475.0
243	124964.0	122174.0
244	123986.0	122115.0
245	123795.0	122618.0
246	123919.0	123119.0
247	124034.0	122289.0
248	122979.0	123205.0
249	123939.0	123731.0
250	123766.0	122387.0
251	123577.0	123258.0
252	123910.0	123186.0
253	123306.0	122801.0
254	123191.0	123773.0
255	124060.0	123897.0
256	123417.0	123794.0
257	123555.0	124348.0
258	123203.0	124306.0
259	123245.0	123571.0
260	122435.0	125140.0
261	124226.0	124801.0
262	122667.0	124431.0
263	123032.0	125029.0
264	123263.0	125000.0
265	122391.0	124036.0
266	122902.0	125912.0
267	123224.0	125480.0
268	122333.0	124577.0
269	122939.0	126285.0
270	123700.0	126292.0
271	122412.0	125666.0
272	122249.0	126765.0
273	123586.0	126389.0
274	122579.0	126344.0
275	122833.0	126975.0
276	123167.0	127379.0
277	122556.0	126904.0
278	122494.0	127856.0
279	123479.0	127485.0
280	122827.0	126960.0
281	122648.0	128437.0
282	123834.0	128270.0
283	123141.0	127325.0
284	122467.0	128783.0
285	124309.0	128458.0
286	123361.0	127904.0
287	123094.0	129358.0
288	123649.0	129728.0
289	122965.0	129014.0
290	123444.0	129552.0
291	123809.0	130139.0
292	123209.0	129428.0
293	123950.0	129738.0
294	124144.0	129431.0
295	123885.0	129473.0
296	123741.0	130357.0
297	124611.0	130635.0
298	123549.0	130231.0
299	124578.0	130926.0
300	124951.0	130235.0
301	124472.0	130470.0
302	124528.0	131703.0
303	124796.0	131282.0
304	124659.0	130905.0
305	125157.0	131785.0
306	125164.0	131559.0
307	124621.0	131205.0
308	124566.0	132275.0
309	125084.0	131671.0
310	124978.0	131311.0
311	124975.0	131879.0
312	126629.0	132132.0
313	125645.0	131829.0
314	126307.0	132681.0
315	126491.0	132379.0
316	126030.0	131040.0
317	125855.0	132402.0
318	127158.0	132030.0
319	126015.0	131868.0
320	126236.0	132488.0
321	127027.0	132569.0
322	127243.0	131969.0
323	126558.0	132695.0
324	127760.0	132670.0
325	126444.0	131970.0
326	126825.0	132739.0
327	128418.0	133039.0
328	127309.0	131923.0
329	127045.0	132359.0
330	128402.0	132194.0
331	127478.0	131093.0
332	127353.0	132180.0
333	128783.0	131521.0
334	128281.0	131235.0
335	128052.0	131893.0
336	128980.0	131613.0
337	128410.0	130496.0
338	128249.0	131699.0
339	129703.0	131184.0
340	128765.0	130712.0
341	128774.0	130477.0
342	129030.0	130936.0
343	129240.0	129543.0
344	128850.0	130596.0
345	130036.0	129643.0
346	128881.0	129442.0
347	129495.0	129849.0
348	130228.0	129983.0
349	129211.0	128990.0
350	129062.0	129272.0
351	130542.0	129259.0
352	129634.0	128265.0
353	129212.0	128489.0
354	129781.0	128117.0
355	128784.0	127916.0
356	129864.0	127825.0
357	129953.0	128689.0
358	129155.0	127482.0
359	128937.0	128420.0
360	130212.0	127857.0
361	130211.0	126512.0
362	129216.0	126346.0
363	130392.0	126371.0
364	129469.0	126050.0
365	129046.0	126853.0
366	129870.0	126502.0
367	130168.0	125659.0
368	129322.0	125890.0
369	129826.0	125839.0
370	129160.0	125294.0
371	129553.0	125657.0
372	129915.0	125791.0
373	129393.0	124820.0
374	128903.0	125365.0
375	129780.0	125538.0
376	128798.0	124223.0
377	130120.0	124810.0
378	130004.0	125200.0
379	129028.0	123419.0
380	129042.0	124805.0
381	129512.0	124558.0
382	128582.0	123747.0
383	128849.0	124144.0
384	128778.0	123815.0
385	127810.0	123129.0
386	128034.0	124119.0
387	128103.0	124493.0
388	127774.0	123571.0
389	127693.0	123671.0
390	128424.0	123666.0
391	127780.0	122232.0
392	127610.0	123033.0
393	128218.0	123300.0
394	127517.0	122305.0
395	127399.0	123338.0
396	128290.0	123155.0
397	126521.0	122506.0
398	127324.0	123149.0
399	127374.0	123384.0
400	127418.0	122300.0
401	126453.0	122228.0
402	126808.0	122993.0
403	127096.0	122455.0
404	126462.0	122719.0
405	126740.0	123224.0
406	125426.0	122815.0
407	125631.0	123227.0
408	126407.0	122128.0
409	126434.0	123008.0
410	126530.0	122926.0
411	126043.0	122459.0
412	125451.0	122277.0
413	125674.0	122988.0
414	126036.0	122886.0
415	125452.0	122924.0
416	125404.0	122827.0
417	125312.0	123308.0
418	125087.0	122854.0
419	124665.0	123361.0
420	125069.0	122980.0
421	124760.0	122194.0
422	124494.0	122998.0
423	125183.0	123285.0
424	124293.0	122816.0
425	124190.0	123096.0
426	124330.0	123478.0
427	124567.0	122668.0
428	124004.0	123163.0
429	123793.0	124084.0
430	123939.0	123897.0
431	124101.0	123641.0
432	124667.0	124097.0
433	124303.0	123127.0
434	124052.0	124217.0
435	124473.0	124489.0
436	123664.0	123525.0
437	123812.0	124747.0
438	123890.0	124843.0
439	123179.0	124119.0
440	123448.0	124848.0
441	123978.0	124887.0
442	123982.0	124127.0
443	123442.0	125376.0
444	124049.0	125038.0
445	122933.0	124143.0
446	123001.0	125266.0
447	124149.0	125752.0
448	123289.0	124577.0
449	123198.0	125519.0
450	123951.0	125431.0
451	123519.0	124846.0
452	123450.0	125520.0
453	123666.0	125434.0
454	123734.0	125554.0
455	123091.0	126186.0
456	124146.0	126493.0
457	123064.0	125385.0
458	123800.0	126608.0
459	124301.0	126847.0
460	123024.0	126170.0
461	123357.0	126510.0
462	124141.0	127039.0
463	123492.0	126218.0
464	123592.0	127331.0
465	124350.0	127799.0
466	123325.0	127023.0
467	123259.0	127501.0
468	124522.0	127315.0
469	124033.0	126651.0
470	123982.0	127462.0
471	124803.0	127511.0
472	124124.0	127200.0
473	123856.0	127890.0
474	124783.0	127698.0
475	123658.0	128021.0
476	124374.0	128235.0
477	124319.0	128506.0
478	123528.0	128140.0
479	124058.0	128229.0
480	125134.0	128467.0
481	124565.0	128293.0
482	124604.0	128181.0
483	124912.0	128667.0
484	124908.0	128532.0
485	124454.0	129248.0
486	125228.0	128976.0
487	124607.0	127654.0
488	124592.0	128881.0
489	124937.0	128983.0
490	124604.0	129089.0
491	124648.0	129472.0
492	126299.0	129406.0
493	125886.0	128773.0
494	125469.0	128721.0
495	125783.0	129237.0
496	125424.0	127933.0
497	125596.0	129198.0
498	126083.0	129126.0
499	125725.0	128525.0
500	125937.0	129213.0
501	126033.0	129933.0
502	125453.0	128835.0
503	125598.0	128999.0
504	126256.0	129203.0
505	126373.0	128968.0
506	125939.0	129387.0
507	126807.0	128813.0
508	125881.0	128955.0
509	125898.0	128780.0
510	126505.0	129351.0
511	126296.0	128468.0
512	126287.0	129160.0
513	126642.0	129091.0
514	125701.0	128080.0
515	126613.0	129179.0
516	126690.0	129413.0
517	126487.0	128072.0
518	126719.0	128654.0
519	127119.0	128371.0
520	126453.0	127615.0
521	127127.0	128215.0
522	127110.0	128288.0
523	126953.0	128099.0
524	126961.0	128013.0
525	127465.0	128244.0
526	126627.0	127130.0
527	127350.0	127906.0
528	127655.0	128301.0
529	126953.0	127452.0
530	127336.0	128031.0
531	127812.0	127598.0
532	127433.0	127676.0
533	127536.0	127408.0
534	127396.0	127257.0
535	127115.0	127821.0
536	127310.0	127491.0
537	127641.0	127550.0
538	126753.0	126764.0
539	127219.0	127203.0
540	127706.0	126952.0
541	127311.0	126161.0
542	127139.0	126527.0
543	127794.0	126416.0
544	127142.0	125776.0
545	127987.0	126272.0
546	127845.0	126891.0
547	127202.0	125686.0
548	126955.0	126178.0
549	127771.0	126620.0
550	127128.0	126064.0
551	127482.0	125886.0
552	127958.0	125886.0
553	127005.0	125562.0
554	127090.0	125362.0
555	127459.0	125073.0
556	126786.0	125225.0
557	127166.0	126145.0
558	128377.0	124509.0
559	127001.0	124647.0
560	127291.0	124411.0
561	127774.0	124938.0
562	127071.0	124709.0
563	127226.0	125001.0
564	127683.0	125075.0
565	126408.0	124067.0
566	126963.0	124848.0
567	127698.0	123818.0
568	126352.0	124321.0
569	127290.0	124190.0
570	127205.0	124295.0
571	127092.0	123762.0
572	126328.0	124567.0
573	126798.0	124086.0
574	126437.0	122982.0
575	126274.0	124235.0
576	126628.0	123776.0
577	126602.0	123453.0
578	125965.0	123395.0
579	126475.0	123702.0
580	125980.0	123589.0
581	125982.0	123555.0
582	126740.0	123865.0
583	125826.0	123040.0
584	126046.0	123234.0
585	126498.0	124026.0
586	125432.0	123793.0
587	125591.0	123332.0
588	126058.0	123590.0
589	125567.0	123109.0
590	125235.0	123153.0
591	125454.0	123896.0
592	125501.0	123234.0
593	125339.0	124441.0
594	126029.0	123181.0
595	125163.0	123095.0
596	125653.0	123907.0
597	125553.0	123693.0
598	125111.0	123290.0
599	125388.0	123874.0
600	125322.0	123463.0
601	125077.0	123719.0
602	124886.0	124077.0
603	124966.0	124259.0
604	124610.0	123306.0
605	124457.0	124036.0
606	125301.0	124158.0
607	124239.0	123642.0
608	124301.0	124598.0
609	125721.0	124219.0
610	124690.0	123544.0
611	124869.0	124182.0
612	124839.0	123943.0
613	124159.0	124360.0
614	124127.0	124379.0
615	124926.0	124472.0
616	124276.0	124434.0
617	123891.0	124394.0
618	124776.0	124409.0
619	124372.0	124869.0
620	124709.0	124279.0
621	124718.0	124493.0
622	124233.0	124002.0
623	124200.0	124574.0
624	124353.0	124916.0
625	123810.0	124316.0
626	124384.0	124853.0
627	124453.0	125179.0
628	124414.0	124879.0
629	123724.0	125180.0
630	124198.0	124904.0
631	123937.0	124592.0
632	124225.0	125724.0
633	123575.0	124871.0
634	124205.0	125590.0
635	123851.0	125817.0
636	124898.0	125211.0
637	123754.0	125032.0
638	124216.0	125496.0
639	124095.0	125527.0
640	124610.0	125121.0
641	124135.0	125703.0
642	124883.0	125218.0
643	124276.0	125118.0
644	124280.0	126657.0
645	125117.0	125410.0
646	123787.0	125671.0
647	123873.0	126348.0
648	124468.0	126038.0
649	123681.0	125799.0
650	123443.0	126852.0
651	124544.0	126498.0
652	123999.0	125566.0
653	124105.0	126416.0
654	124202.0	126340.0
655	124212.0	125775.0
656	124585.0	126251.0
657	124346.0	126497.0
658	124485.0	126105.0
659	123780.0	127071.0
660	124517.0	127312.0
661	124512.0	126193.0
662	124283.0	126997.0
663	124811.0	125915.0
664	124514.0	126438.0
665	124320.0	126859.0
666	124127.0	127037.0
667	124193.0	126523.0
668	124319.0	127362.0
669	125136.0	127475.0
670	124687.0	126632.0
671	123780.0	127120.0
672	125256.0	127129.0
673	124504.0	126494.0
674	124540.0	127389.0
675	124936.0	127097.0
676	124524.0	126523.0
677	124511.0	127466.0
678	124530.0	127455.0
679	124037.0	126500.0
680	125342.0	127158.0
681	125477.0	127318.0
682	124581.0	126820.0
683	124891.0	127298.0
684	125830.0	127381.0
685	124973.0	127260.0
686	124765.0	127706.0
687	124939.0	127218.0
688	125169.0	126943.0
689	124864.0	126771.0
690	125432.0	127140.0
691	124946.0	126430.0
692	125073.0	126865.0
693	126097.0	127236.0
694	125306.0	126563.0
695	125884.0	126548.0
696	126226.0	127121.0
697	125117.0	126562.0
698	124695.0	127305.0
699	125979.0	127294.0
700	125419.0	126991.0
701	125729.0	127164.0
702	125180.0	126696.0
703	125186.0	126353.0
704	125337.0	126771.0
705	125597.0	126771.0
706	125188.0	126940.0
707	125539.0	127268.0
708	126152.0	126564.0
709	125541.0	126243.0
710	125703.0	126539.0
711	126321.0	126826.0
712	125987.0	126471.0
713	126145.0	127000.0
714	127062.0	126569.0
715	126070.0	126006.0
716	125175.0	126486.0
717	125464.0	126496.0
718	125576.0	126148.0
719	125403.0	126070.0
720	126185.0	126341.0
721	125735.0	125721.0
722	125932.0	126122.0
723	126349.0	126296.0
724	125988.0	125804.0
725	126201.0	125623.0
726	125967.0	125859.0
727	126099.0	125825.0
728	125954.0	125410.0
729	126192.0	125688.0
730	125858.0	125114.0
731	125367.0	126229.0
732	126094.0	125716.0
733	126083.0	124910.0
734	126011.0	124898.0
735	126555.0	125430.0
736	126246.0	125341.0
737	125952.0	124815.0
738	126604.0	125288.0
739	125634.0	125688.0
740	125831.0	124879.0
741	126674.0	125075.0
742	125788.0	124162.0
743	125827.0	125334.0
744	126060.0	124684.0
745	126226.0	124940.0
746	125567.0	125257.0
747	126068.0	125402.0
748	125703.0	124681.0
749	125573.0	124751.0
750	125678.0	124191.0
751	125813.0	124782.0
752	125655.0	124547.0
753	125549.0	124021.0
754	125588.0	123780.0
755	125847.0	125266.0
756	126058.0	124774.0
757	125071.0	124600.0
758	125086.0	124667.0
759	125538.0	124553.0
760	125198.0	124645.0
761	125367.0	124938.0
762	125996.0	124779.0
763	125638.0	123746.0
764	125866.0	124500.0
765	125217.0	124630.0
766	125605.0	123838.0
767	125264.0	124100.0
768	126283.0	124183.0
769	125226.0	123582.0
770	125233.0	124377.0
771	126022.0	124301.0
772	125061.0	123514.0
773	125093.0	124430.0
774	125621.0	124238.0
775	125472.0	123687.0
776	124331.0	124431.0
777	125585.0	124868.0
778	125192.0	124122.0
779	124915.0	124086.0
780	124872.0	124720.0
781	125044.0	124290.0
782	124838.0	124150.0
783	125385.0	124033.0
784	124471.0	123350.0
785	124611.0	123794.0
786	124823.0	124208.0
787	125160.0	124161.0
788	125028.0	124402.0
789	124651.0	124175.0
790	123975.0	123982.0
791	125270.0	123838.0
792	125227.0	124030.0
793	124793.0	123817.0
794	124255.0	124199.0
795	125652.0	124425.0
796	124268.0	124084.0
797	124980.0	124474.0
798	124841.0	123779.0
799	124579.0	124159.0
800	124520.0	124549.0
801	125218.0	124674.0
802	124431.0	123520.0
803	124351.0	123563.0
804	125334.0	124611.0
805	124431.0	124443.0
806	124625.0	124451.0
807	124706.0	124563.0
808	124511.0	124497.0
809	124517.0	124922.0
810	124509.0	124301.0
811	124486.0	124231.0
812	124193.0	124365.0
813	124225.0	125046.0
814	124509.0	124882.0
815	124521.0	124645.0
816	124941.0	124541.0
817	124038.0	124597.0
818	124291.0	124688.0
819	124356.0	124822.0
820	124126.0	124402.0
821	124498.0	124816.0
822	124577.0	124860.0
823	123838.0	124714.0
824	123998.0	124674.0
825	124406.0	125116.0
826	124792.0	124839.0
827	124372.0	125206.0
828	123874.0	124851.0
829	124477.0	124814.0
830	124091.0	125452.0
831	124623.0	125418.0
832	124113.0	124761.0
833	124120.0	124911.0
834	123985.0	125418.0
835	123892.0	125038.0
836	124162.0	125242.0
837	123910.0	125268.0
838	124003.0	125278.0
839	124142.0	125037.0
840	123638.0	125010.0
841	123934.0	125532.0
842	124295.0	126029.0
843	124824.0	125577.0
844	124486.0	125897.0
845	124218.0	125867.0
846	125064.0	125560.0
847	124231.0	125417.0
848	124861.0	125532.0
849	124332.0	125527.0
850	124284.0	125148.0
851	124511.0	125875.0
852	124588.0	125694.0
853	124422.0	125694.0
854	124314.0	126282.0
855	124566.0	125834.0
856	124272.0	125680.0
857	124553.0	126092.0
858	124733.0	125951.0
859	124589.0	125970.0
860	123906.0	125828.0
861	124972.0	125505.0
862	124821.0	125671.0
863	124844.0	125949.0
864	124303.0	125751.0
865	124030.0	125332.0
866	123843.0	125562.0
867	124901.0	125912.0
868	124125.0	126061.0
869	124301.0	126073.0
870	125241.0	125611.0
871	124079.0	125477.0
872	125402.0	125908.0
873	124992.0	125384.0
874	124692.0	125283.0
875	124220.0	125467.0
876	124518.0	125699.0
877	124073.0	125757.0
878	124815.0	125992.0
879	125188.0	125941.0
880	124812.0	125803.0
881	125361.0	125543.0
882	125468.0	126199.0
883	124779.0	125272.0
884	124735.0	125881.0
885	124958.0	126038.0
886	125152.0	125415.0
887	125125.0	125955.0
888	125682.0	125939.0
889	124902.0	125789.0
890	125265.0	125452.0
891	125287.0	125312.0
892	125066.0	125461.0
893	124899.0	126102.0
894	125102.0	125631.0
895	124692.0	124895.0
896	124839.0	125448.0
897	124950.0	125605.0
898	124753.0	125356.0
899	124804.0	125599.0
900	125177.0	125758.0
901	124932.0	125477.0
902	124689.0	125188.0
903	125167.0	125226.0
904	124535.0	125064.0
905	125346.0	125682.0
906	124808.0	125893.0
907	124127.0	125380.0
908	124513.0	125477.0
909	125119.0	125983.0
910	124639.0	124979.0
911	124979.0	125569.0
912	124779.0	125337.0
913	124780.0	125239.0
914	125187.0	124966.0
915	125516.0	124746.0
916	125336.0	124798.0
917	124871.0	124984.0
918	125351.0	125272.0
919	124958.0	125115.0
920	124570.0	124819.0
921	124960.0	124605.0
922	124757.0	125073.0
923	124714.0	124799.0
924	124622.0	124617.0
925	125190.0	124684.0
926	124765.0	125112.0
927	125515.0	124898.0
928	125260.0	124001.0
929	125334.0	124720.0
930	125520.0	124749.0
931	125092.0	124641.0
932	124531.0	124837.0
933	125285.0	124396.0
934	124387.0	124287.0
935	124790.0	124461.0
936	125017.0	124313.0
937	124947.0	124215.0
938	125641.0	125328.0
939	125820.0	124575.0
940	125062.0	123844.0
941	124767.0	124885.0
942	125668.0	124620.0
943	125210.0	124168.0
944	124320.0	124231.0
945	125151.0	124597.0
946	125649.0	124982.0
947	124577.0	124309.0
948	125375.0	124402.0
949	124694.0	124286.0
950	125066.0	124677.0
951	125386.0	124708.0
952	124568.0	124116.0
953	125005.0	124089.0
954	125294.0	125053.0
955	125166.0	124130.0
956	125197.0	124227.0
957	124956.0	124349.0
958	125040.0	123800.0
959	124815.0	124089.0
960	125334.0	124413.0
961	125138.0	123876.0
962	124184.0	123820.0
963	125245.0	123891.0
964	124533.0	124301.0
965	124829.0	124489.0
966	124699.0	124473.0
967	124963.0	123881.0
968	124477.0	123980.0
969	124598.0	123612.0
970	125060.0	123932.0
971	124642.0	124230.0
972	125214.0	123476.0
973	124767.0	123780.0
974	125018.0	124142.0
975	124449.0	124396.0
976	124231.0	124230.0
977	124264.0	124021.0
978	124684.0	124663.0
979	123756.0	124109.0
980	124204.0	123887.0
981	124797.0	124093.0
982	125006.0	123892.0
983	124318.0	124018.0
984	124451.0	124346.0
985	124409.0	123625.0
986	124082.0	123986.0
987	124494.0	124325.0
988	124532.0	124108.0
989	124877.0	123926.0
990	124145.0	123815.0
991	123381.0	124352.0
992	124290.0	124589.0
993	124938.0	123861.0
994	124750.0	123863.0
995	124692.0	123632.0
996	124242.0	123560.0
997	123509.0	124198.0
998	124122.0	124805.0
999	124394.0	124396.0
1000	123618.0	123814.0
1001	123660.0	124711.0
1002	123862.0	124296.0
1003	124160.0	123959.0
1004	123813.0	124651.0
1005	123946.0	124407.0
1006	124378.0	124534.0
1007	124641.0	124454.0
1008	124313.0	124864.0
1009	124591.0	125090.0
1010	124643.0	124811.0
1011	124075.0	124639.0
1012	124045.0	124001.0
1013	124082.0	124755.0
1014	124567.0	124261.0
1015	123901.0	124261.0
1016	123837.0	124279.0
1017	124653.0	124226.0
1018	123645.0	125211.0
1019	123246.0	124435.0
1020	123623.0	124501.0
1021	123953.0	125198.0
1022	124245.0	124911.0
1023	123844.0	124373.0
1024	124214.0	124551.0
1025	123879.0	124475.0
1026	124452.0	124790.0
1027	124123.0	124024.0
1028	124286.0	124648.0
1029	123652.0	124724.0
1030	123957.0	124796.0
1031	123665.0	124518.0
1032	124087.0	124856.0
1033	123893.0	124751.0
1034	123675.0	125001.0
1035	124226.0	124585.0
1036	123750.0	124915.0
1037	123821.0	124715.0
1038	124757.0	125050.0
1039	123572.0	124814.0
1040	124402.0	124712.0
1041	123838.0	124967.0
1042	124099.0	124905.0
1043	123734.0	125332.0
1044	123797.0	124852.0
1045	123664.0	125145.0
1046	124338.0	124590.0
1047	124359.0	124664.0
1048	123529.0	124595.0
1049	124395.0	125110.0
1050	124111.0	125140.0
1051	123768.0	124672.0
1052	124611.0	125118.0
1053	124137.0	125111.0
1054	123539.0	124937.0
1055	123748.0	124717.0
1056	124281.0	125178.0
1057	124291.0	125181.0
1058	124729.0	125634.0
1059	124260.0	124862.0
1060	123615.0	125538.0
1061	124738.0	125708.0
1062	124882.0	125118.0
1063	124245.0	124522.0
1064	124620.0	124551.0
1065	124724.0	124626.0
1066	123772.0	124447.0
1067	124331.0	124675.0
1068	124298.0	124810.0
1069	124149.0	125142.0
1070	123932.0	125173.0
1071	123607.0	124556.0
1072	124079.0	124900.0
1073	124324.0	124871.0
1074	124434.0	125315.0
1075	124359.0	125545.0
1076	124154.0	125097.0
1077	124791.0	124891.0
1078	124816.0	124722.0
1079	124225.0	124464.0
1080	123979.0	124983.0
1081	124362.0	125012.0
1082	124051.0	124905.0
1083	124087.0	124848.0
1084	124677.0	124755.0
1085	124682.0	124761.0
1086	124539.0	125139.0
1087	124955.0	124694.0
1088	125155.0	125357.0
1089	124597.0	124912.0
1090	124006.0	124742.0
1091	124285.0	124810.0
1092	124661.0	125095.0
1093	125380.0	124129.0
1094	124905.0	124389.0
1095	124673.0	124774.0
1096	124478.0	124583.0
1097	124406.0	124797.0
1098	124973.0	124440.0
1099	124221.0	124832.0
1100	124008.0	124395.0
1101	124323.0	124809.0
1102	124851.0	124699.0
1103	124749.0	124348.0
1104	124398.0	124574.0
1105	124737.0	123731.0
1106	124476.0	124633.0
1107	124071.0	125084.0
1108	124102.0	124521.0
1109	124424.0	125279.0
1110	124491.0	124579.0
1111	124425.0	124642.0
1112	124033.0	125015.0
1113	124285.0	124329.0
1114	124874.0	124178.0
1115	125037.0	125030.0
1116	125110.0	124232.0
1117	124145.0	124100.0
1118	124658.0	124212.0
1119	125279.0	124456.0
1120	125182.0	124338.0
1121	125125.0	124677.0
1122	124725.0	124172.0
1123	124716.0	124756.0
1124	124761.0	124452.0
1125	124720.0	124846.0
1126	124278.0	124406.0
1127	124849.0	124786.0
1128	124456.0	124204.0
1129	124808.0	124717.0
1130	125052.0	123846.0
1131	124926.0	124121.0
1132	124335.0	124178.0
1133	124643.0	123703.0
1134	124900.0	124033.0
1135	124692.0	124381.0
1136	124550.0	124260.0
1137	124577.0	124352.0
1138	124222.0	124165.0
1139	124434.0	124021.0
1140	124946.0	123729.0
1141	124467.0	124053.0
1142	124145.0	124213.0
1143	124339.0	124051.0
1144	124170.0	124135.0
1145	124622.0	124338.0
1146	124205.0	124044.0
1147	123908.0	123689.0
1148	124714.0	124817.0
1149	124588.0	124051.0
1150	124363.0	123514.0
1151	123852.0	124123.0
1152	124599.0	124582.0
1153	124483.0	123635.0
1154	124694.0	124518.0
1155	124506.0	123726.0
1156	124115.0	123694.0
1157	124817.0	123809.0
1158	124498.0	124127.0
1159	124190.0	123184.0
1160	124344.0	124239.0
1161	124871.0	123706.0
1162	124397.0	123823.0
1163	124112.0	124509.0
1164	124299.0	123921.0
1165	124473.0	123322.0
1166	123893.0	123570.0
1167	124631.0	123805.0
1168	123470.0	123448.0
1169	124019.0	123944.0
1170	124524.0	124123.0
1171	124264.0	123433.0
1172	124325.0	123536.0
1173	124253.0	124076.0
1174	124514.0	123677.0
1175	123831.0	123719.0
1176	123636.0	124202.0
1177	124185.0	123074.0
1178	123989.0	124490.0
1179	124420.0	123374.0
1180	123849.0	123894.0
1181	123744.0	124177.0
1182	124539.0	123947.0
1183	124171.0	124385.0
1184	123955.0	123700.0
1185	124036.0	123935.0
1186	124243.0	123502.0
1187	123559.0	124352.0
1188	124327.0	123141.0
1189	124260.0	123625.0
1190	123913.0	124025.0
1191	123954.0	124103.0
1192	124062.0	123693.0
1193	124411.0	123748.0
1194	123663.0	124243.0
1195	123937.0	123304.0
1196	123605.0	124007.0
1197	123339.0	124037.0
1198	123437.0	124195.0
1199	123567.0	124406.0
1200	124025.0	123358.0
1201	123351.0	123850.0
1202	123612.0	124088.0
1203	124259.0	124154.0
1204	123512.0	123948.0
1205	123789.0	124697.0
1206	123618.0	124156.0
1207	123500.0	124099.0
1208	124011.0	123653.0
1209	123656.0	124141.0
1210	124080.0	124021.0
1211	123351.0	124616.0
1212	124142.0	124203.0
1213	123529.0	123826.0
1214	124283.0	124001.0
1215	123865.0	123599.0
1216	123864.0	123726.0
1217	123824.0	123672.0
1218	123905.0	123950.0
1219	123930.0	124517.0
1220	122998.0	124302.0
1221	124027.0	124298.0
1222	123352.0	124160.0
1223	123532.0	124535.0
1224	123961.0	124575.0
1225	123778.0	124145.0
1226	124210.0	124328.0
1227	123697.0	124574.0
1228	123328.0	124498.0
1229	123656.0	124119.0
1230	123650.0	123857.0
1231	123270.0	124867.0
1232	123695.0	124495.0
1233	123722.0	124649.0
1234	123056.0	124052.0
1235	124293.0	124239.0
1236	123760.0	124143.0
1237	124106.0	124048.0
1238	123330.0	124437.0
1239	123893.0	123906.0
1240	124072.0	123501.0
1241	124047.0	124831.0
1242	123793.0	124743.0
1243	123468.0	123790.0
1244	123584.0	124240.0
1245	123368.0	124426.0
1246	123640.0	124461.0
1247	123721.0	124499.0
1248	124323.0	124319.0
1249	124149.0	124256.0
1250	123541.0	125256.0
1251	124195.0	124539.0
1252	123965.0	124683.0
1253	124071.0	124228.0
1254	123755.0	124455.0
1255	123745.0	123717.0
1256	124207.0	124945.0
1257	123576.0	124976.0
1258	123126.0	123895.0
1259	123414.0	123662.0
1260	124061.0	124206.0
1261	123593.0	124501.0
1262	124023.0	124005.0
1263	123685.0	124137.0
1264	123334.0	124330.0
1265	124089.0	124499.0
1266	124247.0	123761.0
1267	123963.0	124030.0
1268	123276.0	124267.0
1269	124121.0	124568.0
1270	124158.0	124726.0
1271	124359.0	124735.0
1272	123634.0	124621.0
1273	124077.0	124384.0
1274	123899.0	124574.0
1275	124168.0	124607.0
1276	123616.0	124113.0
1277	123964.0	124251.0
1278	124097.0	125029.0
1279	124227.0	124530.0
1280	123873.0	124531.0
1281	124418.0	124558.0
1282	123881.0	124455.0
1283	124258.0	124511.0
1284	123942.0	124396.0
1285	123917.0	124054.0
1286	124238.0	124255.0
1287	123570.0	124215.0
1288	124424.0	123915.0
1289	124001.0	124149.0
1290	123778.0	124661.0
1291	123607.0	124084.0
1292	123572.0	123904.0
1293	124218.0	123702.0
1294	123977.0	124009.0
1295	124854.0	124425.0
1296	123829.0	124145.0
1297	124112.0	124288.0
1298	124240.0	124597.0
1299	123950.0	124087.0
1300	124295.0	124187.0
1301	124029.0	124127.0
1302	124406.0	124848.0
1303	124346.0	124008.0
1304	124731.0	124851.0
1305	124194.0	124635.0
1306	123762.0	124426.0
1307	123969.0	124132.0
1308	124567.0	123904.0
1309	124064.0	124290.0
1310	123984.0	124084.0
1311	124397.0	124129.0
1312	124357.0	123996.0
1313	124756.0	124041.0
1314	124191.0	124081.0
1315	124088.0	124067.0
1316	123926.0	123169.0
1317	123738.0	124029.0
1318	123714.0	123442.0
1319	124545.0	123956.0
1320	124809.0	123936.0
1321	124153.0	123722.0
1322	124355.0	124276.0
1323	124315.0	123733.0
1324	123758.0	123402.0
1325	123535.0	124039.0
1326	124432.0	123848.0
1327	123972.0	124446.0
1328	123642.0	124274.0
1329	124582.0	124062.0
1330	123936.0	123407.0
1331	124511.0	124252.0
1332	124302.0	123895.0
1333	124274.0	123901.0
1334	123951.0	123493.0
1335	124469.0	123784.0
1336	123851.0	123778.0
1337	124455.0	124016.0
1338	124146.0	124259.0
1339	123960.0	123493.0
1340	123945.0	123938.0
1341	124452.0	123646.0
1342	124419.0	123871.0
1343	123669.0	123755.0
1344	124441.0	123813.0
1345	124170.0	123548.0
1346	123664.0	123625.0
1347	123934.0	124426.0
1348	124243.0	124175.0
1349	124300.0	123969.0
1350	123692.0	123591.0
1351	123841.0	123577.0
1352	124130.0	123791.0
1353	123464.0	123291.0
1354	124293.0	123455.0
1355	123395.0	123380.0
1356	123965.0	123569.0
1357	124227.0	123206.0
1358	123450.0	123001.0
1359	124157.0	123487.0
1360	123243.0	124387.0
1361	123587.0	124119.0
1362	124157.0	123609.0
1363	123782.0	123013.0
1364	123312.0	123901.0
1365	123911.0	123887.0
1366	124209.0	123491.0
1367	123972.0	123699.0
1368	123981.0	124131.0
1369	123777.0	123491.0
1370	123756.0	123707.0
1371	123625.0	123489.0
1372	124543.0	123319.0
1373	123809.0	123567.0
1374	123609.0	123993.0
1375	123812.0	123234.0
1376	123673.0	123588.0
1377	123767.0	123831.0
1378	123574.0	123954.0
1379	123293.0	124059.0
1380	123369.0	123917.0
1381	123315.0	123546.0
1382	123693.0	123905.0
1383	123741.0	123781.0
1384	123100.0	123496.0
1385	124373.0	123621.0
1386	123613.0	122975.0
1387	124043.0	123159.0
1388	123612.0	123204.0
1389	123528.0	123562.0
1390	123276.0	124245.0
1391	123467.0	124003.0
1392	123658.0	123628.0
1393	123407.0	123310.0
1394	123023.0	123810.0
1395	124172.0	123990.0
1396	123691.0	123602.0
1397	123627.0	123660.0
1398	123273.0	123676.0
1399	123655.0	123871.0
1400	123018.0	123125.0
1401	123847.0	124259.0
1402	123787.0	123665.0
1403	123939.0	123751.0
1404	123591.0	123567.0
1405	123627.0	123395.0
1406	123596.0	123276.0
1407	123524.0	123746.0
1408	123569.0	123994.0
1409	123393.0	124097.0
1410	123034.0	124036.0
1411	123559.0	123748.0
1412	123034.0	123599.0
1413	123760.0	124294.0
1414	124166.0	124472.0
1415	123357.0	124262.0
1416	123730.0	123939.0
1417	123328.0	124027.0
1418	123195.0	124012.0
1419	123193.0	124533.0
1420	123098.0	123983.0
1421	123330.0	123538.0
1422	123650.0	123671.0
1423	123672.0	123351.0
1424	123021.0	123588.0
1425	123978.0	123424.0
1426	124033.0	123721.0
1427	124461.0	124518.0
1428	123666.0	123853.0
1429	123361.0	123233.0
1430	124072.0	123613.0
1431	123400.0	124124.0
1432	123363.0	123685.0
1433	123598.0	123432.0
1434	123587.0	123837.0
1435	123435.0	123886.0
1436	123031.0	124277.0
1437	122987.0	123715.0
1438	123549.0	124081.0
1439	123406.0	124098.0
1440	122953.0	124284.0
1441	123169.0	123144.0
1442	123139.0	123921.0
1443	123235.0	123461.0
1444	123449.0	124266.0
1445	123538.0	124390.0
1446	123500.0	123771.0
1447	123602.0	124388.0
1448	124150.0	124192.0
1449	123349.0	124192.0
1450	123176.0	124047.0
1451	122926.0	123838.0
1452	123392.0	124124.0
1453	124017.0	124294.0
1454	123565.0	124359.0
1455	123972.0	124156.0
1456	123448.0	124019.0
1457	122794.0	124650.0
1458	123908.0	123736.0
1459	123999.0	123931.0
1460	123620.0	124398.0
1461	122422.0	124001.0
1462	123909.0	123731.0
1463	123745.0	124077.0
1464	123686.0	123449.0
1465	123877.0	123270.0
1466	124304.0	124357.0
1467	124540.0	124277.0
1468	123999.0	124257.0
1469	123658.0	124250.0
1470	123196.0	124274.0
1471	123160.0	124046.0
1472	123717.0	124100.0
1473	123538.0	124111.0
1474	123306.0	124174.0
1475	123837.0	123600.0
1476	123702.0	124033.0
1477	123849.0	123387.0
1478	124292.0	123660.0
1479	123534.0	123678.0
1480	123280.0	123429.0
1481	123468.0	124321.0
1482	124371.0	124507.0
1483	123495.0	123843.0
1484	123620.0	123814.0
1485	123853.0	124012.0
1486	124075.0	124352.0
1487	124049.0	123827.0
1488	124118.0	123561.0
1489	123673.0	123491.0
1490	122841.0	123971.0
1491	123269.0	123768.0
1492	123690.0	123946.0
1493	124242.0	123884.0
1494	123610.0	124110.0
1495	124068.0	123729.0
1496	123095.0	123231.0
1497	123794.0	123688.0
1498	123509.0	123821.0
1499	123809.0	124181.0
1500	124508.0	123770.0
1501	123756.0	123728.0
1502	123688.0	123961.0
1503	123835.0	124333.0
1504	123468.0	123689.0
1505	123986.0	123542.0
1506	123534.0	123690.0
1507	123692.0	123533.0
1508	123155.0	123559.0
1509	124231.0	122893.0
1510	123687.0	123121.0
1511	123870.0	123553.0
1512	123594.0	123556.0
1513	124094.0	123363.0
1514	123723.0	122760.0
1515	123586.0	123946.0
1516	123963.0	123476.0
1517	123833.0	123720.0
1518	124131.0	124149.0
1519	124071.0	123119.0
1520	123731.0	123681.0
1521	123287.0	123664.0
1522	123814.0	123616.0
1523	123601.0	123403.0
1524	124064.0	124039.0
1525	123874.0	123400.0
1526	123844.0	123301.0
1527	123625.0	123071.0
1528	123804.0	123654.0
1529	123462.0	123504.0
1530	124018.0	124089.0
1531	123618.0	123944.0
1532	122953.0	123098.0
1533	123238.0	123697.0
1534	122989.0	122937.0
1535	123492.0	123365.0
1536	123858.0	123191.0
1537	123697.0	123747.0
1538	123263.0	123350.0
1539	123580.0	123497.0
1540	123585.0	123641.0
1541	123833.0	123822.0
1542	123652.0	123688.0
1543	123339.0	123130.0
1544	123957.0	122801.0
1545	123674.0	123754.0
1546	123398.0	123651.0
1547	123727.0	123502.0
1548	123620.0	123426.0
1549	123671.0	123441.0
1550	123377.0	122941.0
1551	123710.0	123905.0
1552	123499.0	123602.0
1553	123427.0	123340.0
1554	123047.0	123545.0
1555	123142.0	123102.0
1556	122822.0	122722.0
1557	123404.0	123203.0
1558	123082.0	123800.0
1559	124099.0	123558.0
1560	124241.0	123324.0
1561	123674.0	123553.0
1562	123472.0	123693.0
1563	123764.0	123512.0
1564	123755.0	123105.0
1565	123954.0	123080.0
1566	123605.0	123546.0
1567	123513.0	123567.0
1568	123360.0	122924.0
1569	122913.0	123554.0
1570	123449.0	123454.0
1571	123707.0	123754.0
1572	123259.0	124053.0
1573	123511.0	123576.0
1574	123612.0	123606.0
1575	123242.0	123542.0
1576	123016.0	123474.0
1577	123683.0	123324.0
1578	123142.0	123492.0
1579	123363.0	123251.0
1580	123133.0	123301.0
1581	123360.0	123162.0
1582	123415.0	123133.0
1583	123487.0	123785.0
1584	123147.0	123461.0
1585	123609.0	123348.0
1586	122972.0	123553.0
1587	123321.0	123448.0
1588	123918.0	123481.0
1589	122935.0	123003.0
1590	123644.0	123516.0
1591	123560.0	123042.0
1592	123761.0	124173.0
1593	123244.0	123545.0
1594	122887.0	123694.0
1595	123374.0	123580.0
1596	123338.0	123496.0
1597	123484.0	123159.0
1598	123381.0	123755.0
1599	123431.0	123908.0
1600	123481.0	123566.0
1601	123931.0	123304.0
1602	123698.0	123944.0
1603	123620.0	123619.0
1604	123008.0	123784.0
1605	124026.0	123859.0
1606	123016.0	123597.0
1607	123144.0	124037.0
1608	123089.0	122967.0
1609	123074.0	124011.0
1610	123441.0	123454.0
1611	123144.0	123318.0
1612	123492.0	123337.0
1613	123176.0	123762.0
1614	123366.0	123915.0
1615	123609.0	123308.0
1616	124024.0	123876.0
1617	123475.0	123649.0
1618	123134.0	123753.0
1619	123446.0	124040.0
1620	123060.0	123670.0
1621	123578.0	124076.0
1622	123108.0	123430.0
1623	123380.0	123842.0
1624	123476.0	123150.0
1625	123226.0	124010.0
1626	123294.0	123326.0
1627	123006.0	123660.0
1628	122981.0	123152.0
1629	123517.0	123307.0
1630	123157.0	123773.0
1631	123676.0	124110.0
1632	122917.0	123772.0
1633	123426.0	123675.0
1634	122952.0	123331.0
1635	123700.0	123754.0
1636	123875.0	123499.0
1637	123328.0	123724.0
1638	123458.0	123567.0
1639	123169.0	123323.0
1640	123955.0	123354.0
1641	123875.0	123673.0
1642	123078.0	123542.0
1643	123624.0	123310.0
1644	123910.0	123857.0
1645	122899.0	123701.0
1646	123119.0	123461.0
1647	123818.0	123944.0
1648	123613.0	123366.0
1649	123230.0	123698.0
1650	123379.0	124139.0
1651	123768.0	123709.0
1652	123672.0	124035.0
1653	123076.0	124031.0
1654	123469.0	123880.0
1655	123275.0	123763.0
1656	123712.0	123434.0
1657	122753.0	124132.0
1658	123790.0	123869.0
1659	123875.0	123541.0
1660	123820.0	123888.0
1661	123678.0	123815.0
1662	123583.0	123853.0
1663	123676.0	123662.0
1664	123529.0	123670.0
1665	123489.0	123243.0
1666	123546.0	123652.0
1667	123553.0	123451.0
1668	123715.0	123686.0
1669	123049.0	123112.0
1670	122857.0	123569.0
1671	123458.0	123256.0
1672	123499.0	123124.0
1673	122850.0	123056.0
1674	123380.0	123863.0
1675	123651.0	123861.0
1676	123640.0	123315.0
1677	123482.0	123210.0
1678	123480.0	123190.0
1679	123079.0	123491.0
1680	123601.0	123474.0
1681	123930.0	123484.0
1682	123583.0	123242.0
1683	123470.0	123106.0
1684	123769.0	123481.0
1685	123448.0	123511.0
1686	124017.0	124350.0
1687	123672.0	123376.0
1688	123309.0	123477.0
1689	123747.0	123724.0
1690	123238.0	123604.0
1691	123992.0	123728.0
1692	123712.0	123508.0
1693	123073.0	123280.0
1694	123737.0	123601.0
1695	123909.0	124252.0
1696	123205.0	122855.0
1697	124070.0	123384.0
1698	123478.0	123289.0
1699	123992.0	123111.0
1700	123445.0	123307.0
1701	123454.0	122715.0
1702	123924.0	123105.0
1703	123669.0	123181.0
1704	123242.0	122712.0
1705	123720.0	123066.0
1706	123349.0	123199.0
1707	123795.0	123616.0
1708	123531.0	123516.0
1709	123608.0	123553.0
1710	123617.0	123688.0
1711	123058.0	123213.0
1712	123536.0	123426.0
1713	123187.0	123183.0
1714	123692.0	123126.0
1715	123347.0	122753.0
1716	123231.0	123095.0
1717	123220.0	123303.0
1718	123509.0	123657.0
1719	122979.0	123447.0
1720	123249.0	122875.0
1721	123494.0	123089.0
1722	123750.0	123333.0
1723	123559.0	122746.0
1724	123566.0	123027.0
1725	123103.0	123105.0
1726	122917.0	122688.0
1727	122994.0	123606.0
1728	123273.0	123040.0
1729	123636.0	123266.0
1730	123278.0	122937.0
1731	123258.0	123352.0
1732	123792.0	122606.0
1733	123306.0	122926.0
1734	123142.0	123268.0
1735	123283.0	123294.0
1736	123431.0	122416.0
1737	123251.0	123129.0
1738	123768.0	123485.0
1739	123408.0	122803.0
1740	123269.0	123253.0
1741	123239.0	122777.0
1742	123026.0	123510.0
1743	122306.0	122957.0
1744	122354.0	123196.0
1745	123576.0	122834.0
1746	122862.0	122539.0
1747	123424.0	123296.0
1748	123083.0	123555.0
1749	123044.0	123777.0
1750	122451.0	123333.0
1751	122767.0	123068.0
1752	122966.0	123266.0
1753	122817.0	123432.0
1754	122665.0	122296.0
1755	122428.0	123738.0
1756	123318.0	123183.0
1757	123665.0	123000.0
1758	123170.0	123375.0
1759	122754.0	122799.0
1760	122807.0	123210.0
1761	123270.0	123174.0
1762	122946.0	122913.0
1763	123239.0	123141.0
1764	122744.0	123361.0
1765	123118.0	123022.0
1766	123659.0	123480.0
1767	123022.0	123224.0
1768	123427.0	123099.0
1769	123431.0	122961.0
1770	123362.0	122534.0
1771	123149.0	122836.0
1772	123083.0	123434.0
1773	123291.0	122815.0
1774	122691.0	123408.0
1775	123620.0	123864.0
1776	123675.0	123381.0
1777	123558.0	123407.0
1778	123019.0	123082.0
1779	123565.0	123201.0
1780	123234.0	122762.0
1781	123042.0	122732.0
1782	122891.0	123557.0
1783	123104.0	123280.0
1784	123126.0	123432.0
1785	123363.0	122554.0
1786	123386.0	122741.0
1787	123104.0	123621.0
1788	123047.0	122982.0
1789	122603.0	123208.0
1790	123030.0	123183.0
1791	122867.0	123173.0
1792	123302.0	123232.0
1793	123120.0	123310.0
1794	123146.0	123706.0
1795	123276.0	123179.0
1796	122760.0	123194.0
1797	123609.0	123094.0
1798	122764.0	123192.0
1799	122539.0	123105.0
1800	123313.0	122772.0
1801	123298.0	123286.0
1802	122938.0	123998.0
1803	123099.0	123047.0
1804	123171.0	123469.0
1805	122975.0	123713.0
1806	122861.0	123220.0
1807	123153.0	123096.0
1808	122648.0	123774.0
1809	123523.0	123776.0
1810	122768.0	123344.0
1811	122962.0	122765.0
1812	123523.0	123400.0
1813	123458.0	123996.0
1814	122867.0	123321.0
1815	122967.0	123873.0
1816	123470.0	123564.0
1817	123232.0	123328.0
1818	123312.0	123525.0
1819	123202.0	122823.0
1820	123035.0	123143.0
1821	123177.0	123455.0
1822	123243.0	123332.0
1823	123200.0	123308.0
1824	123686.0	123620.0
1825	123440.0	122910.0
1826	122955.0	122936.0
1827	122964.0	123684.0
1828	122531.0	123448.0
1829	123587.0	123830.0
1830	122676.0	123862.0
1831	122408.0	123396.0
1832	122834.0	122705.0
1833	123644.0	123434.0
1834	123254.0	122822.0
1835	122844.0	123300.0
1836	123653.0	123123.0
1837	123260.0	123528.0
1838	122597.0	123434.0
1839	124106.0	123286.0
1840	123409.0	123216.0
1841	123328.0	123987.0
1842	123096.0	123223.0
1843	122663.0	122807.0
1844	122939.0	123144.0
1845	123096.0	123118.0
1846	123007.0	122918.0
1847	123006.0	122890.0
1848	123171.0	123435.0
1849	123521.0	123101.0
1850	123124.0	123005.0
1851	123204.0	123152.0
1852	123396.0	122997.0
1853	122438.0	123137.0
1854	122598.0	123984.0
1855	123001.0	123163.0
1856	122606.0	122927.0
1857	123628.0	123267.0
1858	122820.0	123360.0
1859	123163.0	123727.0
1860	123673.0	123196.0
1861	123386.0	123382.0
1862	123266.0	123038.0
1863	123072.0	123760.0
1864	122713.0	122703.0
1865	123721.0	122493.0
1866	123538.0	123125.0
1867	123180.0	123292.0
1868	123592.0	123139.0
1869	123372.0	122848.0
1870	123021.0	122814.0
1871	122946.0	123046.0
1872	122367.0	123133.0
1873	123684.0	122951.0
1874	123921.0	123156.0
1875	123087.0	122919.0
1876	123391.0	122746.0
1877	123086.0	122613.0
1878	123260.0	122874.0
1879	122439.0	123231.0
1880	123134.0	123619.0
1881	123496.0	123591.0
1882	122633.0	123283.0
1883	122944.0	122915.0
1884	123110.0	122599.0
1885	122940.0	122328.0
1886	123203.0	123088.0
1887	123196.0	122740.0
1888	122836.0	122775.0
1889	122966.0	122138.0
1890	122925.0	123036.0
1891	123362.0	122803.0
1892	123350.0	122779.0
1893	123371.0	123082.0
1894	123372.0	123084.0
1895	123096.0	122677.0
1896	123269.0	123052.0
1897	123153.0	122521.0
1898	122914.0	122457.0
1899	123282.0	122459.0
1900	123208.0	122855.0
1901	122970.0	123199.0
1902	123167.0	123132.0
1903	122917.0	123047.0
1904	122940.0	123142.0
1905	123129.0	123240.0
1906	122603.0	122733.0
1907	123264.0	122847.0
1908	123118.0	123253.0
1909	123074.0	122592.0
1910	122882.0	122727.0
1911	122589.0	123102.0
1912	122814.0	122058.0
1913	123346.0	123361.0
1914	122905.0	123224.0
1915	123177.0	122355.0
1916	123206.0	122797.0
1917	123326.0	122605.0
1918	122493.0	122318.0
1919	122717.0	122904.0
1920	122933.0	122754.0
1921	123384.0	122379.0
1922	122624.0	122543.0
1923	123069.0	123180.0
1924	123096.0	122980.0
1925	123263.0	122594.0
1926	122785.0	122883.0
1927	122599.0	122390.0
1928	122631.0	122925.0
1929	122975.0	123156.0
1930	123184.0	123173.0
1931	123029.0	123542.0
1932	122488.0	123239.0
1933	122027.0	122770.0
1934	122726.0	122442.0
1935	122815.0	123081.0
1936	123064.0	122951.0
1937	122975.0	122681.0
1938	123138.0	122868.0
1939	123419.0	123005.0
1940	123473.0	123449.0
1941	122456.0	123353.0
1942	122288.0	123528.0
1943	122918.0	122963.0
1944	123235.0	123952.0
1945	123057.0	123246.0
1946	123156.0	123110.0
1947	122940.0	123580.0
1948	122998.0	123092.0
1949	122998.0	123620.0
1950	123750.0	123413.0
1951	123387.0	122771.0
1952	123130.0	123012.0
1953	122675.0	123117.0
1954	122369.0	122840.0
1955	122948.0	123386.0
1956	122661.0	123669.0
1957	123431.0	122581.0
1958	123001.0	122922.0
1959	123206.0	123405.0
1960	122520.0	122805.0
1961	122854.0	122975.0
1962	122864.0	122936.0
1963	123216.0	122896.0
1964	122590.0	123036.0
1965	123555.0	123176.0
1966	123698.0	122757.0
1967	122795.0	123223.0
1968	122684.0	122640.0
1969	122859.0	122530.0
1970	122920.0	122861.0
1971	122590.0	123200.0
1972	122503.0	123343.0
1973	122812.0	123273.0
1974	122791.0	122491.0
1975	123067.0	122931.0
1976	122685.0	122650.0
1977	122746.0	123533.0
1978	123124.0	123081.0
1979	122620.0	122764.0
1980	123161.0	122597.0
1981	123163.0	123392.0
1982	122817.0	122432.0
1983	122704.0	123132.0
1984	122805.0	122947.0
1985	122222.0	122752.0
1986	122694.0	122981.0
1987	122773.0	122869.0
1988	122793.0	122740.0
1989	122964.0	122752.0
1990	123544.0	123301.0
1991	122804.0	123845.0
1992	122904.0	123332.0
1993	122882.0	122958.0
1994	122509.0	122917.0
1995	123035.0	123088.0
1996	122097.0	123181.0
1997	122831.0	123305.0
1998	122701.0	122723.0
1999	122962.0	123230.0
