Distance in bp(Fragment Length Estimate: 144)(Peak Width Estimate: 144)	Same Strand (+ for Watson strand, - for Crick)	Opposite Strand
-2000	123650.0	122721.0
-1999	123055.0	122385.0
-1998	123853.0	122300.0
-1997	122814.0	122571.0
-1996	123044.0	122749.0
-1995	123129.0	122403.0
-1994	123432.0	122603.0
-1993	123025.0	122485.0
-1992	123040.0	123077.0
-1991	123115.0	122897.0
-1990	123545.0	122995.0
-1989	123745.0	122795.0
-1988	123623.0	122791.0
-1987	123101.0	123238.0
-1986	123437.0	122804.0
-1985	123494.0	123223.0
-1984	123566.0	123046.0
-1983	123663.0	123142.0
-1982	123259.0	122661.0
-1981	123101.0	123281.0
-1980	123195.0	123076.0
-1979	123022.0	122715.0
-1978	122575.0	122706.0
-1977	123299.0	122983.0
-1976	123441.0	122947.0
-1975	123456.0	122653.0
-1974	123307.0	122517.0
-1973	123139.0	122687.0
-1972	123116.0	123192.0
-1971	123271.0	123153.0
-1970	123538.0	122788.0
-1969	122946.0	122682.0
-1968	123511.0	122882.0
-1967	123106.0	123026.0
-1966	122964.0	122674.0
-1965	123328.0	122864.0
-1964	123789.0	123094.0
-1963	123293.0	123042.0
-1962	123990.0	122931.0
-1961	123613.0	122757.0
-1960	122964.0	123185.0
-1959	123443.0	122475.0
-1958	123398.0	122786.0
-1957	122659.0	123449.0
-1956	123131.0	122821.0
-1955	123034.0	122667.0
-1954	123511.0	122777.0
-1953	123447.0	122436.0
-1952	123194.0	122528.0
-1951	123498.0	123005.0
-1950	123330.0	122408.0
-1949	123409.0	122376.0
-1948	123611.0	122359.0
-1947	123233.0	122703.0
-1946	123368.0	122277.0
-1945	123470.0	122136.0
-1944	123534.0	122736.0
-1943	123813.0	123046.0
-1942	123243.0	123467.0
-1941	123422.0	122806.0
-1940	123311.0	122726.0
-1939	123285.0	123127.0
-1938	123544.0	123075.0
-1937	123597.0	123025.0
-1936	123769.0	122928.0
-1935	122753.0	123096.0
-1934	123110.0	122603.0
-1933	123820.0	122776.0
-1932	123583.0	122725.0
-1931	123215.0	122529.0
-1930	123202.0	122926.0
-1929	122874.0	123318.0
-1928	123527.0	122561.0
-1927	123343.0	122618.0
-1926	123294.0	122977.0
-1925	123944.0	122627.0
-1924	123378.0	123232.0
-1923	123236.0	123355.0
-1922	123366.0	123061.0
-1921	123388.0	123209.0
-1920	123548.0	123284.0
-1919	123523.0	123062.0
-1918	123659.0	122008.0
-1917	123652.0	122583.0
-1916	123379.0	122170.0
-1915	123275.0	122758.0
-1914	123361.0	123223.0
-1913	123014.0	123080.0
-1912	123396.0	122833.0
-1911	124126.0	122563.0
-1910	123548.0	122585.0
-1909	123589.0	123058.0
-1908	124082.0	122785.0
-1907	123700.0	123042.0
-1906	123401.0	122472.0
-1905	124136.0	122531.0
-1904	123876.0	123295.0
-1903	123997.0	122716.0
-1902	123366.0	122243.0
-1901	123524.0	122737.0
-1900	122837.0	122565.0
-1899	123306.0	123061.0
-1898	123302.0	122988.0
-1897	123440.0	122688.0
-1896	123012.0	123386.0
-1895	123288.0	123314.0
-1894	123339.0	123136.0
-1893	123528.0	123166.0
-1892	123362.0	122891.0
-1891	123413.0	122776.0
-1890	123616.0	122878.0
-1889	124001.0	123013.0
-1888	123224.0	123196.0
-1887	123598.0	123070.0
-1886	123891.0	123822.0
-1885	123397.0	122900.0
-1884	123797.0	122472.0
-1883	123199.0	122797.0
-1882	123783.0	123279.0
-1881	123273.0	122746.0
-1880	123299.0	122610.0
-1879	123353.0	123273.0
-1878	123699.0	123061.0
-1877	123373.0	122799.0
-1876	123402.0	122942.0
-1875	123388.0	123534.0
-1874	123451.0	122692.0
-1873	123310.0	123484.0
-1872	124020.0	122738.0
-1871	124455.0	122815.0
-1870	123512.0	122715.0
-1869	123154.0	122239.0
-1868	123728.0	122648.0
-1867	123468.0	122950.0
-1866	123305.0	123043.0
-1865	123486.0	122780.0
-1864	123675.0	123179.0
-1863	123178.0	122866.0
-1862	122982.0	123092.0
-1861	123237.0	122590.0
-1860	123589.0	123174.0
-1859	123292.0	123062.0
-1858	123467.0	123349.0
-1857	123314.0	122810.0
-1856	123167.0	123187.0
-1855	123267.0	123608.0
-1854	123867.0	123075.0
-1853	123695.0	123247.0
-1852	123486.0	122931.0
-1851	122662.0	123118.0
-1850	123697.0	122977.0
-1849	123527.0	122781.0
-1848	123906.0	123359.0
-1847	123958.0	123339.0
-1846	123216.0	123356.0
-1845	122909.0	123052.0
-1844	123438.0	122714.0
-1843	124016.0	123297.0
-1842	123213.0	122985.0
-1841	122979.0	123004.0
-1840	123746.0	123325.0
-1839	123416.0	123241.0
-1838	123629.0	123145.0
-1837	123363.0	123721.0
-1836	123354.0	122762.0
-1835	123452.0	122795.0
-1834	123275.0	123051.0
-1833	123707.0	123444.0
-1832	123835.0	123570.0
-1831	123376.0	123253.0
-1830	123558.0	123098.0
-1829	123273.0	123082.0
-1828	123516.0	123301.0
-1827	123804.0	123296.0
-1826	123689.0	122733.0
-1825	124331.0	123005.0
-1824	123685.0	123258.0
-1823	123766.0	123049.0
-1822	123486.0	122855.0
-1821	123074.0	123088.0
-1820	123291.0	122930.0
-1819	123755.0	123045.0
-1818	123411.0	122687.0
-1817	123599.0	122875.0
-1816	123824.0	122788.0
-1815	123440.0	123156.0
-1814	123083.0	122403.0
-1813	123190.0	123535.0
-1812	123617.0	122937.0
-1811	123314.0	123077.0
-1810	123089.0	123002.0
-1809	123122.0	123046.0
-1808	123347.0	122961.0
-1807	123561.0	123253.0
-1806	123615.0	122984.0
-1805	123046.0	122666.0
-1804	122827.0	123043.0
-1803	123856.0	123234.0
-1802	123149.0	122703.0
-1801	123293.0	122972.0
-1800	123325.0	122708.0
-1799	123832.0	122643.0
-1798	123592.0	122782.0
-1797	124115.0	123256.0
-1796	123593.0	122685.0
-1795	123328.0	122892.0
-1794	122961.0	123136.0
-1793	123322.0	123057.0
-1792	123576.0	123063.0
-1791	123438.0	122763.0
-1790	123977.0	122968.0
-1789	122816.0	122854.0
-1788	123311.0	122448.0
-1787	123268.0	122884.0
-1786	122662.0	122809.0
-1785	123375.0	123409.0
-1784	123302.0	122857.0
-1783	123295.0	122887.0
-1782	123260.0	123633.0
-1781	123175.0	123371.0
-1780	123842.0	123460.0
-1779	123651.0	123199.0
-1778	123447.0	123418.0
-1777	123773.0	123393.0
-1776	123821.0	123203.0
-1775	123873.0	122999.0
-1774	123656.0	123558.0
-1773	123910.0	123512.0
-1772	123451.0	123158.0
-1771	122942.0	123562.0
-1770	123229.0	123711.0
-1769	123807.0	123296.0
-1768	123901.0	123009.0
-1767	123368.0	122805.0
-1766	123326.0	122816.0
-1765	123488.0	122918.0
-1764	122791.0	122843.0
-1763	123159.0	123040.0
-1762	123278.0	123076.0
-1761	123289.0	123026.0
-1760	123331.0	123026.0
-1759	123412.0	123218.0
-1758	123851.0	123116.0
-1757	123676.0	122705.0
-1756	123492.0	122757.0
-1755	123530.0	123373.0
-1754	123662.0	123209.0
-1753	123674.0	123459.0
-1752	123090.0	123349.0
-1751	123574.0	123760.0
-1750	123526.0	123653.0
-1749	123938.0	123210.0
-1748	123572.0	122930.0
-1747	123425.0	122875.0
-1746	123652.0	123348.0
-1745	123539.0	123021.0
-1744	123458.0	123405.0
-1743	123709.0	123424.0
-1742	122962.0	122856.0
-1741	123478.0	123200.0
-1740	123708.0	123057.0
-1739	123384.0	123083.0
-1738	123976.0	122878.0
-1737	124267.0	122670.0
-1736	123941.0	122832.0
-1735	123827.0	123145.0
-1734	123487.0	123568.0
-1733	123390.0	123650.0
-1732	123705.0	123620.0
-1731	123199.0	123156.0
-1730	123309.0	122803.0
-1729	123198.0	123119.0
-1728	123733.0	123246.0
-1727	123286.0	123388.0
-1726	123549.0	122973.0
-1725	123503.0	123421.0
-1724	123636.0	122815.0
-1723	124014.0	123073.0
-1722	123214.0	123141.0
-1721	123205.0	123275.0
-1720	123477.0	123492.0
-1719	123479.0	123302.0
-1718	123454.0	123783.0
-1717	123322.0	123520.0
-1716	123569.0	123637.0
-1715	122720.0	123602.0
-1714	123482.0	122931.0
-1713	123781.0	123330.0
-1712	123676.0	122745.0
-1711	123852.0	122866.0
-1710	123515.0	122559.0
-1709	123254.0	123185.0
-1708	122851.0	123331.0
-1707	123528.0	123522.0
-1706	123886.0	123495.0
-1705	124018.0	124470.0
-1704	123777.0	123599.0
-1703	123653.0	123261.0
-1702	123578.0	123717.0
-1701	123627.0	123021.0
-1700	123680.0	123053.0
-1699	123689.0	123419.0
-1698	123963.0	122889.0
-1697	123783.0	123272.0
-1696	124168.0	123581.0
-1695	124187.0	123588.0
-1694	124076.0	123278.0
-1693	123727.0	122925.0
-1692	124212.0	123695.0
-1691	123474.0	123979.0
-1690	123612.0	123512.0
-1689	123893.0	123212.0
-1688	123711.0	123211.0
-1687	123049.0	123261.0
-1686	123267.0	123379.0
-1685	124222.0	122438.0
-1684	123761.0	122992.0
-1683	123745.0	123310.0
-1682	124341.0	123105.0
-1681	124027.0	122631.0
-1680	123525.0	122816.0
-1679	124005.0	123423.0
-1678	123600.0	123369.0
-1677	123745.0	123265.0
-1676	123675.0	123153.0
-1675	123607.0	123576.0
-1674	123388.0	123296.0
-1673	123158.0	123847.0
-1672	123664.0	122820.0
-1671	123364.0	123360.0
-1670	123895.0	122925.0
-1669	124243.0	123401.0
-1668	123797.0	123611.0
-1667	123523.0	123082.0
-1666	123315.0	123018.0
-1665	123620.0	122676.0
-1664	123294.0	123122.0
-1663	123632.0	123667.0
-1662	123661.0	123683.0
-1661	123618.0	123788.0
-1660	123818.0	123129.0
-1659	123772.0	123573.0
-1658	123316.0	122951.0
-1657	123454.0	123268.0
-1656	123115.0	123130.0
-1655	124019.0	123551.0
-1654	123209.0	123344.0
-1653	123628.0	123602.0
-1652	123232.0	123170.0
-1651	123922.0	123351.0
-1650	123483.0	123436.0
-1649	123603.0	123264.0
-1648	123121.0	123120.0
-1647	123597.0	124069.0
-1646	123812.0	123236.0
-1645	123496.0	123596.0
-1644	123829.0	123661.0
-1643	123563.0	123424.0
-1642	123447.0	123261.0
-1641	123162.0	123432.0
-1640	123802.0	123293.0
-1639	123514.0	123203.0
-1638	123601.0	123196.0
-1637	124086.0	122804.0
-1636	123416.0	123288.0
-1635	123665.0	123230.0
-1634	123392.0	123168.0
-1633	123640.0	122860.0
-1632	123152.0	123010.0
-1631	123420.0	122964.0
-1630	123448.0	123494.0
-1629	123476.0	122976.0
-1628	123431.0	122579.0
-1627	123870.0	123145.0
-1626	123717.0	123280.0
-1625	122931.0	123482.0
-1624	123252.0	123064.0
-1623	123650.0	123585.0
-1622	123122.0	123292.0
-1621	123360.0	123676.0
-1620	123611.0	123371.0
-1619	123910.0	123252.0
-1618	123723.0	123049.0
-1617	123804.0	123409.0
-1616	123515.0	122699.0
-1615	123046.0	122726.0
-1614	123735.0	123285.0
-1613	123057.0	123097.0
-1612	123800.0	122989.0
-1611	123484.0	123452.0
-1610	123755.0	122440.0
-1609	123635.0	123416.0
-1608	123564.0	123234.0
-1607	122763.0	123131.0
-1606	123083.0	123579.0
-1605	123641.0	123127.0
-1604	123204.0	122824.0
-1603	123344.0	123684.0
-1602	123180.0	123673.0
-1601	122988.0	123153.0
-1600	123575.0	123438.0
-1599	123447.0	123613.0
-1598	123339.0	122838.0
-1597	123211.0	123230.0
-1596	123633.0	122829.0
-1595	123338.0	123425.0
-1594	123409.0	122832.0
-1593	123554.0	122787.0
-1592	123458.0	123494.0
-1591	123742.0	123658.0
-1590	123910.0	123558.0
-1589	123269.0	123306.0
-1588	123275.0	123017.0
-1587	123881.0	123310.0
-1586	123417.0	123095.0
-1585	123524.0	123639.0
-1584	123292.0	123098.0
-1583	123842.0	123393.0
-1582	123213.0	123788.0
-1581	123577.0	123764.0
-1580	124162.0	124165.0
-1579	123240.0	123339.0
-1578	123981.0	123126.0
-1577	123283.0	123178.0
-1576	123409.0	123551.0
-1575	123616.0	123116.0
-1574	123339.0	122572.0
-1573	123167.0	122693.0
-1572	123210.0	123180.0
-1571	123168.0	123253.0
-1570	123558.0	123523.0
-1569	123302.0	123974.0
-1568	123546.0	123455.0
-1567	123513.0	123497.0
-1566	123542.0	123031.0
-1565	123535.0	123293.0
-1564	122734.0	123325.0
-1563	123663.0	123407.0
-1562	123373.0	122946.0
-1561	123650.0	123343.0
-1560	123863.0	123890.0
-1559	123585.0	123788.0
-1558	123621.0	123527.0
-1557	123689.0	122679.0
-1556	123606.0	122947.0
-1555	124014.0	123496.0
-1554	123179.0	124130.0
-1553	123569.0	123545.0
-1552	123778.0	123798.0
-1551	123464.0	123585.0
-1550	123425.0	123540.0
-1549	123740.0	123387.0
-1548	123805.0	123732.0
-1547	123836.0	123356.0
-1546	124056.0	123288.0
-1545	123480.0	123794.0
-1544	124015.0	123098.0
-1543	123408.0	123527.0
-1542	123971.0	123974.0
-1541	123725.0	123820.0
-1540	123816.0	124112.0
-1539	124138.0	123535.0
-1538	123654.0	123428.0
-1537	123740.0	123213.0
-1536	123460.0	123399.0
-1535	123609.0	123007.0
-1534	123389.0	123459.0
-1533	123506.0	123637.0
-1532	123810.0	123929.0
-1531	123724.0	122928.0
-1530	123999.0	123340.0
-1529	123614.0	123609.0
-1528	123101.0	123668.0
-1527	123849.0	123353.0
-1526	123441.0	123708.0
-1525	123769.0	123410.0
-1524	124156.0	123547.0
-1523	123212.0	123641.0
-1522	123504.0	123862.0
-1521	123969.0	123880.0
-1520	123640.0	124137.0
-1519	123929.0	123336.0
-1518	123578.0	123443.0
-1517	123882.0	123632.0
-1516	123867.0	123443.0
-1515	123725.0	124026.0
-1514	124002.0	124239.0
-1513	123768.0	123769.0
-1512	123647.0	124344.0
-1511	123662.0	123757.0
-1510	124253.0	124038.0
-1509	124658.0	123687.0
-1508	123543.0	122967.0
-1507	123930.0	123884.0
-1506	124128.0	123917.0
-1505	124015.0	123733.0
-1504	124451.0	123865.0
-1503	124034.0	123778.0
-1502	124222.0	123583.0
-1501	124036.0	123938.0
-1500	123675.0	123112.0
-1499	123792.0	123798.0
-1498	124010.0	123448.0
-1497	123554.0	123713.0
-1496	123488.0	123467.0
-1495	123792.0	124082.0
-1494	124241.0	123313.0
-1493	123750.0	123713.0
-1492	124158.0	123327.0
-1491	124658.0	123413.0
-1490	123499.0	122830.0
-1489	123771.0	123725.0
-1488	124361.0	123805.0
-1487	123505.0	123104.0
-1486	123858.0	123436.0
-1485	123950.0	123433.0
-1484	123687.0	123436.0
-1483	123520.0	123376.0
-1482	124189.0	123486.0
-1481	123989.0	123359.0
-1480	124540.0	123650.0
-1479	124117.0	123026.0
-1478	123774.0	123311.0
-1477	124271.0	123805.0
-1476	124080.0	123330.0
-1475	123426.0	123907.0
-1474	123702.0	123234.0
-1473	124424.0	123421.0
-1472	124354.0	123300.0
-1471	123738.0	123704.0
-1470	124144.0	123680.0
-1469	123599.0	123420.0
-1468	123892.0	123699.0
-1467	123922.0	123801.0
-1466	123507.0	123343.0
-1465	124112.0	123116.0
-1464	123644.0	123920.0
-1463	123384.0	123483.0
-1462	124030.0	123298.0
-1461	123590.0	123074.0
-1460	124002.0	122696.0
-1459	124326.0	123548.0
-1458	124175.0	123918.0
-1457	123438.0	122989.0
-1456	123683.0	123489.0
-1455	124277.0	123000.0
-1454	123808.0	123003.0
-1453	124280.0	123052.0
-1452	123667.0	123556.0
-1451	123813.0	122814.0
-1450	123820.0	123107.0
-1449	123725.0	123678.0
-1448	123378.0	123674.0
-1447	124000.0	123025.0
-1446	123882.0	123396.0
-1445	123507.0	123072.0
-1444	123873.0	122832.0
-1443	123710.0	123447.0
-1442	123871.0	123643.0
-1441	123938.0	123361.0
-1440	124518.0	123195.0
-1439	123536.0	123200.0
-1438	123378.0	123092.0
-1437	123504.0	123170.0
-1436	123518.0	123651.0
-1435	124245.0	123125.0
-1434	123753.0	123425.0
-1433	123659.0	123145.0
-1432	123783.0	123525.0
-1431	123621.0	123276.0
-1430	123411.0	123140.0
-1429	123980.0	123610.0
-1428	123978.0	123418.0
-1427	123315.0	122999.0
-1426	123771.0	123311.0
-1425	123047.0	123241.0
-1424	123637.0	123532.0
-1423	123328.0	123289.0
-1422	123826.0	123317.0
-1421	123789.0	123229.0
-1420	123879.0	123290.0
-1419	123942.0	123277.0
-1418	123535.0	123173.0
-1417	123044.0	123224.0
-1416	123422.0	123622.0
-1415	123398.0	123512.0
-1414	123870.0	123604.0
-1413	123969.0	123617.0
-1412	123389.0	123661.0
-1411	123705.0	123615.0
-1410	123937.0	124091.0
-1409	123125.0	123679.0
-1408	123359.0	123752.0
-1407	123513.0	123612.0
-1406	123964.0	124042.0
-1405	123315.0	123716.0
-1404	124200.0	123828.0
-1403	123919.0	123337.0
-1402	123180.0	123844.0
-1401	124101.0	123308.0
-1400	123458.0	123497.0
-1399	123364.0	123498.0
-1398	124115.0	123797.0
-1397	124010.0	124051.0
-1396	123488.0	123626.0
-1395	124188.0	123269.0
-1394	124338.0	123221.0
-1393	123522.0	123259.0
-1392	123794.0	123039.0
-1391	123519.0	123483.0
-1390	123470.0	123840.0
-1389	123594.0	123995.0
-1388	123753.0	123711.0
-1387	123725.0	123908.0
-1386	123353.0	123565.0
-1385	123772.0	123765.0
-1384	124077.0	123535.0
-1383	123549.0	123786.0
-1382	123746.0	123087.0
-1381	123634.0	123376.0
-1380	123952.0	124303.0
-1379	124123.0	123665.0
-1378	122906.0	123748.0
-1377	123638.0	124194.0
-1376	123907.0	123738.0
-1375	124607.0	123120.0
-1374	124043.0	123141.0
-1373	124273.0	122909.0
-1372	124536.0	123520.0
-1371	123492.0	123565.0
-1370	123692.0	123406.0
-1369	123631.0	123958.0
-1368	124053.0	123277.0
-1367	123416.0	123601.0
-1366	123251.0	123229.0
-1365	123744.0	123729.0
-1364	123233.0	123978.0
-1363	123384.0	123362.0
-1362	123971.0	123988.0
-1361	123424.0	123539.0
-1360	123688.0	124102.0
-1359	123803.0	123744.0
-1358	123603.0	123238.0
-1357	123939.0	124123.0
-1356	123588.0	124004.0
-1355	123662.0	124004.0
-1354	123947.0	124375.0
-1353	123490.0	123604.0
-1352	123555.0	123927.0
-1351	123439.0	124470.0
-1350	123747.0	124188.0
-1349	123921.0	123573.0
-1348	123796.0	124124.0
-1347	124229.0	124302.0
-1346	123751.0	123819.0
-1345	124124.0	124142.0
-1344	124414.0	124366.0
-1343	124443.0	124171.0
-1342	123863.0	124445.0
-1341	124368.0	124536.0
-1340	124335.0	124376.0
-1339	124062.0	124537.0
-1338	124327.0	124004.0
-1337	124109.0	123890.0
-1336	123988.0	124251.0
-1335	124077.0	124098.0
-1334	124065.0	124230.0
-1333	124321.0	124342.0
-1332	124261.0	124154.0
-1331	123102.0	123809.0
-1330	124207.0	124093.0
-1329	124311.0	123982.0
-1328	124233.0	123697.0
-1327	123710.0	123534.0
-1326	124168.0	123720.0
-1325	124447.0	123618.0
-1324	124813.0	123730.0
-1323	124430.0	124272.0
-1322	124215.0	123670.0
-1321	124014.0	123784.0
-1320	124672.0	124314.0
-1319	124412.0	123686.0
-1318	124600.0	124125.0
-1317	124401.0	123731.0
-1316	123998.0	123332.0
-1315	124143.0	123471.0
-1314	124465.0	123580.0
-1313	124421.0	123755.0
-1312	123931.0	123609.0
-1311	124444.0	123399.0
-1310	123786.0	123674.0
-1309	123920.0	123745.0
-1308	124646.0	123658.0
-1307	124189.0	123874.0
-1306	124403.0	123890.0
-1305	124209.0	123834.0
-1304	123797.0	123704.0
-1303	124242.0	123591.0
-1302	124587.0	123465.0
-1301	123949.0	123749.0
-1300	124102.0	123750.0
-1299	124156.0	123759.0
-1298	123616.0	123638.0
-1297	123583.0	123764.0
-1296	123888.0	123696.0
-1295	123996.0	123662.0
-1294	124200.0	124338.0
-1293	124214.0	123561.0
-1292	124529.0	123602.0
-1291	123896.0	123378.0
-1290	124308.0	123549.0
-1289	124369.0	123463.0
-1288	124272.0	123027.0
-1287	124282.0	123102.0
-1286	124060.0	123523.0
-1285	124609.0	123468.0
-1284	124306.0	123177.0
-1283	123671.0	123327.0
-1282	124372.0	123946.0
-1281	123898.0	124209.0
-1280	123682.0	123458.0
-1279	123850.0	123396.0
-1278	124364.0	123849.0
-1277	123717.0	123523.0
-1276	124351.0	124091.0
-1275	124365.0	123268.0
-1274	123811.0	123233.0
-1273	124315.0	123907.0
-1272	124129.0	123592.0
-1271	123675.0	123784.0
-1270	124076.0	123932.0
-1269	123988.0	123060.0
-1268	123860.0	123756.0
-1267	124120.0	123719.0
-1266	124115.0	123850.0
-1265	124077.0	122759.0
-1264	123862.0	123688.0
-1263	124078.0	123620.0
-1262	123844.0	124029.0
-1261	123971.0	123694.0
-1260	123874.0	123709.0
-1259	123704.0	123847.0
-1258	123759.0	123651.0
-1257	123862.0	123862.0
-1256	123669.0	123768.0
-1255	124760.0	124118.0
-1254	123487.0	123844.0
-1253	123912.0	123240.0
-1252	124060.0	123474.0
-1251	124725.0	123997.0
-1250	124239.0	122469.0
-1249	123619.0	123513.0
-1248	124480.0	122971.0
-1247	123875.0	123496.0
-1246	124050.0	123524.0
-1245	123446.0	123679.0
-1244	123483.0	123200.0
-1243	123977.0	123407.0
-1242	123579.0	123553.0
-1241	123680.0	123144.0
-1240	123783.0	123402.0
-1239	123658.0	123794.0
-1238	123737.0	123493.0
-1237	123908.0	123231.0
-1236	123545.0	123516.0
-1235	123459.0	123071.0
-1234	123969.0	123801.0
-1233	124183.0	123855.0
-1232	123603.0	123618.0
-1231	123426.0	123777.0
-1230	123525.0	123798.0
-1229	123686.0	123531.0
-1228	123716.0	124209.0
-1227	123841.0	123589.0
-1226	123290.0	123802.0
-1225	123667.0	124075.0
-1224	123721.0	123697.0
-1223	124357.0	123216.0
-1222	123792.0	124015.0
-1221	123762.0	124524.0
-1220	123301.0	123759.0
-1219	123644.0	124343.0
-1218	123740.0	124226.0
-1217	123743.0	124310.0
-1216	124089.0	123403.0
-1215	124001.0	124250.0
-1214	123545.0	123875.0
-1213	123990.0	123729.0
-1212	124270.0	123722.0
-1211	124031.0	123416.0
-1210	123795.0	123776.0
-1209	123873.0	124359.0
-1208	124096.0	124248.0
-1207	124142.0	123895.0
-1206	124466.0	124381.0
-1205	124708.0	123642.0
-1204	124313.0	123696.0
-1203	123963.0	123397.0
-1202	123859.0	124007.0
-1201	123988.0	124343.0
-1200	124390.0	124463.0
-1199	124401.0	123893.0
-1198	124131.0	124036.0
-1197	124485.0	123918.0
-1196	124010.0	123929.0
-1195	124444.0	124073.0
-1194	123740.0	124245.0
-1193	123887.0	124137.0
-1192	123929.0	123577.0
-1191	123970.0	123711.0
-1190	124274.0	124241.0
-1189	124516.0	123881.0
-1188	124079.0	124442.0
-1187	124239.0	124244.0
-1186	124365.0	124075.0
-1185	123727.0	124059.0
-1184	123974.0	124329.0
-1183	124387.0	124105.0
-1182	124388.0	123769.0
-1181	124887.0	123566.0
-1180	124667.0	123739.0
-1179	124776.0	123774.0
-1178	124572.0	123964.0
-1177	124366.0	123737.0
-1176	124540.0	124186.0
-1175	124494.0	123823.0
-1174	124420.0	123860.0
-1173	124373.0	124430.0
-1172	124223.0	124107.0
-1171	124745.0	124271.0
-1170	124790.0	124122.0
-1169	124211.0	123959.0
-1168	124505.0	123869.0
-1167	124147.0	123932.0
-1166	124734.0	123339.0
-1165	124237.0	124244.0
-1164	125149.0	124512.0
-1163	123611.0	123661.0
-1162	124661.0	123859.0
-1161	124750.0	123483.0
-1160	124174.0	123692.0
-1159	124412.0	124508.0
-1158	124783.0	124460.0
-1157	124368.0	123769.0
-1156	124892.0	124100.0
-1155	124762.0	124197.0
-1154	124340.0	124455.0
-1153	124671.0	124576.0
-1152	124081.0	123992.0
-1151	125102.0	123484.0
-1150	124474.0	124157.0
-1149	124426.0	124695.0
-1148	124616.0	123995.0
-1147	124447.0	124448.0
-1146	124781.0	124274.0
-1145	124265.0	123857.0
-1144	124549.0	123975.0
-1143	125021.0	124468.0
-1142	124351.0	124105.0
-1141	124062.0	124725.0
-1140	125037.0	123914.0
-1139	124349.0	124121.0
-1138	124615.0	124156.0
-1137	124635.0	124488.0
-1136	125037.0	123662.0
-1135	125257.0	124011.0
-1134	125127.0	124451.0
-1133	125201.0	123595.0
-1132	124274.0	124213.0
-1131	124353.0	124028.0
-1130	125030.0	123465.0
-1129	124409.0	123981.0
-1128	124848.0	123827.0
-1127	124674.0	123632.0
-1126	124591.0	124320.0
-1125	124951.0	123912.0
-1124	124658.0	123675.0
-1123	124612.0	124376.0
-1122	125272.0	124065.0
-1121	125045.0	123286.0
-1120	124770.0	123629.0
-1119	124799.0	123830.0
-1118	124143.0	124254.0
-1117	124476.0	124170.0
-1116	124412.0	124434.0
-1115	124468.0	123747.0
-1114	123943.0	123999.0
-1113	124192.0	123173.0
-1112	123903.0	123554.0
-1111	124508.0	123885.0
-1110	124905.0	123876.0
-1109	124330.0	123519.0
-1108	124060.0	124190.0
-1107	124181.0	124186.0
-1106	123884.0	123716.0
-1105	124611.0	123602.0
-1104	124131.0	123977.0
-1103	124499.0	123816.0
-1102	125002.0	124074.0
-1101	124451.0	123504.0
-1100	124732.0	123366.0
-1099	124819.0	123230.0
-1098	124612.0	123708.0
-1097	124189.0	123727.0
-1096	124225.0	124147.0
-1095	124094.0	123929.0
-1094	124433.0	124019.0
-1093	124305.0	123638.0
-1092	124759.0	123375.0
-1091	124126.0	123758.0
-1090	124901.0	123199.0
-1089	124395.0	124002.0
-1088	125125.0	123850.0
-1087	124209.0	123852.0
-1086	124268.0	123801.0
-1085	123995.0	123581.0
-1084	124381.0	123616.0
-1083	124961.0	123568.0
-1082	123954.0	123631.0
-1081	124705.0	123981.0
-1080	124222.0	123892.0
-1079	123877.0	123711.0
-1078	124489.0	123569.0
-1077	125073.0	124026.0
-1076	124303.0	123845.0
-1075	124672.0	123791.0
-1074	124455.0	123756.0
-1073	124226.0	123858.0
-1072	123456.0	124184.0
-1071	124458.0	124347.0
-1070	124153.0	123281.0
-1069	124226.0	123120.0
-1068	124768.0	123676.0
-1067	123841.0	124061.0
-1066	124386.0	123486.0
-1065	124587.0	123509.0
-1064	123894.0	123504.0
-1063	124081.0	124042.0
-1062	124488.0	123377.0
-1061	124184.0	124032.0
-1060	123717.0	124241.0
-1059	124001.0	123434.0
-1058	124118.0	123240.0
-1057	124102.0	123510.0
-1056	124102.0	123369.0
-1055	124244.0	123419.0
-1054	123674.0	124215.0
-1053	124010.0	124092.0
-1052	124129.0	123836.0
-1051	123794.0	123526.0
-1050	124145.0	123928.0
-1049	124085.0	123958.0
-1048	123205.0	123628.0
-1047	124238.0	124351.0
-1046	124277.0	123546.0
-1045	124854.0	123808.0
-1044	124833.0	124104.0
-1043	124312.0	123798.0
-1042	123760.0	123882.0
-1041	124183.0	124225.0
-1040	124786.0	124339.0
-1039	124704.0	123886.0
-1038	124306.0	123538.0
-1037	124182.0	123969.0
-1036	124006.0	124398.0
-1035	124337.0	124146.0
-1034	124715.0	124115.0
-1033	124405.0	124103.0
-1032	124328.0	123883.0
-1031	124077.0	123917.0
-1030	124254.0	124317.0
-1029	124230.0	123778.0
-1028	124356.0	123711.0
-1027	124576.0	123986.0
-1026	124778.0	125061.0
-1025	124206.0	123917.0
-1024	124480.0	123551.0
-1023	124050.0	124428.0
-1022	124552.0	124271.0
-1021	124792.0	124266.0
-1020	125211.0	123790.0
-1019	123976.0	124348.0
-1018	124058.0	123897.0
-1017	124593.0	124586.0
-1016	124239.0	124440.0
-1015	124186.0	123915.0
-1014	124287.0	124799.0
-1013	124265.0	123804.0
-1012	124782.0	124201.0
-1011	125318.0	124534.0
-1010	124717.0	123488.0
-1009	124056.0	123874.0
-1008	123813.0	124147.0
-1007	124338.0	123957.0
-1006	124474.0	124960.0
-1005	124544.0	124610.0
-1004	124280.0	123958.0
-1003	124418.0	124753.0
-1002	124729.0	123957.0
-1001	124540.0	124154.0
-1000	124727.0	124546.0
-999	124478.0	123861.0
-998	123676.0	124094.0
-997	124000.0	124988.0
-996	124094.0	124764.0
-995	124206.0	124625.0
-994	124375.0	124741.0
-993	124280.0	124953.0
-992	124223.0	123982.0
-991	124294.0	124934.0
-990	124618.0	124722.0
-989	124007.0	124453.0
-988	124673.0	124195.0
-987	124482.0	124286.0
-986	124522.0	124222.0
-985	124149.0	124401.0
-984	124774.0	124751.0
-983	124415.0	124637.0
-982	124459.0	123987.0
-981	124532.0	124247.0
-980	124251.0	124042.0
-979	123977.0	124500.0
-978	124379.0	124294.0
-977	124052.0	124811.0
-976	124913.0	124614.0
-975	124419.0	124151.0
-974	124585.0	124107.0
-973	124973.0	124475.0
-972	124740.0	124749.0
-971	125044.0	124633.0
-970	124908.0	124198.0
-969	125161.0	124805.0
-968	124520.0	124265.0
-967	124741.0	124258.0
-966	124896.0	124522.0
-965	124589.0	124355.0
-964	124833.0	124154.0
-963	125377.0	124500.0
-962	124279.0	123912.0
-961	125079.0	123626.0
-960	124532.0	124489.0
-959	124889.0	124365.0
-958	124057.0	124810.0
-957	125057.0	124491.0
-956	124939.0	123760.0
-955	124360.0	123874.0
-954	125240.0	124057.0
-953	124697.0	123681.0
-952	124783.0	124049.0
-951	124885.0	124024.0
-950	124616.0	124048.0
-949	124181.0	124330.0
-948	125036.0	124287.0
-947	124671.0	123987.0
-946	125131.0	124158.0
-945	125011.0	124797.0
-944	124787.0	123593.0
-943	124620.0	124735.0
-942	124671.0	124754.0
-941	124931.0	124262.0
-940	124719.0	124208.0
-939	124199.0	124107.0
-938	124483.0	124050.0
-937	124515.0	124529.0
-936	124472.0	123992.0
-935	124939.0	123594.0
-934	124450.0	123970.0
-933	124660.0	123919.0
-932	124973.0	124055.0
-931	124058.0	124315.0
-930	125280.0	124278.0
-929	124730.0	124675.0
-928	125024.0	124149.0
-927	124544.0	124614.0
-926	124578.0	124272.0
-925	124248.0	123997.0
-924	124373.0	123932.0
-923	124051.0	123919.0
-922	124773.0	124977.0
-921	124803.0	124410.0
-920	124431.0	124140.0
-919	124784.0	123506.0
-918	124344.0	124363.0
-917	124820.0	124215.0
-916	124769.0	124292.0
-915	124786.0	123699.0
-914	124535.0	123256.0
-913	125044.0	124166.0
-912	125159.0	124578.0
-911	124930.0	123941.0
-910	124650.0	123921.0
-909	124353.0	123844.0
-908	124563.0	123825.0
-907	124923.0	123984.0
-906	124917.0	124794.0
-905	124400.0	123780.0
-904	124498.0	123475.0
-903	124440.0	124039.0
-902	124594.0	123630.0
-901	123993.0	124204.0
-900	124685.0	124122.0
-899	124025.0	123989.0
-898	124199.0	124232.0
-897	124698.0	124400.0
-896	124290.0	123874.0
-895	124890.0	124133.0
-894	125025.0	124102.0
-893	124809.0	124690.0
-892	124705.0	124267.0
-891	125108.0	124166.0
-890	124590.0	123287.0
-889	124663.0	124219.0
-888	124460.0	124233.0
-887	124613.0	123360.0
-886	123901.0	123910.0
-885	124781.0	124740.0
-884	124585.0	123906.0
-883	124097.0	124694.0
-882	124686.0	123797.0
-881	124699.0	123367.0
-880	124860.0	123901.0
-879	124675.0	123578.0
-878	124316.0	124135.0
-877	124897.0	123712.0
-876	124309.0	123613.0
-875	124054.0	123880.0
-874	124520.0	124338.0
-873	124768.0	124292.0
-872	124307.0	124030.0
-871	124544.0	123891.0
-870	124819.0	124233.0
-869	124082.0	124185.0
-868	124579.0	124361.0
-867	124791.0	124954.0
-866	124455.0	124457.0
-865	124369.0	124402.0
-864	124811.0	124661.0
-863	124211.0	124158.0
-862	124393.0	124758.0
-861	124877.0	124363.0
-860	124455.0	124467.0
-859	124815.0	125026.0
-858	125505.0	124369.0
-857	124410.0	124241.0
-856	124728.0	124192.0
-855	124532.0	124117.0
-854	124222.0	124217.0
-853	123949.0	124870.0
-852	124632.0	124347.0
-851	124812.0	124307.0
-850	124646.0	124357.0
-849	124579.0	124404.0
-848	124496.0	123910.0
-847	124411.0	124257.0
-846	124479.0	124682.0
-845	124455.0	124056.0
-844	124037.0	124369.0
-843	124670.0	123992.0
-842	124659.0	123822.0
-841	123900.0	124395.0
-840	124733.0	124681.0
-839	124224.0	124292.0
-838	124892.0	124967.0
-837	124759.0	124543.0
-836	124634.0	124149.0
-835	124546.0	124496.0
-834	124807.0	124484.0
-833	124381.0	124290.0
-832	124419.0	125182.0
-831	125181.0	124843.0
-830	124924.0	123883.0
-829	124510.0	124213.0
-828	124580.0	124673.0
-827	124530.0	124363.0
-826	124552.0	124420.0
-825	124774.0	125123.0
-824	124346.0	124017.0
-823	124959.0	124828.0
-822	124245.0	124176.0
-821	124137.0	124004.0
-820	124595.0	124305.0
-819	125194.0	124965.0
-818	124772.0	124039.0
-817	124574.0	124422.0
-816	125403.0	124644.0
-815	125361.0	124079.0
-814	124978.0	124608.0
-813	125109.0	124559.0
-812	124490.0	124607.0
-811	124939.0	124531.0
-810	125013.0	123894.0
-809	124662.0	124089.0
-808	124445.0	124214.0
-807	124602.0	124875.0
-806	124211.0	124485.0
-805	125040.0	124751.0
-804	125009.0	124324.0
-803	124354.0	124391.0
-802	124548.0	124173.0
-801	125089.0	124603.0
-800	124726.0	124224.0
-799	124698.0	124684.0
-798	124821.0	124744.0
-797	124701.0	124331.0
-796	125148.0	124631.0
-795	125220.0	124403.0
-794	124743.0	124486.0
-793	124363.0	124488.0
-792	124677.0	124514.0
-791	125069.0	123854.0
-790	124884.0	124486.0
-789	124575.0	124381.0
-788	124750.0	124153.0
-787	124421.0	124288.0
-786	124984.0	124937.0
-785	124035.0	124998.0
-784	124853.0	124673.0
-783	125300.0	124636.0
-782	125015.0	124593.0
-781	125077.0	124253.0
-780	124773.0	124360.0
-779	124887.0	124163.0
-778	124683.0	124763.0
-777	125279.0	125057.0
-776	124894.0	124889.0
-775	125155.0	124661.0
-774	125570.0	124968.0
-773	125037.0	124092.0
-772	125419.0	125009.0
-771	125039.0	125011.0
-770	125073.0	124850.0
-769	125191.0	124515.0
-768	125922.0	124148.0
-767	124862.0	124125.0
-766	125315.0	124972.0
-765	124774.0	124168.0
-764	124860.0	124524.0
-763	125134.0	124759.0
-762	124703.0	124403.0
-761	124582.0	124628.0
-760	124280.0	124340.0
-759	124493.0	124707.0
-758	125449.0	124594.0
-757	124972.0	124865.0
-756	125499.0	124617.0
-755	125289.0	124282.0
-754	124632.0	124946.0
-753	125751.0	124471.0
-752	124809.0	124556.0
-751	125590.0	124616.0
-750	125671.0	124796.0
-749	125568.0	124682.0
-748	124664.0	124653.0
-747	125215.0	125067.0
-746	124455.0	124597.0
-745	124525.0	124846.0
-744	125296.0	125143.0
-743	124958.0	124893.0
-742	125225.0	124460.0
-741	125560.0	124965.0
-740	125265.0	124537.0
-739	124905.0	124675.0
-738	125391.0	124622.0
-737	124909.0	124342.0
-736	124950.0	124931.0
-735	125129.0	124672.0
-734	125151.0	124342.0
-733	125356.0	124890.0
-732	125517.0	124574.0
-731	124922.0	124548.0
-730	125423.0	124617.0
-729	125374.0	124758.0
-728	125464.0	124632.0
-727	125773.0	124398.0
-726	125422.0	125106.0
-725	125521.0	125131.0
-724	125584.0	124410.0
-723	125935.0	124789.0
-722	125743.0	124493.0
-721	124945.0	124313.0
-720	125695.0	124793.0
-719	125102.0	123912.0
-718	125670.0	125030.0
-717	126006.0	124632.0
-716	125579.0	124269.0
-715	125006.0	124780.0
-714	125759.0	124478.0
-713	125362.0	124293.0
-712	125903.0	125040.0
-711	125566.0	124471.0
-710	125696.0	124469.0
-709	125806.0	124949.0
-708	126015.0	124798.0
-707	125525.0	123994.0
-706	124966.0	124691.0
-705	125719.0	124737.0
-704	125982.0	124142.0
-703	125273.0	124207.0
-702	125108.0	124674.0
-701	125380.0	124509.0
-700	125245.0	124104.0
-699	125544.0	124671.0
-698	125004.0	124421.0
-697	125663.0	124930.0
-696	125420.0	124775.0
-695	125028.0	124363.0
-694	125508.0	125178.0
-693	125441.0	124950.0
-692	125493.0	124190.0
-691	125728.0	123996.0
-690	125849.0	124517.0
-689	125134.0	123938.0
-688	125417.0	124602.0
-687	125305.0	124474.0
-686	124969.0	123578.0
-685	125660.0	124161.0
-684	125885.0	124384.0
-683	125113.0	123526.0
-682	125631.0	125121.0
-681	126121.0	124563.0
-680	125017.0	124212.0
-679	125040.0	124230.0
-678	125221.0	124371.0
-677	124579.0	123846.0
-676	124744.0	124753.0
-675	125576.0	124478.0
-674	125147.0	124296.0
-673	124694.0	125207.0
-672	125510.0	123956.0
-671	125118.0	124081.0
-670	124796.0	124705.0
-669	125375.0	124180.0
-668	125110.0	124164.0
-667	124615.0	124190.0
-666	125157.0	124519.0
-665	124809.0	124115.0
-664	124129.0	124662.0
-663	125453.0	123929.0
-662	124156.0	123841.0
-661	124903.0	124979.0
-660	125178.0	124795.0
-659	124315.0	124443.0
-658	124962.0	124697.0
-657	124261.0	125379.0
-656	124154.0	124398.0
-655	124591.0	124641.0
-654	125451.0	124347.0
-653	124737.0	123864.0
-652	124708.0	124376.0
-651	125068.0	124899.0
-650	124369.0	124636.0
-649	124747.0	124020.0
-648	124768.0	124892.0
-647	124211.0	124589.0
-646	124711.0	124692.0
-645	125156.0	124544.0
-644	124620.0	124157.0
-643	125159.0	124221.0
-642	125003.0	124134.0
-641	124540.0	123899.0
-640	124905.0	124256.0
-639	125235.0	124931.0
-638	124516.0	124331.0
-637	124514.0	125033.0
-636	125524.0	124576.0
-635	124067.0	124087.0
-634	124776.0	124400.0
-633	124595.0	124654.0
-632	124855.0	124207.0
-631	124156.0	124804.0
-630	124772.0	124741.0
-629	124213.0	124856.0
-628	124674.0	125049.0
-627	125037.0	124396.0
-626	124807.0	124379.0
-625	124983.0	124852.0
-624	124388.0	124988.0
-623	124406.0	124311.0
-622	124117.0	124889.0
-621	124711.0	124450.0
-620	124515.0	124451.0
-619	125190.0	124535.0
-618	125396.0	124586.0
-617	124665.0	124334.0
-616	124377.0	124526.0
-615	124609.0	124444.0
-614	124950.0	124497.0
-613	124704.0	125240.0
-612	124987.0	124090.0
-611	124464.0	124130.0
-610	124050.0	125503.0
-609	124579.0	125502.0
-608	125229.0	124946.0
-607	124549.0	125016.0
-606	125724.0	125340.0
-605	124899.0	124858.0
-604	124534.0	125160.0
-603	125557.0	125073.0
-602	124518.0	124876.0
-601	124751.0	125080.0
-600	125005.0	125128.0
-599	125175.0	124505.0
-598	124598.0	124525.0
-597	125663.0	125403.0
-596	124876.0	124752.0
-595	124658.0	125428.0
-594	125262.0	125409.0
-593	124261.0	124466.0
-592	124406.0	125582.0
-591	125015.0	125568.0
-590	125001.0	125647.0
-589	124251.0	125515.0
-588	125710.0	125330.0
-587	124418.0	124906.0
-586	124926.0	125610.0
-585	125937.0	124928.0
-584	125247.0	124634.0
-583	124895.0	125748.0
-582	125385.0	125687.0
-581	124936.0	125174.0
-580	124601.0	125587.0
-579	125418.0	125715.0
-578	126069.0	125066.0
-577	125336.0	125723.0
-576	125976.0	125767.0
-575	125488.0	125283.0
-574	125232.0	126035.0
-573	125452.0	126305.0
-572	125476.0	125226.0
-571	125643.0	125682.0
-570	126100.0	125149.0
-569	125809.0	124878.0
-568	125401.0	126076.0
-567	126121.0	125982.0
-566	125399.0	124827.0
-565	126045.0	125745.0
-564	126389.0	125761.0
-563	126138.0	125360.0
-562	126192.0	125403.0
-561	126115.0	125612.0
-560	126141.0	124907.0
-559	125310.0	125936.0
-558	126530.0	125940.0
-557	126086.0	125343.0
-556	126041.0	125857.0
-555	126681.0	126183.0
-554	126325.0	125366.0
-553	126136.0	125214.0
-552	126284.0	125048.0
-551	126017.0	125210.0
-550	126141.0	125123.0
-549	126351.0	125772.0
-548	126034.0	125714.0
-547	126255.0	126143.0
-546	126364.0	125729.0
-545	126439.0	124973.0
-544	126314.0	125784.0
-543	126812.0	125956.0
-542	125994.0	124743.0
-541	125632.0	126307.0
-540	126872.0	125346.0
-539	125990.0	125194.0
-538	126287.0	125011.0
-537	126194.0	125289.0
-536	126135.0	124460.0
-535	126151.0	125361.0
-534	126213.0	125526.0
-533	126445.0	125021.0
-532	126092.0	125015.0
-531	126669.0	125929.0
-530	126111.0	125250.0
-529	125849.0	125340.0
-528	127007.0	125322.0
-527	126384.0	124868.0
-526	126242.0	125538.0
-525	127684.0	125929.0
-524	126137.0	124644.0
-523	126966.0	126034.0
-522	126821.0	125613.0
-521	127092.0	124508.0
-520	125903.0	125340.0
-519	126735.0	124992.0
-518	126000.0	124728.0
-517	126351.0	124629.0
-516	127046.0	124802.0
-515	125531.0	124757.0
-514	125805.0	125173.0
-513	126842.0	125310.0
-512	126387.0	125112.0
-511	125741.0	124502.0
-510	126885.0	124782.0
-509	125885.0	124384.0
-508	126377.0	125256.0
-507	126248.0	124429.0
-506	125849.0	123727.0
-505	125840.0	124897.0
-504	126081.0	124862.0
-503	125505.0	124408.0
-502	126031.0	125517.0
-501	126120.0	125166.0
-500	125360.0	124077.0
-499	125469.0	124756.0
-498	125875.0	124803.0
-497	125810.0	123693.0
-496	125907.0	124887.0
-495	126105.0	124457.0
-494	125743.0	124476.0
-493	125478.0	124716.0
-492	126447.0	124952.0
-491	125626.0	124085.0
-490	125580.0	124696.0
-489	125747.0	124947.0
-488	125478.0	124524.0
-487	124821.0	124174.0
-486	126043.0	124377.0
-485	125601.0	123481.0
-484	125746.0	124808.0
-483	126577.0	124700.0
-482	124706.0	124560.0
-481	124638.0	124145.0
-480	125055.0	124097.0
-479	124848.0	124117.0
-478	125474.0	124469.0
-477	125799.0	124703.0
-476	124644.0	123603.0
-475	124551.0	124218.0
-474	125322.0	124243.0
-473	124496.0	123922.0
-472	124624.0	124812.0
-471	125049.0	124421.0
-470	124606.0	124080.0
-469	124903.0	124365.0
-468	124910.0	124477.0
-467	124137.0	123767.0
-466	124236.0	124758.0
-465	124907.0	124218.0
-464	124494.0	123673.0
-463	124616.0	124846.0
-462	125410.0	124355.0
-461	124568.0	123763.0
-460	124306.0	124285.0
-459	124990.0	124620.0
-458	124132.0	124153.0
-457	124209.0	124626.0
-456	124560.0	124791.0
-455	124106.0	124726.0
-454	124126.0	124832.0
-453	124372.0	124617.0
-452	123648.0	124202.0
-451	123633.0	125045.0
-450	125607.0	124715.0
-449	124090.0	123901.0
-448	123762.0	124689.0
-447	124247.0	124368.0
-446	124170.0	124116.0
-445	124055.0	125798.0
-444	124444.0	125111.0
-443	124543.0	124389.0
-442	124422.0	124854.0
-441	124805.0	124982.0
-440	124575.0	124516.0
-439	124162.0	124831.0
-438	124644.0	124849.0
-437	124468.0	124615.0
-436	124127.0	125058.0
-435	124981.0	125005.0
-434	124213.0	124481.0
-433	124027.0	124741.0
-432	124592.0	124991.0
-431	124596.0	124878.0
-430	124775.0	125690.0
-429	124976.0	125960.0
-428	124092.0	125094.0
-427	124361.0	125678.0
-426	125111.0	125453.0
-425	124032.0	125788.0
-424	124515.0	125676.0
-423	125878.0	125985.0
-422	124946.0	125554.0
-421	124547.0	125625.0
-420	125327.0	126130.0
-419	124882.0	124918.0
-418	124614.0	126405.0
-417	125824.0	126067.0
-416	125178.0	125239.0
-415	124765.0	125976.0
-414	126066.0	125376.0
-413	125085.0	125704.0
-412	124533.0	126584.0
-411	125130.0	126475.0
-410	124993.0	126280.0
-409	125492.0	126695.0
-408	125662.0	125955.0
-407	124651.0	126095.0
-406	124863.0	126665.0
-405	126150.0	126887.0
-404	125423.0	126246.0
-403	125498.0	126697.0
-402	126347.0	126645.0
-401	125634.0	126283.0
-400	125523.0	127028.0
-399	126056.0	127267.0
-398	126068.0	126052.0
-397	125775.0	127286.0
-396	126499.0	126553.0
-395	125907.0	126584.0
-394	125929.0	126963.0
-393	127312.0	127195.0
-392	126912.0	126429.0
-391	126503.0	127099.0
-390	127364.0	126352.0
-389	126183.0	126632.0
-388	126878.0	127342.0
-387	127384.0	127304.0
-386	126756.0	126741.0
-385	126619.0	126589.0
-384	127985.0	126788.0
-383	127065.0	126140.0
-382	126775.0	127181.0
-381	128097.0	127303.0
-380	126629.0	126537.0
-379	127381.0	127537.0
-378	128927.0	127820.0
-377	127396.0	126132.0
-376	127942.0	126990.0
-375	128024.0	127105.0
-374	127943.0	125930.0
-373	127975.0	126888.0
-372	128655.0	127153.0
-371	128098.0	126592.0
-370	127842.0	127689.0
-369	128563.0	127171.0
-368	128022.0	126286.0
-367	127674.0	126666.0
-366	128949.0	126639.0
-365	127876.0	126475.0
-364	128245.0	126914.0
-363	128915.0	126933.0
-362	128399.0	125882.0
-361	128646.0	125986.0
-360	128995.0	126501.0
-359	127523.0	125584.0
-358	128224.0	126874.0
-357	129152.0	126526.0
-356	128066.0	125430.0
-355	128037.0	126503.0
-354	129323.0	126733.0
-353	128579.0	125217.0
-352	128494.0	126205.0
-351	129352.0	126013.0
-350	128145.0	124758.0
-349	128708.0	126332.0
-348	128909.0	125933.0
-347	128068.0	125783.0
-346	128727.0	125795.0
-345	128366.0	125323.0
-344	127512.0	125185.0
-343	128052.0	125968.0
-342	128356.0	125940.0
-341	128325.0	125456.0
-340	128011.0	125868.0
-339	128905.0	125494.0
-338	127851.0	124984.0
-337	127475.0	125373.0
-336	128737.0	125664.0
-335	127581.0	124925.0
-334	127883.0	125433.0
-333	128463.0	125275.0
-332	127319.0	124212.0
-331	127683.0	125037.0
-330	128256.0	125200.0
-329	127239.0	124017.0
-328	127844.0	124733.0
-327	128619.0	125063.0
-326	127661.0	124459.0
-325	126408.0	125199.0
-324	127854.0	125664.0
-323	127351.0	124173.0
-322	127399.0	124296.0
-321	128250.0	124810.0
-320	127446.0	123938.0
-319	127177.0	124166.0
-318	127683.0	124654.0
-317	126832.0	124253.0
-316	126991.0	125122.0
-315	127699.0	124685.0
-314	126630.0	123748.0
-313	126814.0	124031.0
-312	126889.0	124136.0
-311	125692.0	123418.0
-310	125958.0	124097.0
-309	127324.0	124306.0
-308	125844.0	123570.0
-307	125833.0	124685.0
-306	126594.0	123964.0
-305	125578.0	123096.0
-304	126205.0	124260.0
-303	126023.0	123624.0
-302	125345.0	123585.0
-301	125212.0	123801.0
-300	125545.0	123833.0
-299	125490.0	123342.0
-298	125227.0	124273.0
-297	126225.0	124259.0
-296	125605.0	123805.0
-295	124917.0	123694.0
-294	125656.0	124082.0
-293	124848.0	124007.0
-292	124802.0	124124.0
-291	125546.0	124015.0
-290	124495.0	123845.0
-289	124604.0	124101.0
-288	125715.0	124152.0
-287	124718.0	123368.0
-286	124076.0	123525.0
-285	125208.0	124135.0
-284	124483.0	123721.0
-283	123666.0	123626.0
-282	125270.0	124589.0
-281	123814.0	123866.0
-280	123995.0	124749.0
-279	125126.0	124689.0
-278	123958.0	123834.0
-277	124024.0	124043.0
-276	125039.0	124452.0
-275	123885.0	123434.0
-274	124100.0	124636.0
-273	125291.0	125007.0
-272	124229.0	123725.0
-271	124000.0	124992.0
-270	124558.0	125006.0
-269	123748.0	123465.0
-268	123844.0	124616.0
-267	124859.0	124943.0
-266	123682.0	124256.0
-265	123857.0	125086.0
-264	124460.0	124883.0
-263	123365.0	124850.0
-262	123726.0	126053.0
-261	124932.0	125138.0
-260	123739.0	124202.0
-259	123076.0	125153.0
-258	124999.0	125966.0
-257	123840.0	124987.0
-256	123688.0	125790.0
-255	124715.0	125615.0
-254	123901.0	124827.0
-253	123925.0	125931.0
-252	125216.0	126117.0
-251	124051.0	125344.0
-250	124122.0	126154.0
-249	125148.0	126363.0
-248	124061.0	125559.0
-247	123980.0	126648.0
-246	125272.0	127454.0
-245	124499.0	126495.0
-244	124839.0	127041.0
-243	125785.0	126893.0
-242	124487.0	126433.0
-241	124418.0	127512.0
-240	125451.0	127053.0
-239	124430.0	126618.0
-238	124625.0	127661.0
-237	126640.0	127829.0
-236	124942.0	127107.0
-235	124835.0	127892.0
-234	126280.0	127725.0
-233	125152.0	126712.0
-232	125453.0	128180.0
-231	126944.0	128706.0
-230	125610.0	127280.0
-229	125626.0	128415.0
-228	127064.0	128618.0
-227	126623.0	127698.0
-226	126462.0	128811.0
-225	127075.0	128509.0
-224	125871.0	127680.0
-223	126221.0	128922.0
-222	127885.0	129325.0
-221	126199.0	128672.0
-220	126624.0	129588.0
-219	127746.0	128605.0
-218	126740.0	127698.0
-217	126921.0	129362.0
-216	128363.0	128819.0
-215	127180.0	128109.0
-214	127098.0	129498.0
-213	129332.0	129076.0
-212	127749.0	128181.0
-211	127975.0	130056.0
-210	129164.0	129186.0
-209	127792.0	128776.0
-208	127773.0	129402.0
-207	129353.0	129603.0
-206	128786.0	128360.0
-205	128823.0	129432.0
-204	129941.0	129139.0
-203	129308.0	128789.0
-202	129131.0	129637.0
-201	130517.0	129367.0
-200	129940.0	128123.0
-199	129511.0	129103.0
-198	130553.0	129814.0
-197	129280.0	128922.0
-196	129618.0	130096.0
-195	131112.0	129496.0
-194	130012.0	128421.0
-193	130028.0	129182.0
-192	131600.0	129147.0
-191	130601.0	128188.0
-190	130724.0	129506.0
-189	131461.0	129109.0
-188	130672.0	128283.0
-187	130664.0	128910.0
-186	132036.0	128906.0
-185	131009.0	127590.0
-184	130609.0	128461.0
-183	132178.0	128681.0
-182	130968.0	127369.0
-181	131600.0	128808.0
-180	132050.0	128205.0
-179	131928.0	127007.0
-178	131172.0	128498.0
-177	132403.0	128281.0
-176	130798.0	127013.0
-175	130243.0	128388.0
-174	132148.0	128215.0
-173	130287.0	127117.0
-172	131354.0	128180.0
-171	132513.0	127354.0
-170	131297.0	125957.0
-169	130944.0	127142.0
-168	131756.0	127212.0
-167	130737.0	125820.0
-166	131060.0	127248.0
-165	131852.0	127006.0
-164	130653.0	125318.0
-163	130423.0	127022.0
-162	131884.0	126786.0
-161	130274.0	125167.0
-160	130615.0	127239.0
-159	131703.0	126580.0
-158	130500.0	126042.0
-157	130681.0	126476.0
-156	131068.0	125705.0
-155	129693.0	125410.0
-154	129640.0	126412.0
-153	131196.0	125797.0
-152	129896.0	124596.0
-151	129328.0	125359.0
-150	131261.0	125654.0
-149	129448.0	124469.0
-148	129287.0	125969.0
-147	130641.0	125685.0
-146	129043.0	124868.0
-145	129093.0	125580.0
-144	130841.0	125258.0
-143	129343.0	123598.0
-142	129161.0	124837.0
-141	129898.0	125116.0
-140	128311.0	122978.0
-139	127383.0	124750.0
-138	128310.0	124566.0
-137	126688.0	123464.0
-136	126488.0	125072.0
-135	128170.0	124224.0
-134	127316.0	122990.0
-133	127754.0	124636.0
-132	129217.0	124320.0
-131	127510.0	122837.0
-130	126736.0	124144.0
-129	127185.0	124049.0
-128	125295.0	123135.0
-127	125297.0	125159.0
-126	126549.0	124391.0
-125	125220.0	123223.0
-124	126303.0	124832.0
-123	127145.0	123926.0
-122	126682.0	122602.0
-121	127017.0	124445.0
-120	127322.0	124235.0
-119	125861.0	123190.0
-118	124687.0	124524.0
-117	125549.0	124912.0
-116	123622.0	123577.0
-115	123840.0	124904.0
-114	126374.0	124264.0
-113	125493.0	123231.0
-112	125196.0	123977.0
-111	127146.0	123402.0
-110	125450.0	123306.0
-109	125318.0	124700.0
-108	126308.0	124558.0
-107	123754.0	123495.0
-106	123410.0	125955.0
-105	125299.0	125335.0
-104	124227.0	123251.0
-103	124709.0	125210.0
-102	126849.0	124882.0
-101	126144.0	123692.0
-100	125268.0	125354.0
-99	126548.0	125118.0
-98	125125.0	123869.0
-97	124671.0	125404.0
-96	125819.0	125794.0
-95	124421.0	123530.0
-94	124504.0	125068.0
-93	126472.0	124863.0
-92	125702.0	123519.0
-91	126483.0	125535.0
-90	127436.0	125019.0
-89	125945.0	123740.0
-88	126016.0	125660.0
-87	126953.0	126082.0
-86	124716.0	124869.0
-85	125286.0	126816.0
-84	126387.0	125909.0
-83	125184.0	124334.0
-82	125981.0	126412.0
-81	127522.0	125253.0
-80	126042.0	124353.0
-79	125964.0	126367.0
-78	128303.0	126134.0
-77	126287.0	125021.0
-76	126056.0	126278.0
-75	127445.0	127084.0
-74	125745.0	125271.0
-73	126303.0	127264.0
-72	128497.0	126868.0
-71	127007.0	126178.0
-70	127255.0	127486.0
-69	129464.0	126728.0
-68	126581.0	125398.0
-67	126673.0	127952.0
-66	128502.0	128581.0
-65	126815.0	126828.0
-64	126829.0	128446.0
-63	128535.0	128905.0
-62	127517.0	127050.0
-61	127785.0	129336.0
-60	130201.0	129308.0
-59	128406.0	127498.0
-58	127744.0	129324.0
-57	129453.0	129446.0
-56	127125.0	127851.0
-55	127105.0	129824.0
-54	130284.0	130222.0
-53	128163.0	128535.0
-52	129097.0	130902.0
-51	131694.0	131295.0
-50	129631.0	128887.0
-49	130336.0	131048.0
-48	132108.0	131307.0
-47	129639.0	129839.0
-46	129242.0	131190.0
-45	131024.0	131921.0
-44	128958.0	130982.0
-43	130410.0	132386.0
-42	133123.0	132813.0
-41	131899.0	131289.0
-40	132650.0	132933.0
-39	135403.0	133259.0
-38	133510.0	131204.0
-37	132832.0	133248.0
-36	134081.0	133176.0
-35	131527.0	131285.0
-34	132513.0	133957.0
-33	135190.0	133749.0
-32	133710.0	131630.0
-31	134106.0	134025.0
-30	137340.0	134248.0
-29	135388.0	132331.0
-28	136056.0	134935.0
-27	137542.0	135858.0
-26	134917.0	133022.0
-25	134590.0	136057.0
-24	136156.0	135869.0
-23	134330.0	134232.0
-22	134536.0	137373.0
-21	138157.0	137709.0
-20	136922.0	136329.0
-19	137546.0	138559.0
-18	140002.0	139964.0
-17	137213.0	137609.0
-16	136752.0	140621.0
-15	139106.0	141608.0
-14	136726.0	139375.0
-13	137058.0	143512.0
-12	142421.0	144237.0
-11	140421.0	141159.0
-10	140816.0	145859.0
-9	144874.0	148283.0
-8	143244.0	149258.0
-7	140262.0	156237.0
-6	138991.0	159275.0
-5	133770.0	157438.0
-4	132661.0	160871.0
-3	148406.0	170097.0
-2	164393.0	161149.0
-1	239040.0	161194.0
0	2486.0	112250.0
1	238519.0	39228.0
2	163273.0	68628.0
3	147142.0	94624.0
4	132225.0	120942.0
5	132176.0	134206.0
6	138114.0	129675.0
7	140204.0	118804.0
8	143179.0	116761.0
9	145374.0	112903.0
10	140789.0	110487.0
11	140095.0	113702.0
12	141297.0	116856.0
13	136816.0	116126.0
14	136376.0	119066.0
15	138185.0	121098.0
16	136941.0	119266.0
17	137310.0	121330.0
18	139283.0	121579.0
19	136789.0	119249.0
20	135693.0	121842.0
21	137315.0	122911.0
22	134220.0	123922.0
23	133560.0	127192.0
24	135996.0	127222.0
25	133978.0	125628.0
26	134320.0	126233.0
27	137130.0	125677.0
28	134978.0	122913.0
29	134706.0	124192.0
30	136740.0	124763.0
31	133965.0	122433.0
32	133564.0	125022.0
33	134364.0	126662.0
34	131604.0	125396.0
35	131079.0	128777.0
36	134386.0	129377.0
37	132829.0	126427.0
38	132760.0	127103.0
39	135408.0	126336.0
40	132188.0	123863.0
41	131582.0	125834.0
42	132031.0	126761.0
43	129659.0	126739.0
44	129659.0	129358.0
45	131071.0	130160.0
46	128841.0	128815.0
47	129791.0	129588.0
48	131190.0	128125.0
49	129564.0	125994.0
50	129581.0	127616.0
51	130798.0	127673.0
52	128467.0	126348.0
53	127599.0	128487.0
54	129109.0	129616.0
55	127036.0	127830.0
56	126607.0	130010.0
57	128938.0	130847.0
58	127483.0	128086.0
59	128292.0	128833.0
60	129093.0	128160.0
61	127372.0	126190.0
62	126702.0	128198.0
63	128572.0	128910.0
64	126662.0	127304.0
65	126231.0	128634.0
66	127805.0	128835.0
67	126794.0	127353.0
68	127008.0	128686.0
69	128421.0	128055.0
70	127472.0	125646.0
71	126511.0	127500.0
72	127734.0	128211.0
73	125746.0	127017.0
74	125673.0	129121.0
75	127349.0	129149.0
76	125697.0	127312.0
77	126325.0	128050.0
78	127528.0	127974.0
79	124953.0	126939.0
80	125708.0	128563.0
81	126537.0	128506.0
82	125442.0	127393.0
83	124572.0	129175.0
84	126026.0	130297.0
85	123984.0	128462.0
86	124460.0	130421.0
87	126367.0	130148.0
88	125347.0	126957.0
89	125848.0	127885.0
90	127298.0	127995.0
91	125202.0	127210.0
92	125317.0	128716.0
93	126368.0	130539.0
94	125006.0	130322.0
95	124211.0	131770.0
96	124756.0	131937.0
97	123350.0	130548.0
98	124423.0	131617.0
99	126711.0	130957.0
100	125456.0	128977.0
101	126045.0	130045.0
102	126567.0	130366.0
103	124370.0	129337.0
104	124419.0	131864.0
105	125454.0	133489.0
106	123592.0	133074.0
107	124043.0	134890.0
108	126271.0	134700.0
109	124952.0	131829.0
110	125262.0	132285.0
111	127057.0	131761.0
112	126229.0	131013.0
113	125294.0	132686.0
114	125698.0	133849.0
115	124240.0	133741.0
116	123698.0	136150.0
117	125200.0	136658.0
118	124826.0	135742.0
119	124894.0	136886.0
120	126875.0	136218.0
121	126496.0	133869.0
122	126269.0	135163.0
123	127248.0	135481.0
124	125699.0	135467.0
125	125880.0	137688.0
126	126546.0	138349.0
127	125419.0	137851.0
128	125793.0	139663.0
129	127915.0	138105.0
130	127215.0	136842.0
131	127101.0	136817.0
132	129220.0	136860.0
133	127082.0	136194.0
134	127094.0	138149.0
135	127513.0	138443.0
136	126207.0	137953.0
137	125997.0	140669.0
138	127953.0	141324.0
139	126593.0	140060.0
140	128328.0	140926.0
141	129602.0	140003.0
142	128840.0	138437.0
143	128930.0	139191.0
144	130058.0	139811.0
145	128849.0	138701.0
146	129120.0	140985.0
147	130593.0	141001.0
148	129290.0	139355.0
149	128907.0	140508.0
150	130572.0	139798.0
151	128731.0	138258.0
152	129793.0	140038.0
153	131014.0	139452.0
154	130195.0	138345.0
155	129860.0	138969.0
156	131337.0	139608.0
157	129883.0	137937.0
158	130133.0	139754.0
159	130914.0	139213.0
160	129474.0	137277.0
161	130002.0	138236.0
162	131509.0	138165.0
163	130089.0	136983.0
164	130784.0	137876.0
165	131815.0	137277.0
166	131014.0	136823.0
167	130555.0	137090.0
168	131276.0	137448.0
169	130666.0	135479.0
170	130889.0	136675.0
171	132202.0	136381.0
172	130303.0	134995.0
173	130719.0	136305.0
174	131335.0	136064.0
175	130404.0	134531.0
176	130524.0	135951.0
177	132709.0	134879.0
178	130362.0	133724.0
179	130515.0	134303.0
180	131718.0	134373.0
181	130887.0	133072.0
182	130202.0	134266.0
183	131569.0	133782.0
184	130419.0	132257.0
185	131042.0	133214.0
186	130957.0	133262.0
187	130071.0	131576.0
188	130147.0	132766.0
189	131223.0	132419.0
190	130121.0	131188.0
191	129825.0	131998.0
192	130794.0	132044.0
193	129682.0	130338.0
194	129679.0	131641.0
195	130822.0	130968.0
196	129438.0	129940.0
197	129575.0	131051.0
198	130612.0	129782.0
199	129221.0	128926.0
200	130204.0	129687.0
201	130381.0	129699.0
202	128817.0	128158.0
203	128705.0	130009.0
204	129578.0	129034.0
205	128243.0	128016.0
206	128409.0	129680.0
207	129584.0	128804.0
208	127797.0	127700.0
209	127626.0	128819.0
210	128517.0	128516.0
211	127431.0	127359.0
212	127712.0	128415.0
213	128618.0	127763.0
214	127060.0	127050.0
215	127181.0	128544.0
216	127568.0	127964.0
217	127306.0	126983.0
218	126911.0	128187.0
219	126802.0	127527.0
220	125949.0	126647.0
221	126209.0	127585.0
222	126872.0	127738.0
223	125548.0	126176.0
224	125514.0	127957.0
225	126787.0	127331.0
226	125441.0	126668.0
227	125356.0	128089.0
228	126307.0	127493.0
229	125196.0	126318.0
230	125584.0	126564.0
231	126152.0	127425.0
232	125030.0	125884.0
233	125281.0	127190.0
234	125620.0	126984.0
235	124821.0	126734.0
236	124677.0	126986.0
237	125268.0	126974.0
238	124595.0	125779.0
239	123864.0	127031.0
240	124753.0	127091.0
241	123915.0	126188.0
242	124388.0	127434.0
243	124951.0	127289.0
244	123904.0	126083.0
245	124196.0	127388.0
246	124423.0	127044.0
247	123438.0	126535.0
248	123263.0	128012.0
249	124517.0	127213.0
250	124084.0	126228.0
251	124233.0	127668.0
252	124801.0	127142.0
253	123703.0	126559.0
254	123903.0	127568.0
255	124714.0	127769.0
256	123719.0	127252.0
257	123030.0	128480.0
258	124467.0	128023.0
259	122695.0	127332.0
260	123528.0	128307.0
261	124086.0	128033.0
262	123857.0	127201.0
263	123427.0	128235.0
264	124181.0	128441.0
265	123210.0	127258.0
266	123327.0	129248.0
267	124506.0	129131.0
268	123702.0	128531.0
269	123917.0	129451.0
270	124407.0	128872.0
271	123675.0	127891.0
272	124132.0	129303.0
273	124216.0	129586.0
274	123328.0	128175.0
275	123592.0	129890.0
276	124804.0	129293.0
277	123539.0	128890.0
278	123627.0	129962.0
279	124744.0	130061.0
280	123894.0	129133.0
281	124119.0	130390.0
282	124274.0	129470.0
283	123853.0	129262.0
284	124023.0	130183.0
285	124852.0	130329.0
286	124645.0	129559.0
287	124806.0	130780.0
288	125288.0	130710.0
289	124308.0	129520.0
290	124614.0	130385.0
291	125110.0	131096.0
292	124278.0	129451.0
293	125208.0	130703.0
294	126154.0	130883.0
295	124925.0	130058.0
296	125186.0	131035.0
297	125612.0	130460.0
298	124727.0	129711.0
299	124826.0	130743.0
300	126034.0	130709.0
301	124605.0	130746.0
302	124928.0	130968.0
303	125641.0	131352.0
304	125598.0	130909.0
305	125234.0	131724.0
306	126942.0	131737.0
307	125051.0	130563.0
308	125434.0	131572.0
309	126330.0	131183.0
310	125505.0	130496.0
311	125827.0	131240.0
312	127301.0	131501.0
313	126259.0	130752.0
314	126217.0	131696.0
315	127463.0	131087.0
316	126245.0	130951.0
317	126150.0	131509.0
318	126954.0	131681.0
319	125933.0	131444.0
320	126504.0	131690.0
321	127224.0	132148.0
322	126561.0	130662.0
323	127148.0	131609.0
324	126973.0	131522.0
325	126447.0	131067.0
326	126948.0	132044.0
327	127797.0	131795.0
328	126757.0	130702.0
329	127551.0	131357.0
330	127457.0	131222.0
331	127300.0	130786.0
332	126641.0	130866.0
333	127832.0	130812.0
334	127758.0	129838.0
335	127561.0	130801.0
336	127836.0	131304.0
337	127216.0	130978.0
338	127035.0	131311.0
339	127563.0	130620.0
340	127062.0	130212.0
341	127848.0	130995.0
342	128721.0	130561.0
343	127753.0	129845.0
344	127472.0	130636.0
345	128577.0	130664.0
346	127819.0	129545.0
347	127200.0	130228.0
348	128764.0	130391.0
349	127718.0	129536.0
350	127893.0	130079.0
351	128800.0	129601.0
352	128003.0	128871.0
353	127828.0	129467.0
354	128753.0	129633.0
355	127393.0	128418.0
356	127374.0	129126.0
357	129068.0	129407.0
358	127578.0	128414.0
359	127924.0	128839.0
360	128636.0	128145.0
361	127968.0	127689.0
362	127530.0	127756.0
363	128199.0	128129.0
364	126640.0	127287.0
365	127190.0	128583.0
366	127815.0	127910.0
367	127078.0	127310.0
368	127782.0	128656.0
369	128102.0	127116.0
370	127534.0	126882.0
371	126913.0	127049.0
372	128149.0	127019.0
373	127283.0	126822.0
374	126756.0	127416.0
375	127196.0	126625.0
376	126833.0	126632.0
377	126887.0	127367.0
378	127305.0	127095.0
379	126782.0	125897.0
380	127004.0	126413.0
381	127791.0	126274.0
382	126472.0	125794.0
383	126329.0	125770.0
384	127154.0	125900.0
385	127093.0	125295.0
386	126289.0	125837.0
387	127269.0	125880.0
388	126459.0	125501.0
389	126502.0	125666.0
390	126461.0	126481.0
391	126382.0	125175.0
392	125794.0	125504.0
393	127100.0	125102.0
394	124878.0	124647.0
395	125656.0	125592.0
396	126216.0	125607.0
397	125959.0	125101.0
398	126146.0	125163.0
399	126652.0	125168.0
400	125424.0	124236.0
401	125462.0	125085.0
402	126236.0	124802.0
403	125025.0	124307.0
404	125404.0	125295.0
405	125775.0	124981.0
406	125004.0	123912.0
407	125372.0	124844.0
408	125799.0	125088.0
409	124738.0	125023.0
410	124854.0	125109.0
411	125512.0	124307.0
412	125067.0	124752.0
413	124281.0	125244.0
414	125369.0	125370.0
415	124981.0	124831.0
416	124278.0	124809.0
417	125610.0	124827.0
418	124773.0	124023.0
419	124532.0	125043.0
420	124640.0	125864.0
421	124186.0	124840.0
422	124315.0	125563.0
423	124659.0	125579.0
424	124827.0	124291.0
425	124392.0	125901.0
426	124992.0	124976.0
427	123892.0	124151.0
428	123750.0	124937.0
429	125082.0	125356.0
430	123779.0	124582.0
431	123510.0	125299.0
432	124807.0	125087.0
433	123994.0	124579.0
434	123559.0	126297.0
435	124421.0	125691.0
436	123649.0	125019.0
437	123467.0	125853.0
438	124390.0	126266.0
439	123577.0	125270.0
440	123750.0	125994.0
441	125012.0	125525.0
442	124112.0	125311.0
443	124260.0	125489.0
444	124079.0	125976.0
445	123644.0	125491.0
446	123781.0	125579.0
447	124322.0	126216.0
448	124148.0	125752.0
449	124183.0	126243.0
450	124260.0	126360.0
451	124283.0	126103.0
452	123610.0	126069.0
453	124996.0	126054.0
454	124352.0	126127.0
455	124262.0	126597.0
456	124236.0	125811.0
457	124036.0	126324.0
458	123950.0	126911.0
459	124343.0	126655.0
460	123935.0	126319.0
461	124103.0	127047.0
462	125065.0	126454.0
463	124110.0	126422.0
464	124247.0	126856.0
465	124798.0	126670.0
466	124285.0	126575.0
467	124592.0	127914.0
468	124867.0	127431.0
469	124267.0	126429.0
470	124810.0	127097.0
471	124765.0	126972.0
472	123969.0	127261.0
473	124095.0	127809.0
474	125129.0	127802.0
475	124270.0	127114.0
476	124051.0	127526.0
477	124624.0	127051.0
478	124242.0	127261.0
479	124606.0	127876.0
480	125711.0	127408.0
481	125264.0	127105.0
482	125660.0	128073.0
483	125704.0	127947.0
484	125004.0	127016.0
485	124396.0	128249.0
486	125677.0	127790.0
487	125281.0	127633.0
488	125174.0	127521.0
489	125334.0	127144.0
490	125457.0	127234.0
491	125526.0	127407.0
492	125538.0	127602.0
493	125161.0	126857.0
494	125166.0	128058.0
495	125674.0	128043.0
496	125572.0	127358.0
497	125092.0	127850.0
498	126254.0	127375.0
499	125465.0	126979.0
500	125640.0	127235.0
501	125386.0	127849.0
502	125301.0	127526.0
503	124762.0	128068.0
504	126013.0	127384.0
505	125669.0	126797.0
506	125652.0	127342.0
507	126033.0	127056.0
508	125196.0	126762.0
509	125679.0	127590.0
510	125843.0	128053.0
511	125344.0	127390.0
512	125207.0	127600.0
513	126081.0	127544.0
514	125906.0	126814.0
515	125583.0	127449.0
516	126531.0	127106.0
517	126047.0	126256.0
518	125786.0	126980.0
519	125868.0	127495.0
520	126179.0	126953.0
521	125965.0	127875.0
522	126156.0	127299.0
523	125809.0	126644.0
524	126092.0	126809.0
525	126545.0	126851.0
526	125487.0	125942.0
527	125765.0	126565.0
528	126224.0	126609.0
529	125788.0	126725.0
530	125944.0	126856.0
531	125612.0	127224.0
532	125468.0	126944.0
533	126264.0	127053.0
534	126373.0	126394.0
535	125590.0	126383.0
536	125660.0	126501.0
537	126672.0	126463.0
538	125835.0	125975.0
539	125581.0	126553.0
540	126048.0	126644.0
541	125606.0	126159.0
542	125821.0	126854.0
543	126375.0	126521.0
544	125501.0	126040.0
545	125306.0	126439.0
546	126643.0	126653.0
547	125837.0	125904.0
548	125919.0	125926.0
549	126518.0	126159.0
550	125624.0	125156.0
551	125979.0	126271.0
552	126500.0	125518.0
553	125201.0	125398.0
554	125577.0	125646.0
555	126045.0	125467.0
556	125653.0	125472.0
557	124993.0	126046.0
558	126044.0	126048.0
559	125384.0	125348.0
560	125388.0	125633.0
561	125757.0	125415.0
562	125113.0	125514.0
563	125860.0	125400.0
564	125973.0	124886.0
565	125397.0	124241.0
566	125549.0	125124.0
567	125443.0	125303.0
568	124854.0	124305.0
569	125051.0	125332.0
570	126161.0	124606.0
571	124533.0	124422.0
572	124858.0	125183.0
573	125367.0	125044.0
574	124958.0	124886.0
575	124868.0	125219.0
576	125442.0	124813.0
577	125327.0	124488.0
578	125100.0	124744.0
579	125659.0	125153.0
580	125295.0	124064.0
581	125175.0	124533.0
582	125027.0	124385.0
583	124837.0	123978.0
584	124697.0	124673.0
585	124963.0	124821.0
586	124889.0	124930.0
587	124791.0	125189.0
588	125073.0	124632.0
589	124873.0	124262.0
590	124226.0	125227.0
591	125014.0	124316.0
592	124918.0	124027.0
593	125208.0	125157.0
594	124701.0	124947.0
595	124406.0	123745.0
596	124343.0	124435.0
597	124371.0	125083.0
598	124484.0	124372.0
599	124583.0	124850.0
600	124625.0	124173.0
601	124097.0	124271.0
602	124341.0	124671.0
603	124759.0	125003.0
604	124153.0	124476.0
605	124301.0	124992.0
606	124781.0	125227.0
607	124363.0	124272.0
608	123564.0	124401.0
609	124802.0	124575.0
610	123875.0	124484.0
611	123802.0	125454.0
612	124466.0	124845.0
613	123939.0	124256.0
614	124779.0	125288.0
615	124730.0	124817.0
616	124148.0	124338.0
617	123829.0	124300.0
618	124464.0	124363.0
619	123611.0	125131.0
620	124101.0	124962.0
621	124048.0	125192.0
622	124266.0	124512.0
623	123866.0	125375.0
624	123787.0	125337.0
625	123319.0	124490.0
626	124048.0	125286.0
627	124394.0	125274.0
628	124066.0	124863.0
629	124420.0	125262.0
630	124373.0	125850.0
631	124012.0	125700.0
632	123646.0	125438.0
633	124842.0	125870.0
634	123805.0	125311.0
635	124240.0	125335.0
636	124561.0	125608.0
637	124499.0	124866.0
638	124043.0	125033.0
639	124483.0	125404.0
640	123766.0	124896.0
641	124283.0	126059.0
642	124385.0	125695.0
643	124170.0	125172.0
644	124148.0	125345.0
645	124489.0	125489.0
646	124200.0	125086.0
647	124154.0	125696.0
648	124292.0	125778.0
649	124208.0	125335.0
650	124678.0	126061.0
651	125022.0	125739.0
652	124419.0	124705.0
653	124787.0	125515.0
654	124767.0	126244.0
655	124722.0	125007.0
656	124367.0	125999.0
657	124684.0	126163.0
658	124826.0	125827.0
659	124041.0	125694.0
660	124388.0	125741.0
661	124069.0	125052.0
662	124069.0	125280.0
663	124952.0	125737.0
664	124328.0	124972.0
665	124736.0	126154.0
666	125220.0	125556.0
667	124675.0	125562.0
668	124820.0	126478.0
669	124563.0	126011.0
670	125106.0	125854.0
671	124720.0	125961.0
672	125177.0	125711.0
673	124127.0	125398.0
674	124179.0	126413.0
675	124764.0	126157.0
676	124197.0	125149.0
677	124924.0	125682.0
678	125309.0	126196.0
679	124302.0	125451.0
680	124929.0	125540.0
681	125274.0	125258.0
682	124832.0	124803.0
683	124893.0	125795.0
684	125275.0	125577.0
685	124784.0	125747.0
686	124715.0	125646.0
687	124875.0	125887.0
688	124679.0	125132.0
689	124666.0	125997.0
690	125009.0	126285.0
691	124860.0	125367.0
692	124489.0	126319.0
693	125071.0	126229.0
694	124674.0	124807.0
695	124900.0	126238.0
696	125250.0	126615.0
697	125079.0	125265.0
698	125010.0	126203.0
699	124916.0	125791.0
700	124620.0	125694.0
701	125182.0	125893.0
702	124863.0	125436.0
703	124660.0	125364.0
704	125015.0	125575.0
705	125011.0	125839.0
706	124405.0	125279.0
707	124796.0	126015.0
708	124983.0	126232.0
709	124483.0	125688.0
710	124757.0	125305.0
711	125559.0	125363.0
712	125170.0	125535.0
713	124781.0	125221.0
714	125415.0	125277.0
715	125207.0	124893.0
716	124193.0	125032.0
717	124665.0	125386.0
718	124749.0	125273.0
719	124204.0	124863.0
720	125398.0	125316.0
721	124919.0	124064.0
722	124829.0	125493.0
723	124938.0	125595.0
724	125272.0	124854.0
725	124983.0	125479.0
726	125525.0	124901.0
727	125014.0	124741.0
728	124623.0	124425.0
729	124872.0	124822.0
730	125314.0	124540.0
731	124704.0	125322.0
732	124624.0	125581.0
733	124684.0	124504.0
734	124733.0	124524.0
735	124438.0	124907.0
736	124340.0	124824.0
737	124329.0	125184.0
738	124705.0	125098.0
739	124976.0	124123.0
740	123953.0	124814.0
741	124860.0	125027.0
742	124709.0	124471.0
743	124507.0	125173.0
744	124757.0	124961.0
745	124847.0	124720.0
746	125087.0	125006.0
747	124499.0	124726.0
748	124690.0	124642.0
749	124660.0	125104.0
750	124445.0	124937.0
751	124500.0	124747.0
752	124407.0	124574.0
753	124962.0	125141.0
754	124679.0	124454.0
755	124862.0	124866.0
756	124887.0	124897.0
757	124920.0	123726.0
758	124001.0	123831.0
759	124769.0	124517.0
760	124021.0	124555.0
761	124249.0	124721.0
762	124467.0	124939.0
763	124464.0	124423.0
764	124649.0	124366.0
765	124877.0	125100.0
766	124851.0	124113.0
767	124330.0	124869.0
768	124735.0	124516.0
769	124525.0	124334.0
770	124256.0	124397.0
771	124887.0	124296.0
772	124611.0	124308.0
773	123860.0	124883.0
774	124764.0	124927.0
775	124993.0	124610.0
776	124512.0	124324.0
777	124437.0	125094.0
778	124404.0	123777.0
779	123895.0	124092.0
780	124408.0	124565.0
781	123947.0	124059.0
782	124389.0	124807.0
783	124370.0	124771.0
784	124392.0	124645.0
785	124138.0	124830.0
786	124354.0	124431.0
787	123944.0	124269.0
788	123638.0	124790.0
789	124645.0	124330.0
790	124288.0	124981.0
791	124498.0	124801.0
792	124564.0	124626.0
793	124778.0	124197.0
794	124096.0	124995.0
795	125072.0	125014.0
796	124572.0	123880.0
797	124122.0	124851.0
798	124949.0	125039.0
799	124228.0	124529.0
800	124066.0	124814.0
801	124100.0	124908.0
802	124286.0	124598.0
803	124160.0	125067.0
804	124619.0	125084.0
805	124587.0	124377.0
806	124546.0	124411.0
807	124069.0	125004.0
808	124025.0	124282.0
809	124278.0	124502.0
810	124647.0	124481.0
811	124223.0	124619.0
812	124114.0	125022.0
813	125128.0	124550.0
814	124478.0	124687.0
815	124137.0	124838.0
816	124439.0	124757.0
817	124539.0	124459.0
818	124170.0	125191.0
819	124845.0	124847.0
820	124535.0	124235.0
821	124001.0	124921.0
822	124442.0	125093.0
823	124374.0	124921.0
824	124006.0	124895.0
825	124797.0	124788.0
826	124517.0	124251.0
827	124616.0	125286.0
828	124839.0	124680.0
829	123977.0	124762.0
830	124312.0	125065.0
831	125059.0	124530.0
832	124306.0	123967.0
833	124445.0	124565.0
834	124392.0	125048.0
835	123941.0	124576.0
836	124227.0	125237.0
837	124432.0	125241.0
838	124121.0	123894.0
839	124085.0	124453.0
840	124730.0	124393.0
841	124213.0	124369.0
842	124051.0	125146.0
843	124527.0	125077.0
844	124336.0	124917.0
845	124590.0	124954.0
846	124878.0	125228.0
847	123979.0	124568.0
848	124066.0	125259.0
849	124751.0	124593.0
850	125166.0	124743.0
851	124829.0	124806.0
852	124243.0	124689.0
853	124281.0	124664.0
854	124387.0	124565.0
855	124016.0	125494.0
856	123958.0	124579.0
857	124174.0	124865.0
858	124264.0	124962.0
859	124346.0	123960.0
860	124529.0	125011.0
861	124084.0	124433.0
862	124072.0	124880.0
863	124155.0	125206.0
864	124614.0	126205.0
865	124324.0	124877.0
866	124295.0	125719.0
867	123962.0	125243.0
868	123785.0	124960.0
869	124004.0	124905.0
870	124251.0	125126.0
871	124208.0	124485.0
872	124246.0	124676.0
873	124496.0	125463.0
874	124289.0	125168.0
875	123785.0	124674.0
876	124018.0	124845.0
877	124297.0	124899.0
878	123868.0	125322.0
879	124933.0	125444.0
880	124608.0	125362.0
881	124381.0	124970.0
882	124724.0	124948.0
883	124411.0	124989.0
884	124576.0	124986.0
885	124409.0	124455.0
886	124016.0	124648.0
887	124540.0	124788.0
888	124571.0	124690.0
889	124499.0	125101.0
890	124635.0	125476.0
891	124682.0	124883.0
892	124400.0	124733.0
893	124324.0	124614.0
894	124532.0	125066.0
895	124463.0	124489.0
896	124538.0	124695.0
897	124703.0	125419.0
898	124039.0	123744.0
899	124459.0	124656.0
900	124618.0	124537.0
901	124043.0	124224.0
902	123788.0	124668.0
903	124504.0	124853.0
904	124392.0	124395.0
905	124028.0	124709.0
906	123991.0	124778.0
907	123563.0	124918.0
908	123635.0	124985.0
909	124448.0	124993.0
910	123786.0	124499.0
911	124035.0	125295.0
912	124681.0	125593.0
913	124498.0	125188.0
914	124027.0	125115.0
915	124754.0	124483.0
916	124028.0	124136.0
917	123627.0	125136.0
918	124022.0	125029.0
919	124160.0	124855.0
920	124116.0	124901.0
921	124534.0	124783.0
922	124546.0	124746.0
923	124030.0	124852.0
924	124685.0	125031.0
925	123501.0	124918.0
926	124681.0	124979.0
927	124647.0	125377.0
928	124579.0	124574.0
929	123935.0	125471.0
930	124543.0	124929.0
931	124341.0	125082.0
932	124334.0	124746.0
933	124352.0	125064.0
934	124540.0	124946.0
935	124628.0	124734.0
936	124919.0	124839.0
937	124007.0	124337.0
938	124407.0	124274.0
939	124711.0	125182.0
940	124188.0	124459.0
941	124196.0	124620.0
942	124410.0	124627.0
943	123882.0	124716.0
944	123551.0	124732.0
945	124656.0	124608.0
946	124484.0	124486.0
947	124469.0	124557.0
948	124235.0	124792.0
949	124529.0	124068.0
950	124394.0	125295.0
951	124396.0	124913.0
952	124501.0	124383.0
953	124286.0	124419.0
954	125111.0	124357.0
955	123988.0	124739.0
956	125175.0	124656.0
957	124140.0	124990.0
958	124395.0	123999.0
959	124277.0	124291.0
960	124586.0	124405.0
961	123957.0	124445.0
962	123891.0	124786.0
963	124226.0	124398.0
964	124144.0	124433.0
965	124182.0	124688.0
966	124164.0	124414.0
967	124172.0	124712.0
968	124278.0	124206.0
969	124267.0	124516.0
970	124500.0	124872.0
971	123722.0	124632.0
972	124452.0	124844.0
973	124379.0	124026.0
974	124369.0	124764.0
975	124413.0	124215.0
976	124334.0	123897.0
977	124589.0	124858.0
978	124074.0	124520.0
979	124504.0	125443.0
980	124529.0	124987.0
981	124816.0	124689.0
982	124635.0	124160.0
983	123874.0	123902.0
984	124876.0	124361.0
985	124056.0	123849.0
986	124322.0	124545.0
987	124366.0	124970.0
988	124117.0	124503.0
989	124432.0	124596.0
990	124667.0	124232.0
991	124381.0	124938.0
992	124437.0	125122.0
993	124596.0	124586.0
994	124380.0	123874.0
995	124343.0	124155.0
996	124169.0	123938.0
997	123931.0	124137.0
998	123907.0	124608.0
999	124016.0	124289.0
1000	123956.0	124231.0
1001	124111.0	124215.0
1002	124381.0	124804.0
1003	123421.0	124143.0
1004	123487.0	124616.0
1005	124145.0	124437.0
1006	123689.0	123962.0
1007	124254.0	124416.0
1008	124667.0	124482.0
1009	124011.0	124457.0
1010	124118.0	124880.0
1011	124525.0	124491.0
1012	124470.0	123970.0
1013	124838.0	123968.0
1014	124755.0	123704.0
1015	123616.0	123699.0
1016	123744.0	124446.0
1017	124034.0	124575.0
1018	123963.0	123949.0
1019	124080.0	124172.0
1020	124456.0	123928.0
1021	124035.0	123811.0
1022	123649.0	123938.0
1023	123904.0	124086.0
1024	124213.0	124516.0
1025	123327.0	124334.0
1026	124135.0	123938.0
1027	124333.0	124057.0
1028	123478.0	124603.0
1029	124002.0	124191.0
1030	124191.0	124348.0
1031	124450.0	124605.0
1032	124267.0	124348.0
1033	124150.0	123837.0
1034	123795.0	124281.0
1035	124098.0	124503.0
1036	123964.0	124600.0
1037	123511.0	124515.0
1038	124307.0	124221.0
1039	124011.0	124470.0
1040	124212.0	124624.0
1041	124796.0	124169.0
1042	124459.0	124535.0
1043	123343.0	124268.0
1044	124103.0	124432.0
1045	123404.0	124159.0
1046	124067.0	124044.0
1047	123622.0	124304.0
1048	123926.0	124587.0
1049	123731.0	124070.0
1050	123699.0	124621.0
1051	123935.0	123941.0
1052	124356.0	124406.0
1053	124063.0	124301.0
1054	123553.0	123609.0
1055	122658.0	124233.0
1056	123883.0	124210.0
1057	124095.0	123761.0
1058	123982.0	124133.0
1059	124250.0	123905.0
1060	124324.0	124021.0
1061	123584.0	124365.0
1062	124249.0	124414.0
1063	123792.0	124668.0
1064	124001.0	124959.0
1065	123742.0	124199.0
1066	124112.0	124507.0
1067	123628.0	125032.0
1068	124638.0	124562.0
1069	123411.0	124192.0
1070	124481.0	124458.0
1071	123892.0	124311.0
1072	123497.0	124235.0
1073	123866.0	124446.0
1074	123497.0	124845.0
1075	123638.0	124528.0
1076	123505.0	124518.0
1077	123844.0	124789.0
1078	123535.0	124917.0
1079	124479.0	124470.0
1080	124593.0	125237.0
1081	124102.0	124613.0
1082	123762.0	124312.0
1083	122882.0	124591.0
1084	124118.0	124590.0
1085	124572.0	124578.0
1086	124486.0	124870.0
1087	124573.0	124465.0
1088	123637.0	124774.0
1089	124035.0	124403.0
1090	124074.0	124605.0
1091	123894.0	124638.0
1092	124192.0	124939.0
1093	124451.0	124368.0
1094	124107.0	124505.0
1095	124848.0	124661.0
1096	124244.0	124589.0
1097	123951.0	124255.0
1098	124118.0	124680.0
1099	123824.0	124252.0
1100	124018.0	124296.0
1101	124062.0	124168.0
1102	123712.0	124940.0
1103	123860.0	124249.0
1104	123833.0	124755.0
1105	124480.0	124236.0
1106	124317.0	124229.0
1107	124965.0	124576.0
1108	124049.0	123860.0
1109	123753.0	124384.0
1110	124330.0	125079.0
1111	123864.0	124887.0
1112	123943.0	124805.0
1113	124403.0	125219.0
1114	124507.0	124767.0
1115	124426.0	124590.0
1116	124375.0	125044.0
1117	123682.0	124974.0
1118	124551.0	124889.0
1119	124182.0	125116.0
1120	123607.0	124712.0
1121	124708.0	124427.0
1122	124104.0	125033.0
1123	124257.0	124981.0
1124	124474.0	124627.0
1125	124770.0	124934.0
1126	123931.0	124427.0
1127	124015.0	124522.0
1128	124362.0	124272.0
1129	124001.0	124418.0
1130	124000.0	124629.0
1131	124798.0	124503.0
1132	124338.0	124642.0
1133	124410.0	124253.0
1134	124439.0	124005.0
1135	124740.0	124419.0
1136	124454.0	124078.0
1137	124527.0	124717.0
1138	124043.0	124201.0
1139	124306.0	124203.0
1140	124133.0	124158.0
1141	124430.0	123949.0
1142	123578.0	124643.0
1143	124080.0	124544.0
1144	124104.0	124810.0
1145	123678.0	124404.0
1146	124266.0	124315.0
1147	124348.0	124293.0
1148	124482.0	123805.0
1149	123929.0	123984.0
1150	124106.0	124035.0
1151	123953.0	124274.0
1152	124256.0	124479.0
1153	124234.0	124609.0
1154	124096.0	124555.0
1155	124449.0	124077.0
1156	123794.0	123928.0
1157	124160.0	124186.0
1158	123789.0	124421.0
1159	124173.0	124059.0
1160	123928.0	124553.0
1161	124234.0	124719.0
1162	123582.0	124617.0
1163	123951.0	124314.0
1164	124425.0	124449.0
1165	123894.0	124298.0
1166	123888.0	123909.0
1167	124724.0	123933.0
1168	124171.0	123701.0
1169	124163.0	124141.0
1170	124712.0	124559.0
1171	123776.0	124148.0
1172	123193.0	123738.0
1173	123833.0	123924.0
1174	123652.0	123377.0
1175	123949.0	124284.0
1176	123891.0	124079.0
1177	124671.0	123418.0
1178	124186.0	123590.0
1179	124523.0	124058.0
1180	123837.0	123925.0
1181	124187.0	123845.0
1182	124224.0	123901.0
1183	124034.0	124515.0
1184	123912.0	124304.0
1185	124360.0	124060.0
1186	123161.0	123990.0
1187	123815.0	123995.0
1188	124150.0	123837.0
1189	123862.0	123835.0
1190	123640.0	123899.0
1191	123587.0	124065.0
1192	124017.0	124227.0
1193	124150.0	124368.0
1194	123663.0	123767.0
1195	123854.0	124385.0
1196	123772.0	124100.0
1197	123892.0	124346.0
1198	124340.0	123472.0
1199	123595.0	123362.0
1200	123335.0	123687.0
1201	123350.0	123323.0
1202	123714.0	123684.0
1203	124307.0	123985.0
1204	123869.0	123774.0
1205	123974.0	123992.0
1206	123784.0	124143.0
1207	123573.0	123796.0
1208	123322.0	124197.0
1209	123483.0	124207.0
1210	123542.0	123945.0
1211	123269.0	124222.0
1212	124005.0	124031.0
1213	123491.0	123584.0
1214	123836.0	123574.0
1215	123759.0	123825.0
1216	123540.0	123886.0
1217	123649.0	123130.0
1218	123545.0	123451.0
1219	124156.0	123786.0
1220	123354.0	124424.0
1221	123721.0	123996.0
1222	123466.0	123587.0
1223	123236.0	124424.0
1224	124113.0	123988.0
1225	123750.0	123382.0
1226	122910.0	123206.0
1227	123150.0	124108.0
1228	123711.0	123430.0
1229	123039.0	124668.0
1230	123370.0	123951.0
1231	122382.0	123781.0
1232	122585.0	123498.0
1233	123478.0	124181.0
1234	123177.0	124316.0
1235	123408.0	124187.0
1236	123914.0	124132.0
1237	123670.0	124674.0
1238	123522.0	124165.0
1239	123144.0	123860.0
1240	123457.0	124170.0
1241	123732.0	123706.0
1242	123437.0	124294.0
1243	122970.0	124102.0
1244	122937.0	124650.0
1245	123836.0	124403.0
1246	123551.0	124163.0
1247	123604.0	124096.0
1248	123664.0	124815.0
1249	123144.0	124419.0
1250	123452.0	124066.0
1251	123461.0	124273.0
1252	123724.0	124444.0
1253	123434.0	124310.0
1254	124237.0	124277.0
1255	123937.0	124328.0
1256	123592.0	124415.0
1257	123747.0	124043.0
1258	123761.0	124069.0
1259	123644.0	124224.0
1260	123284.0	123995.0
1261	123959.0	124990.0
1262	123646.0	124013.0
1263	123583.0	124703.0
1264	123764.0	124440.0
1265	123745.0	124181.0
1266	123733.0	123964.0
1267	123237.0	124186.0
1268	123285.0	123927.0
1269	123202.0	124401.0
1270	123530.0	124193.0
1271	123984.0	124501.0
1272	123424.0	124270.0
1273	123755.0	123851.0
1274	123467.0	124628.0
1275	123882.0	124843.0
1276	123672.0	124660.0
1277	123810.0	125244.0
1278	123901.0	124880.0
1279	124278.0	123960.0
1280	123529.0	124044.0
1281	123902.0	124250.0
1282	124026.0	124346.0
1283	123672.0	124773.0
1284	124120.0	124608.0
1285	123721.0	124422.0
1286	123721.0	124333.0
1287	123968.0	123869.0
1288	123747.0	123573.0
1289	123979.0	124282.0
1290	123795.0	124184.0
1291	124494.0	124000.0
1292	124072.0	123986.0
1293	123616.0	124237.0
1294	123624.0	124607.0
1295	123500.0	124633.0
1296	124057.0	124563.0
1297	123755.0	124354.0
1298	123721.0	124565.0
1299	124210.0	124146.0
1300	123421.0	123629.0
1301	123272.0	124342.0
1302	123596.0	123968.0
1303	124003.0	124141.0
1304	123460.0	124747.0
1305	124422.0	124784.0
1306	123684.0	124102.0
1307	123755.0	123985.0
1308	123538.0	123886.0
1309	123909.0	124312.0
1310	124233.0	124600.0
1311	123987.0	124501.0
1312	124068.0	124036.0
1313	124244.0	124370.0
1314	124034.0	124406.0
1315	123867.0	123993.0
1316	124118.0	124104.0
1317	124781.0	124528.0
1318	124130.0	124468.0
1319	123929.0	124635.0
1320	124063.0	124465.0
1321	123702.0	123971.0
1322	123190.0	124643.0
1323	124170.0	124187.0
1324	124057.0	123951.0
1325	124175.0	123579.0
1326	124093.0	123683.0
1327	123825.0	123693.0
1328	124254.0	124242.0
1329	123679.0	123968.0
1330	123765.0	124036.0
1331	123558.0	123847.0
1332	123851.0	124063.0
1333	123951.0	123755.0
1334	123721.0	123609.0
1335	124259.0	123687.0
1336	123863.0	123823.0
1337	123637.0	124282.0
1338	124140.0	123857.0
1339	123219.0	123909.0
1340	123598.0	124576.0
1341	123958.0	123781.0
1342	123308.0	122999.0
1343	123568.0	123819.0
1344	123564.0	123850.0
1345	123218.0	123616.0
1346	123536.0	123557.0
1347	123895.0	123934.0
1348	123013.0	123863.0
1349	123560.0	123738.0
1350	123836.0	124059.0
1351	123297.0	123717.0
1352	123229.0	122883.0
1353	123594.0	123582.0
1354	123000.0	123709.0
1355	123314.0	123413.0
1356	123620.0	123689.0
1357	123948.0	123495.0
1358	123426.0	123855.0
1359	123317.0	123580.0
1360	123385.0	123486.0
1361	123583.0	123765.0
1362	123490.0	123817.0
1363	124102.0	123748.0
1364	123329.0	123728.0
1365	123647.0	123862.0
1366	123043.0	123190.0
1367	123026.0	124528.0
1368	123124.0	123816.0
1369	123034.0	124233.0
1370	123634.0	123427.0
1371	123294.0	123922.0
1372	122765.0	123204.0
1373	123668.0	123428.0
1374	123316.0	123878.0
1375	123070.0	123656.0
1376	123390.0	123273.0
1377	123107.0	123713.0
1378	123074.0	124089.0
1379	123702.0	124010.0
1380	123338.0	124084.0
1381	123575.0	123552.0
1382	123332.0	124044.0
1383	123898.0	123746.0
1384	124269.0	123159.0
1385	123284.0	123676.0
1386	123232.0	123715.0
1387	123511.0	123253.0
1388	122475.0	122987.0
1389	122948.0	124076.0
1390	122786.0	123811.0
1391	123320.0	123909.0
1392	123371.0	123000.0
1393	123042.0	123620.0
1394	123142.0	123572.0
1395	123123.0	123518.0
1396	123637.0	123490.0
1397	123404.0	124009.0
1398	123252.0	124018.0
1399	122888.0	123535.0
1400	122957.0	123603.0
1401	123605.0	124037.0
1402	123344.0	123544.0
1403	123750.0	123402.0
1404	122789.0	123265.0
1405	123439.0	123675.0
1406	122781.0	124117.0
1407	122841.0	123396.0
1408	122668.0	123550.0
1409	123043.0	123601.0
1410	123883.0	124204.0
1411	123683.0	123538.0
1412	123628.0	122892.0
1413	123035.0	123624.0
1414	122668.0	123835.0
1415	123115.0	124177.0
1416	122892.0	123863.0
1417	123513.0	124100.0
1418	123034.0	124133.0
1419	123480.0	123798.0
1420	122904.0	123915.0
1421	123260.0	123688.0
1422	123691.0	123894.0
1423	123260.0	123827.0
1424	123522.0	124003.0
1425	123691.0	124379.0
1426	123382.0	124159.0
1427	123416.0	124145.0
1428	123406.0	123797.0
1429	123180.0	123926.0
1430	123488.0	124514.0
1431	123570.0	123492.0
1432	122793.0	124236.0
1433	123388.0	124487.0
1434	123898.0	124203.0
1435	123621.0	123588.0
1436	123260.0	123948.0
1437	122991.0	124207.0
1438	122907.0	124380.0
1439	123023.0	124461.0
1440	123672.0	124272.0
1441	123499.0	123999.0
1442	123999.0	124048.0
1443	123607.0	123792.0
1444	123250.0	123876.0
1445	123785.0	124202.0
1446	123562.0	124308.0
1447	123266.0	124064.0
1448	123380.0	124281.0
1449	123643.0	124094.0
1450	124071.0	124014.0
1451	123589.0	124198.0
1452	123575.0	123484.0
1453	123278.0	123372.0
1454	123248.0	124526.0
1455	123862.0	123918.0
1456	122994.0	124149.0
1457	123274.0	124239.0
1458	123600.0	124166.0
1459	123646.0	124472.0
1460	123908.0	124190.0
1461	123882.0	124093.0
1462	123403.0	123478.0
1463	123874.0	123894.0
1464	124076.0	124438.0
1465	123957.0	124766.0
1466	123964.0	124235.0
1467	123238.0	124406.0
1468	123024.0	123881.0
1469	123432.0	123780.0
1470	123752.0	124394.0
1471	123604.0	123932.0
1472	123815.0	124114.0
1473	123481.0	123919.0
1474	123727.0	124281.0
1475	122999.0	124077.0
1476	123630.0	123646.0
1477	123279.0	123283.0
1478	123293.0	124051.0
1479	123652.0	123592.0
1480	123726.0	123943.0
1481	123843.0	124147.0
1482	124131.0	124468.0
1483	124341.0	123925.0
1484	124030.0	124163.0
1485	123384.0	123691.0
1486	123596.0	123280.0
1487	123788.0	123945.0
1488	123481.0	123762.0
1489	123353.0	123812.0
1490	123561.0	124176.0
1491	124204.0	124526.0
1492	123740.0	123872.0
1493	124279.0	123692.0
1494	123533.0	123713.0
1495	123147.0	123628.0
1496	123057.0	123717.0
1497	123463.0	123878.0
1498	123710.0	123810.0
1499	123610.0	124285.0
1500	123436.0	123907.0
1501	122924.0	123739.0
1502	123661.0	123922.0
1503	123404.0	123651.0
1504	123476.0	123614.0
1505	123083.0	124248.0
1506	123402.0	123481.0
1507	123958.0	123671.0
1508	123072.0	124188.0
1509	123798.0	123009.0
1510	123549.0	123383.0
1511	123289.0	123614.0
1512	123382.0	123274.0
1513	123606.0	123316.0
1514	123674.0	123709.0
1515	123716.0	123659.0
1516	123197.0	124004.0
1517	123257.0	123998.0
1518	122974.0	123712.0
1519	124028.0	124182.0
1520	123791.0	123685.0
1521	123232.0	123466.0
1522	123198.0	123142.0
1523	122960.0	123865.0
1524	123417.0	123583.0
1525	122860.0	123455.0
1526	123445.0	123853.0
1527	123135.0	123610.0
1528	123926.0	123221.0
1529	123493.0	123335.0
1530	123802.0	123223.0
1531	122910.0	123446.0
1532	123551.0	123012.0
1533	123339.0	123423.0
1534	122873.0	123512.0
1535	123227.0	123369.0
1536	123115.0	123803.0
1537	123296.0	123840.0
1538	123515.0	122828.0
1539	122971.0	123354.0
1540	122830.0	123603.0
1541	122876.0	123183.0
1542	123783.0	123600.0
1543	122967.0	123638.0
1544	123044.0	123875.0
1545	123776.0	123341.0
1546	123337.0	122893.0
1547	123199.0	123705.0
1548	123711.0	124036.0
1549	123520.0	122948.0
1550	123142.0	123433.0
1551	123336.0	123557.0
1552	123678.0	123341.0
1553	122977.0	122979.0
1554	123499.0	123501.0
1555	123321.0	123755.0
1556	123416.0	124337.0
1557	123714.0	123582.0
1558	122659.0	123477.0
1559	122316.0	123149.0
1560	122654.0	123395.0
1561	123439.0	123388.0
1562	123085.0	123648.0
1563	123194.0	123553.0
1564	122932.0	124114.0
1565	123130.0	123751.0
1566	123208.0	123461.0
1567	123540.0	123089.0
1568	122490.0	123488.0
1569	122606.0	123160.0
1570	123014.0	123818.0
1571	123366.0	123562.0
1572	123212.0	124012.0
1573	123407.0	123425.0
1574	123479.0	123948.0
1575	123323.0	123395.0
1576	123124.0	123017.0
1577	123111.0	123551.0
1578	122952.0	123704.0
1579	123259.0	123829.0
1580	122880.0	123835.0
1581	123578.0	123677.0
1582	122882.0	123756.0
1583	122875.0	123572.0
1584	122733.0	123929.0
1585	123082.0	123566.0
1586	122197.0	123184.0
1587	123805.0	123669.0
1588	122782.0	124417.0
1589	123588.0	123755.0
1590	124054.0	123871.0
1591	123605.0	123446.0
1592	122733.0	123691.0
1593	123393.0	123633.0
1594	122697.0	123555.0
1595	123290.0	124057.0
1596	123446.0	123605.0
1597	123557.0	123422.0
1598	123119.0	123637.0
1599	123409.0	123450.0
1600	123231.0	123034.0
1601	123540.0	123557.0
1602	122860.0	123591.0
1603	123231.0	123560.0
1604	122506.0	123759.0
1605	123413.0	123558.0
1606	123648.0	123776.0
1607	123170.0	123387.0
1608	123349.0	123563.0
1609	123451.0	124078.0
1610	123552.0	123893.0
1611	123683.0	124073.0
1612	123039.0	124099.0
1613	123390.0	124570.0
1614	123581.0	124083.0
1615	123218.0	123524.0
1616	122672.0	123881.0
1617	123655.0	123866.0
1618	123512.0	123154.0
1619	123151.0	123330.0
1620	122880.0	123609.0
1621	122643.0	124388.0
1622	123234.0	123941.0
1623	122857.0	123500.0
1624	122654.0	123596.0
1625	122996.0	123161.0
1626	123284.0	123287.0
1627	123013.0	123474.0
1628	123606.0	123771.0
1629	123417.0	123718.0
1630	123553.0	123700.0
1631	123008.0	123902.0
1632	123872.0	123565.0
1633	123170.0	123399.0
1634	123866.0	123623.0
1635	123557.0	123639.0
1636	123820.0	123941.0
1637	123521.0	123330.0
1638	123384.0	123661.0
1639	123191.0	123723.0
1640	123425.0	124114.0
1641	123000.0	123805.0
1642	123510.0	123893.0
1643	123477.0	123963.0
1644	123875.0	123293.0
1645	123464.0	123782.0
1646	123318.0	123762.0
1647	123533.0	123752.0
1648	122925.0	123492.0
1649	123242.0	123711.0
1650	123314.0	123908.0
1651	123476.0	123860.0
1652	123251.0	123901.0
1653	122849.0	123804.0
1654	123025.0	123894.0
1655	123865.0	123309.0
1656	123909.0	123913.0
1657	123255.0	123323.0
1658	123435.0	123687.0
1659	123477.0	123516.0
1660	123527.0	123600.0
1661	123290.0	123523.0
1662	123578.0	123828.0
1663	122912.0	124305.0
1664	122994.0	123885.0
1665	123591.0	123728.0
1666	123755.0	124305.0
1667	123942.0	123795.0
1668	124093.0	122989.0
1669	123908.0	123566.0
1670	123473.0	123313.0
1671	123445.0	123174.0
1672	123224.0	123189.0
1673	123020.0	123534.0
1674	123307.0	123516.0
1675	123043.0	123715.0
1676	123235.0	124066.0
1677	123456.0	123913.0
1678	122988.0	124138.0
1679	123553.0	123000.0
1680	123592.0	123206.0
1681	123274.0	122951.0
1682	123124.0	123262.0
1683	123361.0	122892.0
1684	123610.0	122975.0
1685	123457.0	123235.0
1686	123577.0	123415.0
1687	123687.0	123350.0
1688	123027.0	123381.0
1689	123101.0	123112.0
1690	123083.0	123972.0
1691	122924.0	123146.0
1692	123066.0	123553.0
1693	123913.0	122891.0
1694	123751.0	123280.0
1695	123074.0	123163.0
1696	123437.0	123592.0
1697	122880.0	123400.0
1698	122843.0	123479.0
1699	122826.0	123380.0
1700	122882.0	123483.0
1701	123324.0	123862.0
1702	123423.0	122989.0
1703	123365.0	123465.0
1704	123186.0	123621.0
1705	123318.0	122845.0
1706	123007.0	123443.0
1707	123426.0	123010.0
1708	122713.0	123751.0
1709	123169.0	123692.0
1710	123062.0	123406.0
1711	123797.0	122845.0
1712	123216.0	122455.0
1713	123135.0	123014.0
1714	123173.0	123499.0
1715	122893.0	123347.0
1716	123032.0	123266.0
1717	123180.0	122640.0
1718	123180.0	122799.0
1719	122864.0	123605.0
1720	123233.0	123196.0
1721	123324.0	123333.0
1722	122939.0	123308.0
1723	122774.0	123939.0
1724	123355.0	122957.0
1725	123658.0	123277.0
1726	123428.0	122883.0
1727	123342.0	122836.0
1728	123108.0	123002.0
1729	122922.0	123308.0
1730	123070.0	123744.0
1731	123055.0	123465.0
1732	123284.0	123538.0
1733	122939.0	123298.0
1734	123147.0	123337.0
1735	122660.0	122968.0
1736	123172.0	122994.0
1737	123211.0	123117.0
1738	123560.0	123433.0
1739	122950.0	123392.0
1740	122840.0	123607.0
1741	122902.0	123204.0
1742	122736.0	123287.0
1743	123130.0	123443.0
1744	122972.0	123746.0
1745	123285.0	124007.0
1746	123589.0	123188.0
1747	122628.0	123450.0
1748	123429.0	123351.0
1749	123927.0	123837.0
1750	122999.0	123265.0
1751	122927.0	123265.0
1752	122849.0	123548.0
1753	123135.0	123061.0
1754	123540.0	123554.0
1755	123269.0	123501.0
1756	122846.0	123970.0
1757	123641.0	123298.0
1758	123154.0	123636.0
1759	123246.0	123342.0
1760	123085.0	123811.0
1761	122961.0	123710.0
1762	122915.0	123228.0
1763	123511.0	123606.0
1764	122889.0	123264.0
1765	122730.0	123558.0
1766	123369.0	124187.0
1767	122947.0	123822.0
1768	122801.0	123497.0
1769	123297.0	123327.0
1770	123622.0	123331.0
1771	123277.0	123657.0
1772	122985.0	123499.0
1773	123607.0	123413.0
1774	123016.0	123315.0
1775	122712.0	123801.0
1776	123218.0	123241.0
1777	122601.0	123685.0
1778	123035.0	122872.0
1779	123068.0	123653.0
1780	123138.0	123256.0
1781	122777.0	123733.0
1782	123138.0	123099.0
1783	122838.0	123737.0
1784	123268.0	123232.0
1785	122894.0	123558.0
1786	123206.0	123883.0
1787	123095.0	123551.0
1788	123319.0	123513.0
1789	123323.0	123961.0
1790	123351.0	123589.0
1791	123214.0	123634.0
1792	123186.0	123369.0
1793	123505.0	124265.0
1794	123033.0	122960.0
1795	123061.0	123502.0
1796	123043.0	122961.0
1797	123177.0	122994.0
1798	122809.0	123271.0
1799	123150.0	123043.0
1800	123320.0	123717.0
1801	122252.0	123485.0
1802	122780.0	123760.0
1803	123212.0	124119.0
1804	123142.0	123572.0
1805	123275.0	124213.0
1806	123009.0	123517.0
1807	123693.0	123645.0
1808	123482.0	123871.0
1809	123359.0	122963.0
1810	123308.0	123608.0
1811	123405.0	123452.0
1812	123639.0	123813.0
1813	123221.0	123631.0
1814	123263.0	123652.0
1815	123436.0	123424.0
1816	123262.0	123253.0
1817	123703.0	123384.0
1818	123247.0	123560.0
1819	123431.0	123267.0
1820	123346.0	124081.0
1821	123210.0	123735.0
1822	122931.0	122894.0
1823	123315.0	123027.0
1824	123247.0	123706.0
1825	123113.0	123402.0
1826	123332.0	123920.0
1827	123197.0	123276.0
1828	123187.0	123223.0
1829	122956.0	123492.0
1830	122704.0	123092.0
1831	123009.0	123753.0
1832	122801.0	123333.0
1833	123108.0	123740.0
1834	123255.0	123404.0
1835	123056.0	122950.0
1836	123365.0	123498.0
1837	123632.0	123322.0
1838	122718.0	123564.0
1839	123095.0	123685.0
1840	123243.0	123168.0
1841	122871.0	123219.0
1842	123088.0	123284.0
1843	122577.0	123560.0
1844	123247.0	123527.0
1845	122915.0	123454.0
1846	123254.0	123409.0
1847	122553.0	123574.0
1848	123574.0	123498.0
1849	123142.0	122815.0
1850	122975.0	123058.0
1851	122568.0	123675.0
1852	122908.0	123653.0
1853	123686.0	123897.0
1854	123225.0	123822.0
1855	122868.0	123395.0
1856	122645.0	123240.0
1857	122946.0	123653.0
1858	122791.0	123481.0
1859	122814.0	123279.0
1860	123162.0	123456.0
1861	122850.0	123255.0
1862	123313.0	123402.0
1863	122771.0	122986.0
1864	122472.0	122949.0
1865	122840.0	123155.0
1866	122769.0	123341.0
1867	123383.0	124023.0
1868	122913.0	123657.0
1869	122479.0	123491.0
1870	123117.0	123025.0
1871	123067.0	123236.0
1872	123312.0	123489.0
1873	123041.0	123475.0
1874	123383.0	123224.0
1875	122662.0	123303.0
1876	123066.0	122753.0
1877	122620.0	123702.0
1878	122891.0	123016.0
1879	123302.0	122940.0
1880	123235.0	123458.0
1881	123082.0	123307.0
1882	123623.0	123074.0
1883	123352.0	123184.0
1884	123467.0	123086.0
1885	122809.0	123132.0
1886	123196.0	122994.0
1887	122953.0	123135.0
1888	122285.0	123206.0
1889	122958.0	123239.0
1890	123235.0	123172.0
1891	122945.0	123121.0
1892	122780.0	123011.0
1893	123085.0	123034.0
1894	123141.0	123530.0
1895	122754.0	123962.0
1896	122555.0	123215.0
1897	122747.0	123369.0
1898	122954.0	123082.0
1899	122725.0	123167.0
1900	123095.0	123828.0
1901	123033.0	123476.0
1902	123145.0	123372.0
1903	123204.0	123479.0
1904	123280.0	123153.0
1905	122641.0	123263.0
1906	122587.0	122689.0
1907	122345.0	122605.0
1908	123024.0	123043.0
1909	122950.0	123495.0
1910	122658.0	123117.0
1911	122657.0	122988.0
1912	122914.0	123236.0
1913	122744.0	122928.0
1914	123234.0	123053.0
1915	122752.0	123732.0
1916	122447.0	122724.0
1917	122703.0	123294.0
1918	122547.0	122867.0
1919	122992.0	123454.0
1920	122488.0	123488.0
1921	122771.0	123269.0
1922	122335.0	123826.0
1923	122678.0	123151.0
1924	122907.0	122896.0
1925	122616.0	123457.0
1926	123230.0	122969.0
1927	123121.0	123212.0
1928	121895.0	123787.0
1929	122984.0	123207.0
1930	122961.0	123329.0
1931	123268.0	122906.0
1932	123040.0	123291.0
1933	123150.0	123098.0
1934	122669.0	123311.0
1935	122699.0	123600.0
1936	122959.0	123046.0
1937	123163.0	123393.0
1938	122941.0	123799.0
1939	122800.0	123273.0
1940	122590.0	123360.0
1941	123224.0	123300.0
1942	122225.0	123193.0
1943	122184.0	123567.0
1944	122864.0	123011.0
1945	122970.0	123354.0
1946	122714.0	123841.0
1947	122565.0	123057.0
1948	122834.0	123115.0
1949	122276.0	123526.0
1950	122694.0	123307.0
1951	122758.0	123554.0
1952	123531.0	123045.0
1953	123218.0	122666.0
1954	122521.0	122862.0
1955	123068.0	123720.0
1956	123151.0	123331.0
1957	122805.0	123602.0
1958	122923.0	123622.0
1959	122403.0	123666.0
1960	123189.0	123809.0
1961	123205.0	123103.0
1962	123394.0	123699.0
1963	122482.0	122909.0
1964	123022.0	123810.0
1965	122108.0	123409.0
1966	122977.0	123418.0
1967	122305.0	123508.0
1968	122769.0	123933.0
1969	123159.0	123363.0
1970	123123.0	123961.0
1971	123239.0	123741.0
1972	122621.0	123181.0
1973	122540.0	123544.0
1974	123002.0	123489.0
1975	123012.0	123349.0
1976	123023.0	122679.0
1977	122534.0	123262.0
1978	123174.0	123041.0
1979	122729.0	123400.0
1980	122933.0	123537.0
1981	122834.0	123301.0
1982	122444.0	123356.0
1983	123176.0	123040.0
1984	122614.0	123058.0
1985	122907.0	122955.0
1986	122791.0	122268.0
1987	122787.0	123014.0
1988	122519.0	123163.0
1989	122502.0	123479.0
1990	122801.0	123461.0
1991	123152.0	123385.0
1992	122378.0	123149.0
1993	122394.0	123136.0
1994	122628.0	122701.0
1995	122353.0	122880.0
1996	123000.0	123126.0
1997	122578.0	123063.0
1998	122568.0	123448.0
1999	122315.0	123341.0
