Distance in bp(Fragment Length Estimate: 153)(Peak Width Estimate: 153)	Same Strand (+ for Watson strand, - for Crick)	Opposite Strand
-2000	122312.0	122611.0
-1999	122663.0	122387.0
-1998	123478.0	122777.0
-1997	122899.0	122998.0
-1996	122785.0	122865.0
-1995	122433.0	122608.0
-1994	122707.0	122470.0
-1993	122753.0	123222.0
-1992	123864.0	122790.0
-1991	122968.0	122371.0
-1990	123306.0	121998.0
-1989	122977.0	122197.0
-1988	123050.0	122998.0
-1987	123643.0	122293.0
-1986	123500.0	122613.0
-1985	123299.0	122033.0
-1984	122874.0	122906.0
-1983	123504.0	122906.0
-1982	123019.0	122456.0
-1981	122486.0	122809.0
-1980	122848.0	122240.0
-1979	122776.0	122570.0
-1978	122654.0	122490.0
-1977	122566.0	122800.0
-1976	122625.0	122485.0
-1975	122522.0	123004.0
-1974	122991.0	123547.0
-1973	123651.0	122436.0
-1972	122889.0	122883.0
-1971	122825.0	123000.0
-1970	123059.0	122664.0
-1969	123584.0	122934.0
-1968	122969.0	122618.0
-1967	122697.0	122207.0
-1966	123080.0	122226.0
-1965	122832.0	123387.0
-1964	123073.0	122738.0
-1963	123240.0	122551.0
-1962	123294.0	122482.0
-1961	123069.0	122274.0
-1960	122812.0	122297.0
-1959	122606.0	122575.0
-1958	123626.0	122425.0
-1957	122726.0	122112.0
-1956	122966.0	123101.0
-1955	123118.0	122658.0
-1954	122673.0	122868.0
-1953	122921.0	122005.0
-1952	123036.0	122765.0
-1951	122799.0	122774.0
-1950	123465.0	122283.0
-1949	122536.0	122986.0
-1948	122715.0	122450.0
-1947	122701.0	122300.0
-1946	122397.0	122539.0
-1945	123164.0	122922.0
-1944	123293.0	122934.0
-1943	122635.0	122949.0
-1942	122964.0	123447.0
-1941	122664.0	123191.0
-1940	122675.0	122866.0
-1939	123294.0	123612.0
-1938	123093.0	122900.0
-1937	122749.0	122159.0
-1936	122602.0	122714.0
-1935	122704.0	122967.0
-1934	123995.0	122946.0
-1933	122484.0	123152.0
-1932	122679.0	122911.0
-1931	122819.0	122226.0
-1930	122687.0	122721.0
-1929	122944.0	122798.0
-1928	123013.0	122867.0
-1927	123016.0	122803.0
-1926	123171.0	122631.0
-1925	122480.0	122871.0
-1924	122878.0	123016.0
-1923	122882.0	123044.0
-1922	123192.0	122723.0
-1921	123362.0	122663.0
-1920	122699.0	122849.0
-1919	123309.0	122937.0
-1918	123193.0	122975.0
-1917	123319.0	122865.0
-1916	122679.0	122417.0
-1915	123406.0	122634.0
-1914	122307.0	122966.0
-1913	123388.0	122337.0
-1912	123245.0	122643.0
-1911	123684.0	123157.0
-1910	122840.0	122834.0
-1909	123139.0	122927.0
-1908	123100.0	122334.0
-1907	123122.0	123147.0
-1906	123018.0	122729.0
-1905	122820.0	123049.0
-1904	122818.0	122762.0
-1903	122987.0	123091.0
-1902	122767.0	123057.0
-1901	122514.0	122459.0
-1900	123271.0	122622.0
-1899	123138.0	123152.0
-1898	123414.0	123249.0
-1897	122942.0	122752.0
-1896	123858.0	123244.0
-1895	123101.0	122905.0
-1894	123299.0	122565.0
-1893	123273.0	123140.0
-1892	122702.0	123170.0
-1891	123102.0	122632.0
-1890	122718.0	122983.0
-1889	123256.0	123023.0
-1888	123114.0	123180.0
-1887	123804.0	121880.0
-1886	123103.0	122673.0
-1885	123019.0	122566.0
-1884	123284.0	122718.0
-1883	123280.0	122860.0
-1882	122844.0	122641.0
-1881	123442.0	122836.0
-1880	122515.0	123327.0
-1879	122940.0	122799.0
-1878	123117.0	122869.0
-1877	123167.0	122593.0
-1876	123386.0	122840.0
-1875	122985.0	122783.0
-1874	122934.0	122749.0
-1873	123285.0	122853.0
-1872	123390.0	122771.0
-1871	123169.0	122257.0
-1870	123469.0	122867.0
-1869	123359.0	122868.0
-1868	123999.0	122723.0
-1867	123099.0	122903.0
-1866	122976.0	123133.0
-1865	122139.0	123150.0
-1864	122971.0	122703.0
-1863	122681.0	122837.0
-1862	122528.0	123027.0
-1861	122962.0	123156.0
-1860	123383.0	122843.0
-1859	123005.0	122821.0
-1858	123568.0	122286.0
-1857	123202.0	122542.0
-1856	122698.0	123202.0
-1855	122916.0	122643.0
-1854	123103.0	122805.0
-1853	123413.0	122792.0
-1852	123194.0	122572.0
-1851	122702.0	122577.0
-1850	122984.0	122832.0
-1849	123241.0	123255.0
-1848	123110.0	122916.0
-1847	123169.0	123222.0
-1846	122993.0	122813.0
-1845	122859.0	122864.0
-1844	122916.0	122730.0
-1843	122790.0	122967.0
-1842	123167.0	122485.0
-1841	123760.0	123032.0
-1840	122616.0	122670.0
-1839	122692.0	123005.0
-1838	122870.0	123235.0
-1837	123699.0	123761.0
-1836	124045.0	122997.0
-1835	123274.0	122927.0
-1834	122966.0	122911.0
-1833	122883.0	123496.0
-1832	123182.0	122620.0
-1831	122619.0	122677.0
-1830	123623.0	122496.0
-1829	122941.0	122477.0
-1828	123415.0	122973.0
-1827	122663.0	122410.0
-1826	123241.0	123190.0
-1825	123897.0	123035.0
-1824	123310.0	123233.0
-1823	123116.0	123040.0
-1822	122804.0	123562.0
-1821	123780.0	122891.0
-1820	123684.0	123088.0
-1819	123649.0	122493.0
-1818	123505.0	122156.0
-1817	123036.0	122598.0
-1816	123294.0	122356.0
-1815	123201.0	122980.0
-1814	122789.0	123013.0
-1813	123363.0	122645.0
-1812	123446.0	122924.0
-1811	123145.0	122435.0
-1810	122839.0	123043.0
-1809	122800.0	122212.0
-1808	122963.0	122421.0
-1807	122978.0	122746.0
-1806	123150.0	122795.0
-1805	123257.0	122630.0
-1804	122966.0	122982.0
-1803	122826.0	123154.0
-1802	124093.0	122669.0
-1801	123111.0	122236.0
-1800	123492.0	123132.0
-1799	122632.0	122754.0
-1798	122847.0	122830.0
-1797	122207.0	123027.0
-1796	123297.0	123102.0
-1795	122861.0	123130.0
-1794	123206.0	123121.0
-1793	122435.0	122730.0
-1792	123195.0	123053.0
-1791	122998.0	122922.0
-1790	122703.0	122898.0
-1789	123183.0	122507.0
-1788	123049.0	122508.0
-1787	122940.0	122534.0
-1786	123545.0	123164.0
-1785	123121.0	122591.0
-1784	123040.0	122606.0
-1783	122921.0	123404.0
-1782	123395.0	122435.0
-1781	123136.0	122680.0
-1780	123400.0	122497.0
-1779	123159.0	122758.0
-1778	122802.0	123080.0
-1777	122800.0	122774.0
-1776	123204.0	123064.0
-1775	122735.0	122409.0
-1774	123391.0	122643.0
-1773	123229.0	122756.0
-1772	122995.0	122708.0
-1771	122772.0	122781.0
-1770	123158.0	122777.0
-1769	122756.0	122944.0
-1768	122365.0	122760.0
-1767	123195.0	122522.0
-1766	123698.0	123153.0
-1765	122550.0	122999.0
-1764	123210.0	123006.0
-1763	123143.0	122727.0
-1762	123199.0	123634.0
-1761	123315.0	122877.0
-1760	123461.0	122964.0
-1759	123237.0	123435.0
-1758	122938.0	123594.0
-1757	123036.0	123457.0
-1756	123002.0	122840.0
-1755	122583.0	122848.0
-1754	122968.0	123004.0
-1753	123286.0	123545.0
-1752	123042.0	122860.0
-1751	123425.0	123416.0
-1750	123157.0	123026.0
-1749	123032.0	123235.0
-1748	122725.0	122912.0
-1747	123219.0	122824.0
-1746	123574.0	123016.0
-1745	123170.0	123321.0
-1744	123220.0	123382.0
-1743	122869.0	122932.0
-1742	122880.0	123176.0
-1741	123640.0	123426.0
-1740	123157.0	122971.0
-1739	123409.0	122987.0
-1738	122559.0	123049.0
-1737	122965.0	122953.0
-1736	123396.0	123126.0
-1735	123164.0	123250.0
-1734	122796.0	123079.0
-1733	122977.0	123202.0
-1732	122976.0	123329.0
-1731	122902.0	124043.0
-1730	123135.0	123468.0
-1729	122649.0	123473.0
-1728	123090.0	123397.0
-1727	123480.0	122813.0
-1726	122670.0	123276.0
-1725	123022.0	123077.0
-1724	123189.0	123116.0
-1723	123163.0	123348.0
-1722	123308.0	123163.0
-1721	123267.0	123213.0
-1720	123290.0	123198.0
-1719	123422.0	123622.0
-1718	123553.0	122903.0
-1717	123113.0	123101.0
-1716	123402.0	123380.0
-1715	123198.0	123206.0
-1714	123508.0	122598.0
-1713	123773.0	122831.0
-1712	123541.0	122861.0
-1711	123965.0	122808.0
-1710	123789.0	122489.0
-1709	123148.0	123427.0
-1708	123559.0	123094.0
-1707	123969.0	123203.0
-1706	123186.0	123012.0
-1705	123085.0	123558.0
-1704	123424.0	123081.0
-1703	123743.0	123193.0
-1702	123423.0	122782.0
-1701	123940.0	122954.0
-1700	123561.0	122617.0
-1699	123342.0	123292.0
-1698	124098.0	123134.0
-1697	123407.0	123444.0
-1696	123187.0	123597.0
-1695	123142.0	123242.0
-1694	123148.0	122951.0
-1693	123111.0	123224.0
-1692	123508.0	123418.0
-1691	123466.0	123343.0
-1690	123898.0	123261.0
-1689	123480.0	122866.0
-1688	123275.0	123099.0
-1687	123721.0	123155.0
-1686	123337.0	123212.0
-1685	123039.0	123141.0
-1684	123174.0	122928.0
-1683	123672.0	123651.0
-1682	123141.0	123170.0
-1681	123603.0	123707.0
-1680	123504.0	122938.0
-1679	123931.0	122968.0
-1678	122854.0	122801.0
-1677	123812.0	124073.0
-1676	122741.0	122858.0
-1675	123111.0	123741.0
-1674	123436.0	122494.0
-1673	123574.0	123749.0
-1672	123263.0	122900.0
-1671	124130.0	123009.0
-1670	123603.0	123158.0
-1669	123956.0	123460.0
-1668	123258.0	123103.0
-1667	124401.0	122472.0
-1666	123355.0	123373.0
-1665	123651.0	123679.0
-1664	123521.0	122679.0
-1663	124188.0	122828.0
-1662	123449.0	123289.0
-1661	123785.0	123049.0
-1660	123400.0	123272.0
-1659	123720.0	122588.0
-1658	123916.0	122898.0
-1657	123578.0	122848.0
-1656	123377.0	122544.0
-1655	123497.0	123027.0
-1654	123394.0	123244.0
-1653	123556.0	123372.0
-1652	123207.0	123805.0
-1651	123990.0	123095.0
-1650	123716.0	122943.0
-1649	123901.0	123116.0
-1648	123581.0	123311.0
-1647	122994.0	123064.0
-1646	123437.0	123233.0
-1645	123462.0	123085.0
-1644	123203.0	123694.0
-1643	123318.0	123039.0
-1642	123213.0	123458.0
-1641	123330.0	122600.0
-1640	123216.0	123348.0
-1639	123537.0	123007.0
-1638	123740.0	123192.0
-1637	123050.0	123431.0
-1636	123163.0	122846.0
-1635	123304.0	122972.0
-1634	123142.0	122525.0
-1633	123745.0	122682.0
-1632	123349.0	122291.0
-1631	123252.0	122151.0
-1630	123096.0	122991.0
-1629	124054.0	122589.0
-1628	123162.0	122841.0
-1627	122996.0	123039.0
-1626	123817.0	122194.0
-1625	123779.0	122832.0
-1624	123371.0	122840.0
-1623	123303.0	122574.0
-1622	123441.0	122823.0
-1621	122880.0	123174.0
-1620	124032.0	122912.0
-1619	123615.0	122616.0
-1618	123488.0	122980.0
-1617	123712.0	123139.0
-1616	123139.0	122377.0
-1615	122768.0	123274.0
-1614	123187.0	123542.0
-1613	123408.0	123141.0
-1612	123191.0	122950.0
-1611	123043.0	123278.0
-1610	124156.0	122578.0
-1609	123320.0	122357.0
-1608	123184.0	123108.0
-1607	122991.0	123052.0
-1606	122800.0	123349.0
-1605	122912.0	123601.0
-1604	123038.0	123093.0
-1603	123583.0	123341.0
-1602	124066.0	123311.0
-1601	123014.0	122972.0
-1600	123168.0	123861.0
-1599	123174.0	123427.0
-1598	123144.0	123124.0
-1597	124107.0	122968.0
-1596	124096.0	123315.0
-1595	123110.0	123249.0
-1594	123314.0	123950.0
-1593	123284.0	123176.0
-1592	123274.0	123595.0
-1591	123441.0	123550.0
-1590	122874.0	123379.0
-1589	123314.0	123067.0
-1588	123512.0	123521.0
-1587	123507.0	122909.0
-1586	123489.0	122912.0
-1585	122528.0	123197.0
-1584	123315.0	122942.0
-1583	122678.0	122574.0
-1582	122372.0	122966.0
-1581	123195.0	123021.0
-1580	123825.0	122947.0
-1579	123096.0	122470.0
-1578	123183.0	123045.0
-1577	123339.0	123169.0
-1576	123135.0	123421.0
-1575	123512.0	123001.0
-1574	123319.0	123290.0
-1573	123129.0	122979.0
-1572	123430.0	122652.0
-1571	123509.0	123097.0
-1570	123585.0	123628.0
-1569	123609.0	122831.0
-1568	123376.0	123320.0
-1567	123421.0	121963.0
-1566	122980.0	123623.0
-1565	123619.0	123495.0
-1564	122792.0	123382.0
-1563	122917.0	123104.0
-1562	123263.0	123656.0
-1561	123046.0	123400.0
-1560	123510.0	123119.0
-1559	123405.0	123097.0
-1558	122919.0	123815.0
-1557	123214.0	123456.0
-1556	123691.0	123936.0
-1555	122479.0	123827.0
-1554	123143.0	123159.0
-1553	123054.0	123063.0
-1552	123431.0	123194.0
-1551	122860.0	123258.0
-1550	123152.0	123861.0
-1549	123662.0	123879.0
-1548	123616.0	123159.0
-1547	123682.0	123123.0
-1546	123331.0	123438.0
-1545	123454.0	123472.0
-1544	123418.0	123695.0
-1543	123049.0	122880.0
-1542	123185.0	123748.0
-1541	123596.0	123469.0
-1540	124014.0	123306.0
-1539	124357.0	123455.0
-1538	123622.0	124351.0
-1537	123791.0	123688.0
-1536	123816.0	123576.0
-1535	123235.0	123300.0
-1534	123183.0	123467.0
-1533	123871.0	123395.0
-1532	123557.0	123283.0
-1531	123368.0	122909.0
-1530	123678.0	123659.0
-1529	123414.0	123857.0
-1528	123526.0	123644.0
-1527	123930.0	123371.0
-1526	123477.0	123328.0
-1525	123756.0	124179.0
-1524	123200.0	123213.0
-1523	123951.0	122884.0
-1522	123922.0	123201.0
-1521	123742.0	123797.0
-1520	123461.0	122975.0
-1519	123507.0	123507.0
-1518	123884.0	123639.0
-1517	123784.0	123064.0
-1516	123965.0	124029.0
-1515	124676.0	123351.0
-1514	124112.0	123079.0
-1513	123505.0	123382.0
-1512	123676.0	123962.0
-1511	124316.0	123155.0
-1510	124067.0	123652.0
-1509	123881.0	123900.0
-1508	124449.0	123017.0
-1507	123683.0	123525.0
-1506	123459.0	123426.0
-1505	123927.0	123281.0
-1504	123645.0	123000.0
-1503	123846.0	123558.0
-1502	123687.0	123156.0
-1501	124018.0	123962.0
-1500	124246.0	122970.0
-1499	123525.0	123380.0
-1498	123532.0	123106.0
-1497	124095.0	123789.0
-1496	124108.0	123111.0
-1495	123343.0	123485.0
-1494	124268.0	123806.0
-1493	123497.0	123582.0
-1492	124244.0	123120.0
-1491	124184.0	123272.0
-1490	123349.0	122870.0
-1489	124139.0	123903.0
-1488	123760.0	123755.0
-1487	123326.0	123660.0
-1486	123852.0	123570.0
-1485	123825.0	123730.0
-1484	123598.0	123350.0
-1483	123710.0	123469.0
-1482	123767.0	123699.0
-1481	123421.0	123446.0
-1480	123777.0	123212.0
-1479	124107.0	123689.0
-1478	123945.0	123940.0
-1477	124210.0	123211.0
-1476	123909.0	123229.0
-1475	123619.0	123413.0
-1474	123678.0	124013.0
-1473	123561.0	123410.0
-1472	123903.0	123619.0
-1471	123578.0	123210.0
-1470	123835.0	123410.0
-1469	123706.0	122922.0
-1468	123977.0	123379.0
-1467	124362.0	123084.0
-1466	124952.0	122907.0
-1465	123700.0	123089.0
-1464	123963.0	123779.0
-1463	123740.0	123238.0
-1462	124271.0	123395.0
-1461	124063.0	124093.0
-1460	123953.0	123225.0
-1459	123926.0	123221.0
-1458	124010.0	122498.0
-1457	123763.0	123298.0
-1456	123691.0	123926.0
-1455	124135.0	123673.0
-1454	123875.0	123234.0
-1453	124657.0	123234.0
-1452	123594.0	122853.0
-1451	123942.0	123618.0
-1450	123286.0	123078.0
-1449	123246.0	123439.0
-1448	123497.0	123230.0
-1447	124261.0	123438.0
-1446	123425.0	123701.0
-1445	124159.0	123188.0
-1444	123582.0	123147.0
-1443	123594.0	123282.0
-1442	123395.0	123069.0
-1441	123874.0	124104.0
-1440	122736.0	123853.0
-1439	123782.0	123847.0
-1438	123627.0	123334.0
-1437	123768.0	123312.0
-1436	123254.0	122846.0
-1435	123509.0	123357.0
-1434	123288.0	122577.0
-1433	123074.0	123128.0
-1432	124006.0	122593.0
-1431	123541.0	123341.0
-1430	123628.0	123410.0
-1429	123330.0	122784.0
-1428	123272.0	123428.0
-1427	123488.0	123741.0
-1426	123236.0	123325.0
-1425	123702.0	123592.0
-1424	124239.0	122779.0
-1423	123391.0	122900.0
-1422	123779.0	123272.0
-1421	123101.0	123166.0
-1420	123180.0	123262.0
-1419	123840.0	122953.0
-1418	123125.0	123526.0
-1417	123241.0	122967.0
-1416	123644.0	123655.0
-1415	123353.0	123272.0
-1414	122629.0	122435.0
-1413	123930.0	123207.0
-1412	122715.0	123011.0
-1411	123079.0	123416.0
-1410	123529.0	123335.0
-1409	123528.0	123349.0
-1408	123242.0	123487.0
-1407	123546.0	123086.0
-1406	123816.0	122827.0
-1405	123614.0	123518.0
-1404	123225.0	123777.0
-1403	123346.0	123581.0
-1402	123072.0	123720.0
-1401	123747.0	123504.0
-1400	123416.0	123488.0
-1399	123352.0	123963.0
-1398	123834.0	123352.0
-1397	123401.0	123614.0
-1396	123713.0	122944.0
-1395	123102.0	123287.0
-1394	122623.0	123374.0
-1393	123915.0	123091.0
-1392	124004.0	124395.0
-1391	123879.0	123374.0
-1390	124063.0	123509.0
-1389	123349.0	123589.0
-1388	122575.0	123356.0
-1387	123038.0	123376.0
-1386	123819.0	123126.0
-1385	122669.0	123097.0
-1384	123923.0	123361.0
-1383	123912.0	123336.0
-1382	123013.0	123462.0
-1381	123444.0	123118.0
-1380	123461.0	123486.0
-1379	123568.0	123204.0
-1378	123475.0	123092.0
-1377	123763.0	123610.0
-1376	123218.0	123245.0
-1375	123103.0	123505.0
-1374	123374.0	123691.0
-1373	123260.0	124556.0
-1372	123152.0	123788.0
-1371	123823.0	123374.0
-1370	122938.0	124166.0
-1369	123206.0	124068.0
-1368	123828.0	123317.0
-1367	123793.0	123671.0
-1366	123179.0	124122.0
-1365	123303.0	124073.0
-1364	123828.0	123910.0
-1363	123684.0	124456.0
-1362	124036.0	123715.0
-1361	124021.0	123851.0
-1360	124083.0	123939.0
-1359	123043.0	123881.0
-1358	123864.0	123921.0
-1357	123672.0	124283.0
-1356	123243.0	123987.0
-1355	123190.0	123892.0
-1354	123048.0	124171.0
-1353	123705.0	124407.0
-1352	123980.0	123940.0
-1351	123749.0	123399.0
-1350	124036.0	124111.0
-1349	123687.0	123899.0
-1348	123610.0	123875.0
-1347	123899.0	123730.0
-1346	124092.0	124406.0
-1345	124103.0	124260.0
-1344	123938.0	124347.0
-1343	123985.0	123528.0
-1342	124336.0	124468.0
-1341	124042.0	124348.0
-1340	123997.0	123661.0
-1339	124038.0	123995.0
-1338	124178.0	124374.0
-1337	123470.0	124294.0
-1336	123934.0	124215.0
-1335	124623.0	124432.0
-1334	123806.0	124245.0
-1333	124143.0	124375.0
-1332	124321.0	124215.0
-1331	123641.0	123603.0
-1330	124017.0	123884.0
-1329	123758.0	124355.0
-1328	123963.0	123614.0
-1327	124580.0	124563.0
-1326	124700.0	123866.0
-1325	124137.0	123505.0
-1324	124346.0	123495.0
-1323	123966.0	124019.0
-1322	123737.0	123862.0
-1321	124447.0	123608.0
-1320	124612.0	123486.0
-1319	124386.0	123311.0
-1318	124422.0	124238.0
-1317	124049.0	124322.0
-1316	124613.0	123840.0
-1315	123851.0	123686.0
-1314	124282.0	123383.0
-1313	123829.0	123945.0
-1312	124142.0	123598.0
-1311	123984.0	124299.0
-1310	124067.0	124108.0
-1309	125090.0	123954.0
-1308	124531.0	123700.0
-1307	124457.0	124251.0
-1306	123915.0	123532.0
-1305	124970.0	124087.0
-1304	124232.0	123789.0
-1303	124277.0	123730.0
-1302	123643.0	123939.0
-1301	124889.0	124140.0
-1300	124340.0	123655.0
-1299	124706.0	123978.0
-1298	123941.0	123281.0
-1297	124179.0	123288.0
-1296	124494.0	123887.0
-1295	124352.0	123572.0
-1294	124516.0	123772.0
-1293	124373.0	123588.0
-1292	123915.0	123870.0
-1291	124327.0	123899.0
-1290	124645.0	123817.0
-1289	124028.0	123438.0
-1288	123981.0	123694.0
-1287	124693.0	123167.0
-1286	124875.0	123689.0
-1285	124006.0	124588.0
-1284	124032.0	123437.0
-1283	124381.0	123187.0
-1282	125181.0	123697.0
-1281	124727.0	123264.0
-1280	123816.0	123724.0
-1279	124382.0	123193.0
-1278	124222.0	123985.0
-1277	124012.0	123337.0
-1276	124465.0	123159.0
-1275	124361.0	123075.0
-1274	124144.0	123416.0
-1273	124027.0	123512.0
-1272	124642.0	123241.0
-1271	123817.0	123099.0
-1270	124267.0	123814.0
-1269	124365.0	122981.0
-1268	124311.0	123706.0
-1267	123857.0	123580.0
-1266	124205.0	122525.0
-1265	124393.0	123231.0
-1264	124019.0	123391.0
-1263	124325.0	123734.0
-1262	123820.0	123409.0
-1261	123411.0	123463.0
-1260	123883.0	123447.0
-1259	123511.0	123499.0
-1258	123334.0	122947.0
-1257	124485.0	123693.0
-1256	124047.0	123644.0
-1255	123259.0	123731.0
-1254	124003.0	123744.0
-1253	123644.0	122902.0
-1252	124194.0	123724.0
-1251	123913.0	123072.0
-1250	124151.0	123634.0
-1249	124390.0	123166.0
-1248	123418.0	123901.0
-1247	123823.0	123208.0
-1246	123243.0	123334.0
-1245	124005.0	123042.0
-1244	123399.0	123810.0
-1243	123158.0	123509.0
-1242	123931.0	123431.0
-1241	123805.0	123961.0
-1240	123707.0	124432.0
-1239	123193.0	123080.0
-1238	123861.0	123647.0
-1237	124255.0	123551.0
-1236	123885.0	123996.0
-1235	123823.0	123429.0
-1234	123908.0	123829.0
-1233	123815.0	123373.0
-1232	123380.0	123081.0
-1231	123684.0	123483.0
-1230	123932.0	123643.0
-1229	123838.0	123468.0
-1228	123729.0	123632.0
-1227	124263.0	123341.0
-1226	122939.0	123673.0
-1225	123490.0	123449.0
-1224	123405.0	123562.0
-1223	123946.0	123306.0
-1222	123902.0	123766.0
-1221	123936.0	123372.0
-1220	122957.0	123356.0
-1219	123822.0	124007.0
-1218	124395.0	123324.0
-1217	124076.0	123248.0
-1216	123207.0	123415.0
-1215	123443.0	123678.0
-1214	123076.0	123788.0
-1213	123710.0	123822.0
-1212	123604.0	123137.0
-1211	123761.0	123286.0
-1210	123516.0	123072.0
-1209	123716.0	123446.0
-1208	123452.0	123464.0
-1207	123457.0	123650.0
-1206	123253.0	123712.0
-1205	124059.0	124203.0
-1204	124084.0	123295.0
-1203	123442.0	123920.0
-1202	123537.0	123336.0
-1201	123897.0	123526.0
-1200	123290.0	123722.0
-1199	123778.0	123524.0
-1198	122844.0	123483.0
-1197	123090.0	124021.0
-1196	123425.0	123238.0
-1195	123530.0	124060.0
-1194	123560.0	124362.0
-1193	124199.0	124243.0
-1192	123653.0	124304.0
-1191	124048.0	123342.0
-1190	123263.0	124186.0
-1189	123910.0	123905.0
-1188	124004.0	123910.0
-1187	123707.0	124016.0
-1186	123474.0	124510.0
-1185	123107.0	124001.0
-1184	123222.0	124360.0
-1183	124005.0	124052.0
-1182	123839.0	124276.0
-1181	123946.0	124269.0
-1180	123660.0	124645.0
-1179	123759.0	124008.0
-1178	124156.0	124450.0
-1177	124001.0	124068.0
-1176	123794.0	124624.0
-1175	123526.0	124522.0
-1174	123621.0	124701.0
-1173	123907.0	124438.0
-1172	123823.0	124056.0
-1171	123874.0	124293.0
-1170	124344.0	124453.0
-1169	124103.0	123823.0
-1168	124335.0	124528.0
-1167	124414.0	124716.0
-1166	124012.0	124653.0
-1165	124129.0	125108.0
-1164	124149.0	124411.0
-1163	123984.0	124695.0
-1162	123984.0	124806.0
-1161	123935.0	124878.0
-1160	124184.0	124108.0
-1159	124268.0	124140.0
-1158	124787.0	124376.0
-1157	124073.0	123914.0
-1156	124317.0	124036.0
-1155	124472.0	124495.0
-1154	124844.0	124258.0
-1153	124241.0	125248.0
-1152	124786.0	124908.0
-1151	124135.0	124395.0
-1150	123971.0	124203.0
-1149	124660.0	125025.0
-1148	124921.0	124106.0
-1147	124471.0	124082.0
-1146	124693.0	124514.0
-1145	124566.0	124835.0
-1144	124992.0	124653.0
-1143	124673.0	124715.0
-1142	124786.0	124195.0
-1141	124557.0	124633.0
-1140	124780.0	123977.0
-1139	125083.0	124301.0
-1138	124988.0	124203.0
-1137	124099.0	124356.0
-1136	124222.0	124780.0
-1135	124905.0	125167.0
-1134	124984.0	124587.0
-1133	124672.0	124784.0
-1132	124192.0	124501.0
-1131	125130.0	124508.0
-1130	124380.0	124148.0
-1129	125118.0	124690.0
-1128	125053.0	124474.0
-1127	125029.0	123605.0
-1126	125162.0	124913.0
-1125	125049.0	124559.0
-1124	124549.0	124551.0
-1123	125421.0	124277.0
-1122	125048.0	124670.0
-1121	124842.0	124199.0
-1120	125213.0	124411.0
-1119	125473.0	124630.0
-1118	125278.0	123717.0
-1117	125255.0	124092.0
-1116	125127.0	124286.0
-1115	124952.0	124209.0
-1114	124875.0	123873.0
-1113	125592.0	124124.0
-1112	125124.0	123674.0
-1111	125388.0	123957.0
-1110	125269.0	124127.0
-1109	124910.0	124377.0
-1108	125000.0	123850.0
-1107	125480.0	123916.0
-1106	125083.0	123984.0
-1105	125015.0	124063.0
-1104	125119.0	124723.0
-1103	125014.0	123418.0
-1102	125081.0	123549.0
-1101	124977.0	124415.0
-1100	125217.0	123541.0
-1099	124782.0	124552.0
-1098	124706.0	124012.0
-1097	124641.0	124259.0
-1096	124933.0	124586.0
-1095	123900.0	123748.0
-1094	124301.0	123449.0
-1093	124296.0	123192.0
-1092	124579.0	123652.0
-1091	124481.0	123839.0
-1090	124802.0	124071.0
-1089	124261.0	124309.0
-1088	124966.0	123588.0
-1087	124753.0	123706.0
-1086	124187.0	123722.0
-1085	124053.0	123569.0
-1084	124271.0	124242.0
-1083	124524.0	123610.0
-1082	124997.0	123268.0
-1081	124968.0	123613.0
-1080	124805.0	123932.0
-1079	124465.0	123396.0
-1078	123967.0	124125.0
-1077	124477.0	123790.0
-1076	124099.0	123118.0
-1075	123890.0	123925.0
-1074	124565.0	123553.0
-1073	124562.0	123143.0
-1072	124144.0	123734.0
-1071	124366.0	123414.0
-1070	124872.0	123772.0
-1069	124059.0	123275.0
-1068	124847.0	123736.0
-1067	124491.0	123367.0
-1066	124462.0	123299.0
-1065	124518.0	123547.0
-1064	124743.0	123476.0
-1063	124268.0	123496.0
-1062	123809.0	123484.0
-1061	123336.0	123206.0
-1060	123942.0	123790.0
-1059	123483.0	123301.0
-1058	123682.0	123440.0
-1057	123737.0	123509.0
-1056	124121.0	123599.0
-1055	123933.0	123569.0
-1054	124360.0	123144.0
-1053	123879.0	123785.0
-1052	123838.0	123070.0
-1051	123572.0	123335.0
-1050	124122.0	123715.0
-1049	123558.0	123478.0
-1048	123729.0	123675.0
-1047	124312.0	123955.0
-1046	124478.0	123549.0
-1045	123733.0	124162.0
-1044	124143.0	123407.0
-1043	123773.0	123342.0
-1042	123751.0	123211.0
-1041	123873.0	122849.0
-1040	123302.0	123380.0
-1039	124080.0	123324.0
-1038	123865.0	123313.0
-1037	123442.0	122984.0
-1036	123563.0	124029.0
-1035	123271.0	123458.0
-1034	123129.0	124135.0
-1033	123322.0	123713.0
-1032	123628.0	123624.0
-1031	123686.0	123685.0
-1030	124103.0	123629.0
-1029	123531.0	124130.0
-1028	123398.0	123488.0
-1027	123373.0	123438.0
-1026	124047.0	123631.0
-1025	123569.0	124383.0
-1024	123295.0	122904.0
-1023	123631.0	123923.0
-1022	122781.0	124040.0
-1021	123395.0	124098.0
-1020	123795.0	124299.0
-1019	124149.0	123621.0
-1018	124001.0	123886.0
-1017	123864.0	124115.0
-1016	123452.0	124121.0
-1015	123734.0	123895.0
-1014	123420.0	124301.0
-1013	123809.0	124504.0
-1012	123896.0	124178.0
-1011	124097.0	124235.0
-1010	124107.0	124116.0
-1009	123771.0	123756.0
-1008	124131.0	124762.0
-1007	123893.0	124129.0
-1006	123654.0	124239.0
-1005	123476.0	124404.0
-1004	123915.0	124883.0
-1003	123502.0	125258.0
-1002	124526.0	124457.0
-1001	124392.0	124580.0
-1000	123808.0	124414.0
-999	123311.0	124301.0
-998	124033.0	124362.0
-997	123274.0	124690.0
-996	123935.0	124408.0
-995	123673.0	124330.0
-994	124011.0	124833.0
-993	124110.0	124376.0
-992	123990.0	124326.0
-991	123996.0	124601.0
-990	124521.0	124799.0
-989	123707.0	124528.0
-988	124169.0	124628.0
-987	124425.0	125027.0
-986	124000.0	124981.0
-985	124119.0	124680.0
-984	124406.0	124475.0
-983	124231.0	124642.0
-982	124674.0	125124.0
-981	124712.0	124755.0
-980	124585.0	124148.0
-979	123910.0	124547.0
-978	124738.0	125333.0
-977	123781.0	124600.0
-976	123828.0	125193.0
-975	124575.0	124664.0
-974	124462.0	124849.0
-973	125113.0	124934.0
-972	124795.0	125058.0
-971	124527.0	124632.0
-970	124851.0	125606.0
-969	125118.0	124880.0
-968	124622.0	125134.0
-967	124839.0	125145.0
-966	124530.0	124996.0
-965	124541.0	125138.0
-964	125238.0	125239.0
-963	125640.0	125335.0
-962	125172.0	125362.0
-961	124796.0	125486.0
-960	124775.0	125498.0
-959	124909.0	124869.0
-958	125498.0	125160.0
-957	124967.0	124969.0
-956	124681.0	124543.0
-955	125267.0	124949.0
-954	125168.0	125460.0
-953	124574.0	125049.0
-952	124457.0	125627.0
-951	125514.0	124717.0
-950	125534.0	125392.0
-949	125190.0	126344.0
-948	125696.0	125267.0
-947	125261.0	124613.0
-946	125717.0	125153.0
-945	125660.0	124804.0
-944	125392.0	124268.0
-943	125113.0	124939.0
-942	126537.0	125011.0
-941	125453.0	125110.0
-940	125433.0	124673.0
-939	126088.0	125523.0
-938	125545.0	124950.0
-937	125740.0	124605.0
-936	125690.0	124354.0
-935	125722.0	124397.0
-934	125337.0	125187.0
-933	126026.0	124729.0
-932	125907.0	124770.0
-931	125143.0	125084.0
-930	125987.0	125250.0
-929	125938.0	125099.0
-928	126394.0	125158.0
-927	125311.0	124749.0
-926	125365.0	124856.0
-925	125937.0	124672.0
-924	125605.0	124316.0
-923	125642.0	124408.0
-922	126295.0	125364.0
-921	125926.0	124874.0
-920	125990.0	124539.0
-919	125806.0	124675.0
-918	126181.0	123664.0
-917	124940.0	123996.0
-916	125775.0	124492.0
-915	124827.0	124158.0
-914	126254.0	124395.0
-913	125449.0	124103.0
-912	125595.0	124753.0
-911	125451.0	124391.0
-910	125203.0	124235.0
-909	125688.0	124177.0
-908	125362.0	123965.0
-907	125298.0	124691.0
-906	125472.0	124060.0
-905	125549.0	123995.0
-904	125098.0	124173.0
-903	125515.0	124468.0
-902	125526.0	124403.0
-901	125437.0	124534.0
-900	125310.0	124142.0
-899	124942.0	123801.0
-898	124860.0	124535.0
-897	124746.0	124228.0
-896	125183.0	124097.0
-895	125274.0	123963.0
-894	125260.0	123781.0
-893	124607.0	124251.0
-892	125378.0	124176.0
-891	125615.0	123302.0
-890	125110.0	123742.0
-889	125189.0	123921.0
-888	125437.0	123898.0
-887	124968.0	123145.0
-886	124378.0	124318.0
-885	124581.0	123983.0
-884	124102.0	123215.0
-883	125127.0	123911.0
-882	124887.0	123991.0
-881	124810.0	123785.0
-880	124409.0	123366.0
-879	125224.0	124474.0
-878	124586.0	123587.0
-877	124552.0	123065.0
-876	124444.0	123605.0
-875	124297.0	123686.0
-874	125103.0	123590.0
-873	124490.0	123834.0
-872	123897.0	123388.0
-871	124456.0	123986.0
-870	124934.0	124123.0
-869	124744.0	123815.0
-868	124636.0	123393.0
-867	124634.0	123970.0
-866	124544.0	123534.0
-865	124206.0	123634.0
-864	124365.0	123605.0
-863	124117.0	123822.0
-862	123881.0	123636.0
-861	124623.0	124113.0
-860	123542.0	123349.0
-859	124105.0	124139.0
-858	124345.0	123496.0
-857	124192.0	123762.0
-856	123674.0	123607.0
-855	123351.0	124074.0
-854	123603.0	123596.0
-853	124267.0	124284.0
-852	124153.0	123754.0
-851	124051.0	123336.0
-850	123709.0	123689.0
-849	123697.0	123711.0
-848	123971.0	123168.0
-847	123802.0	123132.0
-846	123964.0	123474.0
-845	123434.0	123457.0
-844	124038.0	123883.0
-843	123890.0	124203.0
-842	124257.0	124063.0
-841	123396.0	124245.0
-840	123746.0	123529.0
-839	123553.0	123712.0
-838	123321.0	124657.0
-837	123994.0	124163.0
-836	124020.0	123754.0
-835	123922.0	124416.0
-834	123769.0	124762.0
-833	123845.0	123612.0
-832	123474.0	124017.0
-831	123357.0	124201.0
-830	123129.0	123988.0
-829	123741.0	124218.0
-828	123275.0	124471.0
-827	123464.0	123870.0
-826	123995.0	124142.0
-825	124028.0	124674.0
-824	123786.0	124190.0
-823	124012.0	124763.0
-822	123628.0	124559.0
-821	123309.0	124670.0
-820	123974.0	124597.0
-819	123536.0	124857.0
-818	123769.0	124561.0
-817	123679.0	125548.0
-816	123604.0	124728.0
-815	123250.0	124926.0
-814	123786.0	125233.0
-813	124216.0	125904.0
-812	123607.0	124040.0
-811	123687.0	125131.0
-810	124333.0	125300.0
-809	123928.0	124265.0
-808	123776.0	125019.0
-807	124573.0	125249.0
-806	124276.0	125663.0
-805	124776.0	125181.0
-804	124810.0	125665.0
-803	123822.0	124570.0
-802	123867.0	125828.0
-801	124042.0	126163.0
-800	124383.0	125030.0
-799	123655.0	125171.0
-798	124312.0	124934.0
-797	124463.0	124873.0
-796	124768.0	125655.0
-795	124445.0	125752.0
-794	124634.0	125016.0
-793	124805.0	125974.0
-792	124878.0	125801.0
-791	124506.0	125475.0
-790	125109.0	125983.0
-789	125296.0	125698.0
-788	124905.0	125075.0
-787	125604.0	125516.0
-786	125710.0	126191.0
-785	125637.0	125491.0
-784	125516.0	125675.0
-783	125440.0	125668.0
-782	125316.0	125025.0
-781	124919.0	125864.0
-780	124792.0	126078.0
-779	125182.0	125694.0
-778	124613.0	125436.0
-777	125529.0	126199.0
-776	125104.0	126248.0
-775	125496.0	126111.0
-774	125706.0	126301.0
-773	125541.0	126101.0
-772	125469.0	125917.0
-771	125685.0	125711.0
-770	125844.0	126007.0
-769	125570.0	126041.0
-768	125623.0	126171.0
-767	125810.0	125800.0
-766	125982.0	126052.0
-765	126530.0	125759.0
-764	126119.0	125766.0
-763	126475.0	125984.0
-762	126535.0	126204.0
-761	126195.0	126065.0
-760	126781.0	125462.0
-759	126430.0	125700.0
-758	126115.0	125657.0
-757	126309.0	125828.0
-756	126202.0	125803.0
-755	126476.0	125608.0
-754	126179.0	126433.0
-753	126503.0	125346.0
-752	126788.0	125644.0
-751	126827.0	125591.0
-750	127369.0	125306.0
-749	125800.0	125225.0
-748	126373.0	125753.0
-747	126813.0	125282.0
-746	127019.0	125041.0
-745	126405.0	125775.0
-744	126977.0	125665.0
-743	126674.0	125478.0
-742	126636.0	125480.0
-741	127485.0	125673.0
-740	127220.0	125597.0
-739	126354.0	125871.0
-738	126269.0	125315.0
-737	126004.0	125012.0
-736	126193.0	126041.0
-735	127295.0	125853.0
-734	126039.0	124897.0
-733	126556.0	125357.0
-732	126754.0	125396.0
-731	126530.0	124760.0
-730	126501.0	125205.0
-729	127179.0	125881.0
-728	126855.0	124993.0
-727	126993.0	125326.0
-726	127008.0	125030.0
-725	126646.0	124561.0
-724	126242.0	125167.0
-723	126311.0	125354.0
-722	126965.0	124701.0
-721	126327.0	124586.0
-720	126581.0	124652.0
-719	126189.0	123721.0
-718	126326.0	124234.0
-717	126786.0	124381.0
-716	126616.0	124688.0
-715	126794.0	124893.0
-714	126519.0	124947.0
-713	126449.0	124521.0
-712	126185.0	124444.0
-711	126655.0	123691.0
-710	126666.0	124071.0
-709	126577.0	123661.0
-708	126086.0	124109.0
-707	125785.0	124176.0
-706	126245.0	124206.0
-705	126682.0	123338.0
-704	126194.0	124244.0
-703	125649.0	124398.0
-702	126052.0	123861.0
-701	125121.0	123632.0
-700	126201.0	124319.0
-699	125475.0	123967.0
-698	125504.0	123574.0
-697	125261.0	124232.0
-696	125195.0	124317.0
-695	125690.0	123634.0
-694	125021.0	124275.0
-693	125433.0	123740.0
-692	125556.0	122922.0
-691	125071.0	123804.0
-690	125433.0	123709.0
-689	124820.0	123065.0
-688	124548.0	123767.0
-687	125675.0	122978.0
-686	124829.0	123208.0
-685	125056.0	123580.0
-684	125330.0	123727.0
-683	124542.0	123081.0
-682	124943.0	123574.0
-681	124334.0	123752.0
-680	123727.0	123286.0
-679	124397.0	122926.0
-678	124792.0	124017.0
-677	124783.0	124166.0
-676	124607.0	123637.0
-675	124335.0	123273.0
-674	124275.0	123123.0
-673	124500.0	123427.0
-672	124036.0	123687.0
-671	124317.0	123666.0
-670	123851.0	123788.0
-669	124172.0	123039.0
-668	124951.0	122986.0
-667	124074.0	123863.0
-666	123755.0	123681.0
-665	124186.0	123980.0
-664	124175.0	123660.0
-663	124480.0	123071.0
-662	123820.0	123514.0
-661	123676.0	124090.0
-660	123794.0	123028.0
-659	123013.0	123959.0
-658	123322.0	123855.0
-657	122944.0	124012.0
-656	123636.0	123151.0
-655	122987.0	124174.0
-654	124352.0	123804.0
-653	123681.0	122949.0
-652	123329.0	123573.0
-651	124256.0	124045.0
-650	123289.0	124046.0
-649	122960.0	124139.0
-648	123350.0	124258.0
-647	123079.0	124559.0
-646	122756.0	124536.0
-645	123373.0	123789.0
-644	123102.0	123954.0
-643	123282.0	123996.0
-642	124046.0	124739.0
-641	122972.0	123590.0
-640	123391.0	124779.0
-639	123362.0	124322.0
-638	123313.0	124224.0
-637	123371.0	124482.0
-636	123396.0	124775.0
-635	122844.0	123851.0
-634	122926.0	124596.0
-633	123736.0	124819.0
-632	123372.0	124535.0
-631	123518.0	125371.0
-630	124045.0	125264.0
-629	124018.0	124144.0
-628	123259.0	125449.0
-627	124131.0	125216.0
-626	123303.0	124965.0
-625	123796.0	125223.0
-624	124154.0	125274.0
-623	123124.0	125424.0
-622	124202.0	126010.0
-621	124164.0	125475.0
-620	124213.0	125522.0
-619	123247.0	125989.0
-618	123860.0	126666.0
-617	124281.0	125970.0
-616	123923.0	126034.0
-615	123766.0	125762.0
-614	124391.0	125441.0
-613	123888.0	126784.0
-612	124659.0	126678.0
-611	124145.0	125826.0
-610	124056.0	126472.0
-609	124722.0	126263.0
-608	124447.0	125861.0
-607	123931.0	126720.0
-606	125036.0	126632.0
-605	125066.0	126195.0
-604	124758.0	126048.0
-603	125088.0	126653.0
-602	125117.0	126498.0
-601	126045.0	126793.0
-600	125565.0	126709.0
-599	125080.0	126881.0
-598	125184.0	126979.0
-597	125711.0	127318.0
-596	125811.0	126751.0
-595	125902.0	126791.0
-594	125683.0	126940.0
-593	125597.0	125853.0
-592	125666.0	126848.0
-591	126512.0	127579.0
-590	125945.0	127161.0
-589	126460.0	127765.0
-588	126703.0	127499.0
-587	125681.0	127075.0
-586	126490.0	127669.0
-585	127282.0	127525.0
-584	126363.0	126465.0
-583	126496.0	127071.0
-582	127240.0	126610.0
-581	126210.0	127222.0
-580	126440.0	127311.0
-579	126986.0	127577.0
-578	127581.0	126706.0
-577	127082.0	127629.0
-576	127531.0	126726.0
-575	127045.0	127039.0
-574	127027.0	127339.0
-573	128287.0	127403.0
-572	127647.0	127093.0
-571	127560.0	127225.0
-570	127639.0	127536.0
-569	127374.0	126843.0
-568	127643.0	127418.0
-567	128672.0	126920.0
-566	128582.0	126544.0
-565	128585.0	127719.0
-564	128560.0	126666.0
-563	127927.0	126419.0
-562	127688.0	126940.0
-561	128787.0	126983.0
-560	128221.0	125859.0
-559	128315.0	126332.0
-558	128856.0	126971.0
-557	128176.0	126846.0
-556	127383.0	126661.0
-555	128650.0	126785.0
-554	128599.0	126035.0
-553	128554.0	126869.0
-552	129363.0	125798.0
-551	128808.0	125817.0
-550	128800.0	126291.0
-549	128524.0	126457.0
-548	127945.0	125978.0
-547	127972.0	125914.0
-546	129366.0	126292.0
-545	128137.0	125607.0
-544	129438.0	125435.0
-543	128963.0	125363.0
-542	128246.0	125471.0
-541	128385.0	125603.0
-540	128688.0	125566.0
-539	129088.0	125224.0
-538	128017.0	125660.0
-537	128963.0	125380.0
-536	128017.0	125230.0
-535	128073.0	125201.0
-534	127883.0	125509.0
-533	127467.0	124850.0
-532	127710.0	125284.0
-531	128317.0	125068.0
-530	127488.0	124345.0
-529	127647.0	125417.0
-528	128979.0	124922.0
-527	127422.0	124629.0
-526	127743.0	124743.0
-525	128078.0	125295.0
-524	127068.0	123933.0
-523	127347.0	124980.0
-522	127627.0	124370.0
-521	126907.0	123744.0
-520	126796.0	125032.0
-519	127229.0	124807.0
-518	127254.0	123832.0
-517	127316.0	124142.0
-516	127940.0	124273.0
-515	127260.0	123788.0
-514	126858.0	124018.0
-513	127268.0	124281.0
-512	126080.0	123904.0
-511	125537.0	124764.0
-510	126511.0	123871.0
-509	126483.0	123263.0
-508	126234.0	123951.0
-507	126311.0	123563.0
-506	126024.0	123106.0
-505	126062.0	123693.0
-504	126798.0	124018.0
-503	125411.0	123100.0
-502	125445.0	123662.0
-501	125622.0	123835.0
-500	125448.0	123231.0
-499	124795.0	123364.0
-498	125973.0	123060.0
-497	125285.0	122972.0
-496	125041.0	123593.0
-495	125819.0	123338.0
-494	125256.0	123038.0
-493	124995.0	123712.0
-492	125124.0	123489.0
-491	124318.0	123132.0
-490	125054.0	123350.0
-489	125449.0	123217.0
-488	124519.0	122802.0
-487	123793.0	123140.0
-486	124728.0	123211.0
-485	124397.0	122842.0
-484	123724.0	123525.0
-483	124646.0	123441.0
-482	124393.0	123019.0
-481	123698.0	123633.0
-480	124543.0	123174.0
-479	123774.0	121823.0
-478	123587.0	123547.0
-477	124944.0	123565.0
-476	124031.0	122990.0
-475	123471.0	122978.0
-474	124032.0	123327.0
-473	123513.0	123082.0
-472	122425.0	124229.0
-471	123671.0	123475.0
-470	122801.0	123330.0
-469	122940.0	123482.0
-468	123583.0	123546.0
-467	122897.0	122949.0
-466	122570.0	123798.0
-465	123104.0	123594.0
-464	123081.0	122966.0
-463	122650.0	123846.0
-462	124105.0	123915.0
-461	122814.0	123515.0
-460	122743.0	124029.0
-459	123505.0	123996.0
-458	122806.0	123946.0
-457	123050.0	124649.0
-456	123279.0	124039.0
-455	122533.0	123378.0
-454	122945.0	124253.0
-453	123273.0	124949.0
-452	123205.0	124724.0
-451	123172.0	125187.0
-450	123192.0	124397.0
-449	123016.0	124002.0
-448	122997.0	125366.0
-447	123375.0	124912.0
-446	123220.0	124654.0
-445	122958.0	125649.0
-444	123364.0	125085.0
-443	122916.0	125024.0
-442	122943.0	126104.0
-441	123488.0	125440.0
-440	122990.0	125324.0
-439	123104.0	126247.0
-438	123682.0	126291.0
-437	122614.0	126316.0
-436	123689.0	126538.0
-435	124467.0	126562.0
-434	123530.0	126460.0
-433	123431.0	126892.0
-432	124049.0	126913.0
-431	124043.0	126506.0
-430	123376.0	127548.0
-429	124460.0	127115.0
-428	124095.0	126986.0
-427	124278.0	127488.0
-426	125248.0	127719.0
-425	123982.0	127545.0
-424	124238.0	127978.0
-423	124674.0	127687.0
-422	124755.0	127264.0
-421	124616.0	127410.0
-420	125785.0	127775.0
-419	124944.0	127409.0
-418	124920.0	127986.0
-417	125186.0	128456.0
-416	125173.0	127883.0
-415	125108.0	128014.0
-414	125719.0	128578.0
-413	125322.0	128452.0
-412	125451.0	129305.0
-411	126206.0	128885.0
-410	126598.0	128254.0
-409	126084.0	128736.0
-408	127439.0	128841.0
-407	126972.0	128273.0
-406	126726.0	128385.0
-405	127946.0	128929.0
-404	126607.0	128692.0
-403	127294.0	129223.0
-402	127478.0	129674.0
-401	127060.0	128972.0
-400	127422.0	128885.0
-399	128503.0	129420.0
-398	128159.0	128931.0
-397	128374.0	129466.0
-396	128691.0	129376.0
-395	128173.0	129877.0
-394	128915.0	129822.0
-393	129277.0	129054.0
-392	128601.0	129507.0
-391	128807.0	129839.0
-390	129885.0	129417.0
-389	129232.0	129020.0
-388	129720.0	129801.0
-387	130286.0	129337.0
-386	129092.0	128299.0
-385	129373.0	129298.0
-384	129803.0	129384.0
-383	130002.0	128746.0
-382	129693.0	129284.0
-381	131082.0	128867.0
-380	130265.0	128330.0
-379	130032.0	128768.0
-378	130710.0	128374.0
-377	129881.0	128624.0
-376	130541.0	128713.0
-375	131170.0	128596.0
-374	130753.0	127795.0
-373	130801.0	129128.0
-372	131198.0	128588.0
-371	131175.0	128752.0
-370	131282.0	128681.0
-369	131399.0	127939.0
-368	130648.0	127543.0
-367	131428.0	128025.0
-366	131100.0	127233.0
-365	130935.0	126757.0
-364	130721.0	128197.0
-363	131971.0	127134.0
-362	130643.0	127068.0
-361	130756.0	127931.0
-360	131825.0	127458.0
-359	130927.0	127054.0
-358	131103.0	127590.0
-357	131192.0	127528.0
-356	131041.0	126327.0
-355	130928.0	127388.0
-354	131063.0	126759.0
-353	130571.0	125267.0
-352	131015.0	126733.0
-351	130873.0	126936.0
-350	129820.0	125967.0
-349	130503.0	126362.0
-348	131453.0	126365.0
-347	129777.0	125056.0
-346	129752.0	126628.0
-345	130544.0	125732.0
-344	130256.0	124912.0
-343	130174.0	125722.0
-342	130701.0	125730.0
-341	129889.0	125381.0
-340	129403.0	125430.0
-339	129447.0	124834.0
-338	129022.0	124461.0
-337	128801.0	125052.0
-336	128864.0	125402.0
-335	128644.0	123920.0
-334	129125.0	124958.0
-333	128878.0	124966.0
-332	128640.0	124070.0
-331	128277.0	124625.0
-330	128387.0	124059.0
-329	128012.0	123411.0
-328	128256.0	124198.0
-327	128333.0	124127.0
-326	127265.0	124076.0
-325	127362.0	124318.0
-324	127347.0	124017.0
-323	126839.0	123122.0
-322	126790.0	124334.0
-321	126915.0	123570.0
-320	126127.0	123199.0
-319	126405.0	123679.0
-318	126923.0	123485.0
-317	126250.0	122817.0
-316	126299.0	123418.0
-315	126426.0	123463.0
-314	125561.0	122939.0
-313	125364.0	124011.0
-312	125557.0	123356.0
-311	125081.0	122276.0
-310	124861.0	122622.0
-309	125867.0	122758.0
-308	124759.0	122801.0
-307	124852.0	122969.0
-306	125455.0	122802.0
-305	123827.0	122153.0
-304	124382.0	122666.0
-303	124806.0	122757.0
-302	123655.0	122639.0
-301	123760.0	123464.0
-300	124879.0	122568.0
-299	123279.0	122348.0
-298	123447.0	123085.0
-297	124200.0	123145.0
-296	123046.0	122166.0
-295	123340.0	122372.0
-294	124429.0	122833.0
-293	123739.0	122690.0
-292	122965.0	123018.0
-291	123859.0	122698.0
-290	123102.0	122716.0
-289	122750.0	123088.0
-288	123300.0	122474.0
-287	122812.0	122708.0
-286	122738.0	123591.0
-285	123606.0	123645.0
-284	122628.0	123265.0
-283	122018.0	123549.0
-282	122994.0	123333.0
-281	122143.0	123092.0
-280	122297.0	123035.0
-279	123024.0	123618.0
-278	122130.0	122925.0
-277	122264.0	123845.0
-276	123076.0	123340.0
-275	122364.0	123487.0
-274	122469.0	124461.0
-273	123190.0	123847.0
-272	122450.0	123097.0
-271	121762.0	123425.0
-270	122750.0	123756.0
-269	121869.0	123973.0
-268	122545.0	124886.0
-267	123129.0	124540.0
-266	122426.0	124444.0
-265	121908.0	125199.0
-264	123285.0	124724.0
-263	122236.0	124832.0
-262	122451.0	125807.0
-261	122366.0	125790.0
-260	122052.0	124495.0
-259	122205.0	126140.0
-258	122846.0	126392.0
-257	122266.0	125960.0
-256	122079.0	126661.0
-255	123225.0	126485.0
-254	122301.0	125825.0
-253	122728.0	127237.0
-252	123251.0	127028.0
-251	122586.0	126221.0
-250	122811.0	126712.0
-249	123479.0	127641.0
-248	123486.0	127169.0
-247	122843.0	127722.0
-246	123782.0	128434.0
-245	123523.0	127674.0
-244	124293.0	128533.0
-243	124247.0	128283.0
-242	124036.0	128422.0
-241	123589.0	129017.0
-240	125321.0	129303.0
-239	124588.0	128851.0
-238	123681.0	129437.0
-237	125583.0	129338.0
-236	124709.0	129584.0
-235	124883.0	130860.0
-234	125395.0	129901.0
-233	125552.0	129693.0
-232	125242.0	130369.0
-231	126193.0	130169.0
-230	125606.0	129156.0
-229	125961.0	130905.0
-228	127224.0	130818.0
-227	126432.0	130070.0
-226	126240.0	130874.0
-225	127517.0	131642.0
-224	127128.0	131013.0
-223	127238.0	131863.0
-222	128388.0	131490.0
-221	128017.0	131082.0
-220	127936.0	131937.0
-219	129094.0	132133.0
-218	127876.0	131117.0
-217	128683.0	132505.0
-216	130459.0	132434.0
-215	128643.0	132170.0
-214	129429.0	132710.0
-213	131054.0	132210.0
-212	130117.0	131908.0
-211	130438.0	132772.0
-210	130616.0	132850.0
-209	130396.0	132248.0
-208	130503.0	132523.0
-207	132640.0	132657.0
-206	132010.0	131689.0
-205	131729.0	132460.0
-204	132306.0	132508.0
-203	132261.0	132226.0
-202	132824.0	133247.0
-201	133945.0	132307.0
-200	133405.0	131857.0
-199	133030.0	132617.0
-198	134283.0	132788.0
-197	133792.0	131594.0
-196	134136.0	133133.0
-195	134588.0	132078.0
-194	134940.0	131327.0
-193	134401.0	132182.0
-192	136047.0	132353.0
-191	134320.0	130751.0
-190	135271.0	132425.0
-189	135696.0	131236.0
-188	134769.0	129928.0
-187	135208.0	132090.0
-186	136894.0	131059.0
-185	135472.0	130282.0
-184	135080.0	131686.0
-183	136470.0	130175.0
-182	135358.0	129459.0
-181	135194.0	130911.0
-180	136699.0	130743.0
-179	135046.0	129035.0
-178	135255.0	129369.0
-177	135879.0	128844.0
-176	135336.0	128713.0
-175	135384.0	129123.0
-174	136132.0	129061.0
-173	134759.0	127958.0
-172	133953.0	129169.0
-171	135932.0	128321.0
-170	134670.0	127277.0
-169	134149.0	128244.0
-168	135140.0	127986.0
-167	134399.0	126889.0
-166	134242.0	127526.0
-165	134598.0	127047.0
-164	133525.0	126629.0
-163	133583.0	127301.0
-162	134109.0	126104.0
-161	132631.0	125548.0
-160	132127.0	126087.0
-159	133561.0	127044.0
-158	131501.0	125197.0
-157	131370.0	126416.0
-156	131762.0	125302.0
-155	130803.0	124245.0
-154	130586.0	125478.0
-153	131500.0	125365.0
-152	129771.0	124280.0
-151	129287.0	125357.0
-150	130092.0	124362.0
-149	128363.0	123949.0
-148	127724.0	125057.0
-147	128846.0	124436.0
-146	127010.0	123647.0
-145	127373.0	124161.0
-144	128114.0	123520.0
-143	127637.0	122546.0
-142	126361.0	123792.0
-141	127175.0	124099.0
-140	124880.0	122324.0
-139	124417.0	123709.0
-138	124520.0	122498.0
-137	122861.0	122804.0
-136	123299.0	123705.0
-135	124034.0	123624.0
-134	124051.0	123050.0
-133	125171.0	123531.0
-132	126072.0	122731.0
-131	124812.0	121760.0
-130	124117.0	123045.0
-129	123937.0	123259.0
-128	122114.0	122155.0
-127	121570.0	122990.0
-126	122578.0	123122.0
-125	121992.0	122022.0
-124	122307.0	123039.0
-123	124581.0	122975.0
-122	123468.0	121554.0
-121	123668.0	123206.0
-120	124830.0	122519.0
-119	121230.0	121591.0
-118	121275.0	123092.0
-117	121407.0	122710.0
-116	120218.0	121988.0
-115	120640.0	124083.0
-114	123122.0	122757.0
-113	122067.0	122040.0
-112	123605.0	123354.0
-111	124338.0	122662.0
-110	122318.0	121433.0
-109	121888.0	123419.0
-108	122743.0	122832.0
-107	120706.0	122089.0
-106	119789.0	123903.0
-105	121683.0	123269.0
-104	121563.0	122461.0
-103	123130.0	123735.0
-102	124354.0	123120.0
-101	123732.0	121997.0
-100	123619.0	123432.0
-99	124205.0	123480.0
-98	121625.0	123082.0
-97	121447.0	124358.0
-96	122018.0	124275.0
-95	120885.0	123363.0
-94	121744.0	124499.0
-93	123490.0	123549.0
-92	122405.0	123395.0
-91	123714.0	123408.0
-90	125058.0	123816.0
-89	123418.0	123083.0
-88	122786.0	124255.0
-87	123591.0	124337.0
-86	121825.0	123340.0
-85	120353.0	124867.0
-84	122154.0	124797.0
-83	121383.0	123855.0
-82	122166.0	124835.0
-81	123525.0	125210.0
-80	122161.0	124233.0
-79	122372.0	126362.0
-78	124645.0	126450.0
-77	122752.0	125516.0
-76	123007.0	127187.0
-75	123978.0	126147.0
-74	123001.0	125614.0
-73	122583.0	127457.0
-72	124590.0	127386.0
-71	123659.0	126485.0
-70	124363.0	127022.0
-69	125517.0	127389.0
-68	123722.0	126592.0
-67	123265.0	128796.0
-66	125264.0	128998.0
-65	123704.0	127884.0
-64	123823.0	129806.0
-63	125629.0	129392.0
-62	124967.0	128309.0
-61	124741.0	130193.0
-60	126617.0	130096.0
-59	124514.0	128644.0
-58	123994.0	131147.0
-57	124525.0	131450.0
-56	123030.0	130570.0
-55	123809.0	132553.0
-54	126021.0	131969.0
-53	125545.0	131161.0
-52	126109.0	133266.0
-51	128499.0	133303.0
-50	126605.0	132251.0
-49	127047.0	134445.0
-48	128740.0	134021.0
-47	126699.0	133171.0
-46	126469.0	135372.0
-45	127864.0	135141.0
-44	126603.0	134644.0
-43	127233.0	136329.0
-42	130212.0	136397.0
-41	129998.0	135561.0
-40	131107.0	136973.0
-39	133436.0	137151.0
-38	131659.0	136450.0
-37	131339.0	138627.0
-36	132045.0	137740.0
-35	130511.0	137090.0
-34	130263.0	138233.0
-33	133481.0	138829.0
-32	133241.0	137478.0
-31	135302.0	138963.0
-30	137761.0	139382.0
-29	136285.0	137839.0
-28	135698.0	140558.0
-27	136901.0	140866.0
-26	134868.0	138552.0
-25	134193.0	141845.0
-24	136522.0	141877.0
-23	135104.0	140011.0
-22	135528.0	142022.0
-21	138896.0	143094.0
-20	138969.0	142005.0
-19	139794.0	144687.0
-18	141635.0	144905.0
-17	138918.0	143511.0
-16	137532.0	146723.0
-15	139293.0	146184.0
-14	137268.0	145225.0
-13	138540.0	148500.0
-12	143279.0	150129.0
-11	142161.0	146666.0
-10	142753.0	150326.0
-9	145018.0	153191.0
-8	143268.0	155356.0
-7	139493.0	162066.0
-6	137685.0	162784.0
-5	129304.0	161194.0
-4	128131.0	163126.0
-3	143240.0	169470.0
-2	163322.0	159573.0
-1	272318.0	147372.0
0	1999.0	92868.0
1	271797.0	29374.0
2	162372.0	61677.0
3	143555.0	86246.0
4	127101.0	117376.0
5	128957.0	134514.0
6	137180.0	128446.0
7	138372.0	117085.0
8	141812.0	116479.0
9	144743.0	114774.0
10	141892.0	114378.0
11	141400.0	116857.0
12	143459.0	119774.0
13	138092.0	119849.0
14	136904.0	123366.0
15	139030.0	124010.0
16	137274.0	122967.0
17	138137.0	123609.0
18	140773.0	123340.0
19	138771.0	121107.0
20	138337.0	123249.0
21	138899.0	124344.0
22	135704.0	125077.0
23	134495.0	129012.0
24	136672.0	129404.0
25	134784.0	128152.0
26	134900.0	129023.0
27	137471.0	126619.0
28	135386.0	123971.0
29	136217.0	125521.0
30	137835.0	124677.0
31	134355.0	122635.0
32	134119.0	126941.0
33	132962.0	127723.0
34	130613.0	127466.0
35	129764.0	130440.0
36	131238.0	130392.0
37	130398.0	128104.0
38	131340.0	128534.0
39	132863.0	125772.0
40	131076.0	124474.0
41	129869.0	125835.0
42	129969.0	126726.0
43	126805.0	127589.0
44	126307.0	131000.0
45	127891.0	131613.0
46	126083.0	130425.0
47	126993.0	131771.0
48	128646.0	129815.0
49	127171.0	127700.0
50	126650.0	127729.0
51	128142.0	127746.0
52	126006.0	126771.0
53	125509.0	129148.0
54	125031.0	128764.0
55	123552.0	129565.0
56	123323.0	131673.0
57	124563.0	131079.0
58	123630.0	129219.0
59	124495.0	129211.0
60	125475.0	127320.0
61	124212.0	125606.0
62	123471.0	127481.0
63	125865.0	126925.0
64	123849.0	126079.0
65	123692.0	127173.0
66	124680.0	126570.0
67	123317.0	125389.0
68	123223.0	125768.0
69	125061.0	125072.0
70	123861.0	124215.0
71	124172.0	124632.0
72	124496.0	124756.0
73	122570.0	124199.0
74	122675.0	125898.0
75	124200.0	125539.0
76	122246.0	123589.0
77	122660.0	124958.0
78	122927.0	124020.0
79	122476.0	123730.0
80	121727.0	125476.0
81	123748.0	125074.0
82	121431.0	124793.0
83	121614.0	127461.0
84	122125.0	126656.0
85	121180.0	126496.0
86	121414.0	126848.0
87	123118.0	125727.0
88	122887.0	122365.0
89	123458.0	122329.0
90	124821.0	121824.0
91	122445.0	121253.0
92	122577.0	124294.0
93	123838.0	125068.0
94	121488.0	125567.0
95	121763.0	127758.0
96	122652.0	126918.0
97	121204.0	125468.0
98	121873.0	125795.0
99	124722.0	124002.0
100	122519.0	122179.0
101	123580.0	122859.0
102	123931.0	123422.0
103	121996.0	123726.0
104	121655.0	126053.0
105	121238.0	127300.0
106	120724.0	127592.0
107	121048.0	128759.0
108	123001.0	128392.0
109	122622.0	125732.0
110	122916.0	125562.0
111	123827.0	125111.0
112	122445.0	125096.0
113	121804.0	127584.0
114	122457.0	128635.0
115	120888.0	129438.0
116	120582.0	132600.0
117	121277.0	133138.0
118	121701.0	131665.0
119	122460.0	132390.0
120	124118.0	131667.0
121	123572.0	129893.0
122	123763.0	131075.0
123	124173.0	131069.0
124	122310.0	132112.0
125	121309.0	135488.0
126	122839.0	136881.0
127	121147.0	137515.0
128	122703.0	139311.0
129	124150.0	138310.0
130	124128.0	135500.0
131	123601.0	135792.0
132	125499.0	135523.0
133	124978.0	135606.0
134	123371.0	137812.0
135	124551.0	139706.0
136	123091.0	140934.0
137	122879.0	144336.0
138	124513.0	144480.0
139	124325.0	143572.0
140	125143.0	144667.0
141	127422.0	142992.0
142	126352.0	142543.0
143	127620.0	144374.0
144	128386.0	145002.0
145	126548.0	145382.0
146	126734.0	147874.0
147	129084.0	148013.0
148	127600.0	147871.0
149	128643.0	148627.0
150	129453.0	147681.0
151	129155.0	146175.0
152	129800.0	147392.0
153	130862.0	147809.0
154	129983.0	146640.0
155	129809.0	148520.0
156	131290.0	147718.0
157	130369.0	146377.0
158	131434.0	147773.0
159	132611.0	146910.0
160	131497.0	145139.0
161	131820.0	144941.0
162	133275.0	145239.0
163	132800.0	143852.0
164	133137.0	144102.0
165	134193.0	144090.0
166	133800.0	142877.0
167	134422.0	144213.0
168	134970.0	143117.0
169	134331.0	141483.0
170	134707.0	142469.0
171	135722.0	141201.0
172	134583.0	139419.0
173	134634.0	140332.0
174	136103.0	139478.0
175	135310.0	139340.0
176	134633.0	139687.0
177	136059.0	139148.0
178	134843.0	137635.0
179	135223.0	137857.0
180	136092.0	137061.0
181	134914.0	135798.0
182	135627.0	136578.0
183	136208.0	135857.0
184	134580.0	134575.0
185	134675.0	135948.0
186	135946.0	134704.0
187	135005.0	134433.0
188	134792.0	134167.0
189	136306.0	132944.0
190	135077.0	131225.0
191	134096.0	131853.0
192	135462.0	131051.0
193	134098.0	130249.0
194	134125.0	131201.0
195	135256.0	130615.0
196	133973.0	129832.0
197	133488.0	129999.0
198	134611.0	130304.0
199	133009.0	128648.0
200	133606.0	129172.0
201	133295.0	128086.0
202	132529.0	126713.0
203	132093.0	127626.0
204	133115.0	126804.0
205	131811.0	126692.0
206	131917.0	127102.0
207	131446.0	127563.0
208	130484.0	125715.0
209	131041.0	125913.0
210	130867.0	125293.0
211	129849.0	124482.0
212	130109.0	125879.0
213	130488.0	124789.0
214	128999.0	124861.0
215	129504.0	125139.0
216	129113.0	124725.0
217	128162.0	124668.0
218	128101.0	125179.0
219	128895.0	124326.0
220	127736.0	123981.0
221	127457.0	124170.0
222	128392.0	124144.0
223	127274.0	122745.0
224	126989.0	123448.0
225	127250.0	123580.0
226	125910.0	122774.0
227	126167.0	122834.0
228	126491.0	123600.0
229	125971.0	122506.0
230	125420.0	123210.0
231	126544.0	122472.0
232	125475.0	122485.0
233	125102.0	122998.0
234	125891.0	123341.0
235	124719.0	121864.0
236	124669.0	122298.0
237	124745.0	122248.0
238	123767.0	122389.0
239	124167.0	123017.0
240	124429.0	122416.0
241	123387.0	121576.0
242	122985.0	122237.0
243	123890.0	122238.0
244	123157.0	122184.0
245	122883.0	122566.0
246	123858.0	123589.0
247	122717.0	122395.0
248	122701.0	122892.0
249	122949.0	122632.0
250	123079.0	121760.0
251	122263.0	123039.0
252	123829.0	122766.0
253	122601.0	121925.0
254	122276.0	122377.0
255	123055.0	122539.0
256	122111.0	122164.0
257	122318.0	122875.0
258	122922.0	122880.0
259	121513.0	122152.0
260	121958.0	123133.0
261	122258.0	122828.0
262	121960.0	122257.0
263	122303.0	123337.0
264	122492.0	123543.0
265	122198.0	122402.0
266	122354.0	123874.0
267	121737.0	123655.0
268	121876.0	123153.0
269	121744.0	123644.0
270	122458.0	123880.0
271	121890.0	123438.0
272	122406.0	123691.0
273	122192.0	123929.0
274	122220.0	123188.0
275	122690.0	124361.0
276	123016.0	124055.0
277	122261.0	124013.0
278	121915.0	124902.0
279	123652.0	124959.0
280	121665.0	124184.0
281	121257.0	125477.0
282	122762.0	125409.0
283	122462.0	125006.0
284	121793.0	125673.0
285	122513.0	125385.0
286	122301.0	125278.0
287	123063.0	126035.0
288	123234.0	126553.0
289	122387.0	126127.0
290	122236.0	127101.0
291	122730.0	126939.0
292	122665.0	126137.0
293	122720.0	127189.0
294	124026.0	127593.0
295	123154.0	127263.0
296	122806.0	127889.0
297	124308.0	127527.0
298	123097.0	127703.0
299	123900.0	128653.0
300	124052.0	128213.0
301	123505.0	128092.0
302	123440.0	128894.0
303	123994.0	129178.0
304	123513.0	128993.0
305	124370.0	129714.0
306	124928.0	129565.0
307	124411.0	129835.0
308	124766.0	130451.0
309	124919.0	131188.0
310	124677.0	130308.0
311	125495.0	132133.0
312	126242.0	131652.0
313	125296.0	130514.0
314	125716.0	131749.0
315	126508.0	131002.0
316	125306.0	131607.0
317	125581.0	132646.0
318	126439.0	132056.0
319	125916.0	132490.0
320	125486.0	132778.0
321	126259.0	133083.0
322	125950.0	132318.0
323	126980.0	133404.0
324	127248.0	132926.0
325	126852.0	132411.0
326	126890.0	133465.0
327	127840.0	133729.0
328	127401.0	133080.0
329	128046.0	133736.0
330	127984.0	134108.0
331	128366.0	133689.0
332	128528.0	133998.0
333	128612.0	133426.0
334	128526.0	133220.0
335	128832.0	134156.0
336	129263.0	133909.0
337	128545.0	133786.0
338	129093.0	134604.0
339	129850.0	133892.0
340	129613.0	132792.0
341	129641.0	134212.0
342	129849.0	133874.0
343	129394.0	132647.0
344	129508.0	133930.0
345	130776.0	133409.0
346	129381.0	132817.0
347	130353.0	133724.0
348	130159.0	133371.0
349	130143.0	132224.0
350	130200.0	132849.0
351	130525.0	132942.0
352	129952.0	132168.0
353	129967.0	132459.0
354	131123.0	132329.0
355	130575.0	132057.0
356	130625.0	132588.0
357	131518.0	132529.0
358	130493.0	131696.0
359	130299.0	131101.0
360	130959.0	131323.0
361	131179.0	130751.0
362	130447.0	130856.0
363	131479.0	130728.0
364	130725.0	129994.0
365	130592.0	130380.0
366	130669.0	129717.0
367	130487.0	129063.0
368	130560.0	129951.0
369	131315.0	129609.0
370	130706.0	129263.0
371	130866.0	129087.0
372	130762.0	129447.0
373	130627.0	127435.0
374	130029.0	128291.0
375	131371.0	128150.0
376	129777.0	126908.0
377	130353.0	126875.0
378	131149.0	126771.0
379	129432.0	126446.0
380	129722.0	127478.0
381	130640.0	127397.0
382	129847.0	125278.0
383	129480.0	126520.0
384	129860.0	126132.0
385	129511.0	125322.0
386	129040.0	126073.0
387	130147.0	126012.0
388	128959.0	124970.0
389	129027.0	125023.0
390	129205.0	125114.0
391	128309.0	124250.0
392	128555.0	124518.0
393	128766.0	124433.0
394	128411.0	123673.0
395	128095.0	124291.0
396	128382.0	123948.0
397	127375.0	123571.0
398	127995.0	124058.0
399	127895.0	123737.0
400	127626.0	123227.0
401	126802.0	123679.0
402	127006.0	123355.0
403	126722.0	122923.0
404	126496.0	123323.0
405	127031.0	123318.0
406	125820.0	122328.0
407	126252.0	122734.0
408	126643.0	122946.0
409	125762.0	122261.0
410	125766.0	122885.0
411	126153.0	122594.0
412	124542.0	122483.0
413	125407.0	123009.0
414	125382.0	122474.0
415	125706.0	122815.0
416	124567.0	122488.0
417	125432.0	122780.0
418	124653.0	122097.0
419	124589.0	122913.0
420	125025.0	121812.0
421	124712.0	121450.0
422	124446.0	122139.0
423	124440.0	123005.0
424	123959.0	122027.0
425	123926.0	122644.0
426	124407.0	122867.0
427	124112.0	121464.0
428	123838.0	122551.0
429	124405.0	122759.0
430	123767.0	122289.0
431	123435.0	123434.0
432	124177.0	122254.0
433	123823.0	122251.0
434	123342.0	122758.0
435	123485.0	122788.0
436	122992.0	121886.0
437	123060.0	122730.0
438	123060.0	122831.0
439	123907.0	121940.0
440	123175.0	122872.0
441	123494.0	122876.0
442	122826.0	122193.0
443	122909.0	123454.0
444	123224.0	123092.0
445	122395.0	122611.0
446	122814.0	122744.0
447	123171.0	123119.0
448	122430.0	122769.0
449	122854.0	124192.0
450	122770.0	123847.0
451	123011.0	123560.0
452	122654.0	124454.0
453	123221.0	123637.0
454	122305.0	123256.0
455	121945.0	124893.0
456	122635.0	124076.0
457	122778.0	123649.0
458	122360.0	124680.0
459	122897.0	124194.0
460	122934.0	123957.0
461	122641.0	124848.0
462	122944.0	124861.0
463	122505.0	124561.0
464	122650.0	125273.0
465	122859.0	125221.0
466	122413.0	125287.0
467	123145.0	125417.0
468	122947.0	125627.0
469	123089.0	125497.0
470	122978.0	125947.0
471	123259.0	125749.0
472	123639.0	125651.0
473	123900.0	125979.0
474	124259.0	126139.0
475	123345.0	125666.0
476	123438.0	126490.0
477	123584.0	126748.0
478	123955.0	126289.0
479	124003.0	127061.0
480	123322.0	126943.0
481	123437.0	126802.0
482	123437.0	127381.0
483	123840.0	127083.0
484	123801.0	126775.0
485	123524.0	128257.0
486	124260.0	128239.0
487	123858.0	127721.0
488	124451.0	128163.0
489	125025.0	127508.0
490	124149.0	127978.0
491	124326.0	128897.0
492	125336.0	128533.0
493	124866.0	128462.0
494	124954.0	128416.0
495	125019.0	128694.0
496	125462.0	128407.0
497	125216.0	129053.0
498	126142.0	128933.0
499	125045.0	128087.0
500	125536.0	129474.0
501	125766.0	128973.0
502	125650.0	128652.0
503	125771.0	128912.0
504	126199.0	129464.0
505	125787.0	128695.0
506	126118.0	129672.0
507	125765.0	129580.0
508	126303.0	129340.0
509	125854.0	130196.0
510	126805.0	129877.0
511	126370.0	129077.0
512	126577.0	129458.0
513	127306.0	130152.0
514	126080.0	129304.0
515	127098.0	130118.0
516	127038.0	130329.0
517	126515.0	129078.0
518	126863.0	129775.0
519	127918.0	129512.0
520	127107.0	129402.0
521	126992.0	130505.0
522	127658.0	129783.0
523	127199.0	129049.0
524	127483.0	129683.0
525	127432.0	129587.0
526	127279.0	128891.0
527	127099.0	129720.0
528	128092.0	129998.0
529	127442.0	129061.0
530	128206.0	130185.0
531	128028.0	130036.0
532	127820.0	129621.0
533	127809.0	129145.0
534	128794.0	128964.0
535	127793.0	129051.0
536	127948.0	129092.0
537	128117.0	129424.0
538	128337.0	128845.0
539	128233.0	129161.0
540	128615.0	129038.0
541	128091.0	128337.0
542	128401.0	129219.0
543	128433.0	128738.0
544	128029.0	128121.0
545	128056.0	128798.0
546	128398.0	128881.0
547	128471.0	127497.0
548	128302.0	127638.0
549	128323.0	127726.0
550	128304.0	127720.0
551	127416.0	127746.0
552	128651.0	127781.0
553	127664.0	127644.0
554	127960.0	127840.0
555	128439.0	127435.0
556	127915.0	127020.0
557	128238.0	127136.0
558	128378.0	126720.0
559	127298.0	127150.0
560	127801.0	126944.0
561	128324.0	126820.0
562	127668.0	126347.0
563	127888.0	126375.0
564	128164.0	126554.0
565	127437.0	125860.0
566	127650.0	126208.0
567	128055.0	125718.0
568	127916.0	125524.0
569	127578.0	126359.0
570	128060.0	125518.0
571	127821.0	125257.0
572	127049.0	125126.0
573	127600.0	125065.0
574	127496.0	125252.0
575	127283.0	125346.0
576	127898.0	124573.0
577	126973.0	124260.0
578	127060.0	124677.0
579	126979.0	124993.0
580	126671.0	124254.0
581	127111.0	124704.0
582	126773.0	124606.0
583	126198.0	124129.0
584	126059.0	124503.0
585	126546.0	124196.0
586	125541.0	123459.0
587	125613.0	124038.0
588	125872.0	123121.0
589	125462.0	123428.0
590	126431.0	123440.0
591	126359.0	124227.0
592	125945.0	123510.0
593	125675.0	123237.0
594	125288.0	123902.0
595	125778.0	123871.0
596	124837.0	123640.0
597	125650.0	123538.0
598	124755.0	122087.0
599	124498.0	123597.0
600	125588.0	123233.0
601	124500.0	122684.0
602	125154.0	123936.0
603	125158.0	123797.0
604	124234.0	123495.0
605	124472.0	124167.0
606	124626.0	123136.0
607	124381.0	122694.0
608	124876.0	123491.0
609	124850.0	123780.0
610	124359.0	122499.0
611	124212.0	123487.0
612	124047.0	123444.0
613	123821.0	123206.0
614	123723.0	123398.0
615	124495.0	123070.0
616	123193.0	123065.0
617	123742.0	123316.0
618	124539.0	123325.0
619	123740.0	123616.0
620	123991.0	123723.0
621	123719.0	123561.0
622	124082.0	123057.0
623	123688.0	123525.0
624	123890.0	123567.0
625	123150.0	123138.0
626	123672.0	123202.0
627	123364.0	123211.0
628	123480.0	122947.0
629	123207.0	123861.0
630	123394.0	124362.0
631	122957.0	123584.0
632	123372.0	123754.0
633	123628.0	123461.0
634	122388.0	123525.0
635	123545.0	124164.0
636	123865.0	123904.0
637	122825.0	123489.0
638	123217.0	123548.0
639	123593.0	123623.0
640	123565.0	123832.0
641	123120.0	124219.0
642	123586.0	123846.0
643	123686.0	124347.0
644	123249.0	124138.0
645	124075.0	124290.0
646	123243.0	124571.0
647	122904.0	125032.0
648	123587.0	124217.0
649	122496.0	124512.0
650	122803.0	124999.0
651	123598.0	125321.0
652	123505.0	124050.0
653	123768.0	125384.0
654	123978.0	125219.0
655	123522.0	124294.0
656	123019.0	125329.0
657	124087.0	125236.0
658	123617.0	124678.0
659	123182.0	125014.0
660	122964.0	125895.0
661	123084.0	125673.0
662	123871.0	125927.0
663	123988.0	125220.0
664	123031.0	125201.0
665	124060.0	126143.0
666	124011.0	126343.0
667	123813.0	125580.0
668	123769.0	126483.0
669	123800.0	126042.0
670	123566.0	126132.0
671	124034.0	126447.0
672	124411.0	125634.0
673	124095.0	126357.0
674	124208.0	126803.0
675	124346.0	126977.0
676	123843.0	126729.0
677	124212.0	127171.0
678	124464.0	126794.0
679	124609.0	126347.0
680	124306.0	126384.0
681	124390.0	127197.0
682	124900.0	126692.0
683	124230.0	126871.0
684	124070.0	126959.0
685	124313.0	126901.0
686	123987.0	126909.0
687	124429.0	127055.0
688	124414.0	126751.0
689	124245.0	127669.0
690	124959.0	127325.0
691	125071.0	126915.0
692	125620.0	127156.0
693	125280.0	127282.0
694	125325.0	127224.0
695	125234.0	127598.0
696	125355.0	127133.0
697	124767.0	127480.0
698	125040.0	128325.0
699	125546.0	127956.0
700	125058.0	127479.0
701	125740.0	127435.0
702	125394.0	127721.0
703	125323.0	127292.0
704	124842.0	127835.0
705	125687.0	127817.0
706	125614.0	127332.0
707	125618.0	127936.0
708	125877.0	128211.0
709	126066.0	127030.0
710	125599.0	127591.0
711	126584.0	127683.0
712	125786.0	127284.0
713	126429.0	127306.0
714	126445.0	128199.0
715	125925.0	127589.0
716	126088.0	128062.0
717	126124.0	127143.0
718	125981.0	126560.0
719	125751.0	127125.0
720	126043.0	127325.0
721	126410.0	126851.0
722	126376.0	127143.0
723	126940.0	126906.0
724	126214.0	127105.0
725	125836.0	127542.0
726	126819.0	127118.0
727	126265.0	126795.0
728	126093.0	126998.0
729	126231.0	126899.0
730	126377.0	127251.0
731	126492.0	126863.0
732	126560.0	126821.0
733	126478.0	126248.0
734	126104.0	127808.0
735	127119.0	126432.0
736	126623.0	126423.0
737	126472.0	127022.0
738	126240.0	126882.0
739	126135.0	126394.0
740	126693.0	126163.0
741	126239.0	125947.0
742	126554.0	125674.0
743	126634.0	125807.0
744	126058.0	126142.0
745	126882.0	125515.0
746	126800.0	126352.0
747	126481.0	125658.0
748	126031.0	125369.0
749	126326.0	125821.0
750	126336.0	125533.0
751	125795.0	124845.0
752	126777.0	124932.0
753	125480.0	125360.0
754	126551.0	125427.0
755	126423.0	126022.0
756	126355.0	125475.0
757	126249.0	124575.0
758	125866.0	125422.0
759	126424.0	124969.0
760	126658.0	124684.0
761	126069.0	124759.0
762	126703.0	124483.0
763	125901.0	124236.0
764	126055.0	124125.0
765	125994.0	124245.0
766	125879.0	124133.0
767	125920.0	124987.0
768	125560.0	124175.0
769	125503.0	124006.0
770	126006.0	124324.0
771	124570.0	124150.0
772	125452.0	124482.0
773	125322.0	124386.0
774	126371.0	124417.0
775	125397.0	123728.0
776	126059.0	123684.0
777	125577.0	123823.0
778	124874.0	123975.0
779	124684.0	124566.0
780	125231.0	124128.0
781	124778.0	123710.0
782	124867.0	123921.0
783	124993.0	123903.0
784	125079.0	124218.0
785	124966.0	124095.0
786	125103.0	123706.0
787	124482.0	123934.0
788	123584.0	123592.0
789	124416.0	124335.0
790	124609.0	122923.0
791	124242.0	124041.0
792	125169.0	124007.0
793	124566.0	123303.0
794	124056.0	123981.0
795	124370.0	123278.0
796	124190.0	123140.0
797	124358.0	123182.0
798	124053.0	123373.0
799	124252.0	123432.0
800	124473.0	123683.0
801	124164.0	123681.0
802	123913.0	123295.0
803	124510.0	124144.0
804	124033.0	124099.0
805	124381.0	123117.0
806	124107.0	123277.0
807	123375.0	123332.0
808	123383.0	123411.0
809	123872.0	123338.0
810	123910.0	123793.0
811	123145.0	123398.0
812	122997.0	123995.0
813	123572.0	123425.0
814	124125.0	124026.0
815	123514.0	123928.0
816	124718.0	123619.0
817	123305.0	123383.0
818	123346.0	124021.0
819	123452.0	123421.0
820	123971.0	123520.0
821	122937.0	123504.0
822	123755.0	124285.0
823	123458.0	124163.0
824	123772.0	124022.0
825	123115.0	123772.0
826	123376.0	124179.0
827	123552.0	123520.0
828	123938.0	124013.0
829	124203.0	123742.0
830	123412.0	124238.0
831	124400.0	124154.0
832	123697.0	123940.0
833	123371.0	124089.0
834	123371.0	124213.0
835	123008.0	124419.0
836	123262.0	124360.0
837	123904.0	125058.0
838	123261.0	124256.0
839	123209.0	124325.0
840	123162.0	124313.0
841	123325.0	124405.0
842	123287.0	124621.0
843	123575.0	124831.0
844	124022.0	124620.0
845	123155.0	124421.0
846	123815.0	125195.0
847	123616.0	125643.0
848	123373.0	125454.0
849	124060.0	125849.0
850	124147.0	125221.0
851	124101.0	124832.0
852	124164.0	125095.0
853	123274.0	124805.0
854	123651.0	124835.0
855	123286.0	124800.0
856	124314.0	125585.0
857	123716.0	125595.0
858	123310.0	125295.0
859	124060.0	125402.0
860	124018.0	125151.0
861	124387.0	125237.0
862	123742.0	125147.0
863	123728.0	125924.0
864	123702.0	125209.0
865	123506.0	125167.0
866	123422.0	125988.0
867	124022.0	126019.0
868	123925.0	125716.0
869	124533.0	125122.0
870	124167.0	126003.0
871	124133.0	125810.0
872	124397.0	125957.0
873	124656.0	126060.0
874	124772.0	126610.0
875	124259.0	125697.0
876	124071.0	125585.0
877	125016.0	125335.0
878	125430.0	126104.0
879	124024.0	126026.0
880	124389.0	125531.0
881	124329.0	126328.0
882	124363.0	125824.0
883	124579.0	126002.0
884	124143.0	126333.0
885	124846.0	125628.0
886	124339.0	125324.0
887	124479.0	126534.0
888	124657.0	126001.0
889	124347.0	126545.0
890	124394.0	126312.0
891	125459.0	126521.0
892	124715.0	126379.0
893	124439.0	126428.0
894	125251.0	126519.0
895	125007.0	125814.0
896	125115.0	125884.0
897	125460.0	125888.0
898	124886.0	125718.0
899	124489.0	126652.0
900	125807.0	126281.0
901	125113.0	126312.0
902	124930.0	125740.0
903	125573.0	125901.0
904	124994.0	125560.0
905	124368.0	126727.0
906	125707.0	126489.0
907	125588.0	125562.0
908	125190.0	126402.0
909	124819.0	125946.0
910	125113.0	125880.0
911	125440.0	125729.0
912	125423.0	126062.0
913	125543.0	126256.0
914	125175.0	125917.0
915	125615.0	126428.0
916	125367.0	126082.0
917	125417.0	125673.0
918	125260.0	125665.0
919	124790.0	124926.0
920	125162.0	125767.0
921	125809.0	125877.0
922	125567.0	125489.0
923	125532.0	126154.0
924	125353.0	125236.0
925	125640.0	125412.0
926	125137.0	125485.0
927	125416.0	125823.0
928	125359.0	125501.0
929	125143.0	125684.0
930	125231.0	125979.0
931	125677.0	125447.0
932	125743.0	126092.0
933	125716.0	125528.0
934	125722.0	125297.0
935	125597.0	125217.0
936	125496.0	125024.0
937	125661.0	124826.0
938	125650.0	125380.0
939	125585.0	125001.0
940	125295.0	125247.0
941	125683.0	125114.0
942	125161.0	124362.0
943	125374.0	124401.0
944	125422.0	124974.0
945	125351.0	124753.0
946	125411.0	124891.0
947	125170.0	125224.0
948	125097.0	124147.0
949	125310.0	124429.0
950	124252.0	124158.0
951	125481.0	125017.0
952	124667.0	123663.0
953	124796.0	124643.0
954	125017.0	124816.0
955	124908.0	123922.0
956	125276.0	124658.0
957	125008.0	123839.0
958	124977.0	124383.0
959	125229.0	124759.0
960	125528.0	124123.0
961	124880.0	124197.0
962	125026.0	123976.0
963	124640.0	124262.0
964	124754.0	123866.0
965	124789.0	124143.0
966	124094.0	124307.0
967	123946.0	123883.0
968	124222.0	124103.0
969	124408.0	123634.0
970	124576.0	123508.0
971	124634.0	123838.0
972	124261.0	123499.0
973	124184.0	123809.0
974	124403.0	123729.0
975	124523.0	123503.0
976	124175.0	123642.0
977	124275.0	123764.0
978	124401.0	124330.0
979	123881.0	123662.0
980	123741.0	124128.0
981	124736.0	123258.0
982	124259.0	122998.0
983	123967.0	123863.0
984	124122.0	123550.0
985	124066.0	122787.0
986	124297.0	124036.0
987	123959.0	123667.0
988	123921.0	123196.0
989	124172.0	123839.0
990	124086.0	123601.0
991	123877.0	123895.0
992	123859.0	123731.0
993	123706.0	123355.0
994	123750.0	123298.0
995	123360.0	123565.0
996	123485.0	123283.0
997	123931.0	123523.0
998	123802.0	124170.0
999	123524.0	123669.0
1000	123602.0	123831.0
1001	122999.0	123958.0
1002	123868.0	123350.0
1003	123216.0	123560.0
1004	123886.0	123068.0
1005	123662.0	124088.0
1006	123737.0	123218.0
1007	123455.0	123655.0
1008	123653.0	123975.0
1009	123048.0	123520.0
1010	123559.0	123283.0
1011	122985.0	123516.0
1012	123932.0	123848.0
1013	123364.0	123972.0
1014	123759.0	124031.0
1015	123521.0	123575.0
1016	123212.0	124154.0
1017	123304.0	124043.0
1018	123353.0	123905.0
1019	122507.0	123472.0
1020	123234.0	124101.0
1021	123366.0	123864.0
1022	123443.0	123760.0
1023	123704.0	124336.0
1024	123832.0	123961.0
1025	122816.0	123950.0
1026	123817.0	124814.0
1027	123536.0	123782.0
1028	123151.0	124190.0
1029	123069.0	124704.0
1030	123273.0	123743.0
1031	122555.0	124314.0
1032	123182.0	124110.0
1033	123439.0	124091.0
1034	123076.0	124476.0
1035	123217.0	123783.0
1036	122570.0	123634.0
1037	123154.0	124662.0
1038	123653.0	124445.0
1039	124079.0	124758.0
1040	123417.0	124860.0
1041	124333.0	124104.0
1042	123820.0	123884.0
1043	123262.0	123455.0
1044	123980.0	124335.0
1045	123905.0	124643.0
1046	123627.0	124657.0
1047	122900.0	124474.0
1048	123533.0	124503.0
1049	123389.0	124804.0
1050	123382.0	125212.0
1051	123489.0	124400.0
1052	123450.0	124820.0
1053	123834.0	125071.0
1054	123351.0	125009.0
1055	124106.0	125354.0
1056	123673.0	124763.0
1057	123827.0	124500.0
1058	123150.0	125116.0
1059	124145.0	124056.0
1060	124524.0	125309.0
1061	124026.0	125060.0
1062	123938.0	125502.0
1063	124046.0	125152.0
1064	124120.0	125175.0
1065	124381.0	124726.0
1066	123746.0	125266.0
1067	124080.0	124601.0
1068	124083.0	124798.0
1069	124031.0	124594.0
1070	124030.0	125201.0
1071	123846.0	125478.0
1072	124139.0	124940.0
1073	124052.0	125088.0
1074	123718.0	124906.0
1075	124096.0	125351.0
1076	124550.0	125245.0
1077	124326.0	125627.0
1078	124450.0	124872.0
1079	124309.0	125362.0
1080	124472.0	124917.0
1081	124329.0	125341.0
1082	123811.0	125450.0
1083	124508.0	125760.0
1084	125165.0	125180.0
1085	124193.0	125707.0
1086	124543.0	125375.0
1087	124987.0	125605.0
1088	124801.0	125351.0
1089	125486.0	126032.0
1090	124172.0	125251.0
1091	124581.0	124579.0
1092	124877.0	125459.0
1093	124001.0	124718.0
1094	124798.0	125467.0
1095	124840.0	125721.0
1096	124818.0	125341.0
1097	124080.0	125093.0
1098	124940.0	125472.0
1099	124343.0	125309.0
1100	124572.0	124985.0
1101	124956.0	125351.0
1102	124877.0	124766.0
1103	124896.0	125175.0
1104	124415.0	125346.0
1105	125008.0	124881.0
1106	124908.0	125135.0
1107	124668.0	125642.0
1108	123813.0	124381.0
1109	124457.0	124275.0
1110	124804.0	125310.0
1111	125105.0	124844.0
1112	125174.0	124923.0
1113	124465.0	124899.0
1114	124913.0	124615.0
1115	125039.0	125509.0
1116	124726.0	124687.0
1117	124312.0	125044.0
1118	124378.0	124414.0
1119	124715.0	124729.0
1120	124701.0	124855.0
1121	124699.0	124712.0
1122	125127.0	124827.0
1123	125231.0	124658.0
1124	124954.0	125097.0
1125	124914.0	123948.0
1126	124462.0	124799.0
1127	124876.0	124450.0
1128	124533.0	124727.0
1129	124514.0	124267.0
1130	124620.0	124018.0
1131	124836.0	124263.0
1132	123883.0	123897.0
1133	124534.0	124208.0
1134	124381.0	124055.0
1135	124149.0	124175.0
1136	124901.0	124492.0
1137	124806.0	124887.0
1138	124587.0	124224.0
1139	125072.0	124274.0
1140	125323.0	124275.0
1141	124189.0	124217.0
1142	124692.0	123875.0
1143	124924.0	123638.0
1144	123570.0	124208.0
1145	124887.0	123724.0
1146	124236.0	124128.0
1147	124163.0	123785.0
1148	124189.0	124023.0
1149	124877.0	123824.0
1150	124456.0	123835.0
1151	124185.0	123852.0
1152	124271.0	124215.0
1153	124560.0	123842.0
1154	123814.0	123936.0
1155	124659.0	123891.0
1156	124166.0	123724.0
1157	124386.0	123766.0
1158	123883.0	124023.0
1159	123213.0	123333.0
1160	124246.0	123895.0
1161	124379.0	124009.0
1162	124247.0	123731.0
1163	124152.0	123862.0
1164	123666.0	123747.0
1165	123586.0	123714.0
1166	123343.0	123528.0
1167	123727.0	123607.0
1168	123337.0	122497.0
1169	123404.0	122623.0
1170	123939.0	123710.0
1171	123641.0	123253.0
1172	123823.0	123692.0
1173	123795.0	122716.0
1174	123734.0	123238.0
1175	123863.0	123350.0
1176	123878.0	123172.0
1177	123915.0	123641.0
1178	123785.0	123547.0
1179	124510.0	123296.0
1180	122939.0	123618.0
1181	123244.0	123615.0
1182	123555.0	123692.0
1183	123164.0	123378.0
1184	123714.0	123166.0
1185	123812.0	123606.0
1186	123427.0	123289.0
1187	123453.0	123801.0
1188	123399.0	123671.0
1189	123437.0	123311.0
1190	123409.0	123047.0
1191	123249.0	122954.0
1192	122955.0	123721.0
1193	122766.0	123063.0
1194	123371.0	123490.0
1195	123818.0	123445.0
1196	122771.0	123179.0
1197	123338.0	123151.0
1198	122883.0	123697.0
1199	123185.0	123523.0
1200	123165.0	123430.0
1201	123366.0	123529.0
1202	123558.0	123813.0
1203	123882.0	123728.0
1204	124014.0	123405.0
1205	123956.0	123507.0
1206	123215.0	123495.0
1207	122975.0	123640.0
1208	123472.0	123643.0
1209	124027.0	123707.0
1210	123519.0	123703.0
1211	123063.0	123986.0
1212	123488.0	123412.0
1213	123265.0	123817.0
1214	123806.0	123237.0
1215	123981.0	124074.0
1216	123189.0	124055.0
1217	122830.0	123826.0
1218	123062.0	124099.0
1219	123696.0	123862.0
1220	123344.0	123253.0
1221	123333.0	124107.0
1222	123235.0	123499.0
1223	123363.0	124072.0
1224	123319.0	124192.0
1225	123454.0	124465.0
1226	123307.0	123745.0
1227	123471.0	123712.0
1228	123115.0	123371.0
1229	123336.0	123995.0
1230	123446.0	124232.0
1231	122810.0	123938.0
1232	122861.0	123763.0
1233	123825.0	124379.0
1234	123629.0	124226.0
1235	123187.0	123528.0
1236	123267.0	123961.0
1237	123502.0	124159.0
1238	123562.0	124341.0
1239	123228.0	124334.0
1240	123561.0	124004.0
1241	123490.0	124435.0
1242	123033.0	124251.0
1243	123194.0	124113.0
1244	123566.0	125044.0
1245	122944.0	124851.0
1246	123456.0	123815.0
1247	123547.0	124478.0
1248	123421.0	124462.0
1249	123641.0	125341.0
1250	123375.0	124069.0
1251	123817.0	124606.0
1252	123448.0	125026.0
1253	123853.0	124053.0
1254	123917.0	124407.0
1255	123359.0	124425.0
1256	123883.0	124397.0
1257	123332.0	124448.0
1258	124000.0	125161.0
1259	124217.0	124688.0
1260	124448.0	125260.0
1261	124256.0	124438.0
1262	123339.0	124918.0
1263	123395.0	124365.0
1264	123739.0	124629.0
1265	123701.0	124441.0
1266	123964.0	124239.0
1267	124124.0	124076.0
1268	123799.0	125263.0
1269	124254.0	124245.0
1270	124166.0	124461.0
1271	123473.0	124617.0
1272	124312.0	125065.0
1273	123986.0	124337.0
1274	123775.0	125046.0
1275	125178.0	124984.0
1276	124233.0	124233.0
1277	123574.0	124693.0
1278	123797.0	124302.0
1279	123540.0	124020.0
1280	123030.0	124709.0
1281	123881.0	125125.0
1282	124810.0	124728.0
1283	124516.0	124561.0
1284	123846.0	124221.0
1285	124408.0	123807.0
1286	123852.0	124724.0
1287	123940.0	125047.0
1288	124073.0	124350.0
1289	123553.0	124119.0
1290	124174.0	124195.0
1291	124135.0	124376.0
1292	124247.0	124858.0
1293	124143.0	124367.0
1294	124397.0	124213.0
1295	124015.0	124751.0
1296	123870.0	124606.0
1297	124207.0	123363.0
1298	123792.0	124386.0
1299	124439.0	124858.0
1300	123958.0	124657.0
1301	124107.0	124240.0
1302	124819.0	124153.0
1303	123967.0	123808.0
1304	123813.0	124494.0
1305	123913.0	123835.0
1306	124287.0	123389.0
1307	123952.0	124200.0
1308	124434.0	124321.0
1309	124014.0	124375.0
1310	124416.0	124163.0
1311	124216.0	124587.0
1312	123746.0	123528.0
1313	123196.0	124124.0
1314	124167.0	124154.0
1315	123600.0	124671.0
1316	124098.0	123756.0
1317	124499.0	124439.0
1318	123996.0	123799.0
1319	124180.0	123678.0
1320	124658.0	124237.0
1321	124189.0	124156.0
1322	124041.0	123738.0
1323	124226.0	123392.0
1324	123752.0	123846.0
1325	123563.0	123566.0
1326	124293.0	123810.0
1327	124035.0	123756.0
1328	123842.0	123878.0
1329	124758.0	123439.0
1330	123988.0	123830.0
1331	123870.0	123432.0
1332	123457.0	123610.0
1333	123883.0	123595.0
1334	123845.0	123675.0
1335	124085.0	123866.0
1336	123606.0	123572.0
1337	123845.0	123548.0
1338	124183.0	123715.0
1339	123884.0	123769.0
1340	123668.0	123213.0
1341	123546.0	123878.0
1342	124429.0	123576.0
1343	123789.0	123116.0
1344	123398.0	123014.0
1345	123699.0	122795.0
1346	123098.0	123423.0
1347	124237.0	123464.0
1348	122507.0	123172.0
1349	123136.0	123367.0
1350	123148.0	123554.0
1351	123627.0	122765.0
1352	123025.0	124325.0
1353	123121.0	123579.0
1354	123697.0	123796.0
1355	123490.0	123206.0
1356	123735.0	123298.0
1357	124002.0	122795.0
1358	123408.0	123185.0
1359	123115.0	123943.0
1360	123117.0	123416.0
1361	123050.0	123946.0
1362	123408.0	123189.0
1363	122939.0	123154.0
1364	123951.0	123420.0
1365	123042.0	123109.0
1366	123946.0	123660.0
1367	123709.0	123357.0
1368	123465.0	123007.0
1369	123418.0	123578.0
1370	122689.0	122958.0
1371	123769.0	123889.0
1372	123112.0	123310.0
1373	123200.0	122335.0
1374	123441.0	122925.0
1375	122562.0	123100.0
1376	123465.0	123413.0
1377	122977.0	123880.0
1378	123125.0	122850.0
1379	123222.0	123305.0
1380	123216.0	123377.0
1381	123600.0	123396.0
1382	123440.0	123179.0
1383	123138.0	123290.0
1384	123024.0	123180.0
1385	123126.0	123509.0
1386	123492.0	123505.0
1387	123556.0	123101.0
1388	123264.0	123435.0
1389	122924.0	123322.0
1390	123167.0	123567.0
1391	122984.0	122476.0
1392	123383.0	123200.0
1393	123679.0	123312.0
1394	123301.0	122812.0
1395	122829.0	123481.0
1396	123305.0	122970.0
1397	122715.0	123493.0
1398	123435.0	123408.0
1399	122189.0	123859.0
1400	123104.0	123556.0
1401	123278.0	123442.0
1402	122862.0	123718.0
1403	123275.0	123811.0
1404	122826.0	123210.0
1405	123038.0	123452.0
1406	122856.0	123084.0
1407	122701.0	123559.0
1408	123146.0	123565.0
1409	123518.0	123844.0
1410	123267.0	123743.0
1411	123025.0	123834.0
1412	123033.0	123473.0
1413	123182.0	123350.0
1414	123311.0	123796.0
1415	123672.0	123619.0
1416	124155.0	124012.0
1417	123432.0	123626.0
1418	123405.0	123982.0
1419	123178.0	123509.0
1420	123321.0	123948.0
1421	123568.0	123656.0
1422	123474.0	124250.0
1423	123347.0	123546.0
1424	122913.0	124229.0
1425	123029.0	124013.0
1426	124288.0	123534.0
1427	123343.0	123900.0
1428	123671.0	124183.0
1429	123219.0	123634.0
1430	123477.0	124459.0
1431	123649.0	124037.0
1432	123416.0	123973.0
1433	122758.0	123954.0
1434	123943.0	124798.0
1435	123167.0	124065.0
1436	122695.0	123945.0
1437	123054.0	124077.0
1438	123320.0	124149.0
1439	122365.0	124125.0
1440	123172.0	124166.0
1441	123540.0	123955.0
1442	123670.0	123363.0
1443	123791.0	123698.0
1444	123424.0	123728.0
1445	122990.0	123892.0
1446	123882.0	124150.0
1447	123160.0	123887.0
1448	124054.0	124486.0
1449	123742.0	124537.0
1450	123229.0	124301.0
1451	123466.0	123552.0
1452	123788.0	124510.0
1453	122952.0	124371.0
1454	123401.0	123835.0
1455	124152.0	124171.0
1456	123874.0	123382.0
1457	123635.0	124468.0
1458	122654.0	124103.0
1459	124036.0	124547.0
1460	123867.0	124260.0
1461	123937.0	124075.0
1462	124135.0	123604.0
1463	123514.0	124073.0
1464	123729.0	123873.0
1465	123523.0	123875.0
1466	123124.0	124212.0
1467	124589.0	123635.0
1468	123613.0	123760.0
1469	123381.0	123622.0
1470	124281.0	123581.0
1471	123656.0	124576.0
1472	123381.0	124213.0
1473	123730.0	124306.0
1474	123060.0	123737.0
1475	123715.0	123950.0
1476	123769.0	123937.0
1477	123871.0	123661.0
1478	123638.0	123512.0
1479	123554.0	123772.0
1480	123398.0	123403.0
1481	123805.0	123884.0
1482	123530.0	124537.0
1483	123682.0	124466.0
1484	123840.0	123752.0
1485	124397.0	123889.0
1486	123939.0	123367.0
1487	124029.0	123213.0
1488	123392.0	124012.0
1489	123894.0	123720.0
1490	123611.0	123868.0
1491	124472.0	124075.0
1492	124216.0	123464.0
1493	123586.0	124199.0
1494	124179.0	123702.0
1495	123160.0	124077.0
1496	123491.0	123602.0
1497	124052.0	123909.0
1498	122811.0	123173.0
1499	123300.0	123665.0
1500	123342.0	123308.0
1501	123712.0	123732.0
1502	123287.0	123885.0
1503	124238.0	123854.0
1504	123713.0	124020.0
1505	123690.0	124043.0
1506	123776.0	123695.0
1507	123781.0	123485.0
1508	124006.0	123388.0
1509	124119.0	122919.0
1510	123334.0	122896.0
1511	122984.0	123055.0
1512	123299.0	123542.0
1513	123284.0	123059.0
1514	123292.0	123577.0
1515	123363.0	123291.0
1516	123537.0	123081.0
1517	123529.0	123628.0
1518	123675.0	123806.0
1519	123529.0	123391.0
1520	123250.0	123908.0
1521	123696.0	122706.0
1522	123912.0	123133.0
1523	123957.0	123318.0
1524	123828.0	123592.0
1525	123503.0	122775.0
1526	123763.0	123050.0
1527	123567.0	123132.0
1528	122748.0	123431.0
1529	123374.0	123417.0
1530	123387.0	123984.0
1531	123886.0	123096.0
1532	123067.0	123226.0
1533	123192.0	123122.0
1534	123033.0	123298.0
1535	123225.0	123317.0
1536	123741.0	124064.0
1537	123170.0	123448.0
1538	122881.0	122944.0
1539	123257.0	123606.0
1540	122794.0	122723.0
1541	122567.0	122677.0
1542	123064.0	122857.0
1543	123126.0	123751.0
1544	122911.0	122891.0
1545	123101.0	123635.0
1546	123436.0	122662.0
1547	123216.0	123657.0
1548	123291.0	123658.0
1549	123527.0	123380.0
1550	122852.0	123055.0
1551	123156.0	123220.0
1552	122665.0	123519.0
1553	122644.0	123452.0
1554	123366.0	123274.0
1555	123663.0	123429.0
1556	123606.0	123242.0
1557	122888.0	123013.0
1558	122744.0	122870.0
1559	122783.0	123644.0
1560	122959.0	122935.0
1561	123127.0	122977.0
1562	122859.0	123101.0
1563	123894.0	123174.0
1564	123041.0	122966.0
1565	122856.0	123368.0
1566	122436.0	123059.0
1567	122862.0	123859.0
1568	122935.0	122827.0
1569	123030.0	122936.0
1570	123159.0	122947.0
1571	122699.0	122927.0
1572	123345.0	122924.0
1573	123721.0	123099.0
1574	122620.0	123594.0
1575	123121.0	123125.0
1576	123003.0	123723.0
1577	122389.0	123582.0
1578	122904.0	123311.0
1579	122837.0	123365.0
1580	122959.0	123244.0
1581	122610.0	123662.0
1582	123170.0	123017.0
1583	123388.0	124342.0
1584	122741.0	123375.0
1585	122923.0	123363.0
1586	122677.0	123596.0
1587	123125.0	123731.0
1588	122914.0	124083.0
1589	123282.0	122956.0
1590	123061.0	124034.0
1591	123401.0	122798.0
1592	123142.0	124052.0
1593	123067.0	123777.0
1594	123011.0	122762.0
1595	122457.0	123086.0
1596	123100.0	122980.0
1597	123482.0	123480.0
1598	123225.0	123897.0
1599	123481.0	124175.0
1600	123123.0	123375.0
1601	123136.0	123303.0
1602	123643.0	123805.0
1603	123218.0	122928.0
1604	123043.0	122860.0
1605	122681.0	123830.0
1606	122701.0	123543.0
1607	123281.0	122729.0
1608	123376.0	123616.0
1609	123056.0	123106.0
1610	122888.0	123371.0
1611	122727.0	123821.0
1612	123310.0	123728.0
1613	123066.0	123589.0
1614	123243.0	123860.0
1615	122676.0	123712.0
1616	122810.0	123928.0
1617	123445.0	123612.0
1618	123113.0	122897.0
1619	122986.0	124117.0
1620	122764.0	124239.0
1621	123430.0	123861.0
1622	123184.0	124264.0
1623	122911.0	124200.0
1624	122999.0	123689.0
1625	123514.0	123776.0
1626	122867.0	123542.0
1627	122653.0	122918.0
1628	123317.0	122983.0
1629	123228.0	123428.0
1630	123454.0	123798.0
1631	123427.0	123638.0
1632	123674.0	123817.0
1633	123445.0	123086.0
1634	123416.0	122490.0
1635	122907.0	123348.0
1636	123367.0	123622.0
1637	123351.0	123110.0
1638	123515.0	123398.0
1639	122856.0	123086.0
1640	123144.0	123714.0
1641	122773.0	123716.0
1642	122794.0	123390.0
1643	123181.0	123718.0
1644	123361.0	122821.0
1645	122489.0	123486.0
1646	123250.0	123922.0
1647	122565.0	123899.0
1648	123474.0	123959.0
1649	122883.0	123037.0
1650	122961.0	123665.0
1651	123035.0	123669.0
1652	123054.0	123719.0
1653	123076.0	123960.0
1654	122946.0	124004.0
1655	123008.0	123587.0
1656	123091.0	123371.0
1657	123480.0	123674.0
1658	123309.0	123752.0
1659	123184.0	123098.0
1660	123812.0	123675.0
1661	123306.0	123923.0
1662	123322.0	123233.0
1663	123093.0	123036.0
1664	122848.0	122998.0
1665	123667.0	123112.0
1666	123369.0	123110.0
1667	123734.0	123470.0
1668	123328.0	123051.0
1669	123335.0	123758.0
1670	123479.0	123512.0
1671	123090.0	123654.0
1672	122483.0	123679.0
1673	122775.0	123822.0
1674	123327.0	122921.0
1675	122729.0	123777.0
1676	123211.0	123695.0
1677	122978.0	123843.0
1678	122463.0	123912.0
1679	123668.0	122683.0
1680	123483.0	123684.0
1681	123369.0	123120.0
1682	123540.0	123095.0
1683	123546.0	123045.0
1684	122494.0	123349.0
1685	122725.0	123764.0
1686	122664.0	123625.0
1687	122842.0	123531.0
1688	123045.0	123591.0
1689	123578.0	123549.0
1690	123436.0	123358.0
1691	123351.0	123050.0
1692	123590.0	123543.0
1693	123383.0	123222.0
1694	122702.0	123844.0
1695	123681.0	123680.0
1696	123375.0	123778.0
1697	123261.0	123694.0
1698	123723.0	123678.0
1699	123387.0	122938.0
1700	123036.0	123376.0
1701	123027.0	123099.0
1702	123644.0	122503.0
1703	123495.0	123328.0
1704	122989.0	123015.0
1705	122853.0	122770.0
1706	122827.0	123392.0
1707	123587.0	123224.0
1708	123296.0	123328.0
1709	123077.0	122512.0
1710	122961.0	123041.0
1711	123076.0	123163.0
1712	123762.0	122017.0
1713	122917.0	122995.0
1714	122630.0	123675.0
1715	123256.0	123100.0
1716	123502.0	122850.0
1717	123041.0	123110.0
1718	122274.0	123134.0
1719	123333.0	123168.0
1720	122867.0	123536.0
1721	123531.0	123531.0
1722	123227.0	123744.0
1723	123158.0	123108.0
1724	122734.0	123084.0
1725	123144.0	123409.0
1726	122659.0	122949.0
1727	122745.0	122996.0
1728	122927.0	123638.0
1729	123099.0	123420.0
1730	123243.0	123444.0
1731	122224.0	122992.0
1732	123040.0	122749.0
1733	123021.0	122690.0
1734	122729.0	123165.0
1735	122989.0	122479.0
1736	123487.0	123088.0
1737	123421.0	122696.0
1738	122669.0	123500.0
1739	122932.0	123222.0
1740	123087.0	123066.0
1741	123434.0	123429.0
1742	123047.0	122523.0
1743	122855.0	123151.0
1744	122753.0	122550.0
1745	122314.0	123266.0
1746	122864.0	123058.0
1747	123365.0	123207.0
1748	122855.0	123355.0
1749	122814.0	122957.0
1750	123000.0	122920.0
1751	123166.0	122754.0
1752	123444.0	122885.0
1753	122645.0	122781.0
1754	122893.0	122754.0
1755	122569.0	122562.0
1756	122443.0	123434.0
1757	123209.0	123336.0
1758	123025.0	123066.0
1759	123178.0	123296.0
1760	123073.0	122572.0
1761	122877.0	123362.0
1762	122584.0	122782.0
1763	122868.0	123471.0
1764	122363.0	122804.0
1765	122775.0	123177.0
1766	122598.0	123107.0
1767	122977.0	123371.0
1768	122278.0	123484.0
1769	122413.0	123117.0
1770	122685.0	123767.0
1771	122904.0	123312.0
1772	123314.0	123847.0
1773	123134.0	123159.0
1774	122559.0	122879.0
1775	122581.0	123390.0
1776	122822.0	123462.0
1777	123049.0	122826.0
1778	123305.0	123513.0
1779	122850.0	123522.0
1780	122599.0	123057.0
1781	122706.0	123472.0
1782	122947.0	123068.0
1783	122489.0	123020.0
1784	122388.0	123187.0
1785	122871.0	123475.0
1786	123180.0	123128.0
1787	122966.0	122911.0
1788	123097.0	123352.0
1789	122731.0	122788.0
1790	122844.0	123542.0
1791	122926.0	123293.0
1792	123348.0	123539.0
1793	122829.0	124021.0
1794	123196.0	123520.0
1795	122992.0	122719.0
1796	123139.0	123035.0
1797	122541.0	123022.0
1798	122509.0	123156.0
1799	123450.0	123647.0
1800	123189.0	122968.0
1801	122830.0	123472.0
1802	122666.0	122886.0
1803	123328.0	123241.0
1804	122565.0	123183.0
1805	122623.0	123443.0
1806	122890.0	123306.0
1807	123017.0	122643.0
1808	122971.0	122956.0
1809	122724.0	122967.0
1810	123075.0	123247.0
1811	122303.0	123392.0
1812	122913.0	123541.0
1813	122895.0	123217.0
1814	122475.0	123600.0
1815	123173.0	122947.0
1816	122700.0	123324.0
1817	122818.0	123392.0
1818	123499.0	123711.0
1819	122756.0	123390.0
1820	123087.0	123019.0
1821	123094.0	123247.0
1822	122829.0	122729.0
1823	123039.0	122797.0
1824	123076.0	123151.0
1825	122945.0	123063.0
1826	123234.0	122747.0
1827	122612.0	124186.0
1828	123183.0	122777.0
1829	122495.0	123265.0
1830	123050.0	122745.0
1831	122960.0	123489.0
1832	123283.0	123362.0
1833	123415.0	123066.0
1834	122460.0	123325.0
1835	122911.0	123260.0
1836	123962.0	123495.0
1837	123074.0	122893.0
1838	123386.0	123545.0
1839	122471.0	123361.0
1840	122687.0	123463.0
1841	122470.0	123639.0
1842	122941.0	122859.0
1843	122741.0	123228.0
1844	122747.0	123255.0
1845	123194.0	123168.0
1846	122817.0	123134.0
1847	122831.0	123359.0
1848	122757.0	122806.0
1849	122191.0	123561.0
1850	122098.0	123001.0
1851	122919.0	123265.0
1852	123765.0	123645.0
1853	122960.0	123170.0
1854	123078.0	122975.0
1855	122792.0	122133.0
1856	122786.0	122893.0
1857	122579.0	122817.0
1858	122743.0	123611.0
1859	122508.0	123819.0
1860	122819.0	122914.0
1861	122519.0	123650.0
1862	123026.0	122829.0
1863	123402.0	123054.0
1864	123109.0	122209.0
1865	123321.0	122988.0
1866	122753.0	122664.0
1867	122759.0	123460.0
1868	123001.0	123166.0
1869	122738.0	122746.0
1870	122366.0	123717.0
1871	122922.0	122978.0
1872	123139.0	123114.0
1873	122379.0	122942.0
1874	122871.0	122920.0
1875	122833.0	123323.0
1876	122872.0	122890.0
1877	123083.0	123236.0
1878	122756.0	123048.0
1879	123285.0	122897.0
1880	122791.0	123638.0
1881	123299.0	122784.0
1882	122527.0	123521.0
1883	122566.0	123094.0
1884	123016.0	123107.0
1885	122706.0	122953.0
1886	122649.0	123268.0
1887	122913.0	122943.0
1888	122648.0	123535.0
1889	122949.0	122745.0
1890	122968.0	122955.0
1891	122963.0	122460.0
1892	123390.0	123255.0
1893	122856.0	123147.0
1894	123421.0	123141.0
1895	123490.0	123176.0
1896	122858.0	122906.0
1897	122874.0	122859.0
1898	122936.0	122167.0
1899	123165.0	122324.0
1900	122785.0	122800.0
1901	122885.0	122632.0
1902	123002.0	122041.0
1903	122625.0	122675.0
1904	123274.0	123213.0
1905	122524.0	123133.0
1906	122783.0	122738.0
1907	122823.0	122846.0
1908	123236.0	122006.0
1909	122925.0	122836.0
1910	122893.0	122936.0
1911	123114.0	123035.0
1912	122685.0	123165.0
1913	122732.0	122610.0
1914	122668.0	123176.0
1915	122574.0	122360.0
1916	123276.0	122840.0
1917	122859.0	122540.0
1918	122399.0	122420.0
1919	122810.0	122762.0
1920	122734.0	123009.0
1921	122387.0	122790.0
1922	123118.0	122253.0
1923	123277.0	122921.0
1924	122957.0	122565.0
1925	122387.0	123137.0
1926	122085.0	122533.0
1927	122711.0	123087.0
1928	122876.0	123002.0
1929	122759.0	122320.0
1930	122310.0	122570.0
1931	122853.0	123081.0
1932	123251.0	122702.0
1933	122825.0	122571.0
1934	122584.0	123053.0
1935	122067.0	122790.0
1936	122729.0	122657.0
1937	122445.0	122730.0
1938	122812.0	123089.0
1939	122354.0	123119.0
1940	122955.0	122877.0
1941	122862.0	122982.0
1942	122103.0	123016.0
1943	121964.0	122967.0
1944	122938.0	122911.0
1945	123268.0	122712.0
1946	122369.0	122307.0
1947	122911.0	123195.0
1948	122756.0	122984.0
1949	122711.0	123588.0
1950	123037.0	122380.0
1951	122528.0	122801.0
1952	122509.0	122764.0
1953	122788.0	123512.0
1954	122746.0	123072.0
1955	122404.0	122918.0
1956	122747.0	122535.0
1957	123054.0	122831.0
1958	123066.0	122703.0
1959	123052.0	122999.0
1960	122270.0	122707.0
1961	122763.0	122573.0
1962	122714.0	122880.0
1963	122372.0	122699.0
1964	122762.0	122770.0
1965	122655.0	122747.0
1966	121804.0	122635.0
1967	122041.0	123045.0
1968	122904.0	123014.0
1969	123432.0	122613.0
1970	122417.0	122911.0
1971	122122.0	122536.0
1972	122536.0	122873.0
1973	122507.0	123450.0
1974	122958.0	123217.0
1975	122622.0	122906.0
1976	122744.0	122731.0
1977	122492.0	122753.0
1978	122493.0	123454.0
1979	122542.0	123052.0
1980	122857.0	123270.0
1981	122342.0	123109.0
1982	122760.0	123336.0
1983	123208.0	123169.0
1984	122850.0	123296.0
1985	122817.0	122331.0
1986	122620.0	122234.0
1987	122833.0	122227.0
1988	123335.0	122622.0
1989	122892.0	122448.0
1990	122934.0	123354.0
1991	122657.0	122740.0
1992	122447.0	122792.0
1993	122468.0	122934.0
1994	122552.0	123025.0
1995	122465.0	122898.0
1996	123071.0	122827.0
1997	122252.0	122439.0
1998	123148.0	122462.0
1999	123024.0	122610.0
