Distance in bp(Fragment Length Estimate: 152)(Peak Width Estimate: 152)	Same Strand (+ for Watson strand, - for Crick)	Opposite Strand
-2000	121932.0	121660.0
-1999	121553.0	121553.0
-1998	121767.0	121831.0
-1997	121952.0	122049.0
-1996	121736.0	121625.0
-1995	122078.0	122134.0
-1994	122262.0	122336.0
-1993	121490.0	121714.0
-1992	122227.0	121880.0
-1991	122051.0	121892.0
-1990	121922.0	121778.0
-1989	122589.0	121946.0
-1988	122412.0	121762.0
-1987	122306.0	121672.0
-1986	122162.0	122104.0
-1985	121935.0	121855.0
-1984	121683.0	121401.0
-1983	122391.0	121932.0
-1982	122599.0	121943.0
-1981	121539.0	122019.0
-1980	121440.0	121572.0
-1979	121635.0	121951.0
-1978	121846.0	122393.0
-1977	121873.0	121575.0
-1976	121807.0	121702.0
-1975	121988.0	122036.0
-1974	121428.0	122156.0
-1973	121551.0	121657.0
-1972	121929.0	121862.0
-1971	122398.0	121875.0
-1970	121730.0	121680.0
-1969	121798.0	122186.0
-1968	122421.0	121975.0
-1967	121747.0	122479.0
-1966	121619.0	122158.0
-1965	121670.0	122426.0
-1964	122106.0	121982.0
-1963	122224.0	122065.0
-1962	121796.0	121983.0
-1961	121759.0	121063.0
-1960	121957.0	121831.0
-1959	121962.0	121904.0
-1958	121962.0	122699.0
-1957	122391.0	122350.0
-1956	121792.0	122177.0
-1955	121667.0	121634.0
-1954	121848.0	121644.0
-1953	122332.0	122295.0
-1952	122181.0	122622.0
-1951	122003.0	122557.0
-1950	121971.0	122269.0
-1949	122109.0	122507.0
-1948	121750.0	121902.0
-1947	122648.0	121885.0
-1946	121851.0	122151.0
-1945	122489.0	121762.0
-1944	122098.0	121919.0
-1943	121685.0	122188.0
-1942	122264.0	122064.0
-1941	122427.0	121715.0
-1940	121769.0	122017.0
-1939	121856.0	121752.0
-1938	122611.0	121733.0
-1937	121463.0	121587.0
-1936	122274.0	121746.0
-1935	122730.0	121896.0
-1934	121930.0	121648.0
-1933	121926.0	122220.0
-1932	121772.0	122528.0
-1931	121965.0	121963.0
-1930	121775.0	121947.0
-1929	121441.0	121382.0
-1928	121999.0	122359.0
-1927	121247.0	121899.0
-1926	122710.0	121728.0
-1925	122508.0	122478.0
-1924	121666.0	121905.0
-1923	121692.0	122107.0
-1922	121809.0	122441.0
-1921	121365.0	121994.0
-1920	121757.0	122017.0
-1919	121885.0	121921.0
-1918	122824.0	121651.0
-1917	121535.0	122429.0
-1916	122308.0	122580.0
-1915	122079.0	122342.0
-1914	122604.0	122226.0
-1913	121834.0	122535.0
-1912	121973.0	122122.0
-1911	121841.0	122311.0
-1910	122026.0	121819.0
-1909	122450.0	122540.0
-1908	121833.0	122017.0
-1907	121947.0	122897.0
-1906	122182.0	122311.0
-1905	122381.0	122157.0
-1904	121820.0	122284.0
-1903	122806.0	122900.0
-1902	121743.0	122141.0
-1901	122877.0	122585.0
-1900	122361.0	122473.0
-1899	122702.0	122181.0
-1898	122468.0	122288.0
-1897	122144.0	121488.0
-1896	122485.0	122398.0
-1895	122397.0	121765.0
-1894	122343.0	122270.0
-1893	121886.0	122169.0
-1892	122882.0	122214.0
-1891	122163.0	122423.0
-1890	122609.0	121766.0
-1889	122719.0	122326.0
-1888	122660.0	121846.0
-1887	122791.0	121919.0
-1886	122628.0	122016.0
-1885	122563.0	122626.0
-1884	122095.0	122784.0
-1883	122353.0	122077.0
-1882	123059.0	122340.0
-1881	122902.0	122289.0
-1880	121886.0	122158.0
-1879	121988.0	121599.0
-1878	121877.0	121778.0
-1877	122695.0	122203.0
-1876	121771.0	122123.0
-1875	122259.0	122210.0
-1874	122414.0	122275.0
-1873	122496.0	122461.0
-1872	122671.0	122675.0
-1871	122658.0	122740.0
-1870	122188.0	122238.0
-1869	122133.0	122332.0
-1868	122227.0	122121.0
-1867	122323.0	122488.0
-1866	122440.0	122113.0
-1865	122507.0	122453.0
-1864	122226.0	122472.0
-1863	122377.0	122789.0
-1862	122674.0	122542.0
-1861	122260.0	122201.0
-1860	122806.0	121514.0
-1859	122650.0	122460.0
-1858	122589.0	122340.0
-1857	122376.0	122531.0
-1856	122504.0	121950.0
-1855	121443.0	122480.0
-1854	122360.0	122526.0
-1853	122762.0	121792.0
-1852	122790.0	122364.0
-1851	121992.0	122520.0
-1850	122290.0	122160.0
-1849	121917.0	121691.0
-1848	122722.0	121668.0
-1847	122212.0	122177.0
-1846	122335.0	122486.0
-1845	122350.0	122130.0
-1844	122235.0	122350.0
-1843	122265.0	121868.0
-1842	122707.0	122300.0
-1841	121977.0	122243.0
-1840	122420.0	122222.0
-1839	121992.0	121940.0
-1838	122786.0	122082.0
-1837	122671.0	122354.0
-1836	122842.0	122083.0
-1835	122605.0	121665.0
-1834	122215.0	121749.0
-1833	121838.0	122234.0
-1832	122148.0	122237.0
-1831	122495.0	122572.0
-1830	122266.0	122141.0
-1829	122140.0	121969.0
-1828	121680.0	122699.0
-1827	122018.0	122533.0
-1826	122276.0	122283.0
-1825	122667.0	121731.0
-1824	122648.0	122028.0
-1823	122121.0	122406.0
-1822	122630.0	122094.0
-1821	122121.0	121630.0
-1820	121721.0	122022.0
-1819	122787.0	121694.0
-1818	122521.0	122165.0
-1817	121761.0	122114.0
-1816	121427.0	121759.0
-1815	121965.0	122268.0
-1814	122255.0	122410.0
-1813	122420.0	122119.0
-1812	122453.0	121879.0
-1811	121932.0	121992.0
-1810	122637.0	122448.0
-1809	122165.0	121964.0
-1808	122275.0	122351.0
-1807	122033.0	121688.0
-1806	122135.0	121785.0
-1805	122068.0	121464.0
-1804	122265.0	121754.0
-1803	121957.0	121791.0
-1802	122003.0	121802.0
-1801	122418.0	121733.0
-1800	122404.0	122055.0
-1799	121984.0	122127.0
-1798	121918.0	122036.0
-1797	122155.0	122593.0
-1796	121963.0	121587.0
-1795	121955.0	122203.0
-1794	121546.0	122267.0
-1793	122117.0	122413.0
-1792	121956.0	122266.0
-1791	122301.0	121725.0
-1790	122090.0	122048.0
-1789	122447.0	121937.0
-1788	122280.0	122115.0
-1787	122568.0	122333.0
-1786	121998.0	122143.0
-1785	122045.0	122255.0
-1784	122236.0	121920.0
-1783	122488.0	122061.0
-1782	122582.0	122320.0
-1781	122042.0	122428.0
-1780	122091.0	122292.0
-1779	122555.0	122273.0
-1778	122094.0	122189.0
-1777	121682.0	122343.0
-1776	122288.0	122103.0
-1775	122541.0	122480.0
-1774	122418.0	122037.0
-1773	122647.0	121931.0
-1772	122184.0	122513.0
-1771	122208.0	122477.0
-1770	122298.0	122338.0
-1769	122003.0	121374.0
-1768	122410.0	122319.0
-1767	122421.0	121694.0
-1766	122244.0	121947.0
-1765	121907.0	121967.0
-1764	122423.0	122707.0
-1763	121731.0	122609.0
-1762	122301.0	122579.0
-1761	122545.0	122715.0
-1760	122899.0	122343.0
-1759	122164.0	121874.0
-1758	122260.0	122409.0
-1757	122238.0	122826.0
-1756	122150.0	122612.0
-1755	122287.0	122718.0
-1754	122322.0	121781.0
-1753	122338.0	122474.0
-1752	122264.0	122174.0
-1751	122229.0	122351.0
-1750	122401.0	121859.0
-1749	122494.0	122737.0
-1748	122890.0	122928.0
-1747	122291.0	123076.0
-1746	122453.0	122497.0
-1745	122074.0	121938.0
-1744	122457.0	123178.0
-1743	122255.0	122457.0
-1742	122904.0	122395.0
-1741	122126.0	122430.0
-1740	122648.0	122701.0
-1739	122254.0	122201.0
-1738	123191.0	122594.0
-1737	123195.0	122263.0
-1736	122535.0	122388.0
-1735	122809.0	122392.0
-1734	122489.0	122238.0
-1733	122666.0	122235.0
-1732	122589.0	122219.0
-1731	123208.0	123112.0
-1730	123237.0	122640.0
-1729	123172.0	122775.0
-1728	122495.0	122538.0
-1727	122214.0	122007.0
-1726	122910.0	122742.0
-1725	122646.0	121899.0
-1724	122398.0	122356.0
-1723	122069.0	123008.0
-1722	122906.0	122502.0
-1721	122627.0	122647.0
-1720	122916.0	122471.0
-1719	122775.0	121954.0
-1718	122865.0	122379.0
-1717	121676.0	122666.0
-1716	122631.0	122360.0
-1715	122661.0	123378.0
-1714	122637.0	122722.0
-1713	123301.0	122115.0
-1712	123011.0	122982.0
-1711	123344.0	122754.0
-1710	122979.0	121951.0
-1709	122747.0	122391.0
-1708	122248.0	122680.0
-1707	123063.0	123088.0
-1706	122630.0	123041.0
-1705	122581.0	123250.0
-1704	123352.0	122951.0
-1703	122978.0	122034.0
-1702	122631.0	122579.0
-1701	123071.0	122401.0
-1700	122434.0	122899.0
-1699	122895.0	122735.0
-1698	122978.0	122656.0
-1697	123068.0	122653.0
-1696	122541.0	121916.0
-1695	123088.0	122357.0
-1694	122864.0	122409.0
-1693	123087.0	122495.0
-1692	122708.0	122565.0
-1691	122342.0	122624.0
-1690	122607.0	122493.0
-1689	123058.0	122881.0
-1688	123258.0	122639.0
-1687	123391.0	122759.0
-1686	123673.0	122636.0
-1685	122677.0	122524.0
-1684	123272.0	122667.0
-1683	122742.0	122555.0
-1682	122822.0	122635.0
-1681	122799.0	122954.0
-1680	122575.0	122555.0
-1679	122874.0	122507.0
-1678	121637.0	121987.0
-1677	123283.0	123040.0
-1676	122645.0	123226.0
-1675	123176.0	122785.0
-1674	122535.0	122100.0
-1673	123022.0	122571.0
-1672	122765.0	122541.0
-1671	122729.0	121793.0
-1670	122481.0	122627.0
-1669	122646.0	122903.0
-1668	123300.0	122854.0
-1667	122743.0	122121.0
-1666	122363.0	122127.0
-1665	122644.0	122079.0
-1664	122912.0	122047.0
-1663	122368.0	122159.0
-1662	122758.0	122537.0
-1661	122502.0	122365.0
-1660	123203.0	122669.0
-1659	122922.0	122172.0
-1658	122388.0	122667.0
-1657	122504.0	122721.0
-1656	123490.0	123000.0
-1655	122474.0	122220.0
-1654	122565.0	122184.0
-1653	122256.0	122924.0
-1652	122786.0	122864.0
-1651	123154.0	122887.0
-1650	122682.0	122646.0
-1649	122776.0	121725.0
-1648	122332.0	122175.0
-1647	122765.0	121999.0
-1646	122465.0	122256.0
-1645	122782.0	122339.0
-1644	122661.0	122738.0
-1643	121964.0	122421.0
-1642	123268.0	122576.0
-1641	122949.0	122584.0
-1640	123141.0	122141.0
-1639	122713.0	121767.0
-1638	122796.0	122251.0
-1637	122561.0	122013.0
-1636	122583.0	122255.0
-1635	123085.0	122301.0
-1634	122749.0	121679.0
-1633	122944.0	122097.0
-1632	122651.0	122279.0
-1631	121558.0	122188.0
-1630	122423.0	122095.0
-1629	122969.0	122268.0
-1628	122532.0	121885.0
-1627	122209.0	122091.0
-1626	122717.0	122626.0
-1625	122171.0	122478.0
-1624	122491.0	122778.0
-1623	122231.0	122285.0
-1622	122128.0	122578.0
-1621	122686.0	122908.0
-1620	122629.0	121844.0
-1619	122468.0	122481.0
-1618	122551.0	122206.0
-1617	122448.0	122768.0
-1616	122759.0	121906.0
-1615	122383.0	121847.0
-1614	122224.0	121840.0
-1613	122191.0	122647.0
-1612	122125.0	122201.0
-1611	123153.0	122323.0
-1610	122299.0	122421.0
-1609	122514.0	122511.0
-1608	122247.0	122382.0
-1607	122466.0	122370.0
-1606	122477.0	122245.0
-1605	121962.0	122879.0
-1604	122149.0	122556.0
-1603	122361.0	122690.0
-1602	122487.0	122476.0
-1601	122597.0	122045.0
-1600	122398.0	122864.0
-1599	122524.0	122520.0
-1598	122195.0	122659.0
-1597	122064.0	122886.0
-1596	122566.0	123282.0
-1595	122190.0	122452.0
-1594	122984.0	122258.0
-1593	122310.0	122599.0
-1592	122443.0	122147.0
-1591	122245.0	122843.0
-1590	121983.0	122451.0
-1589	122550.0	122748.0
-1588	122423.0	122539.0
-1587	122536.0	121982.0
-1586	122454.0	122911.0
-1585	121843.0	122723.0
-1584	122546.0	122670.0
-1583	122284.0	123130.0
-1582	121957.0	122140.0
-1581	122473.0	122658.0
-1580	122321.0	122918.0
-1579	122155.0	122641.0
-1578	122017.0	122015.0
-1577	122760.0	123042.0
-1576	122691.0	121991.0
-1575	122093.0	122426.0
-1574	122841.0	122137.0
-1573	122700.0	122844.0
-1572	122842.0	123091.0
-1571	122829.0	122549.0
-1570	122079.0	122903.0
-1569	122156.0	123034.0
-1568	123286.0	122330.0
-1567	123215.0	122200.0
-1566	122693.0	122599.0
-1565	122452.0	122513.0
-1564	122781.0	122914.0
-1563	122750.0	122232.0
-1562	122350.0	122878.0
-1561	122547.0	122131.0
-1560	122803.0	123078.0
-1559	122120.0	122896.0
-1558	121983.0	122568.0
-1557	122916.0	123171.0
-1556	122114.0	122651.0
-1555	122988.0	122903.0
-1554	122626.0	123279.0
-1553	123252.0	122945.0
-1552	122863.0	122661.0
-1551	123049.0	123140.0
-1550	123082.0	123105.0
-1549	121971.0	123073.0
-1548	123638.0	121569.0
-1547	122944.0	122983.0
-1546	122895.0	122225.0
-1545	123487.0	123716.0
-1544	122873.0	123010.0
-1543	122682.0	122898.0
-1542	123312.0	123227.0
-1541	122654.0	122958.0
-1540	122875.0	123455.0
-1539	123023.0	122822.0
-1538	123210.0	122528.0
-1537	122976.0	122407.0
-1536	123273.0	123301.0
-1535	122470.0	122986.0
-1534	122663.0	123090.0
-1533	122981.0	123273.0
-1532	122986.0	122681.0
-1531	122870.0	123155.0
-1530	123394.0	122748.0
-1529	123445.0	122974.0
-1528	123165.0	122703.0
-1527	123213.0	123554.0
-1526	122850.0	123548.0
-1525	123633.0	123039.0
-1524	123635.0	123085.0
-1523	123022.0	122991.0
-1522	123605.0	122849.0
-1521	123284.0	123076.0
-1520	123605.0	123279.0
-1519	122789.0	123054.0
-1518	123033.0	122964.0
-1517	122706.0	123536.0
-1516	123211.0	123494.0
-1515	124336.0	123448.0
-1514	123273.0	122736.0
-1513	123985.0	122745.0
-1512	123081.0	122616.0
-1511	123178.0	122898.0
-1510	123735.0	123165.0
-1509	123416.0	123428.0
-1508	124068.0	123123.0
-1507	123020.0	122728.0
-1506	123523.0	123436.0
-1505	123891.0	122950.0
-1504	123248.0	123330.0
-1503	123118.0	122912.0
-1502	122947.0	122953.0
-1501	124037.0	123058.0
-1500	123511.0	122931.0
-1499	122806.0	122529.0
-1498	123337.0	122775.0
-1497	123596.0	123365.0
-1496	123122.0	122933.0
-1495	123274.0	122804.0
-1494	122759.0	123040.0
-1493	123633.0	122373.0
-1492	123722.0	123170.0
-1491	123603.0	122417.0
-1490	123271.0	122906.0
-1489	122926.0	122247.0
-1488	123617.0	122135.0
-1487	123488.0	122137.0
-1486	123477.0	122435.0
-1485	123658.0	122567.0
-1484	123046.0	122624.0
-1483	123453.0	123084.0
-1482	123262.0	123154.0
-1481	123596.0	122767.0
-1480	122927.0	122369.0
-1479	122953.0	122480.0
-1478	123579.0	123140.0
-1477	123476.0	123234.0
-1476	123878.0	122028.0
-1475	123321.0	122457.0
-1474	122761.0	122804.0
-1473	123070.0	122676.0
-1472	123185.0	122477.0
-1471	123463.0	122511.0
-1470	123160.0	121803.0
-1469	123600.0	122604.0
-1468	123063.0	122119.0
-1467	123086.0	122790.0
-1466	122807.0	122173.0
-1465	122708.0	122103.0
-1464	123149.0	122880.0
-1463	122959.0	122617.0
-1462	122956.0	122081.0
-1461	122317.0	122978.0
-1460	122937.0	122082.0
-1459	122887.0	123640.0
-1458	122894.0	123044.0
-1457	123647.0	122813.0
-1456	123341.0	122964.0
-1455	122789.0	122579.0
-1454	123313.0	122319.0
-1453	123071.0	122751.0
-1452	123000.0	122159.0
-1451	123400.0	122764.0
-1450	122434.0	122122.0
-1449	122748.0	122475.0
-1448	123049.0	122732.0
-1447	122648.0	122617.0
-1446	122682.0	122771.0
-1445	123272.0	121882.0
-1444	122503.0	122620.0
-1443	122367.0	122176.0
-1442	122682.0	122785.0
-1441	122644.0	122766.0
-1440	122738.0	122431.0
-1439	122891.0	122583.0
-1438	122718.0	122107.0
-1437	123020.0	122607.0
-1436	122762.0	122152.0
-1435	123117.0	123309.0
-1434	122840.0	122831.0
-1433	122809.0	122510.0
-1432	122053.0	122543.0
-1431	121925.0	122374.0
-1430	123097.0	122661.0
-1429	121850.0	122955.0
-1428	122372.0	122589.0
-1427	122621.0	122330.0
-1426	122369.0	122646.0
-1425	123038.0	122772.0
-1424	122802.0	122155.0
-1423	122213.0	122489.0
-1422	122892.0	122225.0
-1421	122712.0	122727.0
-1420	122414.0	122515.0
-1419	122397.0	122686.0
-1418	122694.0	122672.0
-1417	122389.0	123160.0
-1416	122624.0	122606.0
-1415	122700.0	122762.0
-1414	122281.0	122818.0
-1413	122480.0	122531.0
-1412	122541.0	122698.0
-1411	123097.0	123261.0
-1410	122276.0	123033.0
-1409	122002.0	122927.0
-1408	122305.0	122625.0
-1407	122635.0	123403.0
-1406	121974.0	122533.0
-1405	122539.0	122724.0
-1404	122335.0	123461.0
-1403	122842.0	123104.0
-1402	122750.0	122779.0
-1401	122640.0	122885.0
-1400	122835.0	122469.0
-1399	122960.0	122932.0
-1398	122689.0	123439.0
-1397	122425.0	123534.0
-1396	122462.0	123037.0
-1395	123131.0	123103.0
-1394	122846.0	123446.0
-1393	123007.0	122873.0
-1392	122691.0	122884.0
-1391	122840.0	123210.0
-1390	123037.0	123156.0
-1389	122340.0	123401.0
-1388	122641.0	122912.0
-1387	122520.0	122888.0
-1386	122422.0	122582.0
-1385	122647.0	122254.0
-1384	123023.0	123317.0
-1383	123059.0	123051.0
-1382	123012.0	123069.0
-1381	123146.0	122645.0
-1380	123390.0	123565.0
-1379	122968.0	123203.0
-1378	122979.0	123556.0
-1377	122818.0	123455.0
-1376	122881.0	123506.0
-1375	122439.0	123069.0
-1374	122797.0	123374.0
-1373	123304.0	123480.0
-1372	123483.0	123442.0
-1371	122990.0	123999.0
-1370	122717.0	123406.0
-1369	122970.0	123598.0
-1368	123539.0	123762.0
-1367	123397.0	123010.0
-1366	123702.0	123710.0
-1365	123281.0	123241.0
-1364	122908.0	123830.0
-1363	122819.0	123773.0
-1362	123143.0	123765.0
-1361	123693.0	123272.0
-1360	123374.0	122982.0
-1359	123599.0	124000.0
-1358	122846.0	123942.0
-1357	123390.0	123414.0
-1356	123484.0	123384.0
-1355	123207.0	123574.0
-1354	123648.0	123650.0
-1353	124397.0	124045.0
-1352	123668.0	123625.0
-1351	123171.0	123541.0
-1350	123438.0	123360.0
-1349	123650.0	123461.0
-1348	123554.0	124006.0
-1347	123974.0	123596.0
-1346	123463.0	123140.0
-1345	123111.0	123433.0
-1344	123618.0	123629.0
-1343	124257.0	123781.0
-1342	123609.0	123598.0
-1341	123992.0	123806.0
-1340	123512.0	123779.0
-1339	123261.0	123567.0
-1338	124184.0	123544.0
-1337	124027.0	124065.0
-1336	124204.0	123848.0
-1335	123355.0	123699.0
-1334	123553.0	123931.0
-1333	123926.0	123625.0
-1332	124054.0	123161.0
-1331	123516.0	123654.0
-1330	124104.0	123417.0
-1329	123871.0	123534.0
-1328	123925.0	123488.0
-1327	124182.0	123158.0
-1326	124047.0	123596.0
-1325	124437.0	123506.0
-1324	123876.0	123875.0
-1323	124369.0	123033.0
-1322	123761.0	123291.0
-1321	123688.0	123624.0
-1320	123888.0	123310.0
-1319	123876.0	123127.0
-1318	123599.0	122476.0
-1317	124021.0	123732.0
-1316	124148.0	122819.0
-1315	124175.0	123087.0
-1314	123965.0	123153.0
-1313	123911.0	123745.0
-1312	123655.0	123626.0
-1311	123935.0	123707.0
-1310	123870.0	123590.0
-1309	123877.0	123665.0
-1308	123774.0	123219.0
-1307	123606.0	123382.0
-1306	124419.0	123423.0
-1305	124379.0	123152.0
-1304	123429.0	122731.0
-1303	124142.0	122706.0
-1302	123556.0	123161.0
-1301	123581.0	122884.0
-1300	124408.0	122949.0
-1299	123393.0	122910.0
-1298	123767.0	122672.0
-1297	123754.0	122822.0
-1296	123869.0	122898.0
-1295	123561.0	123168.0
-1294	124132.0	122447.0
-1293	124093.0	122823.0
-1292	123527.0	122861.0
-1291	123933.0	123144.0
-1290	123754.0	123068.0
-1289	123753.0	122505.0
-1288	124072.0	122626.0
-1287	124334.0	122659.0
-1286	123879.0	121633.0
-1285	123501.0	123139.0
-1284	123468.0	122816.0
-1283	123296.0	122036.0
-1282	123213.0	123015.0
-1281	123818.0	122466.0
-1280	123561.0	122278.0
-1279	123721.0	123090.0
-1278	123805.0	122910.0
-1277	122837.0	122821.0
-1276	123475.0	122812.0
-1275	122856.0	122774.0
-1274	123300.0	122298.0
-1273	122421.0	122900.0
-1272	123277.0	122577.0
-1271	122894.0	121999.0
-1270	123144.0	122591.0
-1269	123583.0	122217.0
-1268	122831.0	122709.0
-1267	123364.0	123370.0
-1266	123347.0	122488.0
-1265	123545.0	123404.0
-1264	122984.0	122197.0
-1263	123230.0	122354.0
-1262	123637.0	122277.0
-1261	123121.0	122039.0
-1260	123238.0	122373.0
-1259	122590.0	122256.0
-1258	123051.0	122875.0
-1257	123459.0	122147.0
-1256	122996.0	122954.0
-1255	122288.0	123169.0
-1254	123266.0	122819.0
-1253	122726.0	122295.0
-1252	122857.0	122145.0
-1251	123230.0	122213.0
-1250	123156.0	122603.0
-1249	123258.0	121997.0
-1248	122573.0	122560.0
-1247	123555.0	122780.0
-1246	122653.0	123108.0
-1245	122855.0	122794.0
-1244	122928.0	122702.0
-1243	123438.0	122268.0
-1242	123191.0	122823.0
-1241	122867.0	122875.0
-1240	122822.0	123096.0
-1239	122010.0	122357.0
-1238	122502.0	123497.0
-1237	122972.0	122993.0
-1236	122702.0	122712.0
-1235	122775.0	122749.0
-1234	122620.0	122881.0
-1233	122443.0	122887.0
-1232	122836.0	123089.0
-1231	122361.0	122482.0
-1230	122699.0	122748.0
-1229	122693.0	122841.0
-1228	122979.0	122890.0
-1227	122664.0	123065.0
-1226	122373.0	122806.0
-1225	122684.0	122917.0
-1224	123027.0	122886.0
-1223	122910.0	123285.0
-1222	123103.0	123012.0
-1221	122179.0	122800.0
-1220	122924.0	122920.0
-1219	122775.0	123241.0
-1218	123418.0	123159.0
-1217	122824.0	123476.0
-1216	123092.0	123332.0
-1215	123065.0	123451.0
-1214	122963.0	123181.0
-1213	123098.0	123757.0
-1212	122759.0	123521.0
-1211	122565.0	123065.0
-1210	123171.0	123383.0
-1209	124237.0	123660.0
-1208	122492.0	123257.0
-1207	122516.0	123393.0
-1206	122818.0	122999.0
-1205	123027.0	123539.0
-1204	122895.0	123296.0
-1203	122660.0	123723.0
-1202	122833.0	123176.0
-1201	123009.0	124214.0
-1200	123186.0	123868.0
-1199	123096.0	123413.0
-1198	123247.0	124304.0
-1197	123472.0	123556.0
-1196	123116.0	124084.0
-1195	122367.0	124500.0
-1194	123231.0	124109.0
-1193	123246.0	123463.0
-1192	122994.0	124295.0
-1191	123084.0	124153.0
-1190	123425.0	123484.0
-1189	123155.0	124386.0
-1188	123425.0	123549.0
-1187	122656.0	123567.0
-1186	123216.0	124004.0
-1185	123814.0	124470.0
-1184	123598.0	124095.0
-1183	123352.0	123963.0
-1182	123727.0	123838.0
-1181	123856.0	124422.0
-1180	123445.0	123974.0
-1179	123361.0	123887.0
-1178	123389.0	124108.0
-1177	123056.0	123927.0
-1176	123863.0	124347.0
-1175	123758.0	124109.0
-1174	123689.0	123675.0
-1173	123355.0	124118.0
-1172	124003.0	124061.0
-1171	123847.0	124482.0
-1170	124562.0	124193.0
-1169	124087.0	124081.0
-1168	123635.0	124001.0
-1167	123214.0	124148.0
-1166	123820.0	124247.0
-1165	123648.0	124441.0
-1164	124604.0	124437.0
-1163	124445.0	124439.0
-1162	124015.0	124285.0
-1161	123720.0	124193.0
-1160	124067.0	124178.0
-1159	124436.0	123776.0
-1158	124268.0	124027.0
-1157	124426.0	124019.0
-1156	124430.0	123929.0
-1155	123819.0	124525.0
-1154	124567.0	124391.0
-1153	124481.0	124006.0
-1152	124981.0	124428.0
-1151	124423.0	123805.0
-1150	124071.0	124240.0
-1149	124291.0	123851.0
-1148	124089.0	123644.0
-1147	124660.0	124464.0
-1146	125195.0	124084.0
-1145	124434.0	124488.0
-1144	124380.0	124741.0
-1143	124884.0	123869.0
-1142	123905.0	123393.0
-1141	124545.0	124178.0
-1140	124831.0	123407.0
-1139	124667.0	123831.0
-1138	124394.0	124463.0
-1137	125053.0	123903.0
-1136	124011.0	123888.0
-1135	124043.0	124061.0
-1134	124250.0	124448.0
-1133	124457.0	123600.0
-1132	124276.0	124315.0
-1131	124729.0	123335.0
-1130	125254.0	124012.0
-1129	124998.0	124217.0
-1128	124329.0	123864.0
-1127	124889.0	123911.0
-1126	124745.0	123657.0
-1125	124939.0	125097.0
-1124	125020.0	123961.0
-1123	124775.0	123855.0
-1122	124878.0	123902.0
-1121	124392.0	123026.0
-1120	124724.0	123822.0
-1119	124471.0	123630.0
-1118	124996.0	123828.0
-1117	124174.0	123687.0
-1116	124810.0	123346.0
-1115	123902.0	123618.0
-1114	123929.0	123642.0
-1113	124141.0	123831.0
-1112	124588.0	123743.0
-1111	125015.0	123695.0
-1110	124644.0	123399.0
-1109	124510.0	123343.0
-1108	124611.0	123393.0
-1107	124276.0	123577.0
-1106	124608.0	122969.0
-1105	124562.0	123472.0
-1104	124356.0	123840.0
-1103	124005.0	123663.0
-1102	124017.0	123300.0
-1101	124362.0	123355.0
-1100	124530.0	123300.0
-1099	124551.0	123559.0
-1098	124134.0	123055.0
-1097	124173.0	122510.0
-1096	123600.0	123177.0
-1095	124585.0	122877.0
-1094	124391.0	122662.0
-1093	124483.0	122367.0
-1092	123601.0	122882.0
-1091	123535.0	122853.0
-1090	124174.0	123251.0
-1089	124060.0	123457.0
-1088	124539.0	123036.0
-1087	123841.0	122841.0
-1086	123273.0	122860.0
-1085	123722.0	122509.0
-1084	123895.0	122544.0
-1083	123148.0	122642.0
-1082	123728.0	122807.0
-1081	123256.0	123839.0
-1080	123538.0	122662.0
-1079	123504.0	123213.0
-1078	123050.0	122956.0
-1077	123499.0	122470.0
-1076	123768.0	122859.0
-1075	124010.0	122937.0
-1074	123626.0	122844.0
-1073	123773.0	123328.0
-1072	123570.0	123125.0
-1071	123630.0	123013.0
-1070	123968.0	122504.0
-1069	123888.0	122811.0
-1068	123495.0	122910.0
-1067	123001.0	122667.0
-1066	123690.0	122927.0
-1065	122888.0	122486.0
-1064	123411.0	122859.0
-1063	123349.0	123380.0
-1062	123731.0	122741.0
-1061	123300.0	123066.0
-1060	122840.0	123142.0
-1059	122954.0	123341.0
-1058	122911.0	123258.0
-1057	122937.0	123111.0
-1056	123426.0	123275.0
-1055	123527.0	122720.0
-1054	123068.0	122733.0
-1053	122958.0	122751.0
-1052	123429.0	123078.0
-1051	123034.0	122871.0
-1050	123024.0	123062.0
-1049	122682.0	122958.0
-1048	122895.0	122937.0
-1047	123607.0	122805.0
-1046	123198.0	123553.0
-1045	122541.0	122913.0
-1044	122709.0	123433.0
-1043	122402.0	122744.0
-1042	122660.0	123107.0
-1041	123153.0	123083.0
-1040	123186.0	122643.0
-1039	123311.0	122904.0
-1038	123258.0	123383.0
-1037	123140.0	122630.0
-1036	122885.0	123286.0
-1035	123377.0	123280.0
-1034	122671.0	123169.0
-1033	123041.0	123366.0
-1032	122786.0	123417.0
-1031	122994.0	123750.0
-1030	122551.0	123609.0
-1029	123116.0	123408.0
-1028	123143.0	123818.0
-1027	122831.0	123917.0
-1026	122892.0	123592.0
-1025	123067.0	124096.0
-1024	122812.0	123384.0
-1023	122689.0	124143.0
-1022	122968.0	123639.0
-1021	122841.0	123700.0
-1020	123177.0	123741.0
-1019	123248.0	123496.0
-1018	122818.0	123264.0
-1017	122685.0	123809.0
-1016	123289.0	123851.0
-1015	123113.0	124226.0
-1014	123283.0	124143.0
-1013	123105.0	123944.0
-1012	123488.0	123975.0
-1011	124098.0	124168.0
-1010	122780.0	124320.0
-1009	122769.0	124613.0
-1008	123325.0	124952.0
-1007	123346.0	124580.0
-1006	123231.0	124183.0
-1005	123729.0	124109.0
-1004	123131.0	123940.0
-1003	123478.0	124511.0
-1002	123988.0	124380.0
-1001	123505.0	124434.0
-1000	122917.0	124196.0
-999	123614.0	124639.0
-998	123240.0	124309.0
-997	123907.0	124398.0
-996	123808.0	124632.0
-995	123584.0	124786.0
-994	123886.0	124903.0
-993	123789.0	124360.0
-992	124284.0	124556.0
-991	123411.0	124723.0
-990	124447.0	124522.0
-989	123316.0	124813.0
-988	123399.0	125077.0
-987	124137.0	124924.0
-986	124045.0	124575.0
-985	124761.0	124728.0
-984	124438.0	125290.0
-983	123963.0	124883.0
-982	124116.0	124477.0
-981	124499.0	124755.0
-980	124195.0	124512.0
-979	125005.0	124942.0
-978	124611.0	124954.0
-977	124387.0	124994.0
-976	124018.0	125070.0
-975	124694.0	124861.0
-974	124474.0	125107.0
-973	124798.0	125642.0
-972	124631.0	125344.0
-971	125031.0	125004.0
-970	125054.0	124946.0
-969	124763.0	124822.0
-968	125545.0	124813.0
-967	124892.0	124542.0
-966	125313.0	124423.0
-965	125054.0	124651.0
-964	125242.0	124782.0
-963	125144.0	125743.0
-962	125169.0	124751.0
-961	125492.0	125415.0
-960	125304.0	124910.0
-959	125298.0	124594.0
-958	124847.0	125057.0
-957	125203.0	125067.0
-956	125471.0	124395.0
-955	125626.0	124641.0
-954	125738.0	125019.0
-953	125096.0	125089.0
-952	125317.0	124526.0
-951	125032.0	124339.0
-950	125650.0	124381.0
-949	126056.0	124781.0
-948	125170.0	124441.0
-947	125668.0	124899.0
-946	125609.0	125023.0
-945	125826.0	124654.0
-944	125322.0	124334.0
-943	125078.0	124540.0
-942	125507.0	124039.0
-941	125503.0	124186.0
-940	124662.0	124599.0
-939	125032.0	124500.0
-938	124942.0	123819.0
-937	125456.0	124185.0
-936	124885.0	124378.0
-935	125451.0	124542.0
-934	124852.0	124674.0
-933	125560.0	124594.0
-932	125752.0	124634.0
-931	125757.0	123852.0
-930	125310.0	124168.0
-929	125212.0	124056.0
-928	125380.0	124122.0
-927	125667.0	124474.0
-926	125117.0	124208.0
-925	124253.0	124177.0
-924	125364.0	124123.0
-923	125181.0	124025.0
-922	125411.0	124159.0
-921	125926.0	124114.0
-920	125742.0	124064.0
-919	125962.0	123823.0
-918	125448.0	124139.0
-917	125262.0	123476.0
-916	125186.0	124228.0
-915	125181.0	124202.0
-914	124729.0	124036.0
-913	125659.0	123544.0
-912	125336.0	123892.0
-911	125174.0	124192.0
-910	125132.0	123270.0
-909	124893.0	123738.0
-908	125183.0	123464.0
-907	124808.0	123367.0
-906	125211.0	123779.0
-905	124604.0	123043.0
-904	124598.0	123006.0
-903	124780.0	122871.0
-902	124648.0	123480.0
-901	124018.0	123260.0
-900	124752.0	122988.0
-899	124734.0	122654.0
-898	124529.0	123380.0
-897	124911.0	123171.0
-896	124408.0	123083.0
-895	124460.0	123032.0
-894	124934.0	123336.0
-893	123921.0	123187.0
-892	123910.0	122977.0
-891	123899.0	123323.0
-890	123927.0	123536.0
-889	123996.0	123438.0
-888	124161.0	123610.0
-887	124654.0	122812.0
-886	124284.0	123292.0
-885	124207.0	122893.0
-884	124219.0	122874.0
-883	123547.0	122966.0
-882	125040.0	122868.0
-881	123723.0	123086.0
-880	123517.0	122804.0
-879	124240.0	123903.0
-878	123715.0	122930.0
-877	123816.0	123380.0
-876	123752.0	122779.0
-875	124022.0	122730.0
-874	123892.0	122499.0
-873	123393.0	123115.0
-872	123930.0	122967.0
-871	123228.0	122939.0
-870	123424.0	123183.0
-869	123498.0	123024.0
-868	123741.0	123038.0
-867	123466.0	122960.0
-866	123804.0	123107.0
-865	123713.0	123731.0
-864	123896.0	123103.0
-863	123285.0	123273.0
-862	123091.0	124066.0
-861	122990.0	123107.0
-860	122784.0	123451.0
-859	123143.0	123628.0
-858	123025.0	123585.0
-857	122892.0	123367.0
-856	122864.0	123600.0
-855	123570.0	123316.0
-854	123496.0	123591.0
-853	123131.0	123520.0
-852	122958.0	123686.0
-851	123244.0	123279.0
-850	122845.0	123737.0
-849	123040.0	124206.0
-848	123348.0	124164.0
-847	123373.0	124031.0
-846	122974.0	123870.0
-845	123521.0	124231.0
-844	122819.0	123707.0
-843	122877.0	123890.0
-842	123126.0	123477.0
-841	122796.0	124114.0
-840	123378.0	123912.0
-839	123322.0	123976.0
-838	122920.0	124353.0
-837	124147.0	124081.0
-836	123530.0	124200.0
-835	123693.0	124591.0
-834	122582.0	123627.0
-833	122868.0	124383.0
-832	122854.0	124365.0
-831	123104.0	124981.0
-830	123242.0	124113.0
-829	123625.0	124726.0
-828	123192.0	123930.0
-827	122610.0	124303.0
-826	123179.0	125034.0
-825	123593.0	124884.0
-824	122727.0	124037.0
-823	123034.0	124315.0
-822	123331.0	124661.0
-821	123304.0	124704.0
-820	122785.0	125537.0
-819	123474.0	124697.0
-818	123728.0	124603.0
-817	123294.0	125484.0
-816	123479.0	125201.0
-815	123705.0	124970.0
-814	123287.0	125189.0
-813	124080.0	124866.0
-812	123619.0	124986.0
-811	123951.0	124964.0
-810	124220.0	125175.0
-809	123747.0	125374.0
-808	123705.0	125031.0
-807	123595.0	125815.0
-806	124173.0	124971.0
-805	123660.0	125272.0
-804	124139.0	125353.0
-803	124226.0	125159.0
-802	124355.0	125729.0
-801	124565.0	125323.0
-800	124917.0	125246.0
-799	124322.0	125655.0
-798	124094.0	124825.0
-797	124128.0	125320.0
-796	124378.0	125207.0
-795	124553.0	125103.0
-794	124557.0	125590.0
-793	124751.0	126089.0
-792	125241.0	125642.0
-791	124499.0	125465.0
-790	124725.0	125753.0
-789	125055.0	125160.0
-788	124709.0	125811.0
-787	124674.0	125759.0
-786	124888.0	125648.0
-785	125401.0	125647.0
-784	125039.0	126064.0
-783	125836.0	126048.0
-782	125558.0	126052.0
-781	125369.0	125940.0
-780	125720.0	126047.0
-779	125619.0	125910.0
-778	125211.0	126160.0
-777	125472.0	125909.0
-776	125120.0	125951.0
-775	125974.0	126118.0
-774	125571.0	125852.0
-773	125753.0	124946.0
-772	125736.0	126512.0
-771	125802.0	125979.0
-770	126255.0	125588.0
-769	126033.0	125422.0
-768	126966.0	125857.0
-767	126305.0	125836.0
-766	126346.0	126271.0
-765	126779.0	125005.0
-764	126029.0	124865.0
-763	125988.0	126027.0
-762	126666.0	125864.0
-761	126431.0	125352.0
-760	126393.0	125505.0
-759	126766.0	125752.0
-758	126933.0	126111.0
-757	126809.0	125511.0
-756	126668.0	126000.0
-755	126277.0	124601.0
-754	126176.0	125284.0
-753	126219.0	125401.0
-752	126817.0	125273.0
-751	126482.0	125131.0
-750	127043.0	125305.0
-749	126386.0	124701.0
-748	126383.0	125848.0
-747	127459.0	124635.0
-746	126938.0	125467.0
-745	126648.0	125760.0
-744	127124.0	124843.0
-743	126836.0	124933.0
-742	127073.0	124718.0
-741	127117.0	124457.0
-740	126840.0	124481.0
-739	126938.0	124732.0
-738	126640.0	125281.0
-737	126445.0	124506.0
-736	126319.0	125050.0
-735	126325.0	124856.0
-734	126815.0	124503.0
-733	126370.0	124266.0
-732	126577.0	123898.0
-731	126491.0	124406.0
-730	126799.0	124328.0
-729	126886.0	124485.0
-728	126388.0	124488.0
-727	126776.0	124316.0
-726	126471.0	124055.0
-725	126439.0	124008.0
-724	126304.0	124172.0
-723	126304.0	124335.0
-722	126307.0	124494.0
-721	126089.0	123895.0
-720	126154.0	124394.0
-719	126424.0	123530.0
-718	125797.0	124375.0
-717	125929.0	124304.0
-716	125538.0	123501.0
-715	125756.0	123922.0
-714	126100.0	123242.0
-713	125860.0	124222.0
-712	126191.0	124083.0
-711	125877.0	123628.0
-710	125407.0	124011.0
-709	125323.0	123790.0
-708	125676.0	123732.0
-707	125116.0	123749.0
-706	125536.0	123626.0
-705	125362.0	123642.0
-704	125386.0	122716.0
-703	124939.0	123849.0
-702	125098.0	124283.0
-701	124625.0	122781.0
-700	125029.0	123298.0
-699	125113.0	123429.0
-698	124422.0	123289.0
-697	124975.0	123344.0
-696	125097.0	122859.0
-695	124573.0	123261.0
-694	124430.0	123282.0
-693	124605.0	123121.0
-692	124459.0	123030.0
-691	124276.0	123125.0
-690	124882.0	123304.0
-689	124438.0	123168.0
-688	123935.0	123287.0
-687	124586.0	123517.0
-686	124373.0	122410.0
-685	124129.0	123126.0
-684	124411.0	123591.0
-683	123771.0	122764.0
-682	124250.0	123142.0
-681	124303.0	123124.0
-680	123520.0	122925.0
-679	123268.0	123310.0
-678	123530.0	123492.0
-677	123299.0	122767.0
-676	123195.0	123024.0
-675	123709.0	123278.0
-674	124106.0	123113.0
-673	123156.0	123938.0
-672	123930.0	123070.0
-671	123443.0	122773.0
-670	122736.0	124095.0
-669	122886.0	123533.0
-668	123037.0	123230.0
-667	123148.0	123238.0
-666	123075.0	123414.0
-665	123302.0	123256.0
-664	122956.0	123125.0
-663	123437.0	123604.0
-662	123102.0	123828.0
-661	122714.0	124117.0
-660	123243.0	123522.0
-659	122603.0	123329.0
-658	123126.0	123839.0
-657	122754.0	123869.0
-656	122963.0	123654.0
-655	123140.0	124158.0
-654	122892.0	123718.0
-653	122582.0	123537.0
-652	122711.0	123883.0
-651	122463.0	123780.0
-650	122555.0	124195.0
-649	122592.0	123830.0
-648	123419.0	123901.0
-647	122910.0	124241.0
-646	122361.0	123763.0
-645	123390.0	123974.0
-644	122325.0	123810.0
-643	122499.0	123862.0
-642	123162.0	124476.0
-641	123040.0	124542.0
-640	122470.0	125284.0
-639	122937.0	125194.0
-638	123135.0	124394.0
-637	122509.0	124858.0
-636	123210.0	125196.0
-635	122847.0	124182.0
-634	122378.0	124958.0
-633	122812.0	124729.0
-632	122809.0	124786.0
-631	122704.0	124963.0
-630	123069.0	125141.0
-629	123135.0	125359.0
-628	122878.0	124886.0
-627	123075.0	125484.0
-626	122464.0	125399.0
-625	123790.0	125397.0
-624	123346.0	126391.0
-623	122981.0	126207.0
-622	123136.0	125739.0
-621	123879.0	125955.0
-620	123337.0	126250.0
-619	123550.0	126342.0
-618	124241.0	126088.0
-617	123768.0	125791.0
-616	123458.0	126812.0
-615	124045.0	126364.0
-614	124434.0	126636.0
-613	123455.0	126909.0
-612	124051.0	126619.0
-611	124155.0	125847.0
-610	123588.0	127054.0
-609	124772.0	127349.0
-608	124763.0	126638.0
-607	125194.0	126996.0
-606	125049.0	126662.0
-605	124923.0	126492.0
-604	125241.0	127790.0
-603	125020.0	126624.0
-602	125367.0	126393.0
-601	124721.0	127091.0
-600	125435.0	127251.0
-599	125928.0	125800.0
-598	125587.0	127536.0
-597	126161.0	126996.0
-596	125637.0	126864.0
-595	125885.0	127566.0
-594	126012.0	127269.0
-593	125954.0	126769.0
-592	125772.0	127592.0
-591	126578.0	126598.0
-590	126616.0	127253.0
-589	126424.0	126997.0
-588	126864.0	127182.0
-587	126553.0	126655.0
-586	126784.0	126596.0
-585	127211.0	127075.0
-584	126789.0	126602.0
-583	127390.0	127338.0
-582	127864.0	127192.0
-581	127862.0	127195.0
-580	127317.0	127087.0
-579	127638.0	127030.0
-578	127349.0	127006.0
-577	127713.0	127020.0
-576	127991.0	126814.0
-575	127356.0	127108.0
-574	127770.0	127456.0
-573	128505.0	126543.0
-572	128080.0	126170.0
-571	127597.0	126671.0
-570	128150.0	127090.0
-569	128210.0	126343.0
-568	127576.0	126516.0
-567	127798.0	126981.0
-566	128014.0	126985.0
-565	128663.0	126530.0
-564	129068.0	126539.0
-563	128644.0	126837.0
-562	128908.0	126469.0
-561	128634.0	127007.0
-560	128612.0	126010.0
-559	128841.0	126619.0
-558	128642.0	125959.0
-557	128369.0	125382.0
-556	128625.0	125890.0
-555	128695.0	126121.0
-554	128850.0	126203.0
-553	129040.0	125662.0
-552	128553.0	126581.0
-551	129060.0	125316.0
-550	128900.0	126460.0
-549	128798.0	125953.0
-548	128732.0	125570.0
-547	129298.0	126365.0
-546	129229.0	126362.0
-545	128518.0	125655.0
-544	128629.0	125600.0
-543	129552.0	124952.0
-542	129507.0	124881.0
-541	129214.0	124892.0
-540	128648.0	124703.0
-539	128077.0	124404.0
-538	128153.0	124805.0
-537	129059.0	125263.0
-536	128459.0	124266.0
-535	128328.0	125132.0
-534	128343.0	124055.0
-533	128175.0	123948.0
-532	127752.0	124438.0
-531	127588.0	124270.0
-530	127807.0	124331.0
-529	127430.0	124629.0
-528	127645.0	124162.0
-527	127925.0	124197.0
-526	128178.0	124365.0
-525	127777.0	124111.0
-524	126717.0	123687.0
-523	126903.0	124350.0
-522	127354.0	124285.0
-521	126872.0	123270.0
-520	127210.0	123608.0
-519	127428.0	123333.0
-518	126353.0	122924.0
-517	126192.0	123319.0
-516	126353.0	123603.0
-515	125905.0	123159.0
-514	126027.0	124275.0
-513	126676.0	123653.0
-512	126173.0	122732.0
-511	126525.0	123897.0
-510	126113.0	122693.0
-509	125840.0	122741.0
-508	126589.0	123226.0
-507	126439.0	122890.0
-506	125138.0	123215.0
-505	125670.0	122568.0
-504	125547.0	123435.0
-503	125426.0	122877.0
-502	124374.0	122652.0
-501	125222.0	122502.0
-500	125269.0	122865.0
-499	125160.0	122768.0
-498	125225.0	122869.0
-497	124316.0	122430.0
-496	123877.0	122715.0
-495	124653.0	122441.0
-494	124546.0	122763.0
-493	124339.0	122620.0
-492	124260.0	123010.0
-491	124016.0	122559.0
-490	123923.0	123488.0
-489	124483.0	123025.0
-488	123644.0	122123.0
-487	123412.0	122908.0
-486	123865.0	123179.0
-485	122789.0	122861.0
-484	123909.0	123119.0
-483	124338.0	122996.0
-482	123249.0	122330.0
-481	123113.0	122698.0
-480	123521.0	123026.0
-479	122842.0	122728.0
-478	122895.0	122520.0
-477	122925.0	122860.0
-476	123223.0	123153.0
-475	122834.0	123200.0
-474	123076.0	122507.0
-473	122554.0	122720.0
-472	122675.0	122828.0
-471	122771.0	123207.0
-470	122531.0	123220.0
-469	122427.0	124144.0
-468	122302.0	123239.0
-467	122061.0	123442.0
-466	122342.0	123706.0
-465	123184.0	123854.0
-464	123196.0	123264.0
-463	122807.0	123730.0
-462	122956.0	123752.0
-461	122162.0	123190.0
-460	121962.0	124160.0
-459	122626.0	124218.0
-458	122230.0	123356.0
-457	121954.0	123933.0
-456	122335.0	124056.0
-455	122691.0	124216.0
-454	122335.0	124508.0
-453	122611.0	124677.0
-452	121822.0	124614.0
-451	122294.0	124451.0
-450	122029.0	124348.0
-449	122486.0	124883.0
-448	121626.0	126312.0
-447	122157.0	124838.0
-446	122484.0	124935.0
-445	122398.0	125639.0
-444	123007.0	125526.0
-443	122680.0	125966.0
-442	122346.0	125765.0
-441	122844.0	125987.0
-440	123130.0	126198.0
-439	122633.0	127383.0
-438	123856.0	126476.0
-437	122612.0	126695.0
-436	122298.0	126957.0
-435	123710.0	127218.0
-434	123201.0	126730.0
-433	123343.0	127011.0
-432	124150.0	127032.0
-431	123050.0	127193.0
-430	123108.0	127376.0
-429	123404.0	127100.0
-428	124013.0	127920.0
-427	124395.0	127460.0
-426	124829.0	128041.0
-425	124452.0	127847.0
-424	123803.0	127559.0
-423	125278.0	127616.0
-422	124311.0	127959.0
-421	124317.0	128543.0
-420	125586.0	128323.0
-419	125507.0	128603.0
-418	125609.0	128474.0
-417	125975.0	128237.0
-416	125600.0	128651.0
-415	125985.0	129291.0
-414	126407.0	128946.0
-413	125881.0	128996.0
-412	126453.0	129609.0
-411	126895.0	129449.0
-410	126712.0	128301.0
-409	126865.0	128826.0
-408	128489.0	129197.0
-407	127572.0	128906.0
-406	127628.0	129663.0
-405	128147.0	129366.0
-404	128173.0	128971.0
-403	128004.0	129875.0
-402	129233.0	129652.0
-401	128334.0	129269.0
-400	128663.0	129672.0
-399	129365.0	129230.0
-398	129202.0	129457.0
-397	130177.0	129758.0
-396	129686.0	129825.0
-395	129352.0	129622.0
-394	130335.0	130256.0
-393	130014.0	130016.0
-392	130176.0	129434.0
-391	129948.0	129836.0
-390	130978.0	129513.0
-389	131647.0	128785.0
-388	130832.0	129743.0
-387	131740.0	129085.0
-386	131003.0	129221.0
-385	130668.0	129797.0
-384	131669.0	128794.0
-383	131494.0	129028.0
-382	131183.0	129645.0
-381	132288.0	129588.0
-380	131673.0	128232.0
-379	131713.0	129272.0
-378	132412.0	128857.0
-377	132418.0	128421.0
-376	131682.0	128205.0
-375	132627.0	128363.0
-374	132223.0	128141.0
-373	132130.0	129028.0
-372	132140.0	128580.0
-371	132952.0	127930.0
-370	132914.0	128258.0
-369	133097.0	128515.0
-368	132372.0	127663.0
-367	133128.0	127788.0
-366	133555.0	127835.0
-365	132777.0	127575.0
-364	132906.0	127928.0
-363	132994.0	127672.0
-362	131857.0	127236.0
-361	132497.0	127344.0
-360	132874.0	126848.0
-359	131958.0	126865.0
-358	132012.0	126722.0
-357	132933.0	127150.0
-356	132373.0	125415.0
-355	131946.0	127242.0
-354	132769.0	126943.0
-353	131376.0	125741.0
-352	132099.0	126235.0
-351	131991.0	125444.0
-350	131836.0	126007.0
-349	130913.0	125819.0
-348	131840.0	125236.0
-347	131548.0	125037.0
-346	131281.0	125547.0
-345	131266.0	125086.0
-344	131225.0	125009.0
-343	131109.0	125348.0
-342	130857.0	124750.0
-341	130609.0	124344.0
-340	130430.0	125424.0
-339	130377.0	124650.0
-338	129347.0	123876.0
-337	129743.0	124799.0
-336	130329.0	124605.0
-335	129436.0	123537.0
-334	129180.0	124521.0
-333	129376.0	124407.0
-332	128259.0	123073.0
-331	128047.0	123225.0
-330	128484.0	123643.0
-329	127674.0	123255.0
-328	127823.0	123736.0
-327	128096.0	123387.0
-326	127432.0	122730.0
-325	126626.0	123798.0
-324	127450.0	123161.0
-323	126813.0	123018.0
-322	126356.0	123342.0
-321	126862.0	123190.0
-320	126401.0	122578.0
-319	126362.0	123546.0
-318	127250.0	122482.0
-317	126240.0	121684.0
-316	125711.0	122801.0
-315	125975.0	122634.0
-314	125596.0	122323.0
-313	124983.0	122858.0
-312	125744.0	122707.0
-311	124987.0	121401.0
-310	124619.0	122596.0
-309	125431.0	122544.0
-308	124475.0	121841.0
-307	124438.0	123183.0
-306	124426.0	122513.0
-305	123538.0	121654.0
-304	124380.0	122252.0
-303	124307.0	121932.0
-302	123638.0	121486.0
-301	122929.0	121910.0
-300	123854.0	122257.0
-299	123545.0	122255.0
-298	123051.0	122425.0
-297	123926.0	121706.0
-296	122891.0	121642.0
-295	123428.0	122467.0
-294	123270.0	122580.0
-293	122574.0	121857.0
-292	121326.0	122634.0
-291	122487.0	121882.0
-290	123016.0	121426.0
-289	122218.0	122332.0
-288	122832.0	122790.0
-287	122459.0	121695.0
-286	122095.0	122331.0
-285	122708.0	123109.0
-284	121681.0	122167.0
-283	122196.0	123349.0
-282	122034.0	123148.0
-281	121823.0	122982.0
-280	122006.0	122599.0
-279	122709.0	122996.0
-278	122516.0	123535.0
-277	121915.0	123412.0
-276	122067.0	123743.0
-275	121272.0	123317.0
-274	121578.0	123682.0
-273	121585.0	124060.0
-272	121835.0	124011.0
-271	121869.0	124799.0
-270	121751.0	124369.0
-269	122226.0	124319.0
-268	122102.0	125630.0
-267	122210.0	125004.0
-266	122186.0	124536.0
-265	121130.0	125687.0
-264	122460.0	125302.0
-263	122265.0	125445.0
-262	122441.0	126183.0
-261	122698.0	125270.0
-260	121825.0	125559.0
-259	122162.0	126634.0
-258	122984.0	127027.0
-257	122345.0	126244.0
-256	122041.0	126682.0
-255	122590.0	127117.0
-254	122622.0	127047.0
-253	123168.0	127895.0
-252	123415.0	127954.0
-251	123120.0	127756.0
-250	123429.0	128319.0
-249	123639.0	128472.0
-248	124070.0	127858.0
-247	123551.0	129407.0
-246	123973.0	129703.0
-245	123557.0	128857.0
-244	123927.0	129581.0
-243	125275.0	130224.0
-242	124751.0	129960.0
-241	124731.0	130505.0
-240	125980.0	130380.0
-239	124661.0	130061.0
-238	125892.0	131626.0
-237	126062.0	131047.0
-236	125808.0	130636.0
-235	126006.0	132068.0
-234	127432.0	131607.0
-233	126893.0	131510.0
-232	127113.0	131801.0
-231	128081.0	131960.0
-230	127368.0	132177.0
-229	127532.0	133056.0
-228	128429.0	132311.0
-227	128394.0	131928.0
-226	128611.0	133885.0
-225	130118.0	132732.0
-224	129237.0	133074.0
-223	130217.0	133776.0
-222	130885.0	134109.0
-221	129765.0	133616.0
-220	130115.0	133996.0
-219	131599.0	134000.0
-218	131190.0	133309.0
-217	131620.0	133537.0
-216	133064.0	133918.0
-215	132320.0	133620.0
-214	132395.0	134385.0
-213	133996.0	134456.0
-212	133022.0	133615.0
-211	133639.0	134695.0
-210	135051.0	133993.0
-209	134383.0	133811.0
-208	133879.0	134302.0
-207	135593.0	133661.0
-206	134615.0	133522.0
-205	135860.0	134049.0
-204	136167.0	134107.0
-203	136137.0	134172.0
-202	136039.0	134034.0
-201	137017.0	133798.0
-200	136829.0	133003.0
-199	137463.0	133912.0
-198	138093.0	133602.0
-197	137334.0	132707.0
-196	138110.0	133581.0
-195	139300.0	133059.0
-194	138654.0	132829.0
-193	138504.0	133386.0
-192	140172.0	132864.0
-191	138739.0	131333.0
-190	139581.0	132304.0
-189	140207.0	132308.0
-188	138549.0	130897.0
-187	140067.0	131345.0
-186	140801.0	131422.0
-185	139352.0	130710.0
-184	140444.0	131468.0
-183	140349.0	131189.0
-182	140376.0	129757.0
-181	139731.0	131079.0
-180	140888.0	131126.0
-179	140309.0	130072.0
-178	139107.0	130623.0
-177	140465.0	129071.0
-176	139766.0	129239.0
-175	139441.0	129942.0
-174	140153.0	128784.0
-173	139288.0	127543.0
-172	139117.0	129132.0
-171	140333.0	128342.0
-170	138941.0	127509.0
-169	138384.0	127710.0
-168	139284.0	127608.0
-167	137676.0	127554.0
-166	138068.0	127771.0
-165	138406.0	127115.0
-164	136279.0	126860.0
-163	136804.0	126741.0
-162	137681.0	126536.0
-161	135983.0	125732.0
-160	135567.0	126394.0
-159	136655.0	126581.0
-158	135160.0	125230.0
-157	134489.0	125594.0
-156	134684.0	125157.0
-155	133332.0	124323.0
-154	133233.0	125087.0
-153	134042.0	124886.0
-152	132277.0	124026.0
-151	132350.0	125307.0
-150	131790.0	123925.0
-149	130675.0	123872.0
-148	130162.0	124387.0
-147	130517.0	124422.0
-146	128923.0	122969.0
-145	128539.0	124136.0
-144	129344.0	123081.0
-143	128269.0	121950.0
-142	129093.0	123331.0
-141	127874.0	123078.0
-140	126244.0	122127.0
-139	124848.0	122990.0
-138	124608.0	122847.0
-137	123275.0	122244.0
-136	123184.0	123313.0
-135	124513.0	122859.0
-134	124640.0	122090.0
-133	125056.0	122959.0
-132	126593.0	122553.0
-131	125449.0	121668.0
-130	124156.0	122526.0
-129	123019.0	122617.0
-128	122290.0	122304.0
-127	120732.0	123419.0
-126	122003.0	122664.0
-125	120824.0	121613.0
-124	120911.0	122452.0
-123	123238.0	123286.0
-122	123667.0	121397.0
-121	123471.0	123033.0
-120	123818.0	122703.0
-119	121628.0	121915.0
-118	120282.0	122943.0
-117	119934.0	123142.0
-116	119469.0	122182.0
-115	119271.0	123304.0
-114	121587.0	123076.0
-113	121955.0	122228.0
-112	122509.0	122879.0
-111	123877.0	122151.0
-110	122410.0	121883.0
-109	121266.0	123123.0
-108	121830.0	123153.0
-107	119832.0	121959.0
-106	119056.0	123665.0
-105	120057.0	123467.0
-104	119678.0	122915.0
-103	121764.0	123655.0
-102	122882.0	123556.0
-101	122632.0	122028.0
-100	123198.0	123092.0
-99	123399.0	124039.0
-98	121180.0	123261.0
-97	120231.0	124175.0
-96	120981.0	124333.0
-95	119842.0	124201.0
-94	120497.0	124634.0
-93	122087.0	124421.0
-92	121963.0	124187.0
-91	122298.0	124711.0
-90	122856.0	125046.0
-89	122517.0	124080.0
-88	121524.0	125531.0
-87	122708.0	125541.0
-86	120322.0	125442.0
-85	120004.0	126298.0
-84	120863.0	125774.0
-83	120722.0	124601.0
-82	120934.0	125991.0
-81	121866.0	126433.0
-80	121044.0	125831.0
-79	121093.0	128022.0
-78	122169.0	127589.0
-77	122194.0	127166.0
-76	121908.0	129170.0
-75	123160.0	129350.0
-74	121920.0	128007.0
-73	123153.0	128898.0
-72	124436.0	129586.0
-71	123893.0	127930.0
-70	124544.0	129525.0
-69	125212.0	129654.0
-68	123219.0	128909.0
-67	123777.0	131520.0
-66	124738.0	132481.0
-65	123930.0	131659.0
-64	124391.0	133194.0
-63	126072.0	132109.0
-62	125112.0	131683.0
-61	125388.0	132840.0
-60	128068.0	133131.0
-59	125821.0	132442.0
-58	124858.0	134328.0
-57	125851.0	134428.0
-56	123862.0	134113.0
-55	123888.0	135854.0
-54	125719.0	135785.0
-53	126555.0	135248.0
-52	127817.0	136860.0
-51	130427.0	137552.0
-50	129007.0	136901.0
-49	128766.0	138057.0
-48	129862.0	138372.0
-47	128438.0	137063.0
-46	128252.0	139354.0
-45	129259.0	138746.0
-44	128189.0	138181.0
-43	129072.0	139443.0
-42	132527.0	140396.0
-41	132683.0	139663.0
-40	134256.0	140873.0
-39	136614.0	141052.0
-38	134895.0	140580.0
-37	134160.0	142045.0
-36	134820.0	142367.0
-35	133389.0	141491.0
-34	133959.0	143117.0
-33	137363.0	142615.0
-32	137453.0	141062.0
-31	139312.0	142659.0
-30	142390.0	143501.0
-29	141747.0	141827.0
-28	141409.0	143459.0
-27	142014.0	144032.0
-26	139850.0	142897.0
-25	139377.0	145424.0
-24	141456.0	145118.0
-23	139713.0	142606.0
-22	141254.0	144953.0
-21	144592.0	145786.0
-20	145050.0	144979.0
-19	146862.0	147709.0
-18	147733.0	147961.0
-17	145276.0	146924.0
-16	143978.0	149407.0
-15	145283.0	149170.0
-14	143458.0	147940.0
-13	144045.0	151503.0
-12	149440.0	151035.0
-11	149201.0	148656.0
-10	149008.0	152885.0
-9	150799.0	155131.0
-8	149512.0	157505.0
-7	145446.0	164354.0
-6	143539.0	167380.0
-5	135232.0	165325.0
-4	131942.0	166529.0
-3	147526.0	177732.0
-2	170413.0	173893.0
-1	286325.0	164525.0
0	2181.0	102083.0
1	286070.0	29072.0
2	170066.0	63478.0
3	147242.0	86408.0
4	132422.0	118046.0
5	134882.0	134393.0
6	142835.0	128696.0
7	146355.0	118879.0
8	149289.0	117597.0
9	151726.0	116034.0
10	148915.0	115455.0
11	148372.0	118110.0
12	149417.0	121123.0
13	144816.0	121681.0
14	143559.0	126034.0
15	145368.0	126479.0
16	144413.0	124771.0
17	144969.0	124850.0
18	148086.0	123067.0
19	145651.0	121101.0
20	145542.0	122588.0
21	144229.0	123716.0
22	141671.0	125411.0
23	140089.0	129617.0
24	140898.0	130383.0
25	139271.0	129691.0
26	139738.0	130071.0
27	142246.0	127264.0
28	141485.0	124498.0
29	141550.0	124258.0
30	142700.0	124506.0
31	139545.0	123594.0
32	137633.0	126717.0
33	136146.0	127652.0
34	133858.0	129138.0
35	132670.0	131668.0
36	134421.0	131770.0
37	133743.0	128961.0
38	135136.0	127979.0
39	136177.0	125308.0
40	134132.0	123832.0
41	133044.0	124732.0
42	132791.0	126379.0
43	129105.0	128159.0
44	128039.0	132109.0
45	129265.0	133010.0
46	127425.0	131124.0
47	128926.0	132191.0
48	129925.0	129917.0
49	128846.0	127582.0
50	128633.0	127919.0
51	130034.0	127239.0
52	128274.0	126932.0
53	126067.0	128883.0
54	126211.0	129952.0
55	123761.0	130969.0
56	123749.0	133024.0
57	125008.0	132432.0
58	124938.0	130232.0
59	125731.0	129383.0
60	126752.0	126418.0
61	125593.0	125648.0
62	125506.0	126937.0
63	125805.0	126437.0
64	124985.0	125285.0
65	123485.0	127038.0
66	124620.0	125881.0
67	123487.0	125157.0
68	123321.0	126548.0
69	124792.0	125354.0
70	124218.0	123603.0
71	124198.0	124581.0
72	125129.0	124141.0
73	122745.0	124184.0
74	122843.0	125461.0
75	123408.0	125566.0
76	121928.0	123970.0
77	122197.0	124189.0
78	122531.0	124206.0
79	121514.0	122665.0
80	121617.0	125091.0
81	122060.0	125660.0
82	121064.0	125610.0
83	121114.0	127653.0
84	121103.0	128037.0
85	120389.0	128644.0
86	119974.0	128802.0
87	122160.0	126832.0
88	121462.0	124165.0
89	122278.0	124189.0
90	123322.0	123199.0
91	122594.0	122655.0
92	121977.0	124447.0
93	122609.0	126750.0
94	121357.0	126399.0
95	120394.0	128992.0
96	120910.0	128819.0
97	120644.0	127272.0
98	120882.0	127371.0
99	123406.0	125539.0
100	122702.0	123938.0
101	122898.0	123452.0
102	123469.0	123774.0
103	121915.0	124825.0
104	120206.0	127565.0
105	120180.0	130203.0
106	118881.0	131830.0
107	119450.0	132755.0
108	121540.0	131409.0
109	121946.0	129320.0
110	122487.0	128078.0
111	123426.0	127421.0
112	122129.0	127838.0
113	121671.0	130928.0
114	121654.0	132620.0
115	119943.0	134313.0
116	119358.0	137228.0
117	120395.0	138005.0
118	120253.0	137854.0
119	121338.0	138090.0
120	124053.0	136179.0
121	123787.0	134698.0
122	122875.0	135234.0
123	123136.0	136629.0
124	121876.0	138304.0
125	121301.0	141450.0
126	121497.0	144210.0
127	120672.0	145190.0
128	121896.0	146506.0
129	123828.0	145048.0
130	124065.0	143698.0
131	124585.0	142916.0
132	126672.0	142066.0
133	124838.0	142736.0
134	123862.0	145937.0
135	124266.0	147483.0
136	123327.0	150401.0
137	123315.0	153962.0
138	125171.0	154317.0
139	125434.0	152848.0
140	126447.0	153539.0
141	128527.0	152863.0
142	127988.0	151781.0
143	128806.0	153541.0
144	129746.0	155011.0
145	129040.0	155850.0
146	128304.0	157984.0
147	129996.0	157912.0
148	129836.0	157330.0
149	130977.0	157979.0
150	132642.0	157822.0
151	132208.0	156423.0
152	133128.0	156745.0
153	133940.0	156489.0
154	133665.0	156407.0
155	133863.0	157159.0
156	134740.0	156233.0
157	134300.0	155109.0
158	134467.0	155371.0
159	136288.0	154242.0
160	135181.0	152435.0
161	136549.0	152833.0
162	137090.0	151273.0
163	136982.0	150594.0
164	137939.0	151070.0
165	138773.0	150118.0
166	138003.0	149139.0
167	137876.0	149321.0
168	138813.0	148305.0
169	138852.0	146875.0
170	139124.0	147301.0
171	141342.0	146051.0
172	138863.0	144376.0
173	139105.0	144257.0
174	140710.0	143697.0
175	140831.0	142781.0
176	139822.0	143154.0
177	140335.0	142866.0
178	139580.0	142001.0
179	140050.0	141629.0
180	140049.0	140266.0
181	139268.0	139206.0
182	140339.0	139306.0
183	140273.0	138433.0
184	139898.0	137379.0
185	140128.0	138063.0
186	140382.0	137140.0
187	138889.0	135959.0
188	139799.0	136426.0
189	140075.0	134747.0
190	139287.0	133683.0
191	139831.0	134345.0
192	139817.0	132280.0
193	138673.0	131445.0
194	137861.0	131998.0
195	139190.0	132127.0
196	138040.0	130762.0
197	137850.0	130648.0
198	138676.0	130619.0
199	137333.0	129031.0
200	137179.0	130039.0
201	137260.0	129073.0
202	136698.0	127786.0
203	136851.0	127909.0
204	136648.0	127390.0
205	136183.0	126763.0
206	135039.0	127313.0
207	135493.0	127241.0
208	134740.0	126705.0
209	134612.0	126224.0
210	134452.0	126268.0
211	133909.0	125028.0
212	133121.0	125146.0
213	133727.0	124283.0
214	132671.0	124341.0
215	132917.0	124356.0
216	132528.0	124584.0
217	131243.0	123862.0
218	131321.0	123866.0
219	131367.0	123710.0
220	130063.0	122770.0
221	130147.0	123238.0
222	130820.0	122761.0
223	129886.0	122434.0
224	129555.0	122423.0
225	128716.0	122017.0
226	128315.0	122552.0
227	127814.0	122729.0
228	128606.0	122435.0
229	127627.0	121699.0
230	127363.0	122353.0
231	127539.0	121648.0
232	126531.0	120696.0
233	126632.0	121699.0
234	127581.0	121712.0
235	126195.0	121187.0
236	125401.0	121366.0
237	125975.0	122079.0
238	125283.0	120294.0
239	125536.0	122293.0
240	125598.0	121768.0
241	124869.0	120360.0
242	124636.0	120621.0
243	125036.0	121315.0
244	124533.0	120659.0
245	123645.0	121337.0
246	123690.0	121017.0
247	123509.0	120374.0
248	123365.0	120978.0
249	124454.0	121051.0
250	123761.0	120916.0
251	123596.0	121730.0
252	124379.0	121220.0
253	123028.0	120481.0
254	122110.0	120512.0
255	123007.0	120240.0
256	122898.0	120728.0
257	122136.0	121162.0
258	123176.0	121578.0
259	122181.0	121203.0
260	122238.0	121754.0
261	122407.0	121347.0
262	122106.0	121171.0
263	122257.0	121723.0
264	122878.0	122069.0
265	122077.0	121573.0
266	121665.0	122508.0
267	121556.0	122178.0
268	121841.0	121736.0
269	121567.0	123208.0
270	121966.0	122963.0
271	121159.0	122097.0
272	121872.0	122632.0
273	122343.0	122721.0
274	121534.0	123337.0
275	122145.0	122961.0
276	122269.0	123151.0
277	121669.0	122990.0
278	122008.0	123797.0
279	122566.0	123906.0
280	121459.0	124552.0
281	121959.0	124102.0
282	122752.0	124089.0
283	121707.0	123909.0
284	122120.0	125490.0
285	122509.0	125251.0
286	121975.0	124839.0
287	122683.0	125185.0
288	123049.0	126332.0
289	122442.0	125567.0
290	122684.0	126726.0
291	122986.0	127098.0
292	122571.0	126660.0
293	122632.0	127386.0
294	123594.0	126987.0
295	122785.0	127341.0
296	122647.0	128542.0
297	123704.0	128260.0
298	123568.0	128282.0
299	123698.0	129279.0
300	123181.0	129144.0
301	123733.0	129709.0
302	123917.0	130352.0
303	124198.0	130366.0
304	124145.0	129925.0
305	123996.0	130825.0
306	124432.0	131168.0
307	124400.0	131511.0
308	124447.0	132527.0
309	124901.0	132395.0
310	124514.0	131905.0
311	124966.0	134029.0
312	126033.0	133211.0
313	125125.0	133110.0
314	125122.0	133691.0
315	126441.0	133923.0
316	125299.0	133880.0
317	126149.0	135337.0
318	126653.0	134760.0
319	126443.0	134197.0
320	126740.0	135063.0
321	127332.0	135950.0
322	126906.0	135969.0
323	127155.0	136912.0
324	127374.0	135827.0
325	126892.0	136754.0
326	127584.0	137196.0
327	128254.0	136659.0
328	127960.0	136522.0
329	128770.0	137577.0
330	128706.0	137121.0
331	128580.0	137033.0
332	128906.0	138123.0
333	129219.0	137340.0
334	129803.0	137568.0
335	129266.0	137705.0
336	129861.0	137410.0
337	129491.0	137199.0
338	130096.0	138595.0
339	130304.0	137691.0
340	129770.0	137239.0
341	130506.0	138202.0
342	130749.0	137739.0
343	131426.0	137611.0
344	130738.0	137409.0
345	131111.0	137213.0
346	130854.0	137109.0
347	131280.0	137105.0
348	131265.0	137099.0
349	131290.0	136413.0
350	131413.0	137262.0
351	132300.0	136910.0
352	131830.0	135297.0
353	131688.0	135920.0
354	133344.0	135703.0
355	132251.0	136045.0
356	132231.0	135364.0
357	133063.0	135052.0
358	132802.0	134306.0
359	132409.0	134859.0
360	132902.0	134649.0
361	132899.0	134282.0
362	132479.0	133978.0
363	132845.0	133832.0
364	132429.0	132899.0
365	132698.0	133310.0
366	132948.0	132244.0
367	132317.0	131763.0
368	132053.0	132631.0
369	132597.0	131702.0
370	132587.0	131141.0
371	132506.0	131835.0
372	132627.0	131249.0
373	132521.0	130301.0
374	132176.0	130710.0
375	132924.0	130125.0
376	132442.0	129509.0
377	132012.0	128964.0
378	132379.0	128701.0
379	131908.0	128586.0
380	131966.0	127812.0
381	132310.0	127860.0
382	131434.0	127642.0
383	131839.0	127997.0
384	131712.0	127269.0
385	130875.0	126411.0
386	130767.0	127372.0
387	131285.0	127072.0
388	130880.0	126443.0
389	130253.0	126354.0
390	130996.0	126253.0
391	130609.0	125646.0
392	130208.0	126251.0
393	130488.0	126274.0
394	129462.0	124387.0
395	129585.0	125330.0
396	129555.0	124556.0
397	129468.0	124887.0
398	129253.0	124242.0
399	129136.0	124649.0
400	128628.0	124406.0
401	128543.0	124890.0
402	128637.0	123859.0
403	128822.0	122673.0
404	128259.0	123548.0
405	128207.0	123284.0
406	127853.0	122664.0
407	127734.0	123330.0
408	127703.0	122537.0
409	127374.0	122646.0
410	127047.0	122734.0
411	126889.0	122935.0
412	126287.0	122698.0
413	126292.0	123030.0
414	126307.0	122421.0
415	125999.0	121547.0
416	125333.0	122425.0
417	125849.0	122578.0
418	125322.0	121356.0
419	125466.0	122060.0
420	125469.0	121956.0
421	125346.0	121727.0
422	124427.0	122114.0
423	124943.0	122147.0
424	124402.0	121309.0
425	124141.0	121998.0
426	124312.0	121898.0
427	124087.0	121212.0
428	123687.0	121654.0
429	124343.0	121958.0
430	123878.0	121421.0
431	123347.0	121971.0
432	123730.0	121737.0
433	122857.0	122453.0
434	123403.0	122753.0
435	123329.0	122084.0
436	122916.0	121751.0
437	123599.0	122544.0
438	123607.0	121907.0
439	122484.0	121908.0
440	123202.0	122343.0
441	122464.0	122715.0
442	122286.0	121474.0
443	122408.0	121800.0
444	123078.0	123282.0
445	122453.0	121851.0
446	122778.0	122755.0
447	122514.0	123052.0
448	122306.0	122433.0
449	121233.0	123272.0
450	121943.0	122810.0
451	121971.0	123423.0
452	122718.0	123414.0
453	122627.0	123617.0
454	122341.0	123655.0
455	121456.0	123644.0
456	122690.0	123509.0
457	121661.0	123441.0
458	122200.0	124308.0
459	122612.0	124195.0
460	122062.0	124157.0
461	122082.0	124299.0
462	122878.0	124518.0
463	122378.0	123835.0
464	122883.0	124898.0
465	122948.0	124667.0
466	122263.0	124968.0
467	122308.0	125230.0
468	123048.0	125074.0
469	122580.0	125309.0
470	122190.0	125649.0
471	122380.0	125554.0
472	122640.0	125439.0
473	123076.0	126020.0
474	123273.0	126373.0
475	122872.0	125554.0
476	122624.0	126020.0
477	122902.0	126477.0
478	122901.0	126231.0
479	122848.0	127089.0
480	123309.0	126843.0
481	123278.0	127426.0
482	123288.0	127788.0
483	123985.0	128114.0
484	123799.0	127303.0
485	123507.0	127623.0
486	123469.0	128273.0
487	123214.0	127885.0
488	123483.0	128781.0
489	124484.0	128730.0
490	123919.0	128462.0
491	124234.0	128668.0
492	124593.0	129474.0
493	124359.0	129560.0
494	124775.0	129285.0
495	124764.0	129147.0
496	124977.0	129045.0
497	124565.0	130010.0
498	125185.0	130006.0
499	124266.0	130174.0
500	124394.0	130520.0
501	124982.0	130379.0
502	125461.0	130271.0
503	125213.0	130415.0
504	125987.0	130406.0
505	126045.0	129939.0
506	125910.0	130743.0
507	126032.0	130139.0
508	125347.0	130602.0
509	125826.0	130907.0
510	126198.0	131588.0
511	125749.0	131090.0
512	126712.0	130894.0
513	126562.0	130558.0
514	126087.0	131102.0
515	126684.0	131837.0
516	127835.0	131277.0
517	126830.0	131282.0
518	126612.0	131363.0
519	126808.0	131329.0
520	126607.0	131084.0
521	127328.0	131672.0
522	127243.0	131356.0
523	126559.0	131464.0
524	127199.0	132036.0
525	127769.0	131859.0
526	127444.0	131075.0
527	127454.0	131676.0
528	128033.0	132258.0
529	127988.0	131397.0
530	128166.0	131307.0
531	127892.0	131728.0
532	128642.0	130535.0
533	127814.0	131127.0
534	128754.0	131079.0
535	127522.0	131356.0
536	128582.0	131197.0
537	128549.0	131403.0
538	128147.0	130961.0
539	128265.0	131305.0
540	128832.0	130233.0
541	128792.0	129782.0
542	128877.0	130398.0
543	128822.0	130432.0
544	128711.0	129513.0
545	129124.0	130275.0
546	129184.0	129496.0
547	128842.0	130209.0
548	129286.0	130076.0
549	128800.0	129680.0
550	128353.0	128828.0
551	129177.0	129645.0
552	128887.0	129557.0
553	128022.0	128836.0
554	128578.0	129334.0
555	129652.0	128583.0
556	128989.0	128187.0
557	128334.0	128829.0
558	128512.0	127704.0
559	128096.0	127560.0
560	129026.0	127293.0
561	129218.0	128009.0
562	128917.0	127362.0
563	128225.0	127280.0
564	128845.0	127566.0
565	128171.0	127165.0
566	128388.0	126725.0
567	128046.0	126832.0
568	128294.0	125612.0
569	128259.0	126652.0
570	128806.0	126977.0
571	128386.0	126071.0
572	127856.0	126112.0
573	128456.0	125533.0
574	128877.0	124394.0
575	128826.0	125238.0
576	128268.0	125128.0
577	127945.0	125025.0
578	127214.0	124177.0
579	128065.0	124756.0
580	127278.0	124536.0
581	127661.0	124559.0
582	127392.0	124221.0
583	126846.0	123698.0
584	127081.0	123397.0
585	126982.0	124354.0
586	127116.0	123919.0
587	126129.0	124571.0
588	127050.0	123721.0
589	126604.0	123714.0
590	126939.0	123432.0
591	126270.0	123507.0
592	126664.0	123577.0
593	126062.0	123990.0
594	126143.0	123306.0
595	125535.0	123132.0
596	126146.0	122758.0
597	125804.0	122660.0
598	125891.0	123226.0
599	125375.0	122852.0
600	126003.0	122897.0
601	125116.0	122498.0
602	125486.0	122975.0
603	124886.0	122637.0
604	124416.0	122255.0
605	125100.0	122415.0
606	124850.0	122303.0
607	124267.0	122121.0
608	124791.0	122320.0
609	124143.0	122159.0
610	124082.0	122171.0
611	124165.0	122466.0
612	124370.0	122560.0
613	124010.0	122727.0
614	123570.0	122860.0
615	124330.0	122164.0
616	123570.0	123034.0
617	123125.0	123073.0
618	124633.0	122469.0
619	123463.0	121587.0
620	123384.0	122326.0
621	124497.0	122606.0
622	123680.0	122768.0
623	122710.0	122653.0
624	123563.0	123108.0
625	123240.0	122506.0
626	122957.0	122886.0
627	123378.0	122583.0
628	122842.0	123385.0
629	122755.0	122700.0
630	123149.0	122586.0
631	122807.0	122494.0
632	122624.0	122862.0
633	122614.0	123550.0
634	122688.0	122849.0
635	122660.0	123484.0
636	122935.0	123133.0
637	122113.0	123072.0
638	123081.0	124176.0
639	123044.0	123042.0
640	123207.0	123462.0
641	122710.0	123874.0
642	123272.0	123777.0
643	123418.0	123702.0
644	121828.0	124073.0
645	122729.0	123490.0
646	123024.0	123232.0
647	122979.0	124109.0
648	122395.0	124159.0
649	122597.0	124028.0
650	122849.0	123696.0
651	122841.0	124228.0
652	121915.0	124630.0
653	122789.0	124623.0
654	123230.0	124893.0
655	122781.0	124495.0
656	122725.0	124745.0
657	123039.0	124974.0
658	122906.0	124387.0
659	122633.0	125188.0
660	123003.0	125135.0
661	122399.0	125347.0
662	123011.0	125806.0
663	122993.0	125187.0
664	123422.0	124946.0
665	122928.0	126289.0
666	123369.0	125880.0
667	123075.0	125477.0
668	123502.0	126157.0
669	123793.0	126456.0
670	122900.0	125654.0
671	123361.0	126358.0
672	124019.0	126352.0
673	123526.0	126143.0
674	124008.0	126396.0
675	124116.0	126386.0
676	123569.0	126997.0
677	123833.0	126933.0
678	124379.0	126713.0
679	123217.0	126908.0
680	123637.0	127249.0
681	124313.0	126531.0
682	124306.0	126788.0
683	124375.0	127146.0
684	124259.0	127349.0
685	124208.0	127272.0
686	124136.0	127083.0
687	124175.0	127197.0
688	123860.0	127135.0
689	124456.0	127776.0
690	124225.0	127527.0
691	123791.0	127631.0
692	124604.0	127685.0
693	124507.0	127746.0
694	124856.0	127378.0
695	124815.0	128302.0
696	125260.0	127674.0
697	124910.0	127858.0
698	124761.0	128324.0
699	125166.0	128233.0
700	124605.0	127902.0
701	125141.0	128312.0
702	126019.0	127718.0
703	125539.0	127264.0
704	125083.0	128303.0
705	125718.0	127904.0
706	125393.0	127830.0
707	124941.0	128642.0
708	125716.0	128015.0
709	125633.0	128178.0
710	126289.0	128113.0
711	125726.0	127957.0
712	125480.0	127911.0
713	125295.0	128704.0
714	126214.0	128474.0
715	125345.0	128339.0
716	125513.0	127969.0
717	126623.0	128200.0
718	126112.0	128468.0
719	125769.0	127588.0
720	126859.0	127832.0
721	126446.0	127980.0
722	126257.0	128266.0
723	126264.0	127967.0
724	126312.0	127951.0
725	125975.0	127822.0
726	126454.0	127047.0
727	126506.0	127308.0
728	126407.0	127962.0
729	126947.0	127678.0
730	126302.0	127501.0
731	126134.0	127293.0
732	126783.0	126889.0
733	126018.0	126729.0
734	127125.0	127079.0
735	126581.0	127190.0
736	126092.0	126782.0
737	126288.0	126725.0
738	126905.0	126675.0
739	126812.0	126815.0
740	127005.0	127308.0
741	127003.0	126725.0
742	126549.0	126631.0
743	126956.0	126741.0
744	126449.0	126266.0
745	126931.0	126370.0
746	127109.0	125744.0
747	127621.0	126300.0
748	126392.0	126371.0
749	126636.0	126290.0
750	126748.0	126160.0
751	126209.0	125479.0
752	126448.0	125722.0
753	126547.0	125697.0
754	126725.0	125184.0
755	126672.0	125613.0
756	127043.0	125836.0
757	126653.0	124949.0
758	126309.0	124930.0
759	126290.0	125033.0
760	126186.0	124555.0
761	126428.0	124836.0
762	126733.0	124875.0
763	126205.0	124501.0
764	126326.0	125203.0
765	126907.0	124104.0
766	126461.0	125047.0
767	126163.0	124480.0
768	126410.0	124764.0
769	125790.0	123939.0
770	126120.0	124501.0
771	126141.0	124492.0
772	125599.0	123354.0
773	125375.0	123990.0
774	125481.0	123598.0
775	125534.0	123886.0
776	125629.0	123976.0
777	125823.0	123740.0
778	125327.0	123793.0
779	125239.0	123620.0
780	124805.0	123480.0
781	125811.0	123409.0
782	125269.0	124055.0
783	125532.0	123414.0
784	125175.0	123869.0
785	125511.0	123324.0
786	124996.0	123565.0
787	124938.0	122865.0
788	124854.0	123251.0
789	124843.0	123231.0
790	124889.0	123470.0
791	125323.0	123285.0
792	124349.0	122636.0
793	125000.0	122666.0
794	124413.0	123267.0
795	124781.0	123134.0
796	124197.0	122963.0
797	124788.0	122871.0
798	124813.0	122122.0
799	124608.0	122996.0
800	123698.0	123040.0
801	124535.0	123398.0
802	124186.0	122991.0
803	124257.0	122403.0
804	124062.0	122792.0
805	124026.0	123150.0
806	124316.0	123647.0
807	124406.0	123007.0
808	123854.0	123047.0
809	124026.0	122986.0
810	123722.0	122606.0
811	123759.0	122911.0
812	123782.0	123211.0
813	124080.0	123031.0
814	123889.0	122868.0
815	123800.0	123160.0
816	123885.0	122716.0
817	124302.0	122869.0
818	123648.0	123152.0
819	123353.0	122881.0
820	123259.0	122988.0
821	123775.0	123282.0
822	123231.0	123047.0
823	123064.0	123315.0
824	122809.0	123328.0
825	123702.0	123466.0
826	123078.0	123268.0
827	123535.0	123011.0
828	123622.0	124000.0
829	123324.0	123044.0
830	123272.0	123937.0
831	123268.0	122826.0
832	123087.0	123587.0
833	123384.0	124323.0
834	123551.0	124024.0
835	122503.0	123289.0
836	123220.0	124033.0
837	123028.0	123841.0
838	123088.0	123593.0
839	122947.0	123846.0
840	122886.0	123709.0
841	123368.0	123606.0
842	123226.0	124425.0
843	124005.0	124373.0
844	123833.0	124412.0
845	122696.0	124545.0
846	123994.0	124656.0
847	122851.0	124152.0
848	122493.0	124403.0
849	123517.0	124383.0
850	122976.0	124229.0
851	123357.0	124539.0
852	123084.0	124188.0
853	122678.0	124163.0
854	122425.0	125014.0
855	123394.0	124948.0
856	123610.0	124642.0
857	122782.0	124723.0
858	123305.0	125001.0
859	122931.0	124333.0
860	123080.0	125067.0
861	122764.0	125210.0
862	123045.0	124616.0
863	123120.0	125386.0
864	123525.0	124500.0
865	122961.0	125270.0
866	122350.0	125240.0
867	123728.0	125574.0
868	123440.0	124782.0
869	123696.0	125152.0
870	123737.0	125762.0
871	123856.0	125629.0
872	123273.0	126166.0
873	124324.0	125451.0
874	123638.0	125453.0
875	124602.0	125999.0
876	124341.0	126139.0
877	124059.0	126043.0
878	124211.0	126199.0
879	124486.0	125036.0
880	123720.0	125770.0
881	124159.0	126082.0
882	123872.0	126192.0
883	123907.0	125183.0
884	124567.0	126351.0
885	124121.0	125819.0
886	124031.0	125779.0
887	124287.0	126217.0
888	124350.0	126502.0
889	124406.0	125967.0
890	123861.0	125940.0
891	124679.0	125768.0
892	124492.0	125989.0
893	124274.0	126109.0
894	124534.0	126206.0
895	124589.0	125564.0
896	124666.0	126262.0
897	124504.0	126676.0
898	124496.0	126894.0
899	124862.0	126299.0
900	125020.0	126231.0
901	124552.0	126008.0
902	124947.0	126295.0
903	124893.0	125578.0
904	124553.0	125899.0
905	125067.0	126022.0
906	125015.0	126203.0
907	124913.0	126436.0
908	125257.0	126363.0
909	125546.0	126662.0
910	125023.0	126061.0
911	124762.0	126314.0
912	125546.0	126340.0
913	125335.0	126467.0
914	126000.0	126215.0
915	125820.0	125582.0
916	124892.0	126105.0
917	125271.0	126523.0
918	125439.0	126115.0
919	125599.0	125770.0
920	125178.0	125529.0
921	125154.0	125714.0
922	125846.0	126048.0
923	125548.0	125853.0
924	125771.0	126115.0
925	125553.0	125302.0
926	125094.0	125823.0
927	124993.0	125679.0
928	125716.0	125949.0
929	125559.0	125512.0
930	125625.0	125660.0
931	125407.0	125580.0
932	125401.0	125263.0
933	125885.0	125112.0
934	124999.0	125133.0
935	124898.0	125277.0
936	125286.0	125541.0
937	125399.0	124850.0
938	125546.0	125405.0
939	125013.0	125146.0
940	124784.0	125062.0
941	125250.0	124891.0
942	125458.0	124830.0
943	126124.0	125663.0
944	126232.0	124669.0
945	125239.0	124755.0
946	125435.0	124464.0
947	125306.0	125171.0
948	125851.0	124268.0
949	125280.0	124054.0
950	125138.0	124924.0
951	125190.0	124331.0
952	125746.0	124512.0
953	125221.0	124700.0
954	125731.0	125003.0
955	125529.0	124596.0
956	124828.0	124396.0
957	125178.0	123999.0
958	125374.0	124652.0
959	125145.0	123763.0
960	125112.0	124224.0
961	125051.0	124163.0
962	124645.0	124129.0
963	125201.0	124652.0
964	124633.0	124108.0
965	124903.0	124695.0
966	124904.0	123619.0
967	125138.0	123124.0
968	125415.0	123483.0
969	124798.0	123398.0
970	124788.0	123292.0
971	124455.0	123610.0
972	124674.0	123658.0
973	124094.0	123815.0
974	124817.0	123655.0
975	124677.0	123702.0
976	124708.0	123834.0
977	124874.0	123044.0
978	124683.0	123447.0
979	124702.0	123249.0
980	124338.0	123122.0
981	125214.0	123056.0
982	124541.0	123034.0
983	125087.0	122906.0
984	124609.0	122799.0
985	124084.0	123518.0
986	124168.0	123372.0
987	124529.0	123028.0
988	124463.0	123199.0
989	123916.0	123313.0
990	124423.0	123090.0
991	123864.0	122947.0
992	123814.0	122794.0
993	123849.0	123397.0
994	123514.0	122898.0
995	123741.0	123180.0
996	123707.0	122805.0
997	124018.0	122768.0
998	123980.0	122687.0
999	123671.0	123953.0
1000	123634.0	122932.0
1001	122725.0	122962.0
1002	123438.0	122399.0
1003	123642.0	123173.0
1004	122950.0	122833.0
1005	123369.0	123052.0
1006	123127.0	122853.0
1007	122966.0	122653.0
1008	123640.0	123552.0
1009	123650.0	123100.0
1010	123410.0	123459.0
1011	123629.0	123310.0
1012	123440.0	122766.0
1013	123776.0	123479.0
1014	123383.0	123896.0
1015	123305.0	123246.0
1016	122299.0	123306.0
1017	123788.0	123429.0
1018	123705.0	123181.0
1019	123180.0	123004.0
1020	123193.0	123104.0
1021	122700.0	123095.0
1022	123290.0	123680.0
1023	122666.0	123329.0
1024	122746.0	123009.0
1025	123253.0	124072.0
1026	122599.0	123484.0
1027	122843.0	123085.0
1028	122686.0	122687.0
1029	123227.0	123016.0
1030	122892.0	122837.0
1031	123034.0	123489.0
1032	123158.0	123661.0
1033	123441.0	123017.0
1034	122489.0	123594.0
1035	122646.0	123427.0
1036	123176.0	123366.0
1037	123434.0	123700.0
1038	123243.0	123596.0
1039	123096.0	123553.0
1040	122797.0	124381.0
1041	123476.0	123803.0
1042	123393.0	123573.0
1043	122530.0	123300.0
1044	122861.0	123901.0
1045	122454.0	123281.0
1046	122790.0	123543.0
1047	123340.0	123718.0
1048	123300.0	123930.0
1049	122885.0	124451.0
1050	122765.0	123928.0
1051	123423.0	123967.0
1052	122649.0	123834.0
1053	123208.0	124578.0
1054	122737.0	124113.0
1055	123173.0	124566.0
1056	123583.0	124366.0
1057	123555.0	124052.0
1058	123510.0	124593.0
1059	123552.0	123812.0
1060	123372.0	124940.0
1061	123389.0	124631.0
1062	123567.0	124209.0
1063	123985.0	124914.0
1064	123549.0	125184.0
1065	123639.0	124734.0
1066	123410.0	125082.0
1067	123459.0	125027.0
1068	123769.0	125112.0
1069	123434.0	124516.0
1070	123533.0	124936.0
1071	123659.0	124837.0
1072	123614.0	124709.0
1073	123408.0	125316.0
1074	123578.0	125024.0
1075	123723.0	125321.0
1076	123794.0	125110.0
1077	124073.0	124740.0
1078	123693.0	125382.0
1079	123332.0	124857.0
1080	124007.0	124877.0
1081	124648.0	125318.0
1082	123632.0	126208.0
1083	124419.0	124570.0
1084	124457.0	124745.0
1085	123590.0	125394.0
1086	124054.0	125429.0
1087	124081.0	125415.0
1088	124091.0	125184.0
1089	124195.0	125333.0
1090	123626.0	124898.0
1091	124328.0	125449.0
1092	124619.0	125900.0
1093	124055.0	124828.0
1094	123534.0	125062.0
1095	124077.0	126122.0
1096	124444.0	125194.0
1097	124055.0	125797.0
1098	124671.0	125389.0
1099	124312.0	125360.0
1100	124505.0	125160.0
1101	125150.0	124597.0
1102	124425.0	124551.0
1103	124543.0	125311.0
1104	124303.0	125265.0
1105	124195.0	125043.0
1106	124487.0	125060.0
1107	124647.0	125182.0
1108	124408.0	124868.0
1109	124163.0	125212.0
1110	124298.0	124511.0
1111	124050.0	125308.0
1112	124652.0	124830.0
1113	124998.0	124938.0
1114	124379.0	124579.0
1115	125185.0	124873.0
1116	125245.0	124824.0
1117	124328.0	124399.0
1118	124445.0	124983.0
1119	124199.0	125368.0
1120	124628.0	124943.0
1121	124368.0	125035.0
1122	124314.0	124480.0
1123	125300.0	124320.0
1124	124816.0	125202.0
1125	124835.0	124171.0
1126	124467.0	124099.0
1127	124429.0	124401.0
1128	124448.0	124158.0
1129	124539.0	125283.0
1130	124766.0	124270.0
1131	124889.0	123881.0
1132	124438.0	124056.0
1133	124071.0	124135.0
1134	124337.0	124522.0
1135	124141.0	124177.0
1136	124285.0	124523.0
1137	124463.0	124565.0
1138	124473.0	123822.0
1139	124333.0	123652.0
1140	125093.0	124002.0
1141	124331.0	123892.0
1142	124921.0	123815.0
1143	124367.0	123612.0
1144	124871.0	123962.0
1145	124426.0	124139.0
1146	124954.0	123818.0
1147	124007.0	123445.0
1148	124521.0	123693.0
1149	123971.0	123346.0
1150	124338.0	123706.0
1151	124292.0	124080.0
1152	124420.0	123506.0
1153	124395.0	123428.0
1154	124645.0	122879.0
1155	124636.0	123720.0
1156	124534.0	123327.0
1157	123968.0	123466.0
1158	124467.0	123723.0
1159	124326.0	123137.0
1160	124503.0	123161.0
1161	124374.0	123285.0
1162	124750.0	123357.0
1163	123760.0	122981.0
1164	124750.0	123180.0
1165	124513.0	123294.0
1166	124597.0	122574.0
1167	124059.0	123003.0
1168	123817.0	122934.0
1169	123512.0	123825.0
1170	123898.0	122729.0
1171	123420.0	123069.0
1172	123997.0	123341.0
1173	123407.0	123317.0
1174	123632.0	122771.0
1175	123555.0	122919.0
1176	123886.0	122579.0
1177	124013.0	122843.0
1178	123820.0	122651.0
1179	124131.0	122144.0
1180	123113.0	123834.0
1181	123228.0	122677.0
1182	123331.0	121961.0
1183	123420.0	123101.0
1184	123165.0	122601.0
1185	123461.0	122791.0
1186	122695.0	123292.0
1187	123332.0	122746.0
1188	123415.0	122712.0
1189	123216.0	122907.0
1190	123433.0	122818.0
1191	123763.0	122983.0
1192	123166.0	122703.0
1193	122931.0	122492.0
1194	123775.0	122526.0
1195	122740.0	123220.0
1196	122502.0	123358.0
1197	123428.0	122334.0
1198	122314.0	123374.0
1199	122830.0	123212.0
1200	123113.0	122434.0
1201	123519.0	122981.0
1202	123186.0	123516.0
1203	123306.0	122887.0
1204	123235.0	122870.0
1205	122520.0	122345.0
1206	123073.0	122876.0
1207	122871.0	122655.0
1208	122519.0	122964.0
1209	122939.0	122874.0
1210	123380.0	123009.0
1211	123751.0	123062.0
1212	122981.0	122924.0
1213	122758.0	123095.0
1214	122823.0	122860.0
1215	122829.0	123048.0
1216	122943.0	122946.0
1217	122552.0	122781.0
1218	122912.0	122410.0
1219	122529.0	122578.0
1220	122410.0	122866.0
1221	122395.0	123065.0
1222	122493.0	123747.0
1223	122963.0	123258.0
1224	122940.0	123454.0
1225	122998.0	123194.0
1226	122148.0	123347.0
1227	122458.0	123980.0
1228	122599.0	123370.0
1229	123120.0	123802.0
1230	122842.0	123294.0
1231	122899.0	123039.0
1232	122678.0	123245.0
1233	122899.0	123384.0
1234	123822.0	123419.0
1235	122361.0	123888.0
1236	123233.0	123238.0
1237	122885.0	123940.0
1238	122844.0	123960.0
1239	122118.0	123375.0
1240	122870.0	123184.0
1241	122243.0	123674.0
1242	122779.0	124249.0
1243	122755.0	123544.0
1244	123618.0	123349.0
1245	122777.0	123867.0
1246	122975.0	124028.0
1247	122671.0	124029.0
1248	122651.0	124114.0
1249	123224.0	123745.0
1250	122892.0	123703.0
1251	123543.0	123407.0
1252	123174.0	124044.0
1253	123544.0	124140.0
1254	123369.0	124082.0
1255	123147.0	123709.0
1256	123253.0	124344.0
1257	123216.0	124540.0
1258	123032.0	123940.0
1259	122761.0	124173.0
1260	124022.0	123998.0
1261	123499.0	124527.0
1262	123239.0	124445.0
1263	123908.0	124491.0
1264	123547.0	124278.0
1265	123353.0	124260.0
1266	123115.0	124396.0
1267	123839.0	123711.0
1268	123038.0	124486.0
1269	122988.0	124060.0
1270	124265.0	124187.0
1271	123107.0	123903.0
1272	123435.0	124383.0
1273	124062.0	124406.0
1274	123883.0	123722.0
1275	123468.0	124564.0
1276	123849.0	124479.0
1277	123848.0	124398.0
1278	123718.0	124668.0
1279	123697.0	124786.0
1280	123741.0	124817.0
1281	124277.0	124618.0
1282	124209.0	124497.0
1283	124016.0	124656.0
1284	123894.0	124491.0
1285	123923.0	124455.0
1286	124035.0	124710.0
1287	123749.0	124327.0
1288	123450.0	124119.0
1289	123986.0	123637.0
1290	123656.0	124115.0
1291	123855.0	124322.0
1292	123605.0	124595.0
1293	123726.0	124290.0
1294	123594.0	124801.0
1295	123232.0	124110.0
1296	124258.0	124345.0
1297	124269.0	124159.0
1298	124180.0	124438.0
1299	124170.0	124880.0
1300	123639.0	124755.0
1301	123954.0	124559.0
1302	123838.0	124958.0
1303	124273.0	124066.0
1304	123709.0	124581.0
1305	124207.0	123972.0
1306	123340.0	123767.0
1307	123497.0	124542.0
1308	124371.0	124319.0
1309	124567.0	124182.0
1310	124165.0	124057.0
1311	123392.0	124432.0
1312	123632.0	124222.0
1313	124018.0	124212.0
1314	124401.0	124108.0
1315	123634.0	124069.0
1316	124147.0	123638.0
1317	124062.0	124153.0
1318	124367.0	124183.0
1319	124718.0	124085.0
1320	124297.0	123686.0
1321	123710.0	124087.0
1322	123870.0	123137.0
1323	124247.0	123583.0
1324	124205.0	123677.0
1325	124005.0	123687.0
1326	124331.0	123303.0
1327	124023.0	123658.0
1328	124348.0	123774.0
1329	123729.0	123808.0
1330	124027.0	123994.0
1331	123920.0	123344.0
1332	123942.0	123907.0
1333	123521.0	122989.0
1334	123931.0	123561.0
1335	124704.0	123490.0
1336	123626.0	123655.0
1337	124049.0	123564.0
1338	123521.0	123389.0
1339	123665.0	123745.0
1340	123739.0	123440.0
1341	124051.0	123730.0
1342	123788.0	123716.0
1343	123721.0	123170.0
1344	123561.0	123338.0
1345	123815.0	123283.0
1346	123590.0	123663.0
1347	123817.0	123190.0
1348	123915.0	123329.0
1349	123464.0	123452.0
1350	123935.0	122779.0
1351	123545.0	123024.0
1352	123459.0	122838.0
1353	122850.0	122735.0
1354	122919.0	122460.0
1355	123514.0	122539.0
1356	123538.0	123098.0
1357	123470.0	122399.0
1358	123792.0	122565.0
1359	123473.0	122829.0
1360	123284.0	122782.0
1361	123129.0	123038.0
1362	122609.0	122545.0
1363	122926.0	122476.0
1364	122792.0	122760.0
1365	123182.0	122244.0
1366	123710.0	122413.0
1367	123067.0	122668.0
1368	124074.0	122305.0
1369	123262.0	122463.0
1370	122729.0	122397.0
1371	122876.0	122658.0
1372	122960.0	122521.0
1373	123062.0	122571.0
1374	123269.0	122805.0
1375	123348.0	122672.0
1376	123160.0	122749.0
1377	122466.0	122522.0
1378	122610.0	122576.0
1379	123109.0	123312.0
1380	122930.0	123042.0
1381	122932.0	122423.0
1382	122966.0	122688.0
1383	122679.0	122692.0
1384	123018.0	122860.0
1385	122367.0	122654.0
1386	122270.0	122891.0
1387	123038.0	122032.0
1388	122967.0	122376.0
1389	123269.0	123007.0
1390	122917.0	122339.0
1391	122566.0	122720.0
1392	123369.0	122690.0
1393	123143.0	121809.0
1394	123406.0	122380.0
1395	122646.0	122875.0
1396	123122.0	122153.0
1397	122548.0	122668.0
1398	123349.0	123079.0
1399	122678.0	122404.0
1400	122166.0	122802.0
1401	122194.0	122511.0
1402	122323.0	123131.0
1403	122587.0	122632.0
1404	122160.0	122337.0
1405	122554.0	123259.0
1406	122660.0	122840.0
1407	122554.0	122580.0
1408	122870.0	122589.0
1409	123171.0	122709.0
1410	122475.0	123189.0
1411	122261.0	122464.0
1412	122295.0	122966.0
1413	122500.0	122720.0
1414	123172.0	123442.0
1415	122929.0	122871.0
1416	123105.0	121938.0
1417	122371.0	123463.0
1418	122413.0	123150.0
1419	122762.0	122752.0
1420	122459.0	123369.0
1421	121792.0	123469.0
1422	122227.0	123180.0
1423	122966.0	122866.0
1424	122415.0	123363.0
1425	122678.0	123654.0
1426	122797.0	123345.0
1427	122516.0	123695.0
1428	122688.0	123510.0
1429	122091.0	123793.0
1430	122704.0	123116.0
1431	122884.0	124170.0
1432	122409.0	123777.0
1433	122138.0	122932.0
1434	122850.0	123545.0
1435	122496.0	123049.0
1436	122593.0	122991.0
1437	122228.0	122799.0
1438	123390.0	123651.0
1439	121876.0	123963.0
1440	123082.0	124539.0
1441	122757.0	123375.0
1442	122951.0	123578.0
1443	123119.0	123628.0
1444	122678.0	123774.0
1445	122672.0	123801.0
1446	122523.0	123312.0
1447	122222.0	123679.0
1448	122457.0	123917.0
1449	122554.0	123677.0
1450	123007.0	123837.0
1451	122831.0	123366.0
1452	123370.0	123811.0
1453	122673.0	124097.0
1454	122513.0	124339.0
1455	123052.0	123775.0
1456	123245.0	124107.0
1457	122437.0	124048.0
1458	123024.0	124055.0
1459	122870.0	123675.0
1460	122903.0	124232.0
1461	123386.0	123579.0
1462	122879.0	123450.0
1463	123264.0	124826.0
1464	123843.0	124232.0
1465	123296.0	124185.0
1466	123444.0	124100.0
1467	123121.0	123507.0
1468	123053.0	123604.0
1469	123485.0	124134.0
1470	122921.0	124000.0
1471	123136.0	124454.0
1472	123694.0	123729.0
1473	123719.0	123668.0
1474	123892.0	123802.0
1475	123309.0	123835.0
1476	123587.0	123893.0
1477	123238.0	123642.0
1478	123360.0	123422.0
1479	123067.0	124236.0
1480	123528.0	124012.0
1481	123055.0	123522.0
1482	123517.0	123729.0
1483	123440.0	123990.0
1484	123111.0	123880.0
1485	123264.0	123418.0
1486	123556.0	123284.0
1487	124346.0	123989.0
1488	123923.0	123069.0
1489	123380.0	123353.0
1490	123889.0	124054.0
1491	123560.0	123727.0
1492	123006.0	124184.0
1493	123658.0	123896.0
1494	123532.0	123688.0
1495	123611.0	124369.0
1496	123249.0	123885.0
1497	123463.0	123948.0
1498	122847.0	123944.0
1499	123818.0	123476.0
1500	123307.0	123486.0
1501	123305.0	123447.0
1502	123158.0	123701.0
1503	123193.0	123270.0
1504	123103.0	123322.0
1505	123373.0	123414.0
1506	123193.0	124131.0
1507	123325.0	123595.0
1508	123126.0	123240.0
1509	123071.0	123418.0
1510	123395.0	123264.0
1511	122557.0	123037.0
1512	124009.0	123451.0
1513	123180.0	122872.0
1514	123939.0	123377.0
1515	123826.0	122839.0
1516	123164.0	123049.0
1517	123199.0	123438.0
1518	123727.0	123579.0
1519	123507.0	122822.0
1520	123108.0	123165.0
1521	123112.0	122985.0
1522	123979.0	123037.0
1523	122882.0	122859.0
1524	123376.0	122867.0
1525	123376.0	122677.0
1526	122769.0	123525.0
1527	123601.0	122893.0
1528	123158.0	122969.0
1529	123026.0	122821.0
1530	122887.0	123189.0
1531	123075.0	122536.0
1532	122931.0	122400.0
1533	123119.0	122245.0
1534	123687.0	122691.0
1535	122955.0	122566.0
1536	122839.0	122487.0
1537	122851.0	122921.0
1538	121997.0	122526.0
1539	123138.0	122998.0
1540	122347.0	122682.0
1541	123203.0	122382.0
1542	122997.0	122205.0
1543	122415.0	121913.0
1544	122971.0	123081.0
1545	122617.0	122988.0
1546	122808.0	122724.0
1547	123116.0	122821.0
1548	122560.0	122730.0
1549	123357.0	122573.0
1550	123347.0	122137.0
1551	123366.0	122687.0
1552	122367.0	121915.0
1553	122845.0	122323.0
1554	123170.0	122151.0
1555	122715.0	122637.0
1556	122971.0	122521.0
1557	122661.0	122935.0
1558	122793.0	122484.0
1559	122134.0	122095.0
1560	122924.0	122776.0
1561	122308.0	122259.0
1562	122425.0	122748.0
1563	122795.0	123230.0
1564	122081.0	122435.0
1565	122181.0	122645.0
1566	122545.0	122021.0
1567	122649.0	122245.0
1568	122272.0	122389.0
1569	122276.0	121823.0
1570	122032.0	122627.0
1571	122493.0	122753.0
1572	123181.0	123197.0
1573	123109.0	122313.0
1574	122228.0	122746.0
1575	123038.0	123439.0
1576	123290.0	122429.0
1577	122173.0	122653.0
1578	123139.0	122035.0
1579	122267.0	122499.0
1580	122738.0	122004.0
1581	123051.0	122723.0
1582	122042.0	122685.0
1583	122248.0	122399.0
1584	122751.0	122579.0
1585	122190.0	122239.0
1586	122462.0	123012.0
1587	122493.0	122334.0
1588	122660.0	122064.0
1589	122373.0	122066.0
1590	122677.0	122140.0
1591	122677.0	122352.0
1592	122671.0	122350.0
1593	122287.0	122777.0
1594	121987.0	122415.0
1595	121916.0	123033.0
1596	121677.0	122931.0
1597	122976.0	122034.0
1598	122117.0	123423.0
1599	122580.0	122224.0
1600	122038.0	121686.0
1601	122083.0	122722.0
1602	122366.0	122837.0
1603	121975.0	122718.0
1604	122174.0	122981.0
1605	122857.0	123186.0
1606	122332.0	122925.0
1607	122266.0	122845.0
1608	122045.0	122288.0
1609	122129.0	122639.0
1610	122346.0	122668.0
1611	122429.0	122679.0
1612	121536.0	122727.0
1613	122077.0	122779.0
1614	122826.0	122641.0
1615	121938.0	123155.0
1616	122247.0	123219.0
1617	122226.0	122772.0
1618	122528.0	123004.0
1619	122670.0	122372.0
1620	122519.0	123012.0
1621	122544.0	122874.0
1622	123046.0	122917.0
1623	122648.0	122958.0
1624	122569.0	123284.0
1625	122556.0	122863.0
1626	122289.0	122989.0
1627	121934.0	123172.0
1628	122011.0	123116.0
1629	122422.0	122938.0
1630	122397.0	123004.0
1631	122958.0	123073.0
1632	122906.0	123164.0
1633	122623.0	123699.0
1634	122298.0	123760.0
1635	122311.0	123692.0
1636	122082.0	124006.0
1637	122566.0	122938.0
1638	122583.0	123302.0
1639	123141.0	122675.0
1640	122293.0	123935.0
1641	122510.0	122795.0
1642	122718.0	123140.0
1643	122206.0	123118.0
1644	122907.0	123410.0
1645	122134.0	123026.0
1646	122595.0	123403.0
1647	123179.0	123599.0
1648	122395.0	123510.0
1649	122868.0	123185.0
1650	122295.0	123511.0
1651	122042.0	123700.0
1652	122971.0	123244.0
1653	122936.0	123526.0
1654	122796.0	122952.0
1655	123003.0	123376.0
1656	123061.0	123287.0
1657	122645.0	123369.0
1658	122945.0	122996.0
1659	123130.0	123860.0
1660	122644.0	122808.0
1661	123833.0	123116.0
1662	123528.0	123223.0
1663	122847.0	123615.0
1664	122663.0	123233.0
1665	122997.0	123668.0
1666	123009.0	123251.0
1667	122900.0	123535.0
1668	122936.0	123454.0
1669	123212.0	122955.0
1670	122815.0	123068.0
1671	122773.0	123311.0
1672	122515.0	123070.0
1673	122804.0	123052.0
1674	122822.0	123797.0
1675	122731.0	123302.0
1676	122144.0	123555.0
1677	123184.0	123913.0
1678	123074.0	122916.0
1679	123422.0	123342.0
1680	123039.0	123508.0
1681	123565.0	122796.0
1682	122201.0	122854.0
1683	123128.0	123316.0
1684	122888.0	122712.0
1685	122751.0	122926.0
1686	123295.0	123473.0
1687	122512.0	123299.0
1688	122619.0	122960.0
1689	122824.0	123336.0
1690	123162.0	122962.0
1691	123118.0	122919.0
1692	122434.0	122889.0
1693	122763.0	123020.0
1694	123386.0	122992.0
1695	122858.0	123264.0
1696	122500.0	123075.0
1697	122860.0	122673.0
1698	122554.0	122799.0
1699	123055.0	122706.0
1700	122861.0	122942.0
1701	122537.0	123063.0
1702	122799.0	122624.0
1703	123052.0	122951.0
1704	122645.0	122805.0
1705	122467.0	123559.0
1706	122366.0	123171.0
1707	122992.0	123125.0
1708	122514.0	122830.0
1709	122858.0	122997.0
1710	122962.0	122481.0
1711	123225.0	122706.0
1712	122230.0	122347.0
1713	122738.0	122701.0
1714	122548.0	122748.0
1715	122795.0	122254.0
1716	122264.0	122320.0
1717	122559.0	122609.0
1718	122587.0	122135.0
1719	122758.0	122374.0
1720	122476.0	122302.0
1721	122647.0	121920.0
1722	122849.0	122396.0
1723	122939.0	122310.0
1724	122374.0	122106.0
1725	123344.0	121989.0
1726	122344.0	122366.0
1727	122864.0	122928.0
1728	122531.0	122860.0
1729	122549.0	121864.0
1730	122447.0	122870.0
1731	122434.0	122687.0
1732	122065.0	122429.0
1733	122996.0	122919.0
1734	122783.0	122826.0
1735	122391.0	122776.0
1736	122309.0	122258.0
1737	123108.0	122376.0
1738	123100.0	122183.0
1739	121747.0	122824.0
1740	122951.0	122426.0
1741	122946.0	122545.0
1742	123000.0	122820.0
1743	123054.0	121901.0
1744	122097.0	121713.0
1745	122459.0	122122.0
1746	122657.0	122147.0
1747	122254.0	122197.0
1748	122098.0	122642.0
1749	123282.0	122369.0
1750	122286.0	122507.0
1751	122932.0	122028.0
1752	122339.0	122518.0
1753	122761.0	122212.0
1754	122059.0	122617.0
1755	122425.0	121898.0
1756	122316.0	122389.0
1757	122037.0	121872.0
1758	122952.0	122210.0
1759	122514.0	122092.0
1760	122083.0	122294.0
1761	122140.0	121888.0
1762	122398.0	122598.0
1763	122130.0	122754.0
1764	122018.0	122847.0
1765	122546.0	122936.0
1766	121370.0	122626.0
1767	122497.0	122237.0
1768	122296.0	122389.0
1769	121583.0	122119.0
1770	123009.0	122367.0
1771	122618.0	122098.0
1772	122724.0	122236.0
1773	122007.0	122496.0
1774	121975.0	122520.0
1775	122053.0	122115.0
1776	122837.0	122313.0
1777	122477.0	122401.0
1778	121613.0	122307.0
1779	122168.0	122372.0
1780	122121.0	122369.0
1781	122478.0	122300.0
1782	122158.0	121910.0
1783	121632.0	122827.0
1784	121795.0	122395.0
1785	122023.0	122087.0
1786	122167.0	122885.0
1787	122367.0	122571.0
1788	122595.0	122304.0
1789	121758.0	121813.0
1790	122116.0	122316.0
1791	122503.0	122631.0
1792	122211.0	122333.0
1793	122573.0	122493.0
1794	121909.0	122281.0
1795	122031.0	122416.0
1796	121691.0	122665.0
1797	121915.0	122755.0
1798	121586.0	123205.0
1799	122055.0	122571.0
1800	122095.0	121703.0
1801	122051.0	122845.0
1802	122046.0	122665.0
1803	122080.0	123038.0
1804	122085.0	122451.0
1805	122337.0	122374.0
1806	122400.0	123116.0
1807	122721.0	122470.0
1808	122811.0	122898.0
1809	122821.0	122525.0
1810	121676.0	123171.0
1811	122305.0	123319.0
1812	122814.0	123231.0
1813	122341.0	122953.0
1814	122108.0	122440.0
1815	121919.0	122932.0
1816	122451.0	123114.0
1817	122914.0	122939.0
1818	122546.0	123089.0
1819	122062.0	122851.0
1820	122496.0	122508.0
1821	122463.0	122822.0
1822	122080.0	122513.0
1823	122503.0	122511.0
1824	122482.0	122360.0
1825	122311.0	122836.0
1826	122601.0	122539.0
1827	122018.0	122854.0
1828	122097.0	123458.0
1829	121749.0	122177.0
1830	122135.0	122793.0
1831	121670.0	122583.0
1832	121882.0	122544.0
1833	122696.0	123094.0
1834	122320.0	123371.0
1835	122190.0	122425.0
1836	122899.0	123380.0
1837	122163.0	122469.0
1838	122518.0	122764.0
1839	122028.0	122467.0
1840	122044.0	122674.0
1841	122695.0	122593.0
1842	122455.0	122971.0
1843	122923.0	123032.0
1844	122485.0	122484.0
1845	122494.0	123362.0
1846	123167.0	122735.0
1847	122721.0	123370.0
1848	122111.0	122319.0
1849	122415.0	122676.0
1850	122772.0	122210.0
1851	122752.0	122370.0
1852	123036.0	122668.0
1853	123001.0	122410.0
1854	122813.0	122111.0
1855	122687.0	122769.0
1856	122788.0	122563.0
1857	122531.0	123039.0
1858	122735.0	122444.0
1859	122725.0	123188.0
1860	123009.0	122611.0
1861	122814.0	122480.0
1862	122973.0	122543.0
1863	122429.0	122706.0
1864	122338.0	122763.0
1865	122234.0	122491.0
1866	122119.0	122116.0
1867	122244.0	122438.0
1868	122417.0	122989.0
1869	122227.0	123034.0
1870	122165.0	122227.0
1871	122374.0	122590.0
1872	122030.0	122392.0
1873	122815.0	122693.0
1874	122923.0	122419.0
1875	122717.0	122792.0
1876	122260.0	122267.0
1877	122042.0	122231.0
1878	122886.0	122268.0
1879	122952.0	122661.0
1880	123010.0	122728.0
1881	122769.0	122338.0
1882	122458.0	122340.0
1883	122233.0	122391.0
1884	122895.0	122401.0
1885	122079.0	122729.0
1886	121922.0	122480.0
1887	122870.0	122582.0
1888	122249.0	122795.0
1889	122556.0	122843.0
1890	122483.0	122098.0
1891	122315.0	123053.0
1892	122963.0	122552.0
1893	122448.0	121918.0
1894	123114.0	121889.0
1895	123140.0	122081.0
1896	122395.0	122328.0
1897	121928.0	122623.0
1898	122548.0	122735.0
1899	122901.0	122408.0
1900	122513.0	121639.0
1901	122328.0	122266.0
1902	121870.0	122194.0
1903	122376.0	122024.0
1904	122337.0	121709.0
1905	122106.0	122014.0
1906	122625.0	122032.0
1907	122980.0	122875.0
1908	122826.0	122049.0
1909	121795.0	122430.0
1910	122194.0	122385.0
1911	122160.0	121997.0
1912	122417.0	122278.0
1913	122022.0	122410.0
1914	122643.0	122242.0
1915	122843.0	122525.0
1916	122547.0	122247.0
1917	122317.0	122312.0
1918	122444.0	122184.0
1919	122479.0	121828.0
1920	122269.0	121374.0
1921	122259.0	121815.0
1922	122380.0	122028.0
1923	121691.0	122535.0
1924	122323.0	122020.0
1925	121884.0	122379.0
1926	122161.0	122061.0
1927	122077.0	121882.0
1928	122390.0	122267.0
1929	121943.0	122061.0
1930	121969.0	122845.0
1931	122052.0	122560.0
1932	121441.0	121955.0
1933	122129.0	121600.0
1934	122433.0	121910.0
1935	122461.0	121812.0
1936	121687.0	122129.0
1937	122218.0	122161.0
1938	122797.0	122519.0
1939	122353.0	122000.0
1940	121527.0	122415.0
1941	121860.0	122131.0
1942	122459.0	122907.0
1943	121878.0	122409.0
1944	122169.0	121533.0
1945	122078.0	121933.0
1946	121564.0	122738.0
1947	122550.0	121873.0
1948	121495.0	121984.0
1949	121791.0	121914.0
1950	122164.0	121573.0
1951	122832.0	121391.0
1952	122332.0	122166.0
1953	121622.0	121847.0
1954	122502.0	121291.0
1955	121947.0	122026.0
1956	121517.0	122238.0
1957	121882.0	122243.0
1958	121495.0	122325.0
1959	121990.0	122415.0
1960	122091.0	122242.0
1961	121479.0	122256.0
1962	122587.0	120900.0
1963	121918.0	122191.0
1964	121698.0	122342.0
1965	121775.0	121991.0
1966	122206.0	122394.0
1967	122266.0	121973.0
1968	121776.0	122649.0
1969	121882.0	122182.0
1970	122208.0	121715.0
1971	121724.0	121936.0
1972	121466.0	122076.0
1973	121790.0	121727.0
1974	121728.0	122627.0
1975	121331.0	121938.0
1976	121899.0	122923.0
1977	122177.0	122013.0
1978	122162.0	122142.0
1979	122223.0	122146.0
1980	122053.0	122241.0
1981	121930.0	121550.0
1982	121390.0	122210.0
1983	122415.0	122508.0
1984	122553.0	122591.0
1985	122203.0	122448.0
1986	122102.0	122452.0
1987	121828.0	122525.0
1988	122031.0	122708.0
1989	122322.0	122115.0
1990	121774.0	121789.0
1991	121951.0	122360.0
1992	121438.0	122054.0
1993	121960.0	122532.0
1994	122050.0	121899.0
1995	122182.0	122881.0
1996	122445.0	122416.0
1997	121656.0	122362.0
1998	122209.0	121881.0
1999	122214.0	122952.0
