Distance in bp(Fragment Length Estimate: 513)(Peak Width Estimate: 513)	Same Strand (+ for Watson strand, - for Crick)	Opposite Strand
-2000	123552.0	122793.0
-1999	122744.0	122214.0
-1998	123228.0	122965.0
-1997	123342.0	123169.0
-1996	123059.0	123370.0
-1995	123576.0	122951.0
-1994	122680.0	122912.0
-1993	122881.0	122892.0
-1992	122712.0	122436.0
-1991	122896.0	122848.0
-1990	123323.0	122788.0
-1989	123140.0	122258.0
-1988	123024.0	122679.0
-1987	123257.0	122893.0
-1986	123979.0	122982.0
-1985	123247.0	122752.0
-1984	123115.0	122295.0
-1983	123946.0	123572.0
-1982	122683.0	122608.0
-1981	123047.0	122932.0
-1980	123039.0	122725.0
-1979	123299.0	122280.0
-1978	123101.0	122789.0
-1977	123205.0	122849.0
-1976	122173.0	122567.0
-1975	122502.0	123018.0
-1974	122581.0	122798.0
-1973	122740.0	122959.0
-1972	123076.0	123393.0
-1971	123140.0	122663.0
-1970	122696.0	122675.0
-1969	123738.0	122926.0
-1968	122905.0	123316.0
-1967	123298.0	122927.0
-1966	122991.0	122810.0
-1965	123229.0	122774.0
-1964	122875.0	123333.0
-1963	122494.0	122945.0
-1962	122988.0	122544.0
-1961	123206.0	122624.0
-1960	123472.0	123187.0
-1959	123510.0	122799.0
-1958	123341.0	122534.0
-1957	122962.0	122676.0
-1956	123613.0	122526.0
-1955	123475.0	123199.0
-1954	123574.0	122789.0
-1953	122663.0	122631.0
-1952	122889.0	123092.0
-1951	122977.0	122295.0
-1950	123229.0	122742.0
-1949	122617.0	122955.0
-1948	123108.0	122696.0
-1947	122924.0	122699.0
-1946	122994.0	122976.0
-1945	122396.0	123278.0
-1944	123023.0	123157.0
-1943	122860.0	122868.0
-1942	123018.0	122552.0
-1941	123375.0	123601.0
-1940	123397.0	123249.0
-1939	123662.0	123182.0
-1938	123094.0	122696.0
-1937	122802.0	122120.0
-1936	122905.0	122849.0
-1935	123019.0	123309.0
-1934	123579.0	122704.0
-1933	123222.0	122747.0
-1932	122942.0	123153.0
-1931	123449.0	123112.0
-1930	123512.0	123154.0
-1929	123013.0	122661.0
-1928	122882.0	122977.0
-1927	122690.0	123039.0
-1926	122526.0	123456.0
-1925	122670.0	123749.0
-1924	123133.0	122637.0
-1923	122342.0	122757.0
-1922	122693.0	122805.0
-1921	123348.0	122682.0
-1920	123613.0	123209.0
-1919	123337.0	122772.0
-1918	123186.0	123126.0
-1917	123417.0	123146.0
-1916	123799.0	123161.0
-1915	123493.0	123130.0
-1914	123736.0	123311.0
-1913	123159.0	122739.0
-1912	122912.0	123273.0
-1911	123159.0	123305.0
-1910	123019.0	123100.0
-1909	123474.0	122766.0
-1908	123623.0	122721.0
-1907	123233.0	123034.0
-1906	123334.0	122614.0
-1905	123591.0	123344.0
-1904	123412.0	122915.0
-1903	123508.0	123341.0
-1902	123402.0	123129.0
-1901	123022.0	122553.0
-1900	122828.0	123173.0
-1899	123581.0	122584.0
-1898	123095.0	122905.0
-1897	123238.0	123067.0
-1896	123000.0	122672.0
-1895	123605.0	123112.0
-1894	122855.0	122754.0
-1893	123248.0	122631.0
-1892	123499.0	122811.0
-1891	123299.0	123017.0
-1890	122974.0	123514.0
-1889	123556.0	123088.0
-1888	122786.0	123372.0
-1887	123293.0	122311.0
-1886	123402.0	123090.0
-1885	123363.0	123405.0
-1884	123303.0	122859.0
-1883	123021.0	123107.0
-1882	122786.0	123755.0
-1881	123031.0	123158.0
-1880	123956.0	122839.0
-1879	122898.0	123306.0
-1878	122603.0	123212.0
-1877	122768.0	123207.0
-1876	122889.0	123295.0
-1875	123841.0	123280.0
-1874	123022.0	123550.0
-1873	122778.0	122979.0
-1872	123739.0	123335.0
-1871	122940.0	122589.0
-1870	122414.0	123633.0
-1869	123522.0	123407.0
-1868	123053.0	123164.0
-1867	123197.0	122965.0
-1866	123366.0	123108.0
-1865	123652.0	123628.0
-1864	123058.0	123506.0
-1863	123280.0	122733.0
-1862	122870.0	122675.0
-1861	122675.0	123125.0
-1860	123042.0	123586.0
-1859	123389.0	122585.0
-1858	123080.0	123536.0
-1857	123285.0	123283.0
-1856	122770.0	123027.0
-1855	122976.0	123436.0
-1854	122543.0	123445.0
-1853	122875.0	123211.0
-1852	123224.0	123043.0
-1851	122965.0	123491.0
-1850	123111.0	123409.0
-1849	123833.0	123351.0
-1848	123194.0	123855.0
-1847	122801.0	122798.0
-1846	123005.0	123185.0
-1845	123398.0	122982.0
-1844	123013.0	123093.0
-1843	123199.0	123137.0
-1842	122668.0	122769.0
-1841	123076.0	123220.0
-1840	123380.0	122539.0
-1839	123076.0	123500.0
-1838	123038.0	123246.0
-1837	122839.0	122972.0
-1836	123604.0	123220.0
-1835	123009.0	123191.0
-1834	123825.0	122891.0
-1833	123323.0	123081.0
-1832	122840.0	123118.0
-1831	122933.0	123157.0
-1830	123292.0	122938.0
-1829	123390.0	122801.0
-1828	122853.0	123337.0
-1827	123351.0	123311.0
-1826	123383.0	123583.0
-1825	123156.0	122571.0
-1824	123549.0	123504.0
-1823	123418.0	122658.0
-1822	123174.0	123210.0
-1821	123737.0	122625.0
-1820	123649.0	123000.0
-1819	122865.0	123497.0
-1818	123492.0	122450.0
-1817	123528.0	123506.0
-1816	122878.0	123275.0
-1815	123278.0	123174.0
-1814	123227.0	122753.0
-1813	123508.0	122954.0
-1812	123518.0	123097.0
-1811	123233.0	123469.0
-1810	123212.0	123136.0
-1809	123148.0	123423.0
-1808	122851.0	123588.0
-1807	123615.0	123645.0
-1806	123594.0	122901.0
-1805	123400.0	121957.0
-1804	123021.0	123012.0
-1803	123395.0	123144.0
-1802	123100.0	123616.0
-1801	123419.0	122987.0
-1800	123208.0	122317.0
-1799	122807.0	122696.0
-1798	122941.0	123233.0
-1797	123544.0	123525.0
-1796	122533.0	123479.0
-1795	123678.0	123179.0
-1794	123164.0	122864.0
-1793	123367.0	123268.0
-1792	124211.0	123626.0
-1791	123640.0	123069.0
-1790	123361.0	122426.0
-1789	122498.0	123229.0
-1788	123109.0	123502.0
-1787	122874.0	122935.0
-1786	123383.0	122834.0
-1785	122968.0	123248.0
-1784	123872.0	122840.0
-1783	124097.0	123401.0
-1782	123531.0	123392.0
-1781	123433.0	122963.0
-1780	123255.0	122435.0
-1779	123983.0	123534.0
-1778	123056.0	122442.0
-1777	123298.0	123226.0
-1776	122966.0	123146.0
-1775	123190.0	122785.0
-1774	123487.0	122952.0
-1773	123833.0	123618.0
-1772	123306.0	123030.0
-1771	123005.0	123586.0
-1770	123701.0	123250.0
-1769	123760.0	123441.0
-1768	123116.0	123579.0
-1767	123116.0	122914.0
-1766	123253.0	123364.0
-1765	123826.0	123277.0
-1764	123693.0	123282.0
-1763	123349.0	123015.0
-1762	123680.0	123424.0
-1761	122704.0	123392.0
-1760	122846.0	123487.0
-1759	123473.0	123392.0
-1758	124351.0	123244.0
-1757	123666.0	123097.0
-1756	123697.0	123003.0
-1755	123873.0	123784.0
-1754	123894.0	123471.0
-1753	123590.0	123194.0
-1752	123950.0	124130.0
-1751	123559.0	122858.0
-1750	123550.0	123033.0
-1749	123965.0	123461.0
-1748	123052.0	123129.0
-1747	123085.0	124146.0
-1746	123733.0	122993.0
-1745	123550.0	123360.0
-1744	123403.0	123462.0
-1743	123790.0	123554.0
-1742	124013.0	122881.0
-1741	123342.0	123481.0
-1740	123691.0	123664.0
-1739	123449.0	123842.0
-1738	123106.0	123881.0
-1737	123455.0	123524.0
-1736	123647.0	123266.0
-1735	123548.0	123608.0
-1734	123456.0	123584.0
-1733	123157.0	123219.0
-1732	123113.0	123666.0
-1731	122982.0	123652.0
-1730	123752.0	123400.0
-1729	123316.0	123835.0
-1728	124167.0	123385.0
-1727	123693.0	123264.0
-1726	123297.0	122841.0
-1725	123729.0	123814.0
-1724	123839.0	123433.0
-1723	123901.0	123121.0
-1722	123504.0	123287.0
-1721	123648.0	123446.0
-1720	123267.0	124180.0
-1719	123253.0	123397.0
-1718	123123.0	123633.0
-1717	123582.0	123363.0
-1716	123904.0	123873.0
-1715	123541.0	123285.0
-1714	123100.0	122547.0
-1713	123553.0	123011.0
-1712	123615.0	123326.0
-1711	123805.0	122890.0
-1710	123570.0	123841.0
-1709	123542.0	123450.0
-1708	123701.0	124125.0
-1707	123607.0	123583.0
-1706	123883.0	123094.0
-1705	123294.0	122758.0
-1704	123310.0	122999.0
-1703	123389.0	123916.0
-1702	123449.0	123830.0
-1701	123601.0	123468.0
-1700	123200.0	123185.0
-1699	122857.0	123472.0
-1698	123799.0	123203.0
-1697	123284.0	122905.0
-1696	123202.0	123297.0
-1695	123300.0	123553.0
-1694	123654.0	122883.0
-1693	123497.0	123633.0
-1692	123497.0	123516.0
-1691	123410.0	123530.0
-1690	123146.0	123315.0
-1689	123439.0	123507.0
-1688	123288.0	123810.0
-1687	123081.0	123481.0
-1686	123209.0	123097.0
-1685	123541.0	122777.0
-1684	123645.0	123988.0
-1683	123850.0	122887.0
-1682	123630.0	123277.0
-1681	124277.0	123185.0
-1680	123415.0	123269.0
-1679	124385.0	123491.0
-1678	123788.0	123719.0
-1677	123662.0	123641.0
-1676	123288.0	122955.0
-1675	123969.0	124059.0
-1674	123457.0	123820.0
-1673	123699.0	123159.0
-1672	123648.0	123341.0
-1671	124146.0	123521.0
-1670	123264.0	122887.0
-1669	123796.0	123070.0
-1668	123723.0	122862.0
-1667	123837.0	123092.0
-1666	123674.0	123088.0
-1665	123874.0	123364.0
-1664	123755.0	123392.0
-1663	123539.0	123615.0
-1662	123476.0	123544.0
-1661	123231.0	123301.0
-1660	123580.0	123202.0
-1659	123272.0	123363.0
-1658	123212.0	123622.0
-1657	122967.0	123268.0
-1656	123657.0	123509.0
-1655	124107.0	123272.0
-1654	123614.0	122967.0
-1653	123329.0	123054.0
-1652	123396.0	123878.0
-1651	123147.0	123583.0
-1650	123687.0	123335.0
-1649	123724.0	123520.0
-1648	123519.0	123426.0
-1647	123952.0	123479.0
-1646	123436.0	123266.0
-1645	123045.0	123599.0
-1644	123308.0	124244.0
-1643	123575.0	123297.0
-1642	123537.0	123097.0
-1641	123388.0	122871.0
-1640	123138.0	123118.0
-1639	123271.0	122806.0
-1638	123423.0	122958.0
-1637	123315.0	123660.0
-1636	123200.0	123422.0
-1635	123604.0	123109.0
-1634	123555.0	122724.0
-1633	123696.0	123957.0
-1632	123203.0	123114.0
-1631	123874.0	122896.0
-1630	123646.0	123320.0
-1629	123533.0	122742.0
-1628	123185.0	123655.0
-1627	123279.0	122952.0
-1626	123389.0	123637.0
-1625	122923.0	124012.0
-1624	123714.0	124117.0
-1623	122806.0	123957.0
-1622	122921.0	123082.0
-1621	122846.0	123800.0
-1620	123015.0	123482.0
-1619	124076.0	124119.0
-1618	123067.0	123396.0
-1617	123796.0	123687.0
-1616	122882.0	123827.0
-1615	123229.0	124088.0
-1614	123059.0	124039.0
-1613	123625.0	123871.0
-1612	123139.0	122897.0
-1611	123840.0	123297.0
-1610	123628.0	123012.0
-1609	122638.0	123465.0
-1608	123340.0	123525.0
-1607	123474.0	123086.0
-1606	123053.0	122989.0
-1605	123672.0	123503.0
-1604	123608.0	123705.0
-1603	124077.0	123840.0
-1602	123696.0	124038.0
-1601	123200.0	123478.0
-1600	123359.0	123827.0
-1599	123750.0	123986.0
-1598	123417.0	123865.0
-1597	123478.0	123704.0
-1596	123548.0	123361.0
-1595	123681.0	123278.0
-1594	123799.0	123477.0
-1593	123826.0	123571.0
-1592	123394.0	123454.0
-1591	123421.0	123314.0
-1590	123746.0	124134.0
-1589	123743.0	122997.0
-1588	123200.0	122765.0
-1587	124191.0	123340.0
-1586	124029.0	123772.0
-1585	123813.0	123783.0
-1584	123622.0	123361.0
-1583	124063.0	123147.0
-1582	123473.0	123665.0
-1581	123535.0	122950.0
-1580	123681.0	123295.0
-1579	123670.0	123493.0
-1578	124092.0	123745.0
-1577	124102.0	123355.0
-1576	122601.0	123628.0
-1575	123844.0	123435.0
-1574	123337.0	123458.0
-1573	123637.0	122848.0
-1572	123385.0	123766.0
-1571	123319.0	123393.0
-1570	123414.0	123348.0
-1569	123202.0	123786.0
-1568	123124.0	123396.0
-1567	122867.0	123769.0
-1566	124248.0	123715.0
-1565	123775.0	123776.0
-1564	123644.0	123623.0
-1563	123304.0	123285.0
-1562	124093.0	123901.0
-1561	123357.0	123463.0
-1560	123752.0	123970.0
-1559	124058.0	123515.0
-1558	124298.0	123459.0
-1557	123752.0	123257.0
-1556	123157.0	122815.0
-1555	123880.0	123856.0
-1554	123596.0	123500.0
-1553	123394.0	123315.0
-1552	123535.0	123222.0
-1551	123983.0	123366.0
-1550	123418.0	123270.0
-1549	123876.0	124023.0
-1548	124496.0	123779.0
-1547	124340.0	123234.0
-1546	123717.0	123604.0
-1545	123537.0	124004.0
-1544	123235.0	123658.0
-1543	123563.0	123992.0
-1542	124077.0	124010.0
-1541	123123.0	123767.0
-1540	123739.0	124001.0
-1539	123488.0	123788.0
-1538	123928.0	122984.0
-1537	123895.0	123503.0
-1536	124141.0	124205.0
-1535	123719.0	123627.0
-1534	123554.0	124178.0
-1533	123912.0	124239.0
-1532	123511.0	123240.0
-1531	124052.0	122998.0
-1530	123879.0	123591.0
-1529	123567.0	123241.0
-1528	123502.0	123394.0
-1527	124079.0	123818.0
-1526	124000.0	122988.0
-1525	123657.0	123181.0
-1524	123813.0	124249.0
-1523	124487.0	123324.0
-1522	123766.0	123833.0
-1521	123763.0	123739.0
-1520	124087.0	123163.0
-1519	123244.0	123405.0
-1518	124068.0	123194.0
-1517	123448.0	123685.0
-1516	123889.0	123195.0
-1515	124439.0	123477.0
-1514	123542.0	123032.0
-1513	124294.0	123299.0
-1512	123433.0	123691.0
-1511	124081.0	123116.0
-1510	123773.0	123320.0
-1509	123645.0	123539.0
-1508	123307.0	122991.0
-1507	123774.0	123033.0
-1506	123907.0	123829.0
-1505	124404.0	123593.0
-1504	123839.0	123448.0
-1503	123581.0	123918.0
-1502	123893.0	123459.0
-1501	123731.0	123282.0
-1500	124396.0	122827.0
-1499	123394.0	123305.0
-1498	124015.0	123769.0
-1497	123883.0	123030.0
-1496	124079.0	123343.0
-1495	123099.0	123984.0
-1494	123808.0	123443.0
-1493	123515.0	123760.0
-1492	124024.0	123116.0
-1491	123769.0	123103.0
-1490	123944.0	123181.0
-1489	123670.0	124011.0
-1488	124200.0	123754.0
-1487	123711.0	123445.0
-1486	123833.0	123230.0
-1485	124273.0	123488.0
-1484	124068.0	123452.0
-1483	123492.0	123246.0
-1482	123797.0	123107.0
-1481	123250.0	123312.0
-1480	124016.0	123263.0
-1479	123945.0	123268.0
-1478	123403.0	123040.0
-1477	123647.0	123858.0
-1476	123750.0	123029.0
-1475	123704.0	123187.0
-1474	123393.0	123521.0
-1473	124215.0	123420.0
-1472	123423.0	123153.0
-1471	124120.0	123512.0
-1470	124146.0	122938.0
-1469	123347.0	123091.0
-1468	123554.0	123820.0
-1467	123667.0	123498.0
-1466	123973.0	123371.0
-1465	123550.0	123293.0
-1464	123540.0	124356.0
-1463	123367.0	123267.0
-1462	123221.0	123272.0
-1461	123991.0	124239.0
-1460	123758.0	124051.0
-1459	122943.0	123563.0
-1458	123585.0	123581.0
-1457	124239.0	123398.0
-1456	123433.0	123556.0
-1455	124148.0	123613.0
-1454	124641.0	123716.0
-1453	123570.0	123974.0
-1452	124149.0	123524.0
-1451	122942.0	123113.0
-1450	123010.0	123681.0
-1449	123797.0	123650.0
-1448	123744.0	123227.0
-1447	124523.0	123745.0
-1446	123456.0	123150.0
-1445	123489.0	123165.0
-1444	123347.0	123849.0
-1443	123625.0	122996.0
-1442	122974.0	123604.0
-1441	123356.0	123626.0
-1440	123692.0	123449.0
-1439	124565.0	123006.0
-1438	123362.0	123286.0
-1437	123033.0	124003.0
-1436	124032.0	123530.0
-1435	123261.0	124107.0
-1434	123632.0	123568.0
-1433	123484.0	123089.0
-1432	123439.0	123410.0
-1431	123293.0	123646.0
-1430	123811.0	123160.0
-1429	123609.0	123599.0
-1428	124711.0	123997.0
-1427	123484.0	122893.0
-1426	123974.0	123454.0
-1425	124010.0	124055.0
-1424	123251.0	123729.0
-1423	123045.0	123286.0
-1422	123413.0	123830.0
-1421	123844.0	123900.0
-1420	123845.0	123757.0
-1419	123830.0	123510.0
-1418	123418.0	123687.0
-1417	123152.0	123593.0
-1416	123893.0	124307.0
-1415	124212.0	123875.0
-1414	123461.0	123749.0
-1413	123490.0	123319.0
-1412	123520.0	123586.0
-1411	123992.0	124069.0
-1410	123461.0	123810.0
-1409	124059.0	123662.0
-1408	123985.0	123965.0
-1407	123685.0	123847.0
-1406	123469.0	123640.0
-1405	123363.0	123697.0
-1404	124006.0	124037.0
-1403	124075.0	123975.0
-1402	123442.0	123875.0
-1401	123850.0	123754.0
-1400	123504.0	123332.0
-1399	123098.0	123275.0
-1398	124315.0	123617.0
-1397	124057.0	123684.0
-1396	124098.0	123685.0
-1395	123731.0	123629.0
-1394	123998.0	124225.0
-1393	123012.0	124291.0
-1392	123789.0	123659.0
-1391	123670.0	123868.0
-1390	123884.0	123488.0
-1389	124303.0	124038.0
-1388	123635.0	123866.0
-1387	124354.0	124064.0
-1386	124342.0	124107.0
-1385	124030.0	123270.0
-1384	123921.0	123583.0
-1383	124851.0	123569.0
-1382	124179.0	123859.0
-1381	123811.0	123930.0
-1380	123774.0	123607.0
-1379	123888.0	123494.0
-1378	123683.0	124251.0
-1377	123686.0	123090.0
-1376	124319.0	123562.0
-1375	124469.0	124189.0
-1374	123733.0	123451.0
-1373	124123.0	123859.0
-1372	123954.0	123670.0
-1371	123967.0	123953.0
-1370	123963.0	123495.0
-1369	123898.0	124030.0
-1368	123893.0	123740.0
-1367	123662.0	124256.0
-1366	124159.0	124156.0
-1365	124813.0	124410.0
-1364	123317.0	124372.0
-1363	123827.0	124493.0
-1362	124383.0	124229.0
-1361	124092.0	123546.0
-1360	123766.0	123780.0
-1359	123877.0	124177.0
-1358	123525.0	123681.0
-1357	123868.0	124070.0
-1356	124094.0	123898.0
-1355	124224.0	124058.0
-1354	124083.0	123481.0
-1353	124215.0	123512.0
-1352	124114.0	124020.0
-1351	123926.0	123763.0
-1350	124119.0	123842.0
-1349	123925.0	123347.0
-1348	124537.0	123898.0
-1347	124710.0	124652.0
-1346	124203.0	124041.0
-1345	123560.0	123867.0
-1344	124427.0	124287.0
-1343	123853.0	124455.0
-1342	123060.0	124089.0
-1341	124797.0	124154.0
-1340	124693.0	123500.0
-1339	123754.0	124027.0
-1338	124563.0	123535.0
-1337	124379.0	124506.0
-1336	124287.0	124078.0
-1335	124444.0	122917.0
-1334	123881.0	123423.0
-1333	124009.0	124408.0
-1332	123625.0	123000.0
-1331	123512.0	124377.0
-1330	124228.0	124282.0
-1329	124662.0	123630.0
-1328	123983.0	124009.0
-1327	124686.0	123736.0
-1326	123754.0	123856.0
-1325	123988.0	123881.0
-1324	123447.0	123783.0
-1323	123890.0	123744.0
-1322	124356.0	123307.0
-1321	123868.0	123685.0
-1320	124099.0	123566.0
-1319	123927.0	123634.0
-1318	124167.0	123335.0
-1317	124276.0	123382.0
-1316	123976.0	123930.0
-1315	123388.0	123650.0
-1314	123968.0	124001.0
-1313	124088.0	123707.0
-1312	124423.0	124107.0
-1311	124269.0	123440.0
-1310	123865.0	123340.0
-1309	123804.0	123921.0
-1308	124868.0	123716.0
-1307	124494.0	123514.0
-1306	124256.0	123906.0
-1305	124486.0	123237.0
-1304	123921.0	123684.0
-1303	124367.0	123652.0
-1302	123824.0	123597.0
-1301	123875.0	123394.0
-1300	124101.0	123846.0
-1299	124707.0	123463.0
-1298	123330.0	123424.0
-1297	123755.0	124150.0
-1296	123846.0	124285.0
-1295	124547.0	124604.0
-1294	123934.0	123659.0
-1293	124224.0	123592.0
-1292	124076.0	122954.0
-1291	123868.0	123148.0
-1290	124015.0	123538.0
-1289	124093.0	123427.0
-1288	123759.0	123093.0
-1287	124235.0	123906.0
-1286	124095.0	124152.0
-1285	124248.0	123785.0
-1284	124342.0	123640.0
-1283	124622.0	123414.0
-1282	123868.0	123972.0
-1281	123957.0	123875.0
-1280	123861.0	122852.0
-1279	124352.0	123980.0
-1278	124096.0	123265.0
-1277	123859.0	123677.0
-1276	124284.0	123382.0
-1275	124087.0	123489.0
-1274	123621.0	123269.0
-1273	123635.0	123526.0
-1272	124826.0	123556.0
-1271	123975.0	123102.0
-1270	123512.0	124049.0
-1269	123786.0	123721.0
-1268	123759.0	122923.0
-1267	123740.0	123332.0
-1266	123672.0	123527.0
-1265	124139.0	123102.0
-1264	123966.0	123689.0
-1263	124529.0	123432.0
-1262	123747.0	123643.0
-1261	124324.0	124148.0
-1260	125128.0	123974.0
-1259	123896.0	123307.0
-1258	123368.0	123718.0
-1257	123400.0	123998.0
-1256	124263.0	124204.0
-1255	124053.0	124119.0
-1254	124393.0	123974.0
-1253	123837.0	123556.0
-1252	123952.0	124110.0
-1251	123802.0	124040.0
-1250	124062.0	123428.0
-1249	123934.0	123953.0
-1248	123748.0	123664.0
-1247	123242.0	124021.0
-1246	124152.0	123887.0
-1245	123603.0	123913.0
-1244	124037.0	123462.0
-1243	123646.0	123840.0
-1242	124254.0	123633.0
-1241	123341.0	123406.0
-1240	123658.0	124650.0
-1239	123177.0	124098.0
-1238	123717.0	124474.0
-1237	123858.0	124168.0
-1236	124424.0	123564.0
-1235	123880.0	123920.0
-1234	123634.0	124120.0
-1233	124257.0	124092.0
-1232	123270.0	123974.0
-1231	123721.0	123623.0
-1230	124635.0	124116.0
-1229	123377.0	123629.0
-1228	123933.0	124886.0
-1227	123589.0	123442.0
-1226	124211.0	124441.0
-1225	123901.0	123833.0
-1224	124483.0	124016.0
-1223	123919.0	124236.0
-1222	123953.0	124392.0
-1221	124440.0	123998.0
-1220	123837.0	123838.0
-1219	123461.0	124718.0
-1218	124599.0	124884.0
-1217	124046.0	123960.0
-1216	124085.0	124039.0
-1215	124062.0	123648.0
-1214	123877.0	123587.0
-1213	124132.0	123784.0
-1212	123816.0	124382.0
-1211	124292.0	123763.0
-1210	124245.0	124000.0
-1209	123943.0	124203.0
-1208	123625.0	124361.0
-1207	124672.0	123590.0
-1206	124598.0	124278.0
-1205	124261.0	123508.0
-1204	123962.0	124402.0
-1203	123895.0	123963.0
-1202	123921.0	123019.0
-1201	123952.0	124374.0
-1200	124117.0	123853.0
-1199	124260.0	124243.0
-1198	123768.0	123951.0
-1197	123874.0	123976.0
-1196	124479.0	123966.0
-1195	124214.0	124235.0
-1194	123634.0	123824.0
-1193	124419.0	124176.0
-1192	124539.0	124082.0
-1191	124237.0	124469.0
-1190	124111.0	124174.0
-1189	123819.0	124328.0
-1188	124805.0	123909.0
-1187	124240.0	124050.0
-1186	124366.0	124670.0
-1185	123855.0	123813.0
-1184	124515.0	124043.0
-1183	124370.0	123835.0
-1182	124469.0	123734.0
-1181	124081.0	123763.0
-1180	124077.0	124332.0
-1179	123999.0	124418.0
-1178	124692.0	124575.0
-1177	124004.0	124526.0
-1176	124228.0	124454.0
-1175	123836.0	124328.0
-1174	123709.0	124563.0
-1173	124462.0	124616.0
-1172	124171.0	123589.0
-1171	124196.0	124321.0
-1170	124892.0	123732.0
-1169	124144.0	123993.0
-1168	124079.0	123817.0
-1167	124789.0	124047.0
-1166	124098.0	124400.0
-1165	124298.0	124046.0
-1164	124368.0	124350.0
-1163	124029.0	123952.0
-1162	124316.0	124969.0
-1161	123998.0	124781.0
-1160	124397.0	124360.0
-1159	124804.0	124163.0
-1158	124324.0	124157.0
-1157	124275.0	124141.0
-1156	124483.0	123855.0
-1155	123889.0	124511.0
-1154	124078.0	124824.0
-1153	124279.0	124010.0
-1152	124775.0	124596.0
-1151	124619.0	124365.0
-1150	124635.0	124092.0
-1149	124527.0	123896.0
-1148	123965.0	124507.0
-1147	124341.0	124044.0
-1146	124201.0	124649.0
-1145	124201.0	124078.0
-1144	124609.0	124037.0
-1143	124362.0	124467.0
-1142	124766.0	124144.0
-1141	124778.0	124422.0
-1140	124847.0	124377.0
-1139	124493.0	124461.0
-1138	124885.0	124309.0
-1137	124217.0	123872.0
-1136	124308.0	123674.0
-1135	124384.0	124115.0
-1134	124452.0	124514.0
-1133	125162.0	124160.0
-1132	124878.0	124547.0
-1131	124664.0	123538.0
-1130	124198.0	123956.0
-1129	124456.0	123086.0
-1128	124284.0	123841.0
-1127	124822.0	123481.0
-1126	124150.0	124201.0
-1125	125014.0	124278.0
-1124	124599.0	123649.0
-1123	125070.0	124080.0
-1122	125022.0	123543.0
-1121	124729.0	124051.0
-1120	124157.0	124302.0
-1119	123924.0	124065.0
-1118	124008.0	124063.0
-1117	124717.0	124451.0
-1116	124474.0	124003.0
-1115	124296.0	124675.0
-1114	124340.0	124509.0
-1113	124240.0	124252.0
-1112	124882.0	124051.0
-1111	124818.0	124388.0
-1110	124593.0	124224.0
-1109	124368.0	123642.0
-1108	124106.0	123761.0
-1107	124794.0	123964.0
-1106	124065.0	124078.0
-1105	124683.0	124653.0
-1104	124796.0	124066.0
-1103	123894.0	123683.0
-1102	124880.0	123898.0
-1101	124659.0	123809.0
-1100	124043.0	124304.0
-1099	123968.0	124362.0
-1098	124129.0	124236.0
-1097	123817.0	123742.0
-1096	124488.0	124521.0
-1095	124323.0	124501.0
-1094	124840.0	123524.0
-1093	124597.0	123984.0
-1092	124881.0	124305.0
-1091	123902.0	123777.0
-1090	124483.0	124803.0
-1089	124872.0	123945.0
-1088	124252.0	124324.0
-1087	124460.0	123864.0
-1086	124176.0	124445.0
-1085	124935.0	123247.0
-1084	124204.0	124386.0
-1083	124576.0	124412.0
-1082	124858.0	124008.0
-1081	124616.0	123909.0
-1080	124339.0	124069.0
-1079	124505.0	123932.0
-1078	124388.0	124426.0
-1077	124866.0	123731.0
-1076	124700.0	123869.0
-1075	124162.0	123971.0
-1074	124638.0	123718.0
-1073	124244.0	124068.0
-1072	124605.0	124063.0
-1071	124463.0	124095.0
-1070	124206.0	124077.0
-1069	124366.0	124462.0
-1068	124200.0	124283.0
-1067	123946.0	123333.0
-1066	123427.0	124730.0
-1065	124035.0	124480.0
-1064	124307.0	124256.0
-1063	124865.0	124490.0
-1062	124518.0	124732.0
-1061	124575.0	123726.0
-1060	124523.0	124645.0
-1059	124356.0	124568.0
-1058	124525.0	124213.0
-1057	124691.0	124318.0
-1056	123993.0	124298.0
-1055	124279.0	123256.0
-1054	123870.0	124399.0
-1053	124283.0	123817.0
-1052	124298.0	124104.0
-1051	123784.0	124282.0
-1050	124111.0	123834.0
-1049	123643.0	124073.0
-1048	123620.0	124519.0
-1047	123580.0	124505.0
-1046	124192.0	124537.0
-1045	124373.0	124412.0
-1044	124316.0	124652.0
-1043	125058.0	124170.0
-1042	124316.0	124150.0
-1041	124519.0	123989.0
-1040	124120.0	123723.0
-1039	124253.0	124212.0
-1038	124223.0	124698.0
-1037	123693.0	124027.0
-1036	124087.0	124596.0
-1035	124671.0	125022.0
-1034	124042.0	124270.0
-1033	124033.0	124626.0
-1032	124196.0	124878.0
-1031	124212.0	123560.0
-1030	124221.0	124598.0
-1029	124231.0	124877.0
-1028	123752.0	124381.0
-1027	124087.0	124062.0
-1026	124499.0	124846.0
-1025	124101.0	123834.0
-1024	123811.0	123824.0
-1023	124390.0	124010.0
-1022	123936.0	124769.0
-1021	124468.0	124871.0
-1020	124066.0	124432.0
-1019	124315.0	124470.0
-1018	124201.0	124618.0
-1017	124366.0	123772.0
-1016	124367.0	124054.0
-1015	124762.0	124739.0
-1014	124942.0	124288.0
-1013	124650.0	123625.0
-1012	124045.0	124326.0
-1011	124396.0	124448.0
-1010	124299.0	124088.0
-1009	123847.0	124365.0
-1008	124240.0	124546.0
-1007	123776.0	125101.0
-1006	124350.0	124705.0
-1005	124846.0	124617.0
-1004	124274.0	124187.0
-1003	124369.0	124794.0
-1002	124262.0	124964.0
-1001	124441.0	124328.0
-1000	124162.0	124400.0
-999	124600.0	124336.0
-998	123853.0	123928.0
-997	123964.0	124867.0
-996	124388.0	125393.0
-995	124002.0	124714.0
-994	124626.0	124918.0
-993	125007.0	125001.0
-992	124147.0	124203.0
-991	124176.0	124454.0
-990	124733.0	124739.0
-989	124798.0	124863.0
-988	124661.0	125397.0
-987	124521.0	125305.0
-986	124818.0	124796.0
-985	124347.0	124546.0
-984	125049.0	125466.0
-983	123956.0	124647.0
-982	124637.0	124378.0
-981	124047.0	124476.0
-980	124790.0	124389.0
-979	124916.0	124745.0
-978	124594.0	125026.0
-977	124494.0	124495.0
-976	124644.0	124998.0
-975	124586.0	125707.0
-974	124709.0	124832.0
-973	124969.0	124813.0
-972	124821.0	125401.0
-971	125532.0	124623.0
-970	125119.0	124812.0
-969	124541.0	124489.0
-968	125146.0	124595.0
-967	125149.0	124992.0
-966	125356.0	124473.0
-965	124953.0	124324.0
-964	124672.0	124664.0
-963	124600.0	124783.0
-962	125255.0	124574.0
-961	125103.0	124702.0
-960	125345.0	125043.0
-959	124598.0	124641.0
-958	124868.0	125218.0
-957	125314.0	124732.0
-956	125051.0	124583.0
-955	124813.0	124594.0
-954	125087.0	124670.0
-953	124902.0	124711.0
-952	125161.0	125511.0
-951	124714.0	124578.0
-950	124906.0	124818.0
-949	124724.0	124534.0
-948	125401.0	124454.0
-947	124701.0	124696.0
-946	125500.0	125300.0
-945	124601.0	124625.0
-944	124670.0	124295.0
-943	124509.0	125026.0
-942	125272.0	124780.0
-941	124970.0	124030.0
-940	124866.0	124582.0
-939	125577.0	124637.0
-938	125007.0	124387.0
-937	124873.0	124791.0
-936	125829.0	124245.0
-935	125095.0	124320.0
-934	124754.0	124745.0
-933	125411.0	125079.0
-932	125416.0	124726.0
-931	125256.0	124151.0
-930	125677.0	124041.0
-929	125387.0	124015.0
-928	125144.0	124338.0
-927	125196.0	124706.0
-926	124635.0	124612.0
-925	124323.0	124569.0
-924	125034.0	124571.0
-923	124305.0	124284.0
-922	124988.0	124274.0
-921	125910.0	124252.0
-920	125117.0	124222.0
-919	124901.0	124785.0
-918	125379.0	124867.0
-917	124587.0	124247.0
-916	124928.0	124528.0
-915	125031.0	124857.0
-914	124659.0	124382.0
-913	125382.0	124517.0
-912	124580.0	124535.0
-911	125351.0	123964.0
-910	125599.0	125044.0
-909	125032.0	124700.0
-908	125034.0	124139.0
-907	124617.0	124364.0
-906	125399.0	124522.0
-905	124662.0	123978.0
-904	124551.0	124462.0
-903	124699.0	124263.0
-902	124478.0	123906.0
-901	125303.0	124366.0
-900	125587.0	124378.0
-899	124627.0	124101.0
-898	125034.0	124489.0
-897	125696.0	124764.0
-896	124605.0	124435.0
-895	124150.0	124318.0
-894	125481.0	124083.0
-893	125414.0	124209.0
-892	125190.0	124783.0
-891	125347.0	124762.0
-890	125126.0	124401.0
-889	124851.0	124040.0
-888	124874.0	124206.0
-887	124855.0	123641.0
-886	124905.0	124736.0
-885	125211.0	124401.0
-884	125029.0	123863.0
-883	125205.0	124304.0
-882	125190.0	124018.0
-881	124880.0	124253.0
-880	124592.0	124422.0
-879	125422.0	124277.0
-878	124668.0	123929.0
-877	124730.0	124170.0
-876	124538.0	124251.0
-875	124579.0	124132.0
-874	125052.0	124351.0
-873	124867.0	124855.0
-872	124605.0	124253.0
-871	124455.0	124499.0
-870	124893.0	124740.0
-869	124552.0	124045.0
-868	124764.0	124058.0
-867	124774.0	124498.0
-866	124867.0	123962.0
-865	124709.0	124561.0
-864	124875.0	124407.0
-863	124328.0	123874.0
-862	124238.0	124322.0
-861	124425.0	124790.0
-860	124654.0	124380.0
-859	124187.0	124894.0
-858	124678.0	124455.0
-857	124865.0	124302.0
-856	124732.0	124914.0
-855	124932.0	124609.0
-854	125041.0	124028.0
-853	124918.0	124748.0
-852	124459.0	124799.0
-851	124486.0	124857.0
-850	124068.0	125325.0
-849	124006.0	124492.0
-848	124287.0	124467.0
-847	124193.0	124875.0
-846	124759.0	125202.0
-845	124046.0	124261.0
-844	124271.0	125167.0
-843	125162.0	124538.0
-842	124298.0	124336.0
-841	123993.0	125113.0
-840	124468.0	125221.0
-839	124246.0	124249.0
-838	123376.0	124546.0
-837	124740.0	124656.0
-836	124673.0	124359.0
-835	124410.0	124710.0
-834	124963.0	124041.0
-833	124264.0	124256.0
-832	124093.0	125140.0
-831	124213.0	125183.0
-830	124344.0	125025.0
-829	124018.0	125139.0
-828	124403.0	125285.0
-827	124797.0	124741.0
-826	124279.0	125000.0
-825	124820.0	125530.0
-824	124687.0	124614.0
-823	124169.0	125099.0
-822	124065.0	124596.0
-821	123747.0	124396.0
-820	123569.0	124990.0
-819	124222.0	125610.0
-818	124633.0	125373.0
-817	124687.0	124565.0
-816	124429.0	125029.0
-815	124546.0	124722.0
-814	124459.0	124713.0
-813	124517.0	125002.0
-812	124520.0	124741.0
-811	123738.0	125248.0
-810	124811.0	124381.0
-809	124616.0	124697.0
-808	124056.0	125018.0
-807	124757.0	124762.0
-806	124990.0	124021.0
-805	124500.0	125658.0
-804	125394.0	125168.0
-803	124347.0	124809.0
-802	124961.0	125704.0
-801	124763.0	125303.0
-800	124787.0	125189.0
-799	124401.0	125066.0
-798	125153.0	124983.0
-797	125166.0	124834.0
-796	124961.0	124291.0
-795	125338.0	124695.0
-794	125144.0	124644.0
-793	124866.0	125011.0
-792	125333.0	125039.0
-791	124196.0	125183.0
-790	125323.0	124747.0
-789	124872.0	125181.0
-788	124999.0	125130.0
-787	125136.0	125561.0
-786	125977.0	124773.0
-785	125115.0	124779.0
-784	125294.0	124890.0
-783	125401.0	125017.0
-782	125611.0	125073.0
-781	125074.0	125513.0
-780	124997.0	125756.0
-779	124773.0	125062.0
-778	125147.0	125385.0
-777	125490.0	125626.0
-776	125500.0	125364.0
-775	125075.0	124924.0
-774	125489.0	125659.0
-773	125429.0	124715.0
-772	125795.0	125919.0
-771	125789.0	124887.0
-770	125153.0	125425.0
-769	125308.0	125080.0
-768	125511.0	125142.0
-767	125585.0	125267.0
-766	125667.0	125124.0
-765	126063.0	125551.0
-764	125498.0	124838.0
-763	125458.0	125317.0
-762	126099.0	125584.0
-761	125556.0	125193.0
-760	125669.0	125148.0
-759	125765.0	125598.0
-758	125638.0	125605.0
-757	125304.0	125810.0
-756	125943.0	125280.0
-755	125669.0	124618.0
-754	125861.0	125165.0
-753	125414.0	125168.0
-752	125960.0	124735.0
-751	126058.0	125182.0
-750	126508.0	125581.0
-749	125893.0	125222.0
-748	125988.0	125968.0
-747	126108.0	125179.0
-746	125528.0	125610.0
-745	126339.0	125671.0
-744	126116.0	125228.0
-743	126058.0	125009.0
-742	125798.0	124981.0
-741	126241.0	125085.0
-740	125685.0	124891.0
-739	125752.0	125083.0
-738	126055.0	125395.0
-737	125705.0	125090.0
-736	125817.0	125198.0
-735	126022.0	125620.0
-734	126770.0	124769.0
-733	126358.0	125564.0
-732	126269.0	124996.0
-731	125898.0	124260.0
-730	125945.0	125211.0
-729	126235.0	124884.0
-728	125845.0	124501.0
-727	125663.0	125415.0
-726	125953.0	124815.0
-725	125672.0	124589.0
-724	125436.0	124360.0
-723	126609.0	124597.0
-722	126493.0	124424.0
-721	126025.0	125137.0
-720	126076.0	124819.0
-719	126160.0	124240.0
-718	125884.0	124689.0
-717	125921.0	125404.0
-716	125530.0	125231.0
-715	125808.0	125493.0
-714	126200.0	124525.0
-713	126011.0	124107.0
-712	125237.0	124791.0
-711	125896.0	124872.0
-710	125900.0	124080.0
-709	125313.0	125148.0
-708	126172.0	124346.0
-707	125801.0	124610.0
-706	125811.0	124963.0
-705	125987.0	124746.0
-704	125542.0	123963.0
-703	125317.0	123867.0
-702	125519.0	124093.0
-701	125532.0	124075.0
-700	125484.0	124534.0
-699	125840.0	124536.0
-698	125620.0	124586.0
-697	125589.0	124659.0
-696	125409.0	124957.0
-695	125633.0	124642.0
-694	125075.0	124810.0
-693	125613.0	124469.0
-692	125303.0	123895.0
-691	125701.0	124732.0
-690	125779.0	125239.0
-689	124896.0	124177.0
-688	125368.0	124554.0
-687	125333.0	124806.0
-686	124830.0	124042.0
-685	125128.0	124429.0
-684	125190.0	124813.0
-683	124670.0	124592.0
-682	124686.0	125010.0
-681	125044.0	124826.0
-680	125595.0	124706.0
-679	124956.0	125241.0
-678	125471.0	125005.0
-677	125112.0	124060.0
-676	124753.0	124246.0
-675	124471.0	124415.0
-674	124783.0	123841.0
-673	124508.0	124358.0
-672	124568.0	124823.0
-671	124714.0	124516.0
-670	124110.0	124593.0
-669	124577.0	124261.0
-668	124117.0	123689.0
-667	124753.0	125127.0
-666	125233.0	124691.0
-665	124600.0	124479.0
-664	124012.0	125089.0
-663	124581.0	124631.0
-662	124488.0	124432.0
-661	124070.0	124185.0
-660	124463.0	125634.0
-659	123448.0	124338.0
-658	124127.0	124533.0
-657	124530.0	125376.0
-656	124115.0	124373.0
-655	124402.0	124492.0
-654	124959.0	125160.0
-653	124186.0	124414.0
-652	123762.0	125267.0
-651	124140.0	124500.0
-650	124470.0	124491.0
-649	124113.0	125308.0
-648	124369.0	125005.0
-647	124507.0	125034.0
-646	124396.0	125076.0
-645	125300.0	125183.0
-644	124668.0	124892.0
-643	124574.0	125454.0
-642	125149.0	125245.0
-641	124305.0	124551.0
-640	124587.0	124854.0
-639	124672.0	125130.0
-638	124531.0	125234.0
-637	124012.0	124848.0
-636	124106.0	125197.0
-635	124178.0	124891.0
-634	123964.0	125645.0
-633	124946.0	125334.0
-632	123990.0	124585.0
-631	124058.0	125709.0
-630	124215.0	124785.0
-629	124175.0	125176.0
-628	124866.0	125741.0
-627	124920.0	125057.0
-626	124042.0	125451.0
-625	123624.0	125631.0
-624	124492.0	125530.0
-623	124557.0	125437.0
-622	124385.0	125311.0
-621	124936.0	126491.0
-620	124432.0	124913.0
-619	124435.0	125276.0
-618	124984.0	125868.0
-617	124472.0	125256.0
-616	124670.0	126011.0
-615	124942.0	125637.0
-614	124581.0	125240.0
-613	123878.0	125704.0
-612	124750.0	126226.0
-611	124766.0	125609.0
-610	124366.0	125910.0
-609	124799.0	126281.0
-608	124501.0	125924.0
-607	124788.0	125837.0
-606	125336.0	126211.0
-605	124760.0	125673.0
-604	125153.0	126092.0
-603	125280.0	126770.0
-602	124744.0	125404.0
-601	124495.0	125772.0
-600	126176.0	126158.0
-599	125241.0	125719.0
-598	124859.0	126557.0
-597	125831.0	126327.0
-596	125521.0	126125.0
-595	125022.0	126952.0
-594	125569.0	126045.0
-593	125402.0	125265.0
-592	124999.0	127044.0
-591	126266.0	125816.0
-590	125791.0	125992.0
-589	125856.0	126663.0
-588	126648.0	126889.0
-587	126557.0	125665.0
-586	125919.0	126787.0
-585	126484.0	126022.0
-584	126440.0	126518.0
-583	125829.0	126200.0
-582	126748.0	125885.0
-581	126298.0	126297.0
-580	126146.0	126084.0
-579	126054.0	126386.0
-578	126517.0	126069.0
-577	126600.0	126883.0
-576	126982.0	126998.0
-575	126981.0	125739.0
-574	126622.0	126480.0
-573	127246.0	126010.0
-572	126491.0	126027.0
-571	126364.0	126503.0
-570	126994.0	126565.0
-569	126608.0	125776.0
-568	126360.0	126092.0
-567	127378.0	126291.0
-566	126915.0	125781.0
-565	126304.0	126671.0
-564	127840.0	126602.0
-563	126899.0	126096.0
-562	127109.0	126606.0
-561	127595.0	126758.0
-560	126524.0	125638.0
-559	127009.0	125950.0
-558	127391.0	125617.0
-557	126893.0	124816.0
-556	126547.0	126441.0
-555	128260.0	125921.0
-554	126670.0	125985.0
-553	127283.0	126460.0
-552	128005.0	126521.0
-551	127465.0	125725.0
-550	127228.0	125792.0
-549	127649.0	126154.0
-548	127455.0	125006.0
-547	127099.0	126310.0
-546	127687.0	126020.0
-545	126932.0	125291.0
-544	126866.0	125029.0
-543	127896.0	125671.0
-542	127666.0	125154.0
-541	127678.0	124892.0
-540	127796.0	125395.0
-539	126895.0	124627.0
-538	127101.0	125325.0
-537	127575.0	124922.0
-536	127050.0	124702.0
-535	126268.0	125340.0
-534	126521.0	125360.0
-533	127151.0	124679.0
-532	126914.0	125661.0
-531	127651.0	125568.0
-530	126688.0	124672.0
-529	126349.0	125018.0
-528	127486.0	125100.0
-527	126605.0	124860.0
-526	127478.0	125223.0
-525	127501.0	125118.0
-524	126148.0	124276.0
-523	126570.0	124589.0
-522	127364.0	124437.0
-521	126541.0	124463.0
-520	126383.0	125309.0
-519	126618.0	124755.0
-518	125654.0	124300.0
-517	126035.0	124756.0
-516	127367.0	124609.0
-515	125794.0	124569.0
-514	126435.0	124158.0
-513	126338.0	124963.0
-512	126033.0	124211.0
-511	125712.0	124719.0
-510	126896.0	124656.0
-509	125163.0	124372.0
-508	126316.0	124390.0
-507	126298.0	124528.0
-506	125170.0	124215.0
-505	125643.0	124617.0
-504	126115.0	124541.0
-503	125958.0	123490.0
-502	125358.0	124305.0
-501	126287.0	124457.0
-500	125371.0	123304.0
-499	125491.0	124527.0
-498	125691.0	124322.0
-497	125130.0	123792.0
-496	125190.0	123944.0
-495	126356.0	124306.0
-494	124568.0	124254.0
-493	124257.0	124520.0
-492	125739.0	124566.0
-491	124745.0	123946.0
-490	124953.0	124465.0
-489	125800.0	124649.0
-488	125287.0	124038.0
-487	124261.0	123914.0
-486	125116.0	124581.0
-485	124386.0	123843.0
-484	124431.0	124842.0
-483	124590.0	124396.0
-482	124587.0	123960.0
-481	123872.0	123984.0
-480	124774.0	124650.0
-479	124671.0	124063.0
-478	124341.0	123790.0
-477	124864.0	124049.0
-476	124070.0	123462.0
-475	124329.0	124869.0
-474	125288.0	124445.0
-473	124419.0	123822.0
-472	123712.0	124760.0
-471	124415.0	124500.0
-470	124056.0	124253.0
-469	123817.0	124283.0
-468	124820.0	125065.0
-467	123510.0	124146.0
-466	123327.0	125029.0
-465	124199.0	125217.0
-464	124325.0	124415.0
-463	123324.0	124295.0
-462	124526.0	125087.0
-461	123582.0	124515.0
-460	123798.0	125175.0
-459	124669.0	125225.0
-458	123963.0	124499.0
-457	123518.0	125017.0
-456	123793.0	124522.0
-455	123039.0	124598.0
-454	122763.0	125549.0
-453	123676.0	126291.0
-452	124210.0	125146.0
-451	123888.0	125318.0
-450	124844.0	125427.0
-449	124197.0	124967.0
-448	123848.0	124920.0
-447	124248.0	125997.0
-446	123825.0	125467.0
-445	123845.0	125744.0
-444	124003.0	126013.0
-443	123075.0	125799.0
-442	123350.0	126131.0
-441	124548.0	126233.0
-440	123641.0	125321.0
-439	124145.0	126458.0
-438	124254.0	125980.0
-437	123955.0	125837.0
-436	123591.0	127075.0
-435	124735.0	127143.0
-434	123965.0	126056.0
-433	124628.0	127193.0
-432	124142.0	126953.0
-431	124241.0	125935.0
-430	123575.0	126393.0
-429	124474.0	127379.0
-428	123932.0	126135.0
-427	124002.0	127914.0
-426	124748.0	127089.0
-425	124148.0	126992.0
-424	125070.0	127268.0
-423	125265.0	127734.0
-422	125123.0	127180.0
-421	124651.0	127475.0
-420	125370.0	127056.0
-419	124403.0	126970.0
-418	125099.0	127301.0
-417	126038.0	127371.0
-416	125423.0	127191.0
-415	125908.0	127512.0
-414	125854.0	127974.0
-413	125613.0	127105.0
-412	125844.0	128012.0
-411	126613.0	128031.0
-410	125605.0	127266.0
-409	126028.0	127924.0
-408	126807.0	127920.0
-407	125640.0	127463.0
-406	125852.0	128241.0
-405	127321.0	127213.0
-404	126484.0	127825.0
-403	126453.0	127319.0
-402	126890.0	128270.0
-401	126382.0	127671.0
-400	126458.0	127876.0
-399	127430.0	128462.0
-398	126889.0	127298.0
-397	126225.0	127823.0
-396	127270.0	128317.0
-395	126689.0	127316.0
-394	127187.0	128666.0
-393	128143.0	127828.0
-392	127326.0	127348.0
-391	127278.0	127986.0
-390	127994.0	128175.0
-389	127359.0	127050.0
-388	127516.0	128389.0
-387	129266.0	128331.0
-386	128140.0	127337.0
-385	128775.0	127798.0
-384	128717.0	127152.0
-383	128481.0	127158.0
-382	128424.0	127811.0
-381	129363.0	127885.0
-380	128231.0	127576.0
-379	128869.0	128067.0
-378	129323.0	127603.0
-377	128915.0	126401.0
-376	128970.0	127816.0
-375	129476.0	127304.0
-374	128894.0	126972.0
-373	128953.0	127460.0
-372	128907.0	127115.0
-371	128913.0	126235.0
-370	129635.0	126770.0
-369	129730.0	127123.0
-368	129311.0	126148.0
-367	129198.0	126864.0
-366	130158.0	126377.0
-365	128745.0	126080.0
-364	128893.0	126985.0
-363	129528.0	127295.0
-362	128654.0	126513.0
-361	128244.0	126987.0
-360	129195.0	126720.0
-359	128943.0	125564.0
-358	129157.0	126139.0
-357	128784.0	126379.0
-356	129255.0	126062.0
-355	129441.0	126482.0
-354	129831.0	126555.0
-353	128587.0	124989.0
-352	128592.0	125864.0
-351	129857.0	125948.0
-350	128717.0	124934.0
-349	128769.0	125386.0
-348	129229.0	125959.0
-347	128658.0	124997.0
-346	128656.0	125960.0
-345	129292.0	125773.0
-344	128594.0	125182.0
-343	128689.0	125959.0
-342	129238.0	125355.0
-341	128462.0	124345.0
-340	127384.0	124306.0
-339	128789.0	125098.0
-338	127899.0	124110.0
-337	128077.0	125183.0
-336	128338.0	124941.0
-335	127438.0	124185.0
-334	127642.0	125000.0
-333	128267.0	124684.0
-332	127658.0	124029.0
-331	127398.0	124283.0
-330	127476.0	124348.0
-329	126880.0	123643.0
-328	126873.0	124414.0
-327	127911.0	124277.0
-326	126930.0	123638.0
-325	127254.0	124616.0
-324	127240.0	124535.0
-323	126369.0	123846.0
-322	126564.0	123559.0
-321	127665.0	123525.0
-320	125895.0	123570.0
-319	125832.0	124020.0
-318	126655.0	124176.0
-317	125520.0	123187.0
-316	125529.0	122926.0
-315	126817.0	124060.0
-314	125350.0	123944.0
-313	125053.0	123893.0
-312	125265.0	124401.0
-311	124485.0	123418.0
-310	125102.0	123338.0
-309	125458.0	123850.0
-308	124545.0	123000.0
-307	124781.0	123599.0
-306	125837.0	123481.0
-305	124269.0	123103.0
-304	123630.0	123679.0
-303	124992.0	124068.0
-302	124349.0	122590.0
-301	123333.0	123707.0
-300	124684.0	123592.0
-299	123693.0	123592.0
-298	124151.0	124155.0
-297	124587.0	124284.0
-296	123283.0	122933.0
-295	123320.0	123947.0
-294	124187.0	123796.0
-293	123559.0	123623.0
-292	123184.0	123997.0
-291	124211.0	124299.0
-290	122716.0	123346.0
-289	123205.0	124404.0
-288	123968.0	124209.0
-287	122666.0	123388.0
-286	122788.0	124484.0
-285	123654.0	124336.0
-284	122958.0	123434.0
-283	122644.0	124429.0
-282	124332.0	124437.0
-281	122699.0	123885.0
-280	122223.0	124805.0
-279	123089.0	125009.0
-278	122543.0	124147.0
-277	122207.0	124803.0
-276	123898.0	125296.0
-275	122365.0	124041.0
-274	122786.0	125793.0
-273	123160.0	126190.0
-272	122908.0	123965.0
-271	122437.0	125543.0
-270	123244.0	125533.0
-269	122508.0	125240.0
-268	122979.0	125676.0
-267	123683.0	125501.0
-266	122775.0	124425.0
-265	122459.0	125881.0
-264	124036.0	125250.0
-263	122443.0	125272.0
-262	123335.0	126833.0
-261	123639.0	126244.0
-260	122913.0	125571.0
-259	122698.0	126961.0
-258	123692.0	126756.0
-257	122634.0	126037.0
-256	122454.0	127583.0
-255	123984.0	127027.0
-254	122981.0	126104.0
-253	122919.0	127081.0
-252	124687.0	127724.0
-251	122939.0	127221.0
-250	122839.0	127821.0
-249	124043.0	127792.0
-248	123432.0	127412.0
-247	123313.0	128177.0
-246	124020.0	128350.0
-245	123753.0	127861.0
-244	124089.0	128949.0
-243	125070.0	128633.0
-242	124251.0	127914.0
-241	124490.0	129591.0
-240	125177.0	129208.0
-239	124822.0	128351.0
-238	124667.0	129455.0
-237	125795.0	129676.0
-236	124820.0	128464.0
-235	125247.0	129317.0
-234	126483.0	129261.0
-233	125285.0	129330.0
-232	125686.0	129979.0
-231	126256.0	130022.0
-230	125538.0	128505.0
-229	125743.0	130299.0
-228	127197.0	130403.0
-227	126088.0	129072.0
-226	125634.0	130335.0
-225	127010.0	129768.0
-224	126490.0	129385.0
-223	127087.0	130545.0
-222	127244.0	130724.0
-221	127241.0	129304.0
-220	126969.0	130514.0
-219	128223.0	130204.0
-218	126852.0	129493.0
-217	127400.0	130490.0
-216	128270.0	131179.0
-215	127615.0	129969.0
-214	128116.0	130675.0
-213	130072.0	130454.0
-212	128411.0	129646.0
-211	128536.0	130668.0
-210	130010.0	130237.0
-209	129097.0	130318.0
-208	128733.0	130520.0
-207	130860.0	130218.0
-206	129836.0	129859.0
-205	129604.0	130671.0
-204	131168.0	131000.0
-203	130337.0	129052.0
-202	130907.0	130523.0
-201	132073.0	130570.0
-200	130732.0	129423.0
-199	131033.0	130276.0
-198	132485.0	129659.0
-197	131421.0	128325.0
-196	131092.0	130007.0
-195	132412.0	129926.0
-194	131859.0	128266.0
-193	131420.0	129806.0
-192	132810.0	128767.0
-191	132219.0	128538.0
-190	132061.0	128658.0
-189	133366.0	128924.0
-188	131985.0	127757.0
-187	132121.0	129048.0
-186	133722.0	128903.0
-185	131568.0	127425.0
-184	132591.0	128971.0
-183	134023.0	128518.0
-182	132357.0	127230.0
-181	132422.0	127948.0
-180	133332.0	127590.0
-179	132208.0	126800.0
-178	132613.0	127803.0
-177	133035.0	127432.0
-176	132459.0	126200.0
-175	132125.0	127132.0
-174	133766.0	127833.0
-173	132018.0	125843.0
-172	132643.0	126862.0
-171	133027.0	126582.0
-170	132002.0	124838.0
-169	131785.0	125918.0
-168	133442.0	126194.0
-167	131354.0	124740.0
-166	131684.0	126381.0
-165	132777.0	125457.0
-164	131243.0	125312.0
-163	130681.0	125606.0
-162	131977.0	125735.0
-161	130334.0	124253.0
-160	130298.0	125576.0
-159	132075.0	125934.0
-158	130514.0	123832.0
-157	129854.0	125198.0
-156	130679.0	125305.0
-155	129946.0	123713.0
-154	129781.0	123945.0
-153	131024.0	124924.0
-152	129400.0	122714.0
-151	128847.0	123982.0
-150	129726.0	124619.0
-149	128260.0	123389.0
-148	127802.0	124122.0
-147	129087.0	123957.0
-146	127429.0	122809.0
-145	127277.0	123677.0
-144	128565.0	123894.0
-143	126938.0	122912.0
-142	126928.0	123252.0
-141	127678.0	123940.0
-140	125229.0	122983.0
-139	124982.0	123933.0
-138	125523.0	123801.0
-137	124390.0	122025.0
-136	123610.0	124054.0
-135	125972.0	123022.0
-134	124404.0	122780.0
-133	125278.0	123502.0
-132	127161.0	123490.0
-131	125306.0	122808.0
-130	124931.0	122958.0
-129	125988.0	123218.0
-128	122519.0	122159.0
-127	122230.0	123891.0
-126	123622.0	123680.0
-125	122833.0	122291.0
-124	123424.0	123375.0
-123	125209.0	123186.0
-122	124153.0	121976.0
-121	124386.0	123649.0
-120	125675.0	123979.0
-119	123132.0	122195.0
-118	122073.0	123758.0
-117	123354.0	124596.0
-116	121330.0	122747.0
-115	121838.0	124111.0
-114	123225.0	123661.0
-113	123462.0	122156.0
-112	123097.0	123237.0
-111	125795.0	123430.0
-110	124019.0	122092.0
-109	123304.0	123383.0
-108	123625.0	124310.0
-107	121263.0	122600.0
-106	121666.0	125095.0
-105	123167.0	124499.0
-104	122265.0	122613.0
-103	122926.0	124260.0
-102	125443.0	124134.0
-101	123732.0	123092.0
-100	124165.0	124650.0
-99	125398.0	125195.0
-98	123374.0	123657.0
-97	121889.0	125038.0
-96	123909.0	124395.0
-95	122816.0	123719.0
-94	123386.0	124836.0
-93	125955.0	124776.0
-92	123369.0	123491.0
-91	124083.0	125117.0
-90	125494.0	125819.0
-89	124098.0	123872.0
-88	124107.0	126161.0
-87	124851.0	125949.0
-86	123166.0	124428.0
-85	122658.0	126229.0
-84	124298.0	126458.0
-83	122859.0	124431.0
-82	123837.0	126267.0
-81	125906.0	125916.0
-80	123362.0	125054.0
-79	123941.0	126953.0
-78	125567.0	127195.0
-77	124274.0	125400.0
-76	124493.0	127763.0
-75	125991.0	127678.0
-74	123744.0	126322.0
-73	123619.0	127872.0
-72	126287.0	127925.0
-71	124669.0	126543.0
-70	124591.0	127953.0
-69	126607.0	128472.0
-68	124373.0	126294.0
-67	124252.0	129346.0
-66	126790.0	129516.0
-65	124961.0	127287.0
-64	125300.0	129771.0
-63	126657.0	130693.0
-62	125093.0	128552.0
-61	124778.0	130863.0
-60	127732.0	130425.0
-59	125310.0	129206.0
-58	125204.0	131164.0
-57	126341.0	130834.0
-56	124285.0	129865.0
-55	124175.0	132133.0
-54	126892.0	131825.0
-53	126073.0	130087.0
-52	125824.0	133445.0
-51	128579.0	132850.0
-50	126258.0	131921.0
-49	126984.0	133796.0
-48	128637.0	133638.0
-47	127187.0	132264.0
-46	125976.0	134089.0
-45	128810.0	134115.0
-44	126211.0	132477.0
-43	125720.0	134371.0
-42	130248.0	134992.0
-41	129037.0	132073.0
-40	129787.0	135130.0
-39	132899.0	134888.0
-38	130794.0	133027.0
-37	130014.0	135800.0
-36	131268.0	135600.0
-35	129540.0	133552.0
-34	129020.0	136077.0
-33	132890.0	135308.0
-32	132008.0	133178.0
-31	132450.0	136797.0
-30	136320.0	136360.0
-29	133136.0	134054.0
-28	134021.0	136600.0
-27	135395.0	137143.0
-26	133073.0	134760.0
-25	131687.0	137236.0
-24	134141.0	137417.0
-23	131521.0	135093.0
-22	131972.0	138242.0
-21	135767.0	138104.0
-20	134822.0	136064.0
-19	135932.0	139110.0
-18	138930.0	139614.0
-17	135384.0	137965.0
-16	134735.0	140967.0
-15	136690.0	139451.0
-14	133698.0	138346.0
-13	134047.0	140807.0
-12	140609.0	141889.0
-11	138246.0	138559.0
-10	138154.0	143109.0
-9	141026.0	145151.0
-8	138938.0	145545.0
-7	135783.0	151271.0
-6	135912.0	153606.0
-5	126819.0	148930.0
-4	124077.0	151377.0
-3	138861.0	158461.0
-2	154696.0	146295.0
-1	244545.0	138368.0
0	2540.0	95560.0
1	244930.0	26436.0
2	153967.0	59912.0
3	138814.0	85485.0
4	123742.0	118039.0
5	126521.0	134078.0
6	135710.0	128062.0
7	135202.0	115395.0
8	137829.0	114967.0
9	141448.0	114770.0
10	137873.0	113711.0
11	138507.0	116123.0
12	140498.0	120189.0
13	135147.0	118118.0
14	133622.0	122329.0
15	136891.0	124259.0
16	135560.0	122024.0
17	134592.0	122923.0
18	138061.0	123114.0
19	135488.0	120501.0
20	134387.0	123068.0
21	135937.0	125089.0
22	131628.0	125232.0
23	131636.0	129758.0
24	134234.0	131130.0
25	132615.0	127848.0
26	132187.0	127871.0
27	135870.0	126499.0
28	133845.0	124011.0
29	133576.0	125129.0
30	135949.0	125325.0
31	132233.0	124346.0
32	131750.0	126969.0
33	132675.0	129256.0
34	129504.0	128403.0
35	128550.0	130207.0
36	130731.0	130904.0
37	130012.0	127939.0
38	130675.0	128274.0
39	132538.0	126839.0
40	129992.0	124615.0
41	129610.0	126872.0
42	130270.0	128133.0
43	127481.0	128071.0
44	127269.0	131714.0
45	128067.0	131290.0
46	126034.0	129463.0
47	127161.0	131049.0
48	128720.0	129724.0
49	127057.0	127835.0
50	127136.0	130051.0
51	128653.0	129323.0
52	126839.0	127702.0
53	125699.0	130480.0
54	126771.0	130929.0
55	124490.0	129458.0
56	123931.0	132330.0
57	126649.0	132407.0
58	124315.0	129194.0
59	125107.0	129442.0
60	126796.0	128321.0
61	125154.0	126831.0
62	124262.0	129196.0
63	126612.0	129184.0
64	124228.0	126566.0
65	125293.0	127834.0
66	126176.0	126920.0
67	124009.0	126286.0
68	124526.0	127431.0
69	126759.0	128053.0
70	125357.0	125134.0
71	124496.0	126957.0
72	126403.0	127536.0
73	124239.0	126282.0
74	123846.0	127956.0
75	126049.0	126653.0
76	124833.0	125677.0
77	124825.0	125737.0
78	126014.0	125414.0
79	123158.0	124830.0
80	123560.0	127609.0
81	125800.0	127994.0
82	124131.0	125721.0
83	122864.0	128534.0
84	124063.0	128348.0
85	123316.0	127491.0
86	123523.0	128320.0
87	125608.0	126525.0
88	124419.0	123471.0
89	125103.0	123939.0
90	125915.0	124492.0
91	123703.0	124288.0
92	123845.0	126441.0
93	125095.0	127589.0
94	123088.0	126495.0
95	122261.0	129258.0
96	123681.0	129241.0
97	122792.0	127788.0
98	123684.0	128519.0
99	125642.0	127015.0
100	124230.0	124592.0
101	124471.0	125801.0
102	124925.0	126734.0
103	123212.0	126404.0
104	122470.0	129133.0
105	123868.0	130373.0
106	121287.0	130285.0
107	122101.0	132172.0
108	125056.0	131407.0
109	123596.0	128660.0
110	123756.0	128993.0
111	126020.0	128685.0
112	123559.0	127547.0
113	122861.0	131655.0
114	123722.0	132696.0
115	121908.0	132761.0
116	121539.0	135951.0
117	122896.0	136633.0
118	121834.0	134996.0
119	123466.0	135082.0
120	125588.0	134681.0
121	124432.0	132845.0
122	124798.0	134386.0
123	125330.0	135258.0
124	122619.0	135342.0
125	123060.0	138384.0
126	124267.0	139559.0
127	122978.0	138859.0
128	123053.0	139902.0
129	125144.0	139236.0
130	124427.0	136466.0
131	125084.0	137438.0
132	126616.0	137234.0
133	124309.0	135952.0
134	124823.0	140033.0
135	125855.0	140856.0
136	123679.0	141713.0
137	123688.0	143514.0
138	125915.0	143645.0
139	125185.0	142061.0
140	125660.0	143031.0
141	127487.0	142386.0
142	126541.0	140270.0
143	127620.0	142102.0
144	128511.0	142659.0
145	127291.0	142296.0
146	127316.0	143995.0
147	129376.0	143685.0
148	127185.0	141950.0
149	127742.0	142867.0
150	129618.0	142636.0
151	129339.0	140528.0
152	129306.0	142114.0
153	130933.0	142059.0
154	129603.0	140183.0
155	129353.0	141259.0
156	130920.0	141898.0
157	130048.0	139444.0
158	129458.0	140397.0
159	131072.0	139591.0
160	129759.0	137500.0
161	130932.0	138065.0
162	132337.0	138524.0
163	130985.0	136519.0
164	130998.0	137973.0
165	132970.0	138013.0
166	131226.0	136318.0
167	130549.0	137329.0
168	132539.0	136315.0
169	131877.0	134962.0
170	131824.0	135925.0
171	133037.0	135475.0
172	131241.0	134356.0
173	132627.0	134698.0
174	132809.0	135447.0
175	131882.0	133777.0
176	132018.0	133946.0
177	133015.0	133863.0
178	132579.0	132125.0
179	131981.0	133892.0
180	133410.0	132695.0
181	132196.0	130238.0
182	132170.0	132729.0
183	133563.0	131956.0
184	132172.0	130484.0
185	132106.0	131774.0
186	132977.0	131266.0
187	132120.0	129778.0
188	132725.0	130309.0
189	132589.0	130178.0
190	132443.0	128773.0
191	131904.0	128960.0
192	132884.0	128882.0
193	131494.0	127338.0
194	131903.0	128781.0
195	132409.0	128205.0
196	130962.0	127358.0
197	131183.0	128337.0
198	132158.0	128027.0
199	131598.0	126024.0
200	130946.0	127706.0
201	131415.0	126961.0
202	130119.0	125818.0
203	129911.0	126576.0
204	131152.0	126405.0
205	129846.0	125309.0
206	129675.0	126248.0
207	130642.0	126558.0
208	129186.0	124881.0
209	129174.0	125799.0
210	130097.0	125778.0
211	128847.0	123967.0
212	128774.0	125269.0
213	129741.0	125120.0
214	128170.0	123824.0
215	127696.0	125383.0
216	128595.0	125188.0
217	127623.0	124262.0
218	126837.0	125305.0
219	128097.0	124876.0
220	127651.0	123431.0
221	126795.0	124186.0
222	127603.0	124378.0
223	126643.0	123648.0
224	126795.0	124014.0
225	127372.0	124185.0
226	125850.0	124159.0
227	125815.0	124193.0
228	126850.0	124795.0
229	125154.0	123291.0
230	125811.0	124024.0
231	126329.0	124127.0
232	125381.0	122854.0
233	124908.0	123918.0
234	126693.0	123884.0
235	123962.0	122853.0
236	124520.0	123582.0
237	125367.0	123002.0
238	123934.0	123260.0
239	123968.0	124050.0
240	125077.0	123870.0
241	124043.0	123127.0
242	123614.0	122812.0
243	124348.0	122687.0
244	124209.0	122552.0
245	123571.0	124111.0
246	123840.0	124513.0
247	123230.0	123781.0
248	123000.0	124546.0
249	124383.0	124999.0
250	123410.0	123605.0
251	123079.0	124406.0
252	124080.0	123289.0
253	122496.0	122983.0
254	123375.0	124089.0
255	124233.0	124643.0
256	123330.0	123505.0
257	123040.0	124659.0
258	123610.0	124657.0
259	122587.0	123150.0
260	122670.0	124018.0
261	123275.0	124756.0
262	122634.0	124087.0
263	122652.0	124555.0
264	123151.0	124634.0
265	122219.0	124429.0
266	122227.0	125676.0
267	123455.0	125369.0
268	122229.0	124771.0
269	122143.0	125738.0
270	123871.0	126181.0
271	122936.0	124975.0
272	122465.0	125432.0
273	123759.0	126004.0
274	122703.0	125139.0
275	122774.0	126415.0
276	123672.0	126229.0
277	122833.0	124984.0
278	122441.0	126077.0
279	124144.0	126494.0
280	123016.0	126355.0
281	123159.0	127573.0
282	123844.0	127084.0
283	123317.0	126290.0
284	123241.0	127377.0
285	123788.0	128034.0
286	123123.0	126478.0
287	122948.0	127450.0
288	124339.0	127302.0
289	123299.0	127278.0
290	123401.0	127408.0
291	124521.0	128740.0
292	123081.0	128343.0
293	123288.0	128401.0
294	124246.0	127863.0
295	123602.0	127739.0
296	123202.0	128916.0
297	124571.0	128881.0
298	123821.0	128801.0
299	123537.0	129240.0
300	124733.0	129521.0
301	125016.0	129178.0
302	123696.0	129835.0
303	125252.0	130327.0
304	123691.0	129164.0
305	123752.0	130602.0
306	125717.0	130523.0
307	124558.0	129537.0
308	124465.0	131239.0
309	125604.0	131292.0
310	124585.0	130116.0
311	125592.0	131315.0
312	126445.0	131222.0
313	125299.0	130597.0
314	125586.0	131665.0
315	126194.0	131446.0
316	125562.0	131041.0
317	126044.0	132096.0
318	126707.0	131587.0
319	126604.0	130723.0
320	126097.0	131893.0
321	126888.0	131470.0
322	126285.0	130902.0
323	125715.0	131557.0
324	126655.0	132357.0
325	126681.0	130947.0
326	126565.0	132290.0
327	127867.0	131756.0
328	126614.0	129943.0
329	126612.0	131713.0
330	127123.0	131789.0
331	127029.0	131573.0
332	127294.0	132028.0
333	128613.0	131512.0
334	127514.0	130837.0
335	127603.0	131352.0
336	128535.0	131553.0
337	127460.0	130711.0
338	127326.0	132600.0
339	128750.0	131916.0
340	127859.0	130344.0
341	128449.0	131453.0
342	128918.0	130965.0
343	128594.0	129896.0
344	127582.0	131146.0
345	129128.0	131248.0
346	128135.0	130083.0
347	128152.0	131110.0
348	129641.0	130820.0
349	128164.0	130499.0
350	128423.0	130526.0
351	129097.0	130134.0
352	129069.0	129816.0
353	128906.0	129802.0
354	129755.0	129587.0
355	129819.0	128965.0
356	128855.0	129237.0
357	129326.0	129290.0
358	129146.0	128492.0
359	129436.0	128669.0
360	130559.0	128667.0
361	129077.0	127743.0
362	128854.0	128017.0
363	128966.0	128686.0
364	129117.0	127293.0
365	129042.0	127822.0
366	129470.0	127419.0
367	128901.0	127246.0
368	129218.0	127943.0
369	129718.0	127158.0
370	128406.0	126065.0
371	128578.0	126415.0
372	129573.0	126835.0
373	128933.0	126375.0
374	128854.0	126808.0
375	129126.0	126030.0
376	128793.0	125349.0
377	128669.0	125761.0
378	129463.0	125254.0
379	128932.0	124726.0
380	128926.0	125537.0
381	129055.0	124960.0
382	128751.0	124456.0
383	128448.0	125528.0
384	129083.0	124872.0
385	127748.0	124267.0
386	127602.0	124867.0
387	128471.0	124446.0
388	128261.0	124466.0
389	128098.0	124480.0
390	128394.0	124543.0
391	128150.0	124282.0
392	127173.0	124530.0
393	128454.0	124169.0
394	127557.0	123488.0
395	127054.0	124350.0
396	127743.0	123408.0
397	127121.0	123102.0
398	126776.0	123404.0
399	127429.0	123865.0
400	127000.0	122689.0
401	127104.0	123171.0
402	127432.0	123310.0
403	126063.0	123056.0
404	126079.0	123075.0
405	126993.0	123154.0
406	126186.0	122650.0
407	125413.0	123382.0
408	126809.0	122923.0
409	125883.0	122488.0
410	125810.0	123623.0
411	125918.0	122969.0
412	124508.0	122701.0
413	125278.0	122816.0
414	125144.0	123259.0
415	125760.0	122250.0
416	125418.0	122551.0
417	125563.0	123447.0
418	124773.0	122783.0
419	124977.0	123692.0
420	125538.0	123376.0
421	125018.0	122544.0
422	124726.0	122344.0
423	125439.0	123329.0
424	124408.0	122530.0
425	124337.0	123125.0
426	124935.0	123103.0
427	124014.0	122625.0
428	124037.0	123335.0
429	124927.0	123273.0
430	123973.0	123021.0
431	124294.0	123670.0
432	124314.0	124248.0
433	123476.0	123260.0
434	123986.0	124095.0
435	124342.0	123873.0
436	123658.0	122433.0
437	123133.0	123923.0
438	124351.0	124421.0
439	123388.0	123100.0
440	123700.0	123815.0
441	124374.0	123925.0
442	123320.0	123874.0
443	123599.0	124488.0
444	124526.0	124338.0
445	123614.0	124609.0
446	123664.0	124664.0
447	123828.0	124066.0
448	123427.0	124153.0
449	123582.0	124607.0
450	123596.0	124730.0
451	123050.0	124689.0
452	122774.0	125179.0
453	124343.0	124485.0
454	123682.0	124864.0
455	123693.0	125393.0
456	123419.0	125765.0
457	123821.0	124411.0
458	123478.0	125610.0
459	123997.0	125671.0
460	123569.0	125642.0
461	123239.0	126011.0
462	124817.0	125922.0
463	123998.0	125476.0
464	123439.0	125784.0
465	124304.0	125872.0
466	123240.0	125080.0
467	123398.0	126929.0
468	124069.0	126727.0
469	123202.0	126344.0
470	123492.0	126007.0
471	124171.0	126857.0
472	123835.0	125813.0
473	124257.0	127067.0
474	124677.0	127195.0
475	124493.0	126360.0
476	124193.0	127238.0
477	124523.0	127417.0
478	124545.0	126620.0
479	123595.0	127482.0
480	123921.0	127160.0
481	123567.0	127138.0
482	124084.0	127295.0
483	124533.0	127817.0
484	124407.0	126885.0
485	124713.0	128049.0
486	124834.0	128165.0
487	124361.0	127298.0
488	124940.0	127921.0
489	125491.0	127627.0
490	124846.0	127593.0
491	124318.0	128334.0
492	125452.0	127764.0
493	125766.0	127621.0
494	125074.0	128459.0
495	125603.0	128832.0
496	125318.0	128119.0
497	125618.0	128397.0
498	125684.0	128293.0
499	125593.0	127572.0
500	124947.0	128870.0
501	126013.0	128470.0
502	125343.0	128222.0
503	125287.0	128385.0
504	125964.0	128413.0
505	125575.0	127613.0
506	125692.0	128967.0
507	126259.0	128616.0
508	125801.0	128531.0
509	126159.0	128641.0
510	126625.0	129131.0
511	125505.0	128219.0
512	125802.0	128989.0
513	126581.0	128953.0
514	126786.0	128256.0
515	126256.0	128215.0
516	126844.0	128529.0
517	126407.0	128067.0
518	126652.0	128616.0
519	127138.0	128831.0
520	126963.0	128031.0
521	126101.0	128725.0
522	126772.0	128589.0
523	126340.0	127885.0
524	125949.0	128786.0
525	126723.0	128469.0
526	127190.0	128101.0
527	127277.0	128127.0
528	127802.0	128083.0
529	126614.0	127426.0
530	127236.0	127664.0
531	128054.0	127991.0
532	126564.0	128120.0
533	126549.0	128173.0
534	127144.0	127782.0
535	127053.0	127566.0
536	126973.0	127376.0
537	127816.0	127258.0
538	126893.0	126963.0
539	126486.0	127158.0
540	127590.0	127908.0
541	127380.0	126871.0
542	127422.0	127530.0
543	127605.0	127245.0
544	127313.0	127150.0
545	127181.0	127211.0
546	128151.0	126768.0
547	127641.0	126512.0
548	127181.0	126300.0
549	127376.0	126412.0
550	126850.0	126477.0
551	126988.0	126470.0
552	127670.0	126002.0
553	127151.0	125342.0
554	127276.0	126310.0
555	127580.0	126072.0
556	126710.0	125588.0
557	127142.0	125830.0
558	127109.0	125934.0
559	127192.0	125128.0
560	127022.0	125209.0
561	126961.0	126315.0
562	126684.0	125449.0
563	125964.0	125309.0
564	127285.0	125307.0
565	126720.0	124629.0
566	126746.0	125155.0
567	127642.0	124786.0
568	126666.0	124512.0
569	126692.0	125001.0
570	127163.0	125145.0
571	126749.0	124718.0
572	125785.0	124707.0
573	126570.0	124270.0
574	126757.0	124479.0
575	126306.0	125096.0
576	126511.0	124356.0
577	126160.0	124123.0
578	125785.0	124412.0
579	126674.0	124341.0
580	126368.0	124318.0
581	126269.0	124593.0
582	126512.0	123849.0
583	125535.0	124191.0
584	125885.0	124341.0
585	126004.0	124687.0
586	125493.0	123979.0
587	125275.0	124226.0
588	125955.0	123953.0
589	125586.0	123504.0
590	125392.0	124534.0
591	125578.0	123842.0
592	125256.0	123552.0
593	125896.0	123999.0
594	125771.0	124559.0
595	124887.0	123208.0
596	126107.0	123500.0
597	126169.0	123857.0
598	125041.0	123389.0
599	125082.0	122686.0
600	125518.0	123876.0
601	124946.0	123901.0
602	124403.0	124161.0
603	125445.0	123851.0
604	124827.0	123278.0
605	124596.0	124246.0
606	125417.0	123894.0
607	124519.0	123486.0
608	124835.0	123678.0
609	125162.0	124627.0
610	124646.0	123496.0
611	124848.0	125022.0
612	125638.0	124785.0
613	124136.0	123866.0
614	124552.0	124481.0
615	125205.0	123842.0
616	124283.0	123824.0
617	124226.0	124077.0
618	124197.0	124183.0
619	124323.0	123942.0
620	124100.0	124051.0
621	124948.0	124715.0
622	124619.0	123756.0
623	124758.0	124559.0
624	124797.0	123843.0
625	123508.0	124148.0
626	123572.0	124395.0
627	125518.0	124761.0
628	124521.0	124509.0
629	124106.0	124647.0
630	124658.0	125170.0
631	124426.0	124458.0
632	124106.0	124729.0
633	124035.0	124802.0
634	124466.0	124795.0
635	124163.0	124989.0
636	124842.0	125144.0
637	124736.0	124529.0
638	123869.0	124963.0
639	124445.0	124732.0
640	123422.0	124714.0
641	124070.0	125402.0
642	124603.0	125130.0
643	124067.0	124851.0
644	124360.0	125207.0
645	124778.0	125458.0
646	124297.0	124707.0
647	124560.0	125160.0
648	124445.0	125184.0
649	123968.0	125151.0
650	124120.0	125042.0
651	124186.0	125128.0
652	124651.0	125578.0
653	123791.0	126157.0
654	124263.0	125865.0
655	124341.0	125193.0
656	124080.0	125895.0
657	124004.0	125584.0
658	123703.0	125771.0
659	124097.0	126272.0
660	124042.0	125759.0
661	124747.0	125503.0
662	124485.0	126504.0
663	125109.0	125618.0
664	124927.0	126080.0
665	124614.0	126068.0
666	124410.0	125624.0
667	123949.0	126379.0
668	124543.0	126208.0
669	124820.0	126941.0
670	124670.0	126380.0
671	124143.0	126297.0
672	125239.0	125958.0
673	124689.0	126372.0
674	124704.0	126974.0
675	124949.0	127020.0
676	124841.0	125577.0
677	125431.0	126114.0
678	125373.0	126207.0
679	124615.0	126672.0
680	124443.0	127100.0
681	126006.0	126556.0
682	124697.0	125989.0
683	125245.0	126694.0
684	125808.0	126277.0
685	124779.0	126392.0
686	124687.0	126791.0
687	125712.0	127152.0
688	124503.0	126399.0
689	124961.0	127187.0
690	125189.0	127148.0
691	124643.0	126604.0
692	125401.0	126577.0
693	125534.0	126678.0
694	125223.0	126445.0
695	125030.0	126851.0
696	125598.0	127312.0
697	125239.0	126773.0
698	125305.0	127640.0
699	126066.0	127116.0
700	125104.0	126725.0
701	125119.0	127357.0
702	126343.0	126978.0
703	125701.0	126642.0
704	124796.0	127013.0
705	125465.0	126995.0
706	125201.0	126294.0
707	125410.0	127183.0
708	126004.0	126586.0
709	125884.0	126160.0
710	125146.0	126775.0
711	125822.0	126097.0
712	125907.0	126406.0
713	125936.0	126751.0
714	125731.0	126459.0
715	125575.0	125620.0
716	125847.0	126864.0
717	125826.0	126587.0
718	125326.0	125776.0
719	124981.0	125860.0
720	126402.0	125608.0
721	125650.0	125833.0
722	125924.0	126562.0
723	125845.0	125886.0
724	125698.0	125789.0
725	126268.0	126278.0
726	125961.0	126193.0
727	125671.0	125695.0
728	125580.0	126718.0
729	126017.0	125640.0
730	125503.0	125965.0
731	125678.0	126035.0
732	126129.0	126105.0
733	125918.0	125586.0
734	126027.0	125599.0
735	125865.0	126241.0
736	125464.0	125502.0
737	125747.0	125618.0
738	126722.0	125814.0
739	125874.0	126232.0
740	126029.0	125206.0
741	126058.0	125404.0
742	126004.0	125006.0
743	125949.0	125193.0
744	126076.0	125298.0
745	126207.0	125492.0
746	125651.0	125714.0
747	125813.0	125384.0
748	125570.0	125414.0
749	125836.0	125209.0
750	126064.0	125671.0
751	125092.0	124258.0
752	125980.0	124874.0
753	126335.0	124968.0
754	125450.0	124285.0
755	125846.0	124708.0
756	125549.0	124765.0
757	125764.0	124714.0
758	125901.0	124892.0
759	125795.0	125015.0
760	125461.0	124704.0
761	124924.0	125315.0
762	125687.0	124476.0
763	125509.0	124313.0
764	125800.0	125198.0
765	125714.0	124681.0
766	125190.0	124406.0
767	125687.0	124725.0
768	125381.0	124688.0
769	124984.0	124021.0
770	125950.0	124219.0
771	125751.0	124100.0
772	125167.0	123586.0
773	124483.0	124022.0
774	125430.0	124626.0
775	124698.0	124401.0
776	124791.0	124726.0
777	125394.0	124639.0
778	125247.0	124639.0
779	125462.0	124480.0
780	125050.0	124538.0
781	124952.0	123964.0
782	125441.0	124534.0
783	125211.0	124822.0
784	125388.0	124033.0
785	124648.0	123890.0
786	124425.0	124686.0
787	124421.0	124300.0
788	124967.0	124800.0
789	125329.0	124749.0
790	124958.0	123924.0
791	124761.0	123847.0
792	124897.0	124164.0
793	124435.0	124038.0
794	124797.0	124277.0
795	125206.0	124383.0
796	125035.0	124012.0
797	124914.0	124668.0
798	125614.0	124710.0
799	125057.0	124668.0
800	124666.0	124535.0
801	125374.0	124844.0
802	124881.0	124657.0
803	124221.0	124331.0
804	124929.0	124228.0
805	124602.0	124310.0
806	124261.0	124433.0
807	124871.0	124489.0
808	124813.0	124128.0
809	124182.0	124261.0
810	124526.0	124168.0
811	124439.0	124727.0
812	124752.0	124578.0
813	124740.0	125204.0
814	125031.0	124551.0
815	124317.0	124600.0
816	125388.0	124608.0
817	124052.0	124322.0
818	124162.0	125113.0
819	124695.0	124910.0
820	123930.0	124500.0
821	124957.0	125291.0
822	124645.0	125249.0
823	123854.0	124621.0
824	124154.0	124963.0
825	124547.0	124757.0
826	124017.0	124526.0
827	123648.0	125468.0
828	124670.0	125486.0
829	124275.0	124729.0
830	123860.0	124990.0
831	124559.0	124925.0
832	123930.0	124731.0
833	124453.0	125235.0
834	123878.0	125359.0
835	124036.0	124696.0
836	124161.0	125077.0
837	124780.0	124672.0
838	124199.0	124781.0
839	124742.0	126007.0
840	124006.0	125361.0
841	124093.0	124868.0
842	124538.0	125714.0
843	124973.0	125396.0
844	124804.0	124843.0
845	124288.0	124888.0
846	124449.0	125414.0
847	124819.0	124807.0
848	124887.0	125256.0
849	124897.0	125610.0
850	123911.0	125196.0
851	124248.0	125761.0
852	124257.0	126002.0
853	124657.0	124901.0
854	123884.0	125256.0
855	125350.0	125357.0
856	124036.0	124714.0
857	124748.0	125753.0
858	124917.0	125194.0
859	124556.0	125357.0
860	124469.0	125348.0
861	124383.0	125533.0
862	124374.0	125221.0
863	124610.0	125646.0
864	124333.0	125614.0
865	124162.0	125398.0
866	124520.0	125799.0
867	125426.0	125844.0
868	123996.0	125495.0
869	124916.0	125843.0
870	125204.0	125787.0
871	124474.0	125403.0
872	124446.0	125412.0
873	124870.0	125818.0
874	124772.0	125730.0
875	124184.0	125761.0
876	124897.0	125883.0
877	124646.0	125274.0
878	124633.0	125901.0
879	125216.0	125712.0
880	124581.0	124671.0
881	125357.0	125525.0
882	124978.0	125841.0
883	124788.0	125594.0
884	125236.0	125534.0
885	124905.0	125866.0
886	124941.0	125458.0
887	124947.0	125596.0
888	125062.0	125153.0
889	125000.0	125955.0
890	125111.0	125977.0
891	124608.0	125380.0
892	124838.0	126016.0
893	124585.0	125801.0
894	125320.0	125903.0
895	124791.0	125264.0
896	124497.0	125483.0
897	124927.0	125686.0
898	124845.0	125533.0
899	124604.0	125480.0
900	125524.0	125565.0
901	125436.0	125224.0
902	125050.0	125417.0
903	125385.0	124936.0
904	124973.0	124817.0
905	125268.0	125485.0
906	125443.0	125556.0
907	125056.0	125140.0
908	124870.0	125171.0
909	125095.0	125633.0
910	124471.0	125218.0
911	124103.0	125573.0
912	125209.0	125938.0
913	124929.0	125489.0
914	125047.0	125533.0
915	125098.0	125585.0
916	124931.0	125561.0
917	124269.0	125381.0
918	125084.0	125353.0
919	124894.0	125134.0
920	124727.0	125239.0
921	125106.0	125207.0
922	125214.0	125385.0
923	124925.0	124997.0
924	125443.0	125593.0
925	125117.0	124847.0
926	125335.0	124927.0
927	125590.0	125557.0
928	125367.0	124921.0
929	124991.0	125410.0
930	124834.0	124657.0
931	124913.0	124795.0
932	125062.0	124822.0
933	125505.0	125092.0
934	124336.0	124296.0
935	124638.0	124619.0
936	124773.0	124761.0
937	123923.0	124707.0
938	125156.0	125014.0
939	125350.0	125025.0
940	124776.0	124596.0
941	125190.0	124758.0
942	125310.0	124602.0
943	125127.0	124925.0
944	124556.0	124734.0
945	125409.0	124525.0
946	125169.0	124189.0
947	124762.0	124846.0
948	124460.0	124835.0
949	124510.0	124641.0
950	124977.0	124827.0
951	125348.0	124608.0
952	125106.0	124136.0
953	125017.0	124922.0
954	124669.0	125286.0
955	124665.0	124480.0
956	125039.0	124755.0
957	125338.0	124308.0
958	124630.0	123887.0
959	124701.0	124383.0
960	124664.0	125125.0
961	124647.0	124953.0
962	124223.0	124901.0
963	124883.0	124448.0
964	124464.0	124111.0
965	124625.0	124690.0
966	125082.0	124745.0
967	125495.0	123662.0
968	125059.0	124136.0
969	124913.0	123240.0
970	124903.0	124378.0
971	124662.0	124266.0
972	125005.0	124312.0
973	124682.0	124417.0
974	124676.0	124666.0
975	123916.0	124557.0
976	124049.0	124181.0
977	124189.0	124109.0
978	124667.0	124183.0
979	124666.0	124766.0
980	124606.0	124551.0
981	124649.0	123675.0
982	124651.0	123659.0
983	124555.0	124688.0
984	124849.0	124361.0
985	124480.0	124538.0
986	125021.0	124421.0
987	124974.0	124562.0
988	124289.0	123955.0
989	124643.0	124494.0
990	124539.0	124102.0
991	124199.0	124087.0
992	124549.0	123755.0
993	124832.0	124168.0
994	124400.0	124152.0
995	124454.0	124949.0
996	124572.0	124554.0
997	124073.0	124280.0
998	124349.0	124593.0
999	125143.0	124420.0
1000	124397.0	124218.0
1001	124103.0	124335.0
1002	124377.0	124594.0
1003	124021.0	124153.0
1004	123896.0	124356.0
1005	124411.0	124448.0
1006	124673.0	123809.0
1007	123986.0	123820.0
1008	123983.0	125008.0
1009	124144.0	124450.0
1010	124597.0	124391.0
1011	124543.0	124194.0
1012	124148.0	124032.0
1013	124351.0	124817.0
1014	124554.0	124090.0
1015	124141.0	124648.0
1016	124067.0	124245.0
1017	124164.0	124435.0
1018	124048.0	124528.0
1019	124530.0	124278.0
1020	124196.0	124195.0
1021	124211.0	124383.0
1022	124284.0	125176.0
1023	123965.0	124278.0
1024	124347.0	123785.0
1025	124614.0	124244.0
1026	124308.0	124697.0
1027	124124.0	124467.0
1028	124154.0	124931.0
1029	123931.0	125124.0
1030	123644.0	124977.0
1031	123906.0	124987.0
1032	123937.0	125088.0
1033	124222.0	124121.0
1034	123693.0	124250.0
1035	123633.0	124839.0
1036	123844.0	124685.0
1037	123445.0	124401.0
1038	123975.0	124754.0
1039	123865.0	124500.0
1040	124301.0	124520.0
1041	124247.0	124651.0
1042	124662.0	124409.0
1043	124514.0	124617.0
1044	124068.0	125499.0
1045	124476.0	124557.0
1046	124631.0	124456.0
1047	124644.0	124931.0
1048	124148.0	124834.0
1049	123865.0	124704.0
1050	124191.0	124952.0
1051	123903.0	124541.0
1052	123642.0	124653.0
1053	124316.0	124693.0
1054	124201.0	124885.0
1055	123845.0	124974.0
1056	124691.0	124882.0
1057	123875.0	124594.0
1058	124153.0	125365.0
1059	124659.0	124261.0
1060	124030.0	124352.0
1061	124505.0	125229.0
1062	124166.0	125212.0
1063	124046.0	124678.0
1064	124256.0	125040.0
1065	124378.0	125400.0
1066	124245.0	125395.0
1067	123693.0	125219.0
1068	124578.0	124687.0
1069	124072.0	124278.0
1070	123635.0	124649.0
1071	124284.0	124926.0
1072	124890.0	124481.0
1073	124239.0	124897.0
1074	124638.0	124916.0
1075	123953.0	125177.0
1076	124327.0	124910.0
1077	124337.0	124471.0
1078	124243.0	124656.0
1079	124157.0	125087.0
1080	124704.0	124564.0
1081	124525.0	124828.0
1082	124328.0	124614.0
1083	124401.0	124718.0
1084	124038.0	124445.0
1085	123703.0	124382.0
1086	124681.0	125316.0
1087	124495.0	124651.0
1088	124506.0	124876.0
1089	124500.0	125049.0
1090	124376.0	124973.0
1091	124471.0	124591.0
1092	124780.0	125660.0
1093	124295.0	124892.0
1094	124374.0	124470.0
1095	124644.0	125208.0
1096	124219.0	124821.0
1097	123987.0	124887.0
1098	124648.0	125379.0
1099	124199.0	124823.0
1100	124502.0	125005.0
1101	125055.0	124807.0
1102	124638.0	124501.0
1103	124034.0	124247.0
1104	125034.0	125027.0
1105	124176.0	124617.0
1106	124069.0	124894.0
1107	123851.0	125179.0
1108	123975.0	124392.0
1109	124668.0	124774.0
1110	124831.0	124524.0
1111	124166.0	125021.0
1112	124659.0	124934.0
1113	124571.0	124512.0
1114	124596.0	124310.0
1115	123890.0	124593.0
1116	124502.0	124486.0
1117	124391.0	124041.0
1118	124343.0	124526.0
1119	123993.0	124875.0
1120	124124.0	124190.0
1121	124501.0	124813.0
1122	125156.0	124368.0
1123	124300.0	124569.0
1124	124713.0	124597.0
1125	125083.0	124634.0
1126	124301.0	124606.0
1127	124970.0	124672.0
1128	125003.0	124641.0
1129	124890.0	125020.0
1130	124491.0	124821.0
1131	125093.0	124555.0
1132	124448.0	124027.0
1133	124291.0	124725.0
1134	124122.0	124764.0
1135	124179.0	124271.0
1136	124222.0	124887.0
1137	125170.0	124239.0
1138	124571.0	123869.0
1139	124096.0	124872.0
1140	124068.0	124112.0
1141	125043.0	123767.0
1142	124366.0	124182.0
1143	124743.0	124765.0
1144	124388.0	124709.0
1145	124397.0	124367.0
1146	124953.0	124994.0
1147	124451.0	124479.0
1148	124361.0	123916.0
1149	125402.0	124015.0
1150	124392.0	124002.0
1151	124653.0	124024.0
1152	124145.0	123985.0
1153	124318.0	123865.0
1154	124728.0	124582.0
1155	124738.0	124132.0
1156	124238.0	123988.0
1157	123859.0	123537.0
1158	124192.0	124043.0
1159	124366.0	123816.0
1160	123903.0	124170.0
1161	124715.0	124365.0
1162	124086.0	124237.0
1163	124812.0	124222.0
1164	124416.0	124032.0
1165	123846.0	124549.0
1166	124807.0	124176.0
1167	124732.0	123845.0
1168	123918.0	123247.0
1169	123696.0	124032.0
1170	124315.0	124261.0
1171	124511.0	124592.0
1172	124347.0	124593.0
1173	124108.0	124048.0
1174	123950.0	124106.0
1175	123948.0	123874.0
1176	124133.0	123922.0
1177	124604.0	124018.0
1178	124339.0	124600.0
1179	123935.0	123934.0
1180	124262.0	124400.0
1181	124557.0	124134.0
1182	124699.0	123877.0
1183	124377.0	124069.0
1184	124070.0	123692.0
1185	123879.0	124583.0
1186	123802.0	123785.0
1187	124211.0	124412.0
1188	124690.0	124241.0
1189	124370.0	124003.0
1190	123988.0	124509.0
1191	124532.0	123918.0
1192	123891.0	124207.0
1193	124057.0	124442.0
1194	123877.0	124050.0
1195	124042.0	123998.0
1196	124068.0	124096.0
1197	124665.0	123753.0
1198	124105.0	124368.0
1199	123976.0	123940.0
1200	124034.0	123690.0
1201	124724.0	124063.0
1202	124473.0	124166.0
1203	124118.0	124381.0
1204	124931.0	123577.0
1205	124005.0	124014.0
1206	124240.0	124346.0
1207	123983.0	123785.0
1208	124314.0	123627.0
1209	123807.0	123364.0
1210	124692.0	124081.0
1211	123876.0	124277.0
1212	124634.0	124614.0
1213	123604.0	123765.0
1214	123284.0	123804.0
1215	123860.0	123839.0
1216	123782.0	124293.0
1217	123568.0	123917.0
1218	123869.0	124013.0
1219	123389.0	124079.0
1220	124024.0	124664.0
1221	123604.0	124386.0
1222	123783.0	124082.0
1223	123904.0	123864.0
1224	124234.0	123823.0
1225	124121.0	124307.0
1226	123726.0	123843.0
1227	123781.0	124844.0
1228	124056.0	123791.0
1229	123901.0	123885.0
1230	123775.0	124768.0
1231	123277.0	123977.0
1232	123674.0	124666.0
1233	123458.0	124102.0
1234	123800.0	124187.0
1235	123931.0	123987.0
1236	123888.0	124553.0
1237	123781.0	124283.0
1238	124011.0	124700.0
1239	123778.0	124477.0
1240	123597.0	123887.0
1241	123847.0	124758.0
1242	123898.0	124319.0
1243	123828.0	123456.0
1244	124115.0	123915.0
1245	124598.0	124068.0
1246	124045.0	124299.0
1247	123768.0	124608.0
1248	123989.0	124448.0
1249	124254.0	124456.0
1250	123695.0	124357.0
1251	124293.0	124376.0
1252	124405.0	124282.0
1253	124247.0	124221.0
1254	123773.0	124023.0
1255	124084.0	123495.0
1256	124159.0	123980.0
1257	124358.0	124397.0
1258	124089.0	124443.0
1259	123638.0	124481.0
1260	123780.0	124552.0
1261	124036.0	123958.0
1262	123677.0	124765.0
1263	123812.0	124181.0
1264	124028.0	124308.0
1265	124232.0	124372.0
1266	123827.0	124231.0
1267	123850.0	124109.0
1268	124011.0	124733.0
1269	123994.0	124533.0
1270	123809.0	124246.0
1271	123930.0	124610.0
1272	123473.0	124610.0
1273	123892.0	124428.0
1274	123882.0	124741.0
1275	123723.0	124912.0
1276	124090.0	124333.0
1277	123903.0	123891.0
1278	124391.0	124810.0
1279	123941.0	124417.0
1280	124844.0	124442.0
1281	124012.0	124363.0
1282	124315.0	124023.0
1283	124066.0	124630.0
1284	124065.0	124463.0
1285	124089.0	124555.0
1286	124076.0	124276.0
1287	124215.0	123991.0
1288	123505.0	124200.0
1289	124153.0	123950.0
1290	123909.0	123892.0
1291	122998.0	124224.0
1292	124098.0	124129.0
1293	124146.0	123790.0
1294	124377.0	124647.0
1295	123912.0	124219.0
1296	124044.0	124333.0
1297	123646.0	123686.0
1298	124038.0	124497.0
1299	124217.0	124390.0
1300	123639.0	123795.0
1301	123346.0	124529.0
1302	124110.0	124226.0
1303	123978.0	124217.0
1304	123757.0	124611.0
1305	123721.0	124527.0
1306	124069.0	124419.0
1307	124171.0	123974.0
1308	124030.0	124710.0
1309	123720.0	124218.0
1310	124076.0	124075.0
1311	123969.0	124055.0
1312	123820.0	124012.0
1313	123930.0	124573.0
1314	124033.0	124379.0
1315	124072.0	124402.0
1316	124021.0	123784.0
1317	124337.0	123803.0
1318	124155.0	123249.0
1319	123768.0	124021.0
1320	124794.0	124316.0
1321	123348.0	124055.0
1322	124400.0	124471.0
1323	124435.0	123902.0
1324	124101.0	124353.0
1325	123898.0	124579.0
1326	123809.0	123966.0
1327	123859.0	123734.0
1328	123387.0	124084.0
1329	123830.0	124785.0
1330	124103.0	124238.0
1331	123826.0	124216.0
1332	124203.0	123905.0
1333	123963.0	124637.0
1334	124242.0	124090.0
1335	124259.0	123916.0
1336	124262.0	124080.0
1337	123577.0	124663.0
1338	124093.0	124160.0
1339	124069.0	123734.0
1340	123154.0	124233.0
1341	123888.0	123806.0
1342	123842.0	123862.0
1343	124005.0	124297.0
1344	124205.0	124127.0
1345	123724.0	123550.0
1346	123532.0	123766.0
1347	124095.0	124103.0
1348	124000.0	123987.0
1349	124032.0	123805.0
1350	124587.0	123984.0
1351	123986.0	123465.0
1352	123420.0	123613.0
1353	124123.0	123401.0
1354	123939.0	123719.0
1355	124005.0	123584.0
1356	124191.0	123824.0
1357	124499.0	123287.0
1358	123911.0	123913.0
1359	123866.0	124090.0
1360	123586.0	124455.0
1361	123279.0	123943.0
1362	123790.0	124133.0
1363	123726.0	123528.0
1364	123974.0	124128.0
1365	123725.0	123979.0
1366	123810.0	124213.0
1367	123788.0	123732.0
1368	124438.0	123847.0
1369	124209.0	123456.0
1370	123786.0	123799.0
1371	124541.0	124126.0
1372	124322.0	123812.0
1373	123915.0	124551.0
1374	123930.0	123983.0
1375	124014.0	123566.0
1376	123481.0	123725.0
1377	124108.0	123724.0
1378	124150.0	123736.0
1379	123952.0	123889.0
1380	124063.0	124021.0
1381	124008.0	123742.0
1382	123535.0	123955.0
1383	124104.0	123298.0
1384	122992.0	123981.0
1385	123019.0	123706.0
1386	123682.0	123631.0
1387	123466.0	124425.0
1388	123985.0	123873.0
1389	123813.0	123491.0
1390	123832.0	123733.0
1391	123800.0	123575.0
1392	123492.0	124092.0
1393	123790.0	123968.0
1394	123555.0	123266.0
1395	123345.0	123591.0
1396	123390.0	123565.0
1397	123461.0	123967.0
1398	123424.0	124140.0
1399	123487.0	124242.0
1400	123519.0	123975.0
1401	124072.0	124045.0
1402	123987.0	123847.0
1403	123331.0	123454.0
1404	123638.0	124222.0
1405	123531.0	124013.0
1406	123384.0	123850.0
1407	123934.0	123752.0
1408	123887.0	124192.0
1409	123729.0	123758.0
1410	123850.0	123724.0
1411	124540.0	123274.0
1412	123861.0	123941.0
1413	123077.0	123724.0
1414	123898.0	123352.0
1415	123623.0	123888.0
1416	123809.0	123547.0
1417	123428.0	124105.0
1418	123107.0	123848.0
1419	123639.0	123140.0
1420	123106.0	123127.0
1421	123681.0	123638.0
1422	123598.0	123813.0
1423	124195.0	123137.0
1424	123945.0	123730.0
1425	123864.0	123577.0
1426	123645.0	124133.0
1427	122651.0	124511.0
1428	123382.0	124092.0
1429	123788.0	124074.0
1430	124413.0	123698.0
1431	123620.0	123869.0
1432	123337.0	123088.0
1433	122526.0	124149.0
1434	123913.0	123906.0
1435	123519.0	123765.0
1436	123010.0	123571.0
1437	123202.0	124469.0
1438	123539.0	124385.0
1439	123608.0	124056.0
1440	123722.0	124297.0
1441	123282.0	123962.0
1442	123391.0	123634.0
1443	123260.0	124188.0
1444	123527.0	123891.0
1445	123554.0	124964.0
1446	123622.0	123876.0
1447	123489.0	123563.0
1448	123177.0	124096.0
1449	124183.0	124556.0
1450	123923.0	124020.0
1451	124140.0	124684.0
1452	123930.0	124367.0
1453	123531.0	124062.0
1454	123064.0	124227.0
1455	123544.0	123927.0
1456	123692.0	124021.0
1457	122919.0	124163.0
1458	124277.0	124045.0
1459	123217.0	123704.0
1460	123593.0	124221.0
1461	123703.0	124516.0
1462	124554.0	123904.0
1463	123124.0	124171.0
1464	124027.0	124320.0
1465	123877.0	123566.0
1466	123082.0	123651.0
1467	123470.0	123698.0
1468	123454.0	123954.0
1469	123854.0	124346.0
1470	123128.0	124429.0
1471	123598.0	124491.0
1472	123315.0	124505.0
1473	123674.0	124328.0
1474	123855.0	123787.0
1475	123854.0	123634.0
1476	124023.0	124519.0
1477	124082.0	123177.0
1478	123835.0	124205.0
1479	123713.0	123985.0
1480	124044.0	124288.0
1481	123333.0	124050.0
1482	124478.0	124082.0
1483	123904.0	124430.0
1484	123473.0	123920.0
1485	123539.0	124054.0
1486	123578.0	124249.0
1487	123844.0	123639.0
1488	123899.0	123974.0
1489	123518.0	123872.0
1490	123706.0	124092.0
1491	123707.0	124467.0
1492	124323.0	124078.0
1493	124697.0	124369.0
1494	124029.0	124436.0
1495	123098.0	124094.0
1496	123802.0	124231.0
1497	123879.0	123628.0
1498	123923.0	124032.0
1499	124052.0	124176.0
1500	124654.0	123334.0
1501	123453.0	124006.0
1502	123627.0	124085.0
1503	123370.0	124384.0
1504	123344.0	123968.0
1505	124000.0	124290.0
1506	124012.0	124373.0
1507	123594.0	123800.0
1508	124174.0	124006.0
1509	123843.0	123846.0
1510	123717.0	123772.0
1511	123819.0	123373.0
1512	123598.0	123575.0
1513	123903.0	123933.0
1514	124105.0	124215.0
1515	124068.0	124294.0
1516	124321.0	123736.0
1517	123370.0	123946.0
1518	124312.0	123724.0
1519	123901.0	123448.0
1520	123856.0	124015.0
1521	123911.0	123937.0
1522	124237.0	123420.0
1523	123793.0	124174.0
1524	123331.0	123908.0
1525	123494.0	123321.0
1526	123264.0	123656.0
1527	124079.0	123614.0
1528	123932.0	123442.0
1529	123229.0	124665.0
1530	124065.0	124369.0
1531	123588.0	124039.0
1532	124095.0	123334.0
1533	123586.0	123566.0
1534	122698.0	124386.0
1535	123244.0	124052.0
1536	123505.0	123888.0
1537	123859.0	123254.0
1538	123983.0	123522.0
1539	123662.0	124104.0
1540	123296.0	123856.0
1541	124052.0	123304.0
1542	123166.0	123773.0
1543	122972.0	124031.0
1544	123794.0	123343.0
1545	123154.0	123509.0
1546	123656.0	124091.0
1547	123786.0	123731.0
1548	124398.0	123153.0
1549	123943.0	123652.0
1550	123514.0	123917.0
1551	123848.0	123964.0
1552	123364.0	122909.0
1553	122991.0	122957.0
1554	123611.0	123531.0
1555	122787.0	123277.0
1556	123377.0	123472.0
1557	123701.0	123193.0
1558	123210.0	123505.0
1559	123059.0	123793.0
1560	123612.0	123619.0
1561	123859.0	123540.0
1562	123403.0	124063.0
1563	123294.0	123845.0
1564	123338.0	123808.0
1565	123746.0	123288.0
1566	122610.0	123632.0
1567	123332.0	123292.0
1568	123490.0	123887.0
1569	123313.0	123078.0
1570	123196.0	123438.0
1571	122910.0	123988.0
1572	123442.0	123772.0
1573	123815.0	123528.0
1574	123346.0	123948.0
1575	123813.0	123778.0
1576	123741.0	123822.0
1577	123548.0	123395.0
1578	123216.0	123742.0
1579	123403.0	123364.0
1580	123736.0	123376.0
1581	123327.0	123240.0
1582	123752.0	122806.0
1583	124406.0	123358.0
1584	123213.0	123315.0
1585	123600.0	123546.0
1586	124117.0	123709.0
1587	123879.0	123300.0
1588	123242.0	123625.0
1589	123841.0	123494.0
1590	123690.0	123235.0
1591	124245.0	122831.0
1592	123339.0	124110.0
1593	123223.0	123404.0
1594	123423.0	122937.0
1595	123455.0	123806.0
1596	123876.0	123699.0
1597	123281.0	123881.0
1598	123035.0	123933.0
1599	123763.0	123836.0
1600	123364.0	123627.0
1601	122765.0	123688.0
1602	123106.0	123635.0
1603	123133.0	123238.0
1604	123230.0	123472.0
1605	123768.0	123427.0
1606	123147.0	124045.0
1607	123243.0	123204.0
1608	123451.0	123670.0
1609	123243.0	123477.0
1610	123698.0	124180.0
1611	123071.0	123383.0
1612	122627.0	124403.0
1613	123004.0	123464.0
1614	124106.0	123652.0
1615	123267.0	123434.0
1616	123628.0	124099.0
1617	123038.0	123849.0
1618	123323.0	123303.0
1619	123146.0	123149.0
1620	123333.0	123634.0
1621	123203.0	123277.0
1622	123668.0	123543.0
1623	122948.0	123602.0
1624	123623.0	123372.0
1625	123254.0	123269.0
1626	123263.0	123574.0
1627	123198.0	123724.0
1628	122938.0	123830.0
1629	123210.0	123662.0
1630	123557.0	124143.0
1631	123085.0	123797.0
1632	123839.0	124007.0
1633	123145.0	123869.0
1634	123322.0	123813.0
1635	123961.0	124102.0
1636	123480.0	123045.0
1637	122683.0	123448.0
1638	123156.0	124145.0
1639	123493.0	124213.0
1640	123494.0	123793.0
1641	123696.0	123888.0
1642	123807.0	123740.0
1643	123365.0	123051.0
1644	123474.0	123713.0
1645	123276.0	124089.0
1646	123481.0	123696.0
1647	123371.0	123748.0
1648	123387.0	123708.0
1649	123606.0	123379.0
1650	123682.0	123957.0
1651	123169.0	123971.0
1652	123233.0	123152.0
1653	122748.0	123929.0
1654	123014.0	124073.0
1655	123207.0	123869.0
1656	123602.0	123614.0
1657	123928.0	123217.0
1658	123153.0	123560.0
1659	123419.0	123913.0
1660	123758.0	123852.0
1661	123618.0	123881.0
1662	123605.0	123788.0
1663	123103.0	123653.0
1664	123198.0	123790.0
1665	123687.0	123511.0
1666	123774.0	123542.0
1667	123112.0	123879.0
1668	123961.0	123736.0
1669	123477.0	122836.0
1670	122925.0	123653.0
1671	123113.0	123431.0
1672	123351.0	123523.0
1673	123334.0	123424.0
1674	123506.0	123718.0
1675	123312.0	123920.0
1676	123407.0	123818.0
1677	124031.0	123587.0
1678	123459.0	124698.0
1679	123588.0	123466.0
1680	123014.0	123816.0
1681	124040.0	123536.0
1682	123272.0	123508.0
1683	123552.0	123257.0
1684	123837.0	123309.0
1685	123336.0	123710.0
1686	123706.0	123527.0
1687	123533.0	124050.0
1688	123155.0	123402.0
1689	123276.0	123794.0
1690	123224.0	123780.0
1691	123255.0	123588.0
1692	123789.0	123132.0
1693	123216.0	123363.0
1694	123666.0	123247.0
1695	123297.0	123409.0
1696	123437.0	123671.0
1697	123215.0	123921.0
1698	123015.0	123685.0
1699	123132.0	123184.0
1700	123548.0	123373.0
1701	123384.0	124123.0
1702	123670.0	123800.0
1703	123700.0	123501.0
1704	123368.0	123952.0
1705	123960.0	124020.0
1706	123521.0	124086.0
1707	123208.0	123744.0
1708	123517.0	123496.0
1709	123814.0	123320.0
1710	124239.0	123238.0
1711	123032.0	123151.0
1712	123285.0	123444.0
1713	123175.0	123841.0
1714	123296.0	123821.0
1715	123559.0	123807.0
1716	122775.0	122974.0
1717	123380.0	123139.0
1718	123356.0	124251.0
1719	123569.0	123693.0
1720	123472.0	123680.0
1721	123522.0	123019.0
1722	123535.0	123855.0
1723	122905.0	123491.0
1724	123081.0	123105.0
1725	123554.0	123821.0
1726	123533.0	123337.0
1727	123002.0	123668.0
1728	123398.0	123003.0
1729	123817.0	123486.0
1730	123228.0	123605.0
1731	123794.0	123074.0
1732	123103.0	123014.0
1733	123085.0	123557.0
1734	122911.0	123437.0
1735	123403.0	123875.0
1736	123110.0	123559.0
1737	123658.0	123501.0
1738	123526.0	123457.0
1739	122982.0	123338.0
1740	123439.0	123317.0
1741	123886.0	123506.0
1742	123301.0	123324.0
1743	122785.0	123016.0
1744	123372.0	123475.0
1745	123148.0	123475.0
1746	123411.0	122865.0
1747	122799.0	123358.0
1748	123208.0	123567.0
1749	122754.0	123253.0
1750	122525.0	123854.0
1751	122799.0	123163.0
1752	123459.0	123612.0
1753	123519.0	122824.0
1754	123334.0	123142.0
1755	123063.0	122946.0
1756	123614.0	123600.0
1757	123706.0	123536.0
1758	123458.0	123384.0
1759	122709.0	123195.0
1760	123089.0	123396.0
1761	122995.0	123153.0
1762	122804.0	123077.0
1763	123430.0	123855.0
1764	123435.0	123197.0
1765	123271.0	123540.0
1766	123083.0	122593.0
1767	123770.0	123087.0
1768	122945.0	124158.0
1769	123305.0	123073.0
1770	123377.0	123292.0
1771	123105.0	122689.0
1772	123275.0	122945.0
1773	123040.0	123363.0
1774	123370.0	123829.0
1775	123313.0	123468.0
1776	123274.0	123571.0
1777	123091.0	123592.0
1778	123031.0	123350.0
1779	123334.0	123350.0
1780	123125.0	123164.0
1781	123104.0	122788.0
1782	122251.0	123269.0
1783	122892.0	122794.0
1784	123190.0	123407.0
1785	124043.0	122875.0
1786	123629.0	122696.0
1787	123463.0	123798.0
1788	122945.0	123203.0
1789	123976.0	122869.0
1790	123855.0	123015.0
1791	123830.0	122693.0
1792	123398.0	122735.0
1793	122634.0	123001.0
1794	123047.0	123747.0
1795	123314.0	123205.0
1796	123717.0	123089.0
1797	123379.0	122892.0
1798	123396.0	123250.0
1799	123585.0	123048.0
1800	122960.0	123419.0
1801	123101.0	123542.0
1802	123123.0	123590.0
1803	123691.0	123683.0
1804	123356.0	123498.0
1805	123455.0	123534.0
1806	123206.0	123286.0
1807	123873.0	122494.0
1808	123943.0	123152.0
1809	123339.0	123365.0
1810	123140.0	123401.0
1811	122814.0	123631.0
1812	123352.0	123258.0
1813	123428.0	123620.0
1814	122972.0	123312.0
1815	123802.0	122906.0
1816	123227.0	123258.0
1817	123248.0	122741.0
1818	123503.0	123352.0
1819	123377.0	123303.0
1820	123495.0	123253.0
1821	122746.0	122909.0
1822	122969.0	123324.0
1823	122337.0	123844.0
1824	123472.0	123320.0
1825	123560.0	123566.0
1826	123750.0	123710.0
1827	122656.0	123838.0
1828	122673.0	123198.0
1829	123580.0	123925.0
1830	123180.0	123212.0
1831	123050.0	122952.0
1832	122986.0	122996.0
1833	123159.0	123391.0
1834	122712.0	124048.0
1835	122539.0	123654.0
1836	123350.0	123017.0
1837	122781.0	123247.0
1838	122700.0	123629.0
1839	122965.0	123232.0
1840	123096.0	122750.0
1841	123329.0	123262.0
1842	122949.0	123882.0
1843	122284.0	122947.0
1844	123577.0	123182.0
1845	123186.0	123561.0
1846	123034.0	123681.0
1847	123120.0	123904.0
1848	123044.0	122980.0
1849	122606.0	122793.0
1850	123137.0	122890.0
1851	122940.0	123452.0
1852	122676.0	123528.0
1853	122471.0	123327.0
1854	123077.0	123129.0
1855	122973.0	123385.0
1856	122131.0	122754.0
1857	122839.0	123477.0
1858	122531.0	123540.0
1859	123538.0	122754.0
1860	123347.0	123090.0
1861	123474.0	123444.0
1862	123740.0	123434.0
1863	123350.0	122965.0
1864	123103.0	123324.0
1865	123665.0	123316.0
1866	123619.0	123170.0
1867	123389.0	123644.0
1868	122931.0	123399.0
1869	123189.0	123571.0
1870	122983.0	123296.0
1871	123218.0	122786.0
1872	122988.0	123596.0
1873	123564.0	123238.0
1874	123345.0	123206.0
1875	123667.0	122873.0
1876	123028.0	123535.0
1877	122850.0	123477.0
1878	122837.0	123239.0
1879	123342.0	123677.0
1880	122963.0	123802.0
1881	123531.0	123340.0
1882	123324.0	123458.0
1883	122881.0	123278.0
1884	122905.0	123173.0
1885	123110.0	123114.0
1886	123639.0	123062.0
1887	122735.0	123102.0
1888	122551.0	122918.0
1889	123719.0	122829.0
1890	122828.0	123133.0
1891	123162.0	122679.0
1892	123264.0	123746.0
1893	122860.0	123010.0
1894	123190.0	123392.0
1895	122947.0	123119.0
1896	123200.0	123636.0
1897	123304.0	123644.0
1898	123154.0	123507.0
1899	123152.0	122778.0
1900	123423.0	123485.0
1901	123256.0	122902.0
1902	123649.0	123188.0
1903	122838.0	123140.0
1904	123761.0	122797.0
1905	123631.0	122282.0
1906	122794.0	123132.0
1907	123272.0	123211.0
1908	123268.0	123126.0
1909	123546.0	123277.0
1910	122907.0	123285.0
1911	123283.0	123643.0
1912	122817.0	123165.0
1913	122045.0	122766.0
1914	123645.0	122953.0
1915	122824.0	122792.0
1916	123094.0	121972.0
1917	122937.0	123389.0
1918	123272.0	123123.0
1919	122803.0	122941.0
1920	123034.0	123443.0
1921	123102.0	123177.0
1922	122814.0	122756.0
1923	123225.0	123534.0
1924	123160.0	123110.0
1925	123307.0	122941.0
1926	123164.0	123243.0
1927	122861.0	122826.0
1928	122848.0	123302.0
1929	122644.0	123208.0
1930	123609.0	123548.0
1931	122377.0	123368.0
1932	123482.0	123402.0
1933	123144.0	123626.0
1934	122351.0	123778.0
1935	123031.0	123796.0
1936	122881.0	123501.0
1937	123128.0	123004.0
1938	122115.0	123545.0
1939	122840.0	124110.0
1940	122191.0	122674.0
1941	123131.0	123490.0
1942	122352.0	123118.0
1943	123015.0	123324.0
1944	122483.0	123565.0
1945	123177.0	122927.0
1946	122824.0	123567.0
1947	122871.0	123260.0
1948	123164.0	123206.0
1949	122804.0	123326.0
1950	123810.0	124142.0
1951	123424.0	123406.0
1952	123597.0	123384.0
1953	123589.0	122621.0
1954	123360.0	122432.0
1955	122725.0	122964.0
1956	122905.0	122682.0
1957	122894.0	122820.0
1958	122529.0	123837.0
1959	122768.0	123314.0
1960	122938.0	123727.0
1961	122983.0	123803.0
1962	122552.0	123562.0
1963	122956.0	122821.0
1964	122822.0	123127.0
1965	123305.0	123465.0
1966	122914.0	122365.0
1967	123014.0	122772.0
1968	123074.0	122587.0
1969	122681.0	122742.0
1970	122299.0	123558.0
1971	123052.0	123295.0
1972	123108.0	123176.0
1973	123045.0	123659.0
1974	123184.0	123659.0
1975	123167.0	122989.0
1976	122568.0	122582.0
1977	122749.0	123238.0
1978	122746.0	123093.0
1979	123096.0	123260.0
1980	122741.0	123317.0
1981	123248.0	122986.0
1982	122499.0	122741.0
1983	122637.0	123479.0
1984	123360.0	122713.0
1985	123032.0	122859.0
1986	123272.0	122775.0
1987	122821.0	123325.0
1988	122823.0	122973.0
1989	123225.0	123224.0
1990	123179.0	122795.0
1991	122683.0	123185.0
1992	122753.0	123455.0
1993	123269.0	122652.0
1994	122219.0	122386.0
1995	122823.0	123561.0
1996	123208.0	122997.0
1997	122665.0	123068.0
1998	122763.0	123166.0
1999	123378.0	123317.0
