Distance in bp(Fragment Length Estimate: 709)(Peak Width Estimate: 709)	Same Strand (+ for Watson strand, - for Crick)	Opposite Strand
-2000	120581.0	120562.0
-1999	120538.0	121297.0
-1998	120859.0	120413.0
-1997	120979.0	121217.0
-1996	120176.0	120812.0
-1995	120761.0	120770.0
-1994	121279.0	120756.0
-1993	120560.0	120783.0
-1992	121319.0	120623.0
-1991	120874.0	120266.0
-1990	121240.0	120743.0
-1989	120913.0	120094.0
-1988	120672.0	121109.0
-1987	120965.0	120603.0
-1986	121202.0	120703.0
-1985	120744.0	120472.0
-1984	121060.0	120859.0
-1983	120882.0	120835.0
-1982	121125.0	120666.0
-1981	120852.0	121002.0
-1980	121100.0	121268.0
-1979	121294.0	120745.0
-1978	121366.0	120270.0
-1977	120619.0	120246.0
-1976	120644.0	120537.0
-1975	120705.0	120372.0
-1974	121187.0	120464.0
-1973	120444.0	120349.0
-1972	121234.0	120741.0
-1971	120849.0	120911.0
-1970	120984.0	121038.0
-1969	120653.0	120747.0
-1968	121809.0	120765.0
-1967	121266.0	120461.0
-1966	121424.0	120870.0
-1965	121130.0	119960.0
-1964	120269.0	120692.0
-1963	121340.0	120493.0
-1962	121312.0	120719.0
-1961	121884.0	120030.0
-1960	121369.0	120579.0
-1959	121041.0	120662.0
-1958	121074.0	120649.0
-1957	120560.0	120812.0
-1956	121711.0	120755.0
-1955	120910.0	120716.0
-1954	121164.0	120515.0
-1953	121494.0	120569.0
-1952	121123.0	120942.0
-1951	121328.0	120773.0
-1950	120934.0	120824.0
-1949	120974.0	120918.0
-1948	120910.0	120483.0
-1947	121027.0	120363.0
-1946	120559.0	121131.0
-1945	120378.0	121361.0
-1944	120898.0	120607.0
-1943	120958.0	120561.0
-1942	120920.0	121150.0
-1941	120975.0	120773.0
-1940	120947.0	120744.0
-1939	121747.0	120553.0
-1938	120868.0	120685.0
-1937	120991.0	120444.0
-1936	120993.0	120874.0
-1935	120879.0	121120.0
-1934	120650.0	121268.0
-1933	121285.0	120724.0
-1932	120782.0	120823.0
-1931	120821.0	121238.0
-1930	120846.0	121173.0
-1929	121294.0	120762.0
-1928	121261.0	121121.0
-1927	120776.0	120496.0
-1926	120914.0	120522.0
-1925	120950.0	120541.0
-1924	120427.0	120729.0
-1923	121448.0	121018.0
-1922	121095.0	120858.0
-1921	120800.0	121156.0
-1920	121145.0	121466.0
-1919	121315.0	121179.0
-1918	120679.0	120830.0
-1917	120815.0	121326.0
-1916	121309.0	121055.0
-1915	121461.0	120961.0
-1914	121266.0	120801.0
-1913	120888.0	121047.0
-1912	120659.0	120698.0
-1911	120571.0	121151.0
-1910	120812.0	121198.0
-1909	121038.0	121100.0
-1908	121369.0	121237.0
-1907	121272.0	120921.0
-1906	121608.0	120603.0
-1905	121750.0	120256.0
-1904	121640.0	120879.0
-1903	121004.0	120652.0
-1902	121265.0	121091.0
-1901	120979.0	120863.0
-1900	121134.0	120798.0
-1899	122150.0	120904.0
-1898	121490.0	121106.0
-1897	120801.0	121489.0
-1896	121369.0	120525.0
-1895	121381.0	120578.0
-1894	121419.0	121053.0
-1893	121145.0	121175.0
-1892	121142.0	120812.0
-1891	121112.0	121045.0
-1890	121167.0	121230.0
-1889	121182.0	120762.0
-1888	121373.0	120980.0
-1887	121270.0	121330.0
-1886	121595.0	120942.0
-1885	121012.0	120716.0
-1884	121567.0	120990.0
-1883	121376.0	121405.0
-1882	120603.0	121272.0
-1881	121279.0	120951.0
-1880	121221.0	120656.0
-1879	121200.0	120681.0
-1878	121243.0	121079.0
-1877	121098.0	121177.0
-1876	121055.0	120973.0
-1875	121419.0	121127.0
-1874	121580.0	120731.0
-1873	121564.0	121042.0
-1872	121539.0	121217.0
-1871	121949.0	121073.0
-1870	121683.0	120498.0
-1869	121705.0	121310.0
-1868	121173.0	121351.0
-1867	121009.0	121227.0
-1866	121272.0	121356.0
-1865	120914.0	121259.0
-1864	121436.0	121018.0
-1863	121489.0	120307.0
-1862	121035.0	120825.0
-1861	121207.0	120999.0
-1860	121275.0	121598.0
-1859	121376.0	120728.0
-1858	121456.0	121275.0
-1857	121592.0	121065.0
-1856	120739.0	121120.0
-1855	120849.0	121441.0
-1854	121511.0	120753.0
-1853	120649.0	121568.0
-1852	121256.0	121258.0
-1851	121761.0	121124.0
-1850	121006.0	121713.0
-1849	120698.0	121370.0
-1848	121589.0	122098.0
-1847	121440.0	121036.0
-1846	121293.0	121356.0
-1845	121117.0	121592.0
-1844	121259.0	121126.0
-1843	121678.0	120298.0
-1842	121863.0	120706.0
-1841	121128.0	120998.0
-1840	121112.0	120924.0
-1839	121236.0	120767.0
-1838	121543.0	121078.0
-1837	121568.0	121327.0
-1836	121553.0	121567.0
-1835	121403.0	120744.0
-1834	121471.0	121476.0
-1833	121606.0	121220.0
-1832	121489.0	120685.0
-1831	121206.0	120828.0
-1830	121339.0	120414.0
-1829	121350.0	121174.0
-1828	121729.0	121629.0
-1827	121373.0	121377.0
-1826	121731.0	121113.0
-1825	121214.0	120918.0
-1824	121690.0	121065.0
-1823	121609.0	120865.0
-1822	120686.0	121355.0
-1821	120707.0	121364.0
-1820	120892.0	121032.0
-1819	121217.0	120960.0
-1818	121604.0	120727.0
-1817	120553.0	120635.0
-1816	121807.0	120418.0
-1815	121437.0	120736.0
-1814	122185.0	120967.0
-1813	121571.0	120736.0
-1812	121984.0	121371.0
-1811	121254.0	121039.0
-1810	121058.0	121276.0
-1809	121686.0	121164.0
-1808	121033.0	121074.0
-1807	121713.0	121390.0
-1806	121568.0	121191.0
-1805	120957.0	121518.0
-1804	120890.0	120843.0
-1803	121470.0	121364.0
-1802	121558.0	121354.0
-1801	121475.0	121128.0
-1800	121173.0	120356.0
-1799	121302.0	121036.0
-1798	121480.0	121367.0
-1797	122020.0	121161.0
-1796	121577.0	120260.0
-1795	121089.0	120947.0
-1794	121148.0	121062.0
-1793	121190.0	121237.0
-1792	121593.0	121598.0
-1791	121808.0	121299.0
-1790	121941.0	120821.0
-1789	121310.0	120779.0
-1788	121118.0	121298.0
-1787	121260.0	120872.0
-1786	121368.0	121366.0
-1785	121649.0	121272.0
-1784	121455.0	120823.0
-1783	121424.0	120372.0
-1782	121055.0	120977.0
-1781	121313.0	120929.0
-1780	121215.0	120809.0
-1779	121243.0	120824.0
-1778	121859.0	121124.0
-1777	121248.0	121380.0
-1776	121536.0	121557.0
-1775	121358.0	121021.0
-1774	121661.0	121187.0
-1773	121912.0	120414.0
-1772	121771.0	121264.0
-1771	121350.0	121200.0
-1770	121891.0	120920.0
-1769	121522.0	121075.0
-1768	121289.0	121463.0
-1767	121267.0	121111.0
-1766	121112.0	120694.0
-1765	121261.0	121093.0
-1764	121495.0	121128.0
-1763	121576.0	121003.0
-1762	122005.0	121491.0
-1761	121736.0	121345.0
-1760	121758.0	121001.0
-1759	121549.0	121386.0
-1758	121936.0	121201.0
-1757	121857.0	121054.0
-1756	122025.0	121547.0
-1755	121572.0	121157.0
-1754	121746.0	121103.0
-1753	121648.0	121629.0
-1752	121793.0	121140.0
-1751	122095.0	121722.0
-1750	121334.0	121282.0
-1749	121117.0	121024.0
-1748	121735.0	121576.0
-1747	121619.0	121319.0
-1746	121341.0	121485.0
-1745	121311.0	120090.0
-1744	121692.0	121654.0
-1743	122235.0	120887.0
-1742	121711.0	121327.0
-1741	121578.0	122015.0
-1740	122106.0	121448.0
-1739	121720.0	120842.0
-1738	120945.0	121453.0
-1737	121768.0	121132.0
-1736	121797.0	121556.0
-1735	121944.0	121069.0
-1734	121745.0	121695.0
-1733	121589.0	121415.0
-1732	121643.0	121332.0
-1731	121638.0	121640.0
-1730	121742.0	121105.0
-1729	121963.0	121488.0
-1728	121998.0	120858.0
-1727	122254.0	121073.0
-1726	121554.0	121159.0
-1725	121711.0	121383.0
-1724	121808.0	121479.0
-1723	121878.0	121525.0
-1722	121915.0	121240.0
-1721	121258.0	120596.0
-1720	121580.0	121176.0
-1719	121534.0	121743.0
-1718	121675.0	121596.0
-1717	121276.0	121102.0
-1716	121158.0	121215.0
-1715	121641.0	120981.0
-1714	121589.0	121287.0
-1713	122022.0	121010.0
-1712	122052.0	121063.0
-1711	121865.0	121396.0
-1710	121588.0	121562.0
-1709	121117.0	120850.0
-1708	121033.0	121736.0
-1707	121698.0	122190.0
-1706	122070.0	121834.0
-1705	122094.0	120964.0
-1704	121543.0	121574.0
-1703	121547.0	121232.0
-1702	122698.0	121562.0
-1701	121875.0	121488.0
-1700	122033.0	121538.0
-1699	121726.0	121217.0
-1698	121752.0	121632.0
-1697	121692.0	121439.0
-1696	121601.0	121387.0
-1695	122488.0	121801.0
-1694	122059.0	121740.0
-1693	121964.0	120900.0
-1692	121754.0	121756.0
-1691	121474.0	121359.0
-1690	121782.0	121587.0
-1689	122090.0	121474.0
-1688	121892.0	121511.0
-1687	121860.0	121406.0
-1686	121419.0	121545.0
-1685	121637.0	121094.0
-1684	121931.0	121770.0
-1683	122378.0	121065.0
-1682	121959.0	121232.0
-1681	121725.0	121278.0
-1680	121499.0	121504.0
-1679	121522.0	121633.0
-1678	122071.0	122011.0
-1677	121854.0	121212.0
-1676	122302.0	121211.0
-1675	121488.0	120987.0
-1674	121565.0	122313.0
-1673	121818.0	121044.0
-1672	121635.0	120884.0
-1671	122277.0	120729.0
-1670	121813.0	121177.0
-1669	121493.0	122326.0
-1668	121837.0	121948.0
-1667	121950.0	121261.0
-1666	121436.0	120821.0
-1665	122107.0	121207.0
-1664	121631.0	121339.0
-1663	121028.0	121324.0
-1662	121796.0	122165.0
-1661	121176.0	121140.0
-1660	121423.0	121578.0
-1659	122294.0	121315.0
-1658	121950.0	120880.0
-1657	121140.0	121676.0
-1656	122231.0	121540.0
-1655	121510.0	121371.0
-1654	121850.0	121568.0
-1653	121848.0	121911.0
-1652	121950.0	121114.0
-1651	122184.0	120782.0
-1650	122549.0	121377.0
-1649	122226.0	120760.0
-1648	121752.0	121509.0
-1647	121481.0	121475.0
-1646	121986.0	121488.0
-1645	121601.0	121252.0
-1644	122242.0	121196.0
-1643	121463.0	121289.0
-1642	121747.0	121536.0
-1641	121620.0	121674.0
-1640	122181.0	121327.0
-1639	121964.0	121722.0
-1638	121748.0	121925.0
-1637	121372.0	121293.0
-1636	121942.0	121034.0
-1635	122142.0	121863.0
-1634	121634.0	121283.0
-1633	121367.0	121976.0
-1632	122130.0	121315.0
-1631	121891.0	120955.0
-1630	121131.0	121372.0
-1629	121512.0	121603.0
-1628	121758.0	122121.0
-1627	121672.0	121849.0
-1626	121631.0	122045.0
-1625	121439.0	121492.0
-1624	121401.0	121652.0
-1623	122105.0	121777.0
-1622	121893.0	121566.0
-1621	122163.0	121459.0
-1620	122599.0	121296.0
-1619	121509.0	121217.0
-1618	121806.0	121344.0
-1617	121898.0	121293.0
-1616	121771.0	121658.0
-1615	121753.0	121324.0
-1614	121436.0	121774.0
-1613	121648.0	121722.0
-1612	122109.0	121323.0
-1611	122011.0	121784.0
-1610	122175.0	121347.0
-1609	121266.0	121195.0
-1608	121606.0	121858.0
-1607	121413.0	121803.0
-1606	121217.0	122077.0
-1605	122357.0	122053.0
-1604	122208.0	121482.0
-1603	122071.0	122200.0
-1602	122468.0	121642.0
-1601	122253.0	121479.0
-1600	121370.0	121091.0
-1599	121939.0	121839.0
-1598	121373.0	121904.0
-1597	122270.0	121938.0
-1596	122456.0	121821.0
-1595	121907.0	121445.0
-1594	121800.0	121160.0
-1593	123085.0	121893.0
-1592	122053.0	121401.0
-1591	121627.0	121470.0
-1590	122013.0	121739.0
-1589	121707.0	122065.0
-1588	121806.0	121171.0
-1587	122107.0	121643.0
-1586	121725.0	121285.0
-1585	122070.0	121317.0
-1584	122531.0	121698.0
-1583	121823.0	121137.0
-1582	122194.0	122653.0
-1581	122800.0	122140.0
-1580	122184.0	121764.0
-1579	121693.0	122193.0
-1578	122295.0	121851.0
-1577	121398.0	121159.0
-1576	122337.0	122103.0
-1575	121750.0	121937.0
-1574	122075.0	121819.0
-1573	121817.0	121632.0
-1572	122300.0	122144.0
-1571	121993.0	121461.0
-1570	122098.0	121679.0
-1569	122231.0	122319.0
-1568	122074.0	122008.0
-1567	121829.0	122157.0
-1566	121919.0	121743.0
-1565	122049.0	121561.0
-1564	122153.0	121966.0
-1563	121587.0	121705.0
-1562	122122.0	122125.0
-1561	121359.0	122117.0
-1560	122181.0	122418.0
-1559	121947.0	121976.0
-1558	121999.0	122140.0
-1557	122280.0	122068.0
-1556	121997.0	121910.0
-1555	122324.0	121983.0
-1554	121994.0	121918.0
-1553	121773.0	122184.0
-1552	122711.0	122194.0
-1551	122140.0	122351.0
-1550	122118.0	121748.0
-1549	122554.0	121877.0
-1548	122438.0	121992.0
-1547	122403.0	121734.0
-1546	122065.0	122719.0
-1545	122021.0	121670.0
-1544	122204.0	122243.0
-1543	122365.0	122076.0
-1542	122495.0	121510.0
-1541	122533.0	121818.0
-1540	122565.0	122141.0
-1539	122055.0	122037.0
-1538	122468.0	121223.0
-1537	122380.0	122204.0
-1536	121734.0	122052.0
-1535	121786.0	121684.0
-1534	121831.0	121316.0
-1533	122259.0	122228.0
-1532	122177.0	121962.0
-1531	121740.0	122041.0
-1530	122008.0	122453.0
-1529	121684.0	121900.0
-1528	122345.0	122522.0
-1527	122467.0	121857.0
-1526	121835.0	121227.0
-1525	122178.0	121787.0
-1524	122649.0	122023.0
-1523	122786.0	121785.0
-1522	122576.0	122399.0
-1521	122012.0	121808.0
-1520	121899.0	121728.0
-1519	122467.0	121951.0
-1518	122271.0	121827.0
-1517	121878.0	121735.0
-1516	122145.0	122255.0
-1515	122928.0	121644.0
-1514	122118.0	122119.0
-1513	122329.0	121952.0
-1512	121973.0	121891.0
-1511	122413.0	121979.0
-1510	121546.0	121727.0
-1509	122684.0	121499.0
-1508	122471.0	121672.0
-1507	122150.0	122073.0
-1506	122441.0	121719.0
-1505	122969.0	121676.0
-1504	122612.0	121555.0
-1503	122942.0	121847.0
-1502	122387.0	121582.0
-1501	122661.0	122067.0
-1500	123052.0	121151.0
-1499	121944.0	121477.0
-1498	122170.0	121716.0
-1497	121970.0	121399.0
-1496	122090.0	121939.0
-1495	122053.0	121838.0
-1494	122401.0	121704.0
-1493	122189.0	122291.0
-1492	122718.0	121969.0
-1491	122799.0	121616.0
-1490	122320.0	121479.0
-1489	122277.0	121346.0
-1488	122594.0	121572.0
-1487	122265.0	122116.0
-1486	122697.0	121598.0
-1485	122795.0	121404.0
-1484	122549.0	122113.0
-1483	122588.0	121909.0
-1482	122669.0	122464.0
-1481	122234.0	121889.0
-1480	122007.0	121794.0
-1479	122308.0	122021.0
-1478	122385.0	121685.0
-1477	121929.0	122640.0
-1476	122018.0	122156.0
-1475	122430.0	121575.0
-1474	121804.0	121593.0
-1473	122760.0	122073.0
-1472	122276.0	121562.0
-1471	122383.0	122588.0
-1470	122282.0	122009.0
-1469	121846.0	121596.0
-1468	122579.0	121412.0
-1467	122226.0	121473.0
-1466	122077.0	120751.0
-1465	122560.0	121579.0
-1464	122583.0	121774.0
-1463	121693.0	121769.0
-1462	122430.0	121819.0
-1461	122484.0	121802.0
-1460	122231.0	121876.0
-1459	122423.0	122014.0
-1458	122274.0	121960.0
-1457	122057.0	121747.0
-1456	121755.0	121400.0
-1455	122057.0	122078.0
-1454	122044.0	121850.0
-1453	122797.0	122400.0
-1452	122617.0	121459.0
-1451	122537.0	121641.0
-1450	122495.0	121799.0
-1449	122391.0	122096.0
-1448	122314.0	121961.0
-1447	122179.0	121568.0
-1446	123067.0	121147.0
-1445	122330.0	121559.0
-1444	121997.0	121730.0
-1443	122942.0	122470.0
-1442	122711.0	122172.0
-1441	122128.0	122273.0
-1440	122764.0	122348.0
-1439	122116.0	122271.0
-1438	122573.0	121946.0
-1437	122537.0	122067.0
-1436	122060.0	121716.0
-1435	122702.0	121900.0
-1434	122310.0	121862.0
-1433	122737.0	121466.0
-1432	121724.0	122103.0
-1431	122410.0	121948.0
-1430	121681.0	121727.0
-1429	122881.0	122210.0
-1428	122144.0	122239.0
-1427	122210.0	121234.0
-1426	122346.0	122051.0
-1425	122183.0	122447.0
-1424	122147.0	122413.0
-1423	122068.0	121612.0
-1422	122811.0	122232.0
-1421	122171.0	122084.0
-1420	122654.0	121870.0
-1419	122186.0	122445.0
-1418	121950.0	122019.0
-1417	122692.0	121434.0
-1416	122444.0	121041.0
-1415	122226.0	121630.0
-1414	122170.0	122593.0
-1413	122270.0	122722.0
-1412	121913.0	122271.0
-1411	122332.0	122717.0
-1410	122165.0	122134.0
-1409	122772.0	121935.0
-1408	121757.0	121944.0
-1407	122297.0	122198.0
-1406	122234.0	122284.0
-1405	122508.0	122561.0
-1404	122487.0	122179.0
-1403	122594.0	122294.0
-1402	121735.0	123119.0
-1401	122529.0	122263.0
-1400	123002.0	122098.0
-1399	122334.0	122614.0
-1398	121979.0	122491.0
-1397	122695.0	122291.0
-1396	122439.0	121768.0
-1395	122039.0	122054.0
-1394	122147.0	121950.0
-1393	122601.0	122129.0
-1392	122398.0	122353.0
-1391	122653.0	122297.0
-1390	122203.0	122695.0
-1389	122928.0	122394.0
-1388	122496.0	121493.0
-1387	121846.0	122322.0
-1386	122883.0	122348.0
-1385	122120.0	121974.0
-1384	122937.0	121952.0
-1383	122417.0	122128.0
-1382	122192.0	121814.0
-1381	122205.0	122192.0
-1380	122765.0	122091.0
-1379	122750.0	122710.0
-1378	122590.0	122203.0
-1377	123323.0	122175.0
-1376	122851.0	122411.0
-1375	122460.0	121857.0
-1374	122598.0	122420.0
-1373	122619.0	121839.0
-1372	122756.0	122404.0
-1371	122686.0	122238.0
-1370	122357.0	122110.0
-1369	122379.0	122571.0
-1368	122782.0	122132.0
-1367	122470.0	122144.0
-1366	122726.0	122261.0
-1365	121923.0	122725.0
-1364	122666.0	122432.0
-1363	122900.0	122060.0
-1362	122719.0	122530.0
-1361	122935.0	122841.0
-1360	123046.0	122394.0
-1359	123067.0	122628.0
-1358	122384.0	122144.0
-1357	122367.0	122548.0
-1356	123078.0	123015.0
-1355	122066.0	122471.0
-1354	122413.0	122929.0
-1353	122410.0	122677.0
-1352	122757.0	122102.0
-1351	121983.0	122451.0
-1350	122199.0	121592.0
-1349	123107.0	122991.0
-1348	122787.0	122479.0
-1347	122858.0	122864.0
-1346	122401.0	122148.0
-1345	122391.0	122759.0
-1344	122963.0	122477.0
-1343	122343.0	122088.0
-1342	122660.0	122593.0
-1341	123183.0	121827.0
-1340	121968.0	122595.0
-1339	122965.0	122424.0
-1338	122326.0	122181.0
-1337	122516.0	122411.0
-1336	122343.0	122911.0
-1335	123341.0	121932.0
-1334	122864.0	122534.0
-1333	122402.0	122090.0
-1332	123030.0	122031.0
-1331	123033.0	122374.0
-1330	122687.0	121895.0
-1329	123061.0	122377.0
-1328	122917.0	121861.0
-1327	123150.0	122506.0
-1326	122780.0	122713.0
-1325	122554.0	122440.0
-1324	122590.0	122496.0
-1323	123108.0	122122.0
-1322	122136.0	122276.0
-1321	122261.0	122334.0
-1320	122795.0	122574.0
-1319	123004.0	122207.0
-1318	122964.0	122237.0
-1317	123443.0	122949.0
-1316	122773.0	122177.0
-1315	122906.0	122434.0
-1314	122467.0	122144.0
-1313	122810.0	122542.0
-1312	122297.0	122522.0
-1311	123145.0	121937.0
-1310	122309.0	121507.0
-1309	122485.0	121658.0
-1308	122893.0	122460.0
-1307	122664.0	121958.0
-1306	122348.0	122710.0
-1305	122915.0	122145.0
-1304	122243.0	121938.0
-1303	122310.0	122446.0
-1302	123123.0	122566.0
-1301	122812.0	122203.0
-1300	122980.0	121713.0
-1299	122798.0	122120.0
-1298	122209.0	121567.0
-1297	122410.0	122176.0
-1296	122190.0	122934.0
-1295	121948.0	122311.0
-1294	122236.0	122274.0
-1293	122770.0	122206.0
-1292	122838.0	122469.0
-1291	122884.0	121946.0
-1290	122912.0	122230.0
-1289	122592.0	121834.0
-1288	122769.0	122377.0
-1287	122551.0	122568.0
-1286	122365.0	122042.0
-1285	122278.0	122727.0
-1284	122799.0	122251.0
-1283	122967.0	122496.0
-1282	122459.0	122237.0
-1281	122921.0	121992.0
-1280	122395.0	121606.0
-1279	122996.0	122330.0
-1278	122629.0	122385.0
-1277	122102.0	122384.0
-1276	122749.0	121661.0
-1275	122272.0	122638.0
-1274	122431.0	123035.0
-1273	123194.0	122688.0
-1272	123044.0	123025.0
-1271	122796.0	121842.0
-1270	122516.0	121911.0
-1269	122430.0	122480.0
-1268	122074.0	122771.0
-1267	122828.0	123243.0
-1266	122640.0	122652.0
-1265	122315.0	122488.0
-1264	122528.0	122850.0
-1263	122748.0	121916.0
-1262	122653.0	122372.0
-1261	122808.0	122098.0
-1260	122720.0	122120.0
-1259	122579.0	122266.0
-1258	122427.0	122597.0
-1257	122827.0	122513.0
-1256	122217.0	123126.0
-1255	122449.0	122668.0
-1254	122798.0	122576.0
-1253	122536.0	122377.0
-1252	123053.0	122994.0
-1251	122689.0	122751.0
-1250	122709.0	123035.0
-1249	122111.0	123000.0
-1248	122650.0	122680.0
-1247	122477.0	122382.0
-1246	122240.0	122993.0
-1245	122782.0	122410.0
-1244	122994.0	122438.0
-1243	122340.0	122678.0
-1242	123599.0	122601.0
-1241	122629.0	123059.0
-1240	122651.0	122566.0
-1239	122964.0	122328.0
-1238	122169.0	123203.0
-1237	122470.0	122468.0
-1236	122228.0	122404.0
-1235	122519.0	122568.0
-1234	122571.0	123012.0
-1233	123616.0	122960.0
-1232	122412.0	122776.0
-1231	122487.0	122687.0
-1230	123059.0	122046.0
-1229	122016.0	122489.0
-1228	122355.0	123208.0
-1227	122749.0	122214.0
-1226	122839.0	122604.0
-1225	122797.0	123013.0
-1224	123201.0	123000.0
-1223	123025.0	122772.0
-1222	122742.0	122748.0
-1221	122112.0	122971.0
-1220	122346.0	122672.0
-1219	122596.0	123310.0
-1218	123177.0	122830.0
-1217	122560.0	122077.0
-1216	122975.0	123242.0
-1215	122540.0	122507.0
-1214	122995.0	122704.0
-1213	122678.0	122891.0
-1212	123035.0	122354.0
-1211	122629.0	122357.0
-1210	122374.0	122894.0
-1209	122578.0	122589.0
-1208	122113.0	122604.0
-1207	123282.0	122997.0
-1206	122675.0	122683.0
-1205	122580.0	122950.0
-1204	122604.0	122658.0
-1203	122586.0	123129.0
-1202	122733.0	123142.0
-1201	123150.0	123608.0
-1200	122808.0	122506.0
-1199	122856.0	122805.0
-1198	122861.0	122411.0
-1197	123014.0	122212.0
-1196	122475.0	122406.0
-1195	122552.0	122425.0
-1194	123416.0	122947.0
-1193	122814.0	122645.0
-1192	122489.0	122798.0
-1191	122964.0	122963.0
-1190	122324.0	123069.0
-1189	122482.0	122921.0
-1188	123323.0	122929.0
-1187	123490.0	123037.0
-1186	122160.0	122880.0
-1185	123020.0	122678.0
-1184	122587.0	122880.0
-1183	122732.0	123087.0
-1182	123356.0	122767.0
-1181	123289.0	122538.0
-1180	123084.0	123061.0
-1179	123357.0	122927.0
-1178	123811.0	122472.0
-1177	123295.0	122533.0
-1176	123685.0	123092.0
-1175	122744.0	122750.0
-1174	122927.0	123474.0
-1173	123352.0	123257.0
-1172	122943.0	123184.0
-1171	122984.0	123015.0
-1170	123224.0	122436.0
-1169	123505.0	122142.0
-1168	123154.0	122468.0
-1167	122712.0	122315.0
-1166	123119.0	123048.0
-1165	123505.0	122641.0
-1164	123688.0	122686.0
-1163	123138.0	123091.0
-1162	122705.0	122149.0
-1161	123396.0	122289.0
-1160	123305.0	122939.0
-1159	122837.0	122689.0
-1158	123086.0	122622.0
-1157	122902.0	122824.0
-1156	122906.0	121902.0
-1155	122787.0	122945.0
-1154	122286.0	122933.0
-1153	123316.0	123169.0
-1152	123454.0	122601.0
-1151	122996.0	122730.0
-1150	123383.0	122802.0
-1149	123112.0	122490.0
-1148	123315.0	123484.0
-1147	122403.0	123327.0
-1146	123136.0	122514.0
-1145	122781.0	122833.0
-1144	122772.0	122916.0
-1143	122984.0	123414.0
-1142	122598.0	122794.0
-1141	122972.0	122971.0
-1140	123227.0	122728.0
-1139	122302.0	122202.0
-1138	122797.0	122021.0
-1137	122903.0	122156.0
-1136	123063.0	122424.0
-1135	123352.0	123106.0
-1134	123429.0	123003.0
-1133	122831.0	122086.0
-1132	123087.0	123136.0
-1131	123046.0	122424.0
-1130	122974.0	122359.0
-1129	121963.0	122709.0
-1128	122356.0	123017.0
-1127	122878.0	122466.0
-1126	122244.0	123107.0
-1125	122616.0	123110.0
-1124	123039.0	122364.0
-1123	122728.0	122813.0
-1122	123346.0	122789.0
-1121	122278.0	122635.0
-1120	122968.0	122722.0
-1119	122769.0	122573.0
-1118	123193.0	122757.0
-1117	123360.0	122642.0
-1116	123113.0	123045.0
-1115	122229.0	123087.0
-1114	122132.0	123225.0
-1113	123042.0	122494.0
-1112	122778.0	122203.0
-1111	122673.0	122888.0
-1110	123046.0	123056.0
-1109	122584.0	122952.0
-1108	123224.0	122998.0
-1107	123131.0	122570.0
-1106	122637.0	122877.0
-1105	122267.0	122890.0
-1104	122563.0	122627.0
-1103	122995.0	122465.0
-1102	122779.0	122841.0
-1101	123551.0	123033.0
-1100	122779.0	122203.0
-1099	122293.0	123187.0
-1098	122674.0	122533.0
-1097	122806.0	122789.0
-1096	122326.0	123150.0
-1095	123221.0	123210.0
-1094	122503.0	122012.0
-1093	122290.0	122937.0
-1092	122836.0	122047.0
-1091	122676.0	122761.0
-1090	122804.0	122687.0
-1089	122448.0	123184.0
-1088	122445.0	122766.0
-1087	122366.0	123384.0
-1086	122049.0	123121.0
-1085	122757.0	123248.0
-1084	122858.0	122962.0
-1083	123121.0	123233.0
-1082	123080.0	122873.0
-1081	122832.0	123309.0
-1080	122748.0	123199.0
-1079	122550.0	122750.0
-1078	122681.0	123472.0
-1077	123573.0	123366.0
-1076	122664.0	122654.0
-1075	122972.0	122967.0
-1074	122682.0	122845.0
-1073	123120.0	122668.0
-1072	122537.0	122812.0
-1071	123248.0	123500.0
-1070	123075.0	123480.0
-1069	123172.0	123795.0
-1068	123000.0	123427.0
-1067	123328.0	123365.0
-1066	122693.0	122800.0
-1065	122903.0	123472.0
-1064	122133.0	123660.0
-1063	122808.0	123112.0
-1062	123394.0	122658.0
-1061	123114.0	122770.0
-1060	123158.0	122974.0
-1059	123136.0	122743.0
-1058	122965.0	123193.0
-1057	122245.0	123559.0
-1056	123452.0	123631.0
-1055	122597.0	123007.0
-1054	122486.0	123311.0
-1053	122941.0	123440.0
-1052	123674.0	123063.0
-1051	123056.0	123133.0
-1050	123090.0	122863.0
-1049	122603.0	122561.0
-1048	123288.0	123490.0
-1047	123492.0	123256.0
-1046	122757.0	123133.0
-1045	122668.0	123652.0
-1044	123852.0	123268.0
-1043	122708.0	122402.0
-1042	122858.0	123559.0
-1041	123230.0	123398.0
-1040	123067.0	122845.0
-1039	123020.0	122809.0
-1038	123475.0	122913.0
-1037	122833.0	122925.0
-1036	122985.0	122858.0
-1035	122979.0	123368.0
-1034	123544.0	123127.0
-1033	122870.0	123394.0
-1032	123146.0	123334.0
-1031	122457.0	123254.0
-1030	123075.0	123709.0
-1029	123647.0	123350.0
-1028	122714.0	123535.0
-1027	123177.0	123324.0
-1026	123521.0	123254.0
-1025	123419.0	123605.0
-1024	122843.0	123496.0
-1023	124228.0	123889.0
-1022	123502.0	123068.0
-1021	122908.0	123763.0
-1020	123719.0	123165.0
-1019	123062.0	123072.0
-1018	122989.0	123027.0
-1017	123373.0	122936.0
-1016	123164.0	123126.0
-1015	123108.0	123233.0
-1014	123595.0	123089.0
-1013	123514.0	123185.0
-1012	123389.0	123253.0
-1011	123469.0	123461.0
-1010	123187.0	123010.0
-1009	123102.0	123818.0
-1008	123275.0	123262.0
-1007	123081.0	123260.0
-1006	123333.0	123552.0
-1005	123836.0	123062.0
-1004	123230.0	122902.0
-1003	122877.0	123250.0
-1002	123200.0	122600.0
-1001	123311.0	122506.0
-1000	123404.0	123148.0
-999	123228.0	122594.0
-998	122972.0	122448.0
-997	122873.0	122998.0
-996	123643.0	123476.0
-995	123075.0	123139.0
-994	123021.0	123832.0
-993	123504.0	123816.0
-992	122766.0	123088.0
-991	122504.0	123266.0
-990	123574.0	123699.0
-989	123062.0	123382.0
-988	122791.0	122812.0
-987	123385.0	123246.0
-986	122596.0	123483.0
-985	123347.0	122740.0
-984	124007.0	122853.0
-983	123685.0	123271.0
-982	123095.0	122969.0
-981	123307.0	122970.0
-980	123128.0	122975.0
-979	123465.0	123468.0
-978	123714.0	123394.0
-977	123108.0	123442.0
-976	123178.0	122874.0
-975	123457.0	123575.0
-974	123234.0	123194.0
-973	122574.0	123229.0
-972	123101.0	123483.0
-971	123174.0	123087.0
-970	122729.0	123413.0
-969	122769.0	123873.0
-968	123028.0	123021.0
-967	123418.0	123701.0
-966	123458.0	122625.0
-965	122799.0	123163.0
-964	123212.0	123233.0
-963	123556.0	123301.0
-962	123057.0	122064.0
-961	123214.0	122692.0
-960	123634.0	123235.0
-959	122823.0	123395.0
-958	123084.0	123352.0
-957	123407.0	123434.0
-956	122396.0	122943.0
-955	123042.0	122919.0
-954	123085.0	122695.0
-953	122534.0	122435.0
-952	122927.0	123070.0
-951	123007.0	123015.0
-950	122932.0	122685.0
-949	122792.0	123652.0
-948	123276.0	123663.0
-947	123268.0	122550.0
-946	122814.0	123665.0
-945	123700.0	123218.0
-944	123076.0	122872.0
-943	123262.0	122957.0
-942	122964.0	123339.0
-941	122906.0	123374.0
-940	122595.0	122705.0
-939	123127.0	123708.0
-938	123230.0	122644.0
-937	122760.0	122859.0
-936	122793.0	123546.0
-935	122751.0	122836.0
-934	123205.0	123580.0
-933	122886.0	122781.0
-932	123115.0	122878.0
-931	122988.0	123852.0
-930	122770.0	123193.0
-929	122713.0	123605.0
-928	122721.0	123689.0
-927	123593.0	123247.0
-926	122506.0	122378.0
-925	123376.0	122659.0
-924	123109.0	123236.0
-923	122562.0	123726.0
-922	122816.0	123681.0
-921	122997.0	123836.0
-920	123185.0	123446.0
-919	122428.0	122800.0
-918	123536.0	122847.0
-917	123159.0	123287.0
-916	122709.0	123608.0
-915	123517.0	123475.0
-914	123206.0	123098.0
-913	122747.0	123718.0
-912	123541.0	123462.0
-911	123063.0	123521.0
-910	122646.0	123660.0
-909	123425.0	123109.0
-908	122726.0	123759.0
-907	123277.0	123854.0
-906	123117.0	123652.0
-905	122243.0	123293.0
-904	122828.0	124300.0
-903	123413.0	124181.0
-902	122660.0	123366.0
-901	122968.0	123956.0
-900	123057.0	124032.0
-899	122341.0	123342.0
-898	122743.0	123366.0
-897	123150.0	123496.0
-896	122437.0	123021.0
-895	123155.0	123640.0
-894	124034.0	123737.0
-893	122867.0	123506.0
-892	122631.0	123521.0
-891	123686.0	124351.0
-890	123299.0	123758.0
-889	122801.0	123771.0
-888	123669.0	124035.0
-887	123230.0	123167.0
-886	123693.0	123414.0
-885	124025.0	123783.0
-884	123092.0	123366.0
-883	123357.0	124256.0
-882	123678.0	124302.0
-881	123481.0	123999.0
-880	123448.0	123627.0
-879	123789.0	123649.0
-878	123223.0	123298.0
-877	122825.0	124116.0
-876	123555.0	123260.0
-875	123462.0	123238.0
-874	123063.0	123809.0
-873	123216.0	123808.0
-872	123022.0	123733.0
-871	122870.0	123630.0
-870	123859.0	123702.0
-869	123311.0	122682.0
-868	123572.0	123176.0
-867	123820.0	123055.0
-866	123275.0	123205.0
-865	123395.0	123918.0
-864	123511.0	124029.0
-863	123302.0	123530.0
-862	123077.0	123770.0
-861	123255.0	123502.0
-860	123704.0	123212.0
-859	123253.0	124096.0
-858	123528.0	123800.0
-857	123298.0	123408.0
-856	123685.0	123440.0
-855	124054.0	123438.0
-854	123923.0	123181.0
-853	123234.0	123470.0
-852	123384.0	123632.0
-851	123414.0	123004.0
-850	122953.0	123774.0
-849	123779.0	123111.0
-848	123471.0	123317.0
-847	123302.0	124084.0
-846	123710.0	123722.0
-845	123971.0	122987.0
-844	123712.0	123806.0
-843	124075.0	123486.0
-842	122880.0	122892.0
-841	123151.0	123861.0
-840	123875.0	123394.0
-839	123505.0	122812.0
-838	123233.0	123814.0
-837	123858.0	123551.0
-836	123338.0	123267.0
-835	122915.0	124221.0
-834	123694.0	123357.0
-833	124022.0	123375.0
-832	123375.0	123478.0
-831	123817.0	123185.0
-830	122602.0	122732.0
-829	123329.0	123419.0
-828	123476.0	124068.0
-827	123209.0	122770.0
-826	123388.0	124418.0
-825	124003.0	123757.0
-824	123471.0	122788.0
-823	122942.0	123764.0
-822	123761.0	123815.0
-821	123383.0	122911.0
-820	123594.0	123682.0
-819	123080.0	123682.0
-818	123913.0	123256.0
-817	123424.0	123748.0
-816	123725.0	122969.0
-815	123117.0	122516.0
-814	123164.0	123582.0
-813	123086.0	123523.0
-812	123392.0	122668.0
-811	122869.0	123019.0
-810	123624.0	123620.0
-809	123705.0	122908.0
-808	123690.0	123707.0
-807	123985.0	123392.0
-806	122954.0	123469.0
-805	123458.0	123444.0
-804	123450.0	123278.0
-803	122891.0	123264.0
-802	123559.0	123623.0
-801	123565.0	123677.0
-800	122810.0	122724.0
-799	122800.0	123004.0
-798	123534.0	123220.0
-797	123226.0	123443.0
-796	123075.0	123258.0
-795	123374.0	123446.0
-794	122839.0	123072.0
-793	122871.0	123644.0
-792	123004.0	123232.0
-791	123213.0	122611.0
-790	123162.0	123332.0
-789	124051.0	123313.0
-788	123110.0	122726.0
-787	122277.0	123200.0
-786	123572.0	123274.0
-785	122852.0	123352.0
-784	122502.0	123761.0
-783	123418.0	123937.0
-782	122784.0	122937.0
-781	122736.0	123544.0
-780	123542.0	123439.0
-779	122702.0	122531.0
-778	122508.0	123651.0
-777	123072.0	123395.0
-776	122870.0	122932.0
-775	122730.0	123422.0
-774	122601.0	123391.0
-773	123133.0	122739.0
-772	122704.0	123535.0
-771	123137.0	124221.0
-770	122585.0	123325.0
-769	122861.0	123657.0
-768	123291.0	123126.0
-767	122959.0	123774.0
-766	122737.0	123984.0
-765	123144.0	123183.0
-764	122722.0	123105.0
-763	122343.0	124541.0
-762	123097.0	123859.0
-761	122691.0	123541.0
-760	122948.0	124143.0
-759	123004.0	123578.0
-758	123164.0	123277.0
-757	122782.0	124042.0
-756	123018.0	124231.0
-755	122525.0	123159.0
-754	123198.0	123560.0
-753	123531.0	124257.0
-752	123294.0	123557.0
-751	123248.0	123900.0
-750	123282.0	123381.0
-749	122570.0	123030.0
-748	123260.0	123455.0
-747	123420.0	124003.0
-746	122939.0	123319.0
-745	122374.0	123724.0
-744	123077.0	124156.0
-743	122786.0	123298.0
-742	122890.0	124194.0
-741	123623.0	124671.0
-740	121881.0	123320.0
-739	122751.0	124058.0
-738	123884.0	123841.0
-737	122860.0	124169.0
-736	123535.0	123683.0
-735	123966.0	123822.0
-734	123132.0	124282.0
-733	122757.0	124491.0
-732	123386.0	123980.0
-731	122245.0	122913.0
-730	122949.0	124709.0
-729	123502.0	123846.0
-728	123253.0	124741.0
-727	122720.0	124433.0
-726	123795.0	124607.0
-725	123400.0	123537.0
-724	123391.0	124405.0
-723	123777.0	123770.0
-722	123380.0	123796.0
-721	122838.0	124081.0
-720	123976.0	123510.0
-719	123459.0	123811.0
-718	123313.0	123807.0
-717	123740.0	125105.0
-716	123740.0	123839.0
-715	123070.0	124332.0
-714	123551.0	124666.0
-713	123078.0	124024.0
-712	123206.0	124536.0
-711	123921.0	124148.0
-710	123670.0	123290.0
-709	123595.0	123731.0
-708	124611.0	124595.0
-707	123531.0	124142.0
-706	123617.0	124499.0
-705	123881.0	124576.0
-704	123768.0	123420.0
-703	123154.0	124222.0
-702	124411.0	124327.0
-701	123218.0	123708.0
-700	123057.0	123936.0
-699	123944.0	123981.0
-698	124121.0	124096.0
-697	124193.0	124664.0
-696	123874.0	124084.0
-695	123205.0	123224.0
-694	124073.0	123848.0
-693	123454.0	124058.0
-692	124071.0	123900.0
-691	123930.0	123858.0
-690	124692.0	123846.0
-689	123987.0	123306.0
-688	123293.0	123622.0
-687	124483.0	124169.0
-686	123570.0	123430.0
-685	123163.0	123948.0
-684	124925.0	124040.0
-683	123664.0	123089.0
-682	123711.0	123886.0
-681	124321.0	123999.0
-680	123634.0	123432.0
-679	123785.0	124012.0
-678	124060.0	123756.0
-677	123845.0	123047.0
-676	123650.0	123677.0
-675	124102.0	123303.0
-674	123422.0	123662.0
-673	123659.0	123741.0
-672	124184.0	124089.0
-671	123803.0	123232.0
-670	124059.0	123847.0
-669	124126.0	123666.0
-668	124040.0	122454.0
-667	123169.0	123727.0
-666	124076.0	124239.0
-665	123576.0	122859.0
-664	124019.0	123238.0
-663	124112.0	123275.0
-662	123603.0	123271.0
-661	124015.0	123744.0
-660	124189.0	123113.0
-659	123397.0	122957.0
-658	123485.0	123303.0
-657	124682.0	123767.0
-656	124232.0	122873.0
-655	124004.0	123449.0
-654	123960.0	122853.0
-653	123515.0	122557.0
-652	123295.0	123216.0
-651	123489.0	123609.0
-650	123366.0	122106.0
-649	123277.0	122932.0
-648	123944.0	123572.0
-647	123845.0	122621.0
-646	123788.0	123593.0
-645	124287.0	123139.0
-644	123521.0	122281.0
-643	123220.0	123424.0
-642	123593.0	123513.0
-641	123963.0	122661.0
-640	123306.0	122459.0
-639	123983.0	123710.0
-638	123838.0	122892.0
-637	123529.0	123009.0
-636	124034.0	123667.0
-635	122931.0	122883.0
-634	123459.0	123173.0
-633	124311.0	123339.0
-632	122702.0	122663.0
-631	123174.0	123505.0
-630	123551.0	122493.0
-629	123100.0	122380.0
-628	122596.0	123266.0
-627	123863.0	123363.0
-626	122689.0	122117.0
-625	122215.0	123358.0
-624	123907.0	123240.0
-623	123179.0	122838.0
-622	122667.0	123246.0
-621	123570.0	123700.0
-620	122967.0	122643.0
-619	123066.0	123725.0
-618	123778.0	123008.0
-617	122470.0	122579.0
-616	122644.0	123403.0
-615	123463.0	123508.0
-614	122565.0	122746.0
-613	122096.0	123175.0
-612	123543.0	123626.0
-611	122712.0	122696.0
-610	122586.0	123663.0
-609	122557.0	123642.0
-608	122493.0	122739.0
-607	122770.0	123613.0
-606	123306.0	124420.0
-605	122641.0	123307.0
-604	122415.0	124480.0
-603	123622.0	124044.0
-602	122631.0	123046.0
-601	121893.0	124357.0
-600	123279.0	123506.0
-599	122275.0	123185.0
-598	122301.0	123736.0
-597	122979.0	123920.0
-596	121800.0	122909.0
-595	122500.0	124134.0
-594	123547.0	123807.0
-593	122998.0	123432.0
-592	122857.0	123653.0
-591	123663.0	123490.0
-590	122731.0	123097.0
-589	122667.0	124503.0
-588	122623.0	124862.0
-587	122232.0	123851.0
-586	122847.0	124436.0
-585	123994.0	124403.0
-584	123105.0	123581.0
-583	122547.0	124341.0
-582	123141.0	124673.0
-581	122827.0	124106.0
-580	121674.0	124627.0
-579	123261.0	124805.0
-578	122589.0	123682.0
-577	122550.0	123460.0
-576	123408.0	124797.0
-575	122078.0	123859.0
-574	123045.0	124628.0
-573	124259.0	124568.0
-572	122913.0	124067.0
-571	122736.0	124538.0
-570	123678.0	124553.0
-569	123158.0	124697.0
-568	122838.0	124888.0
-567	123979.0	125270.0
-566	122707.0	123770.0
-565	123200.0	124710.0
-564	124353.0	125270.0
-563	123839.0	123857.0
-562	122564.0	125142.0
-561	123716.0	125258.0
-560	123348.0	124042.0
-559	123203.0	125666.0
-558	123940.0	124954.0
-557	123201.0	124567.0
-556	123090.0	124813.0
-555	124148.0	125441.0
-554	123672.0	124042.0
-553	123441.0	124655.0
-552	125254.0	125214.0
-551	123181.0	124138.0
-550	123314.0	125104.0
-549	124707.0	125094.0
-548	123352.0	123942.0
-547	123099.0	125521.0
-546	124201.0	125452.0
-545	123614.0	124396.0
-544	123760.0	125487.0
-543	124897.0	125638.0
-542	124281.0	124431.0
-541	123808.0	124453.0
-540	124992.0	124924.0
-539	123261.0	123822.0
-538	123129.0	124742.0
-537	124820.0	125133.0
-536	124219.0	123918.0
-535	123611.0	124773.0
-534	125128.0	125390.0
-533	124246.0	124312.0
-532	124585.0	125024.0
-531	124680.0	124554.0
-530	124396.0	124362.0
-529	124750.0	125237.0
-528	125173.0	124652.0
-527	124254.0	123726.0
-526	124827.0	125476.0
-525	125983.0	124484.0
-524	124658.0	123794.0
-523	124285.0	124494.0
-522	126050.0	124822.0
-521	125124.0	124056.0
-520	124618.0	124516.0
-519	125583.0	124049.0
-518	125266.0	123823.0
-517	124589.0	124439.0
-516	125766.0	124576.0
-515	125217.0	123435.0
-514	124797.0	124428.0
-513	125889.0	123991.0
-512	125646.0	123067.0
-511	124938.0	124575.0
-510	125962.0	124171.0
-509	124843.0	123346.0
-508	124978.0	124274.0
-507	126492.0	124039.0
-506	125232.0	122999.0
-505	125127.0	124511.0
-504	125873.0	123184.0
-503	124680.0	122836.0
-502	125161.0	123768.0
-501	125587.0	123899.0
-500	124808.0	122834.0
-499	124825.0	123727.0
-498	125860.0	123131.0
-497	124373.0	123190.0
-496	124216.0	123760.0
-495	125792.0	123269.0
-494	124851.0	122650.0
-493	124122.0	123504.0
-492	126111.0	124130.0
-491	125229.0	122898.0
-490	124591.0	123309.0
-489	125536.0	123304.0
-488	124524.0	122185.0
-487	125252.0	123483.0
-486	125560.0	123229.0
-485	124687.0	122466.0
-484	124317.0	123006.0
-483	125247.0	122729.0
-482	124888.0	122305.0
-481	124818.0	123670.0
-480	125387.0	122885.0
-479	124855.0	121659.0
-478	125248.0	123179.0
-477	125576.0	122543.0
-476	125044.0	122577.0
-475	124092.0	122721.0
-474	125072.0	123086.0
-473	124295.0	122375.0
-472	124282.0	122400.0
-471	125233.0	123228.0
-470	124144.0	122069.0
-469	124430.0	123268.0
-468	125282.0	122499.0
-467	124005.0	122259.0
-466	124171.0	122724.0
-465	124682.0	123414.0
-464	123996.0	122318.0
-463	123841.0	123072.0
-462	124759.0	122853.0
-461	124279.0	122116.0
-460	124236.0	123160.0
-459	124192.0	122597.0
-458	123164.0	122065.0
-457	123796.0	122712.0
-456	124716.0	123118.0
-455	123998.0	121969.0
-454	123638.0	122936.0
-453	124763.0	123253.0
-452	123842.0	122222.0
-451	123358.0	122744.0
-450	124564.0	122577.0
-449	123345.0	121757.0
-448	123821.0	122630.0
-447	124883.0	123027.0
-446	123393.0	122104.0
-445	123658.0	123317.0
-444	124296.0	123035.0
-443	123057.0	122459.0
-442	123434.0	123624.0
-441	124414.0	123299.0
-440	123137.0	122077.0
-439	123026.0	123605.0
-438	124311.0	123281.0
-437	123276.0	122689.0
-436	123081.0	123293.0
-435	125012.0	123182.0
-434	123482.0	122496.0
-433	123673.0	123511.0
-432	123963.0	123586.0
-431	122599.0	122720.0
-430	122950.0	123512.0
-429	123572.0	124005.0
-428	123324.0	122607.0
-427	123015.0	123584.0
-426	124331.0	123304.0
-425	122915.0	123035.0
-424	123110.0	123909.0
-423	124326.0	124164.0
-422	123276.0	123309.0
-421	122799.0	123381.0
-420	124607.0	124548.0
-419	123744.0	123078.0
-418	122986.0	124457.0
-417	123854.0	124080.0
-416	122891.0	124076.0
-415	122934.0	124356.0
-414	123796.0	124465.0
-413	123342.0	123501.0
-412	123453.0	124419.0
-411	124220.0	124540.0
-410	123373.0	123709.0
-409	123696.0	124775.0
-408	124443.0	124604.0
-407	123334.0	123108.0
-406	123436.0	123985.0
-405	125472.0	124848.0
-404	124307.0	123668.0
-403	123729.0	124781.0
-402	124510.0	125284.0
-401	123814.0	123623.0
-400	123354.0	125148.0
-399	124269.0	125237.0
-398	123128.0	124194.0
-397	123971.0	125636.0
-396	125113.0	125136.0
-395	124269.0	124367.0
-394	124111.0	125268.0
-393	125203.0	126049.0
-392	124149.0	124586.0
-391	124866.0	125251.0
-390	125995.0	125633.0
-389	124868.0	124376.0
-388	125003.0	125565.0
-387	125937.0	125704.0
-386	124682.0	124101.0
-385	125254.0	125641.0
-384	126306.0	125769.0
-383	125287.0	124849.0
-382	125597.0	126220.0
-381	126419.0	125741.0
-380	125687.0	124781.0
-379	126081.0	125700.0
-378	126716.0	125986.0
-377	125504.0	124749.0
-376	125778.0	125931.0
-375	127138.0	126514.0
-374	125905.0	124702.0
-373	126446.0	125779.0
-372	126947.0	126063.0
-371	126052.0	124676.0
-370	126265.0	126141.0
-369	127350.0	126070.0
-368	126475.0	124226.0
-367	126788.0	125809.0
-366	127826.0	125727.0
-365	127209.0	124639.0
-364	126850.0	125675.0
-363	128012.0	126049.0
-362	127622.0	124603.0
-361	126334.0	125620.0
-360	128700.0	125967.0
-359	126732.0	124434.0
-358	127142.0	125465.0
-357	128434.0	126057.0
-356	126635.0	124316.0
-355	127079.0	125411.0
-354	128084.0	125150.0
-353	127396.0	124203.0
-352	127780.0	125574.0
-351	128954.0	125145.0
-350	128131.0	123903.0
-349	127113.0	125330.0
-348	128503.0	125190.0
-347	128113.0	123780.0
-346	128065.0	125560.0
-345	128754.0	124625.0
-344	127609.0	123750.0
-343	127547.0	125068.0
-342	129701.0	124720.0
-341	127943.0	123115.0
-340	128054.0	125081.0
-339	129345.0	124504.0
-338	128017.0	123756.0
-337	127761.0	124669.0
-336	129558.0	125219.0
-335	127339.0	123520.0
-334	128112.0	124532.0
-333	129882.0	124718.0
-332	128323.0	123424.0
-331	128157.0	124081.0
-330	129137.0	123939.0
-329	127769.0	123168.0
-328	127864.0	123559.0
-327	129032.0	123758.0
-326	127503.0	123010.0
-325	127832.0	124295.0
-324	129696.0	123324.0
-323	128129.0	122372.0
-322	127966.0	123124.0
-321	129399.0	123722.0
-320	127538.0	122597.0
-319	127714.0	123538.0
-318	129275.0	124156.0
-317	127320.0	122676.0
-316	127655.0	123963.0
-315	129459.0	124208.0
-314	127372.0	122335.0
-313	127053.0	122972.0
-312	129320.0	122907.0
-311	127616.0	121363.0
-310	127181.0	122979.0
-309	128562.0	123005.0
-308	127923.0	121395.0
-307	127454.0	123422.0
-306	129337.0	122884.0
-305	127761.0	121843.0
-304	127929.0	122727.0
-303	128063.0	123098.0
-302	126920.0	121369.0
-301	127151.0	122520.0
-300	128807.0	122621.0
-299	126602.0	121512.0
-298	125978.0	122656.0
-297	128229.0	122963.0
-296	126372.0	122002.0
-295	126826.0	122979.0
-294	128605.0	122864.0
-293	126733.0	121633.0
-292	126339.0	123110.0
-291	128379.0	122422.0
-290	126815.0	121221.0
-289	126781.0	122856.0
-288	128104.0	122465.0
-287	126366.0	121511.0
-286	126321.0	122443.0
-285	127924.0	122738.0
-284	126129.0	121886.0
-283	126339.0	122526.0
-282	127991.0	122571.0
-281	126165.0	121670.0
-280	125655.0	122776.0
-279	127675.0	122529.0
-278	125707.0	121299.0
-277	125237.0	122492.0
-276	127525.0	122712.0
-275	125639.0	121399.0
-274	126015.0	122891.0
-273	128086.0	122774.0
-272	125964.0	121874.0
-271	125760.0	123502.0
-270	127746.0	122962.0
-269	125350.0	122013.0
-268	125698.0	123444.0
-267	127190.0	123839.0
-266	125597.0	121867.0
-265	125531.0	123635.0
-264	127188.0	122617.0
-263	125119.0	121536.0
-262	125345.0	124323.0
-261	126907.0	123549.0
-260	125630.0	121956.0
-259	126436.0	123814.0
-258	127005.0	123890.0
-257	125339.0	122430.0
-256	125262.0	123388.0
-255	127137.0	123735.0
-254	125614.0	122420.0
-253	125611.0	123799.0
-252	127586.0	124186.0
-251	125756.0	122871.0
-250	125765.0	124289.0
-249	127137.0	124568.0
-248	125219.0	123393.0
-247	125564.0	124882.0
-246	127215.0	124533.0
-245	125579.0	123601.0
-244	126349.0	124503.0
-243	127693.0	124911.0
-242	126384.0	123639.0
-241	126977.0	125215.0
-240	128495.0	125695.0
-239	126444.0	123959.0
-238	126787.0	125771.0
-237	128182.0	125227.0
-236	126557.0	123828.0
-235	126858.0	125603.0
-234	127834.0	125946.0
-233	126754.0	124173.0
-232	127245.0	126329.0
-231	128580.0	126242.0
-230	127089.0	125680.0
-229	127082.0	126232.0
-228	129105.0	126814.0
-227	127194.0	125194.0
-226	127371.0	126929.0
-225	130010.0	126670.0
-224	128462.0	124862.0
-223	128012.0	126438.0
-222	130373.0	127796.0
-221	128675.0	125427.0
-220	127893.0	127093.0
-219	130139.0	127489.0
-218	128784.0	125605.0
-217	129031.0	127598.0
-216	130858.0	127298.0
-215	128868.0	126126.0
-214	129945.0	127209.0
-213	131413.0	127846.0
-212	129984.0	126656.0
-211	130202.0	127636.0
-210	132288.0	127362.0
-209	130530.0	126728.0
-208	130564.0	128164.0
-207	132857.0	127461.0
-206	131096.0	125921.0
-205	131077.0	128118.0
-204	132688.0	127954.0
-203	131545.0	127339.0
-202	131395.0	128238.0
-201	134101.0	128736.0
-200	132291.0	126012.0
-199	132400.0	128177.0
-198	134685.0	127950.0
-197	132834.0	125968.0
-196	132566.0	128836.0
-195	134098.0	128755.0
-194	132477.0	126441.0
-193	133114.0	129082.0
-192	135062.0	128629.0
-191	133369.0	126083.0
-190	133820.0	128248.0
-189	135907.0	128418.0
-188	133254.0	125218.0
-187	134046.0	128065.0
-186	136488.0	127726.0
-185	134286.0	125607.0
-184	133949.0	127841.0
-183	136854.0	128119.0
-182	134120.0	125981.0
-181	134412.0	127680.0
-180	136967.0	127507.0
-179	134388.0	124799.0
-178	134133.0	127963.0
-177	136530.0	127804.0
-176	135430.0	125275.0
-175	134694.0	127138.0
-174	136813.0	127031.0
-173	134908.0	124893.0
-172	134337.0	126916.0
-171	137607.0	126834.0
-170	134353.0	124724.0
-169	134535.0	126457.0
-168	137174.0	126498.0
-167	134357.0	124783.0
-166	134154.0	126790.0
-165	137002.0	126676.0
-164	134911.0	124109.0
-163	134553.0	125819.0
-162	136885.0	125878.0
-161	135027.0	124407.0
-160	134997.0	125770.0
-159	137213.0	125916.0
-158	135038.0	124158.0
-157	135181.0	126014.0
-156	137419.0	126051.0
-155	134853.0	123780.0
-154	134770.0	125441.0
-153	137984.0	125778.0
-152	135650.0	123135.0
-151	135270.0	125048.0
-150	138058.0	124719.0
-149	135120.0	122956.0
-148	135603.0	125287.0
-147	137478.0	124394.0
-146	135308.0	122017.0
-145	135046.0	124626.0
-144	138527.0	124794.0
-143	135344.0	122567.0
-142	135698.0	124560.0
-141	138126.0	124556.0
-140	135135.0	121761.0
-139	134752.0	124844.0
-138	136657.0	124449.0
-137	134135.0	122258.0
-136	133761.0	124030.0
-135	136782.0	124278.0
-134	134117.0	121758.0
-133	135177.0	124352.0
-132	137851.0	123850.0
-131	135113.0	121608.0
-130	135310.0	124075.0
-129	137151.0	124365.0
-128	134149.0	122166.0
-127	133343.0	124492.0
-126	136433.0	124030.0
-125	133913.0	122403.0
-124	134612.0	124274.0
-123	138377.0	123703.0
-122	136021.0	121709.0
-121	136024.0	123111.0
-120	138733.0	123300.0
-119	135149.0	121941.0
-118	134217.0	124525.0
-117	136148.0	123867.0
-116	132960.0	121770.0
-115	133777.0	124243.0
-114	137065.0	124858.0
-113	135555.0	122189.0
-112	135838.0	124276.0
-111	138654.0	123740.0
-110	135398.0	121477.0
-109	135351.0	124327.0
-108	137517.0	124122.0
-107	134423.0	121807.0
-106	133958.0	124639.0
-105	136725.0	124562.0
-104	134266.0	122075.0
-103	135244.0	124826.0
-102	138476.0	124319.0
-101	135877.0	122086.0
-100	136942.0	125013.0
-99	138895.0	124731.0
-98	134791.0	123037.0
-97	134872.0	125145.0
-96	137320.0	125148.0
-95	134597.0	122396.0
-94	135035.0	125106.0
-93	137993.0	124566.0
-92	135331.0	122629.0
-91	136011.0	124752.0
-90	138835.0	125404.0
-89	136840.0	122272.0
-88	136666.0	125247.0
-87	138774.0	125266.0
-86	135431.0	123513.0
-85	135637.0	125856.0
-84	137954.0	125793.0
-83	134800.0	123171.0
-82	135552.0	126370.0
-81	139264.0	126185.0
-80	135843.0	123151.0
-79	136520.0	126000.0
-78	138434.0	126282.0
-77	136136.0	123647.0
-76	136025.0	126669.0
-75	139876.0	127054.0
-74	136586.0	124791.0
-73	136304.0	127124.0
-72	140036.0	127382.0
-71	136882.0	124702.0
-70	138205.0	126661.0
-69	141330.0	126781.0
-68	136741.0	124302.0
-67	137457.0	128685.0
-66	140564.0	128150.0
-65	137519.0	125048.0
-64	138144.0	129024.0
-63	140911.0	128826.0
-62	137736.0	125947.0
-61	138476.0	129519.0
-60	142175.0	129472.0
-59	138864.0	127027.0
-58	138683.0	129532.0
-57	141823.0	130035.0
-56	138409.0	126590.0
-55	137831.0	130417.0
-54	141915.0	131410.0
-53	139828.0	127896.0
-52	140386.0	131393.0
-51	144454.0	131190.0
-50	141629.0	128251.0
-49	141817.0	131777.0
-48	144987.0	132683.0
-47	141379.0	128946.0
-46	141370.0	132538.0
-45	144198.0	132382.0
-44	140784.0	128934.0
-43	141295.0	133386.0
-42	146124.0	133597.0
-41	144109.0	130404.0
-40	145122.0	133878.0
-39	149449.0	134152.0
-38	145679.0	130250.0
-37	144768.0	134007.0
-36	148172.0	134354.0
-35	143396.0	131487.0
-34	143904.0	134513.0
-33	149378.0	135469.0
-32	146051.0	131159.0
-31	147267.0	135146.0
-30	152230.0	134623.0
-29	148746.0	131827.0
-28	148576.0	135942.0
-27	151790.0	135883.0
-26	146923.0	133605.0
-25	146455.0	136755.0
-24	151038.0	137602.0
-23	146236.0	133800.0
-22	147508.0	138090.0
-21	151974.0	138953.0
-20	148821.0	135530.0
-19	150418.0	140012.0
-18	155547.0	140420.0
-17	150118.0	136551.0
-16	150291.0	141019.0
-15	153436.0	141710.0
-14	149341.0	137421.0
-13	149673.0	142707.0
-12	157534.0	145220.0
-11	153847.0	139926.0
-10	153993.0	145640.0
-9	159860.0	148690.0
-8	156353.0	147635.0
-7	152908.0	156134.0
-6	153147.0	159102.0
-5	143352.0	154629.0
-4	141651.0	159760.0
-3	160678.0	168372.0
-2	176351.0	153598.0
-1	260434.0	148721.0
0	2197.0	105905.0
1	261007.0	30982.0
2	176291.0	62882.0
3	161480.0	91014.0
4	141565.0	117949.0
5	143444.0	133260.0
6	152788.0	128513.0
7	152934.0	113550.0
8	155588.0	115261.0
9	161006.0	112435.0
10	154134.0	109497.0
11	153203.0	114707.0
12	158084.0	118413.0
13	149829.0	115555.0
14	150184.0	120868.0
15	154128.0	123135.0
16	150052.0	120285.0
17	150032.0	123592.0
18	155628.0	124587.0
19	150175.0	121082.0
20	149219.0	125029.0
21	151529.0	126490.0
22	146625.0	125390.0
23	146151.0	131235.0
24	151058.0	131811.0
25	147200.0	128483.0
26	147670.0	131030.0
27	152113.0	129809.0
28	147934.0	125726.0
29	148483.0	127793.0
30	152348.0	128521.0
31	147592.0	124483.0
32	146335.0	129130.0
33	149156.0	131154.0
34	144035.0	129035.0
35	143334.0	132712.0
36	148007.0	133373.0
37	145036.0	129897.0
38	145293.0	131937.0
39	149064.0	131209.0
40	144644.0	127074.0
41	143449.0	130861.0
42	145951.0	132542.0
43	141575.0	130986.0
44	140984.0	134735.0
45	144293.0	136111.0
46	141023.0	132496.0
47	141227.0	134398.0
48	145084.0	134899.0
49	141860.0	131830.0
50	141664.0	133537.0
51	144117.0	133922.0
52	140808.0	130533.0
53	139737.0	134424.0
54	141733.0	135297.0
55	138217.0	132601.0
56	138068.0	136664.0
57	141921.0	137003.0
58	138979.0	132691.0
59	139107.0	134948.0
60	141912.0	134013.0
61	138117.0	131642.0
62	137786.0	135016.0
63	141203.0	136182.0
64	138126.0	132316.0
65	137722.0	134866.0
66	140666.0	134827.0
67	137116.0	132006.0
68	138240.0	134974.0
69	140893.0	134916.0
70	138335.0	131017.0
71	137154.0	133917.0
72	139590.0	134868.0
73	136937.0	132523.0
74	136379.0	135924.0
75	139320.0	135276.0
76	137002.0	131867.0
77	137130.0	134988.0
78	138753.0	135091.0
79	135951.0	132613.0
80	136235.0	135986.0
81	139471.0	135625.0
82	135898.0	132762.0
83	135973.0	136404.0
84	138193.0	137350.0
85	135212.0	134825.0
86	135632.0	136411.0
87	138627.0	136146.0
88	137001.0	132070.0
89	136734.0	133948.0
90	139562.0	134334.0
91	136646.0	131488.0
92	135890.0	134533.0
93	138155.0	136039.0
94	135041.0	134669.0
95	135171.0	138133.0
96	137248.0	138352.0
97	134847.0	135461.0
98	135631.0	137366.0
99	138600.0	137175.0
100	136061.0	133116.0
101	135799.0	135749.0
102	138999.0	135355.0
103	135400.0	133188.0
104	134705.0	138010.0
105	136816.0	138725.0
106	134012.0	137478.0
107	134288.0	139797.0
108	137960.0	139356.0
109	135051.0	135179.0
110	135734.0	137616.0
111	138327.0	137525.0
112	135321.0	134845.0
113	134644.0	138563.0
114	136935.0	139691.0
115	134235.0	137802.0
116	133176.0	141762.0
117	137116.0	143654.0
118	134356.0	139606.0
119	134733.0	142219.0
120	138617.0	140922.0
121	136960.0	137387.0
122	135437.0	139460.0
123	137834.0	139847.0
124	134454.0	138236.0
125	134178.0	141901.0
126	136525.0	143536.0
127	134061.0	141886.0
128	134887.0	144643.0
129	137785.0	143444.0
130	134985.0	139491.0
131	135412.0	141675.0
132	138260.0	141659.0
133	135000.0	140207.0
134	134306.0	143310.0
135	136897.0	144629.0
136	133744.0	143440.0
137	133826.0	147145.0
138	136755.0	147976.0
139	135132.0	144171.0
140	134657.0	146764.0
141	138629.0	146686.0
142	136085.0	143195.0
143	135911.0	145316.0
144	138199.0	145417.0
145	135510.0	143340.0
146	135538.0	146518.0
147	137907.0	146429.0
148	135823.0	144747.0
149	135574.0	146737.0
150	137884.0	147137.0
151	135252.0	144690.0
152	135445.0	146993.0
153	137836.0	147829.0
154	135302.0	145338.0
155	135184.0	148038.0
156	137438.0	148482.0
157	134753.0	145241.0
158	134986.0	147157.0
159	136901.0	147583.0
160	134852.0	145047.0
161	135415.0	146850.0
162	137581.0	148356.0
163	134661.0	145398.0
164	134594.0	147809.0
165	137234.0	147955.0
166	134668.0	145913.0
167	134688.0	147270.0
168	137457.0	146784.0
169	134984.0	144846.0
170	135130.0	147002.0
171	136960.0	146645.0
172	134839.0	144378.0
173	134690.0	147303.0
174	137238.0	146683.0
175	134865.0	144165.0
176	134102.0	147170.0
177	136135.0	146344.0
178	134024.0	144378.0
179	134533.0	146104.0
180	136875.0	145884.0
181	134011.0	142983.0
182	133757.0	145591.0
183	135847.0	146528.0
184	133397.0	143270.0
185	134098.0	144975.0
186	136081.0	144743.0
187	134368.0	142887.0
188	133821.0	144645.0
189	136457.0	144098.0
190	133870.0	141106.0
191	133675.0	144069.0
192	135236.0	144523.0
193	133081.0	141874.0
194	132313.0	143294.0
195	135508.0	144036.0
196	132232.0	141221.0
197	132629.0	143850.0
198	134287.0	143154.0
199	132156.0	140759.0
200	132365.0	141946.0
201	134054.0	142564.0
202	131312.0	140811.0
203	131774.0	142348.0
204	133146.0	142806.0
205	130961.0	140581.0
206	131175.0	143090.0
207	133115.0	142273.0
208	130681.0	140082.0
209	130839.0	141591.0
210	132526.0	142033.0
211	129917.0	139984.0
212	129863.0	141810.0
213	131055.0	142089.0
214	129420.0	140137.0
215	129470.0	142056.0
216	130890.0	141629.0
217	129212.0	140136.0
218	128992.0	142042.0
219	131216.0	141834.0
220	128565.0	139443.0
221	128643.0	141764.0
222	130561.0	142097.0
223	128060.0	139947.0
224	127589.0	141861.0
225	129323.0	141975.0
226	127814.0	140383.0
227	127578.0	142547.0
228	129446.0	141872.0
229	127103.0	140052.0
230	127309.0	142641.0
231	129020.0	142358.0
232	126896.0	140379.0
233	126706.0	141991.0
234	129055.0	142595.0
235	126996.0	141136.0
236	126424.0	142785.0
237	128096.0	143258.0
238	126568.0	141043.0
239	126493.0	142304.0
240	127784.0	142367.0
241	125888.0	140531.0
242	125904.0	142700.0
243	127720.0	142848.0
244	126464.0	142116.0
245	126261.0	143241.0
246	127313.0	143553.0
247	125831.0	141809.0
248	126228.0	143869.0
249	127711.0	144109.0
250	125949.0	142267.0
251	125860.0	143996.0
252	127530.0	143917.0
253	126111.0	142594.0
254	125712.0	144480.0
255	127514.0	144269.0
256	126189.0	142245.0
257	125211.0	144612.0
258	127591.0	145341.0
259	124861.0	142504.0
260	124805.0	145012.0
261	127151.0	145005.0
262	126109.0	142752.0
263	125866.0	145388.0
264	127655.0	145027.0
265	125216.0	143454.0
266	125947.0	145632.0
267	127478.0	145235.0
268	125225.0	143199.0
269	125699.0	146070.0
270	126999.0	145984.0
271	125582.0	143963.0
272	126250.0	145609.0
273	127487.0	145375.0
274	125690.0	143800.0
275	125961.0	145993.0
276	127166.0	145505.0
277	125922.0	144149.0
278	126075.0	145655.0
279	128072.0	146387.0
280	126329.0	143666.0
281	126275.0	145597.0
282	128243.0	146156.0
283	126364.0	143879.0
284	126273.0	145906.0
285	127905.0	145936.0
286	126365.0	143724.0
287	126241.0	145576.0
288	127649.0	145714.0
289	126732.0	143626.0
290	126620.0	145618.0
291	127947.0	145650.0
292	126583.0	143753.0
293	126898.0	145377.0
294	128714.0	145773.0
295	126900.0	143078.0
296	127132.0	145868.0
297	128160.0	145510.0
298	126577.0	144333.0
299	127100.0	144995.0
300	128918.0	145196.0
301	126970.0	143025.0
302	126838.0	144859.0
303	128329.0	144652.0
304	127284.0	143405.0
305	127064.0	144408.0
306	128713.0	144962.0
307	127650.0	142819.0
308	127095.0	144779.0
309	129460.0	144345.0
310	127954.0	142920.0
311	127708.0	144058.0
312	129819.0	144337.0
313	127923.0	142595.0
314	128449.0	143746.0
315	129229.0	143626.0
316	127802.0	141130.0
317	127732.0	143494.0
318	129484.0	143004.0
319	128405.0	141531.0
320	128408.0	142795.0
321	129413.0	142367.0
322	128049.0	140991.0
323	128218.0	142313.0
324	129134.0	141746.0
325	128022.0	140861.0
326	127918.0	141846.0
327	129701.0	141579.0
328	128595.0	139949.0
329	128404.0	141710.0
330	129675.0	140923.0
331	127888.0	139443.0
332	128526.0	141047.0
333	129705.0	141155.0
334	128000.0	139298.0
335	127476.0	140020.0
336	129086.0	140522.0
337	128054.0	138445.0
338	128073.0	140088.0
339	129475.0	139250.0
340	128320.0	137702.0
341	127977.0	139100.0
342	129371.0	138907.0
343	127689.0	136976.0
344	128526.0	138327.0
345	129701.0	138446.0
346	128304.0	137170.0
347	128500.0	138127.0
348	128806.0	137725.0
349	128199.0	136520.0
350	127521.0	137356.0
351	128406.0	137330.0
352	127462.0	135436.0
353	127458.0	136858.0
354	128537.0	137097.0
355	128107.0	135410.0
356	127539.0	136614.0
357	129007.0	136700.0
358	126857.0	134558.0
359	126698.0	135891.0
360	128265.0	136862.0
361	126946.0	134357.0
362	126581.0	135954.0
363	128117.0	135324.0
364	126885.0	133834.0
365	126447.0	135666.0
366	128126.0	135399.0
367	126551.0	133611.0
368	126919.0	134794.0
369	128184.0	134692.0
370	126217.0	133357.0
371	125717.0	134863.0
372	128096.0	134313.0
373	125831.0	132847.0
374	126074.0	134440.0
375	127102.0	134397.0
376	126193.0	132637.0
377	125540.0	133360.0
378	126426.0	133487.0
379	125973.0	132638.0
380	125257.0	133532.0
381	126465.0	133268.0
382	125255.0	132686.0
383	125450.0	133441.0
384	126448.0	132827.0
385	124998.0	131733.0
386	124946.0	133201.0
387	126225.0	133382.0
388	125012.0	132231.0
389	124858.0	132895.0
390	125714.0	132521.0
391	124409.0	131591.0
392	124237.0	133128.0
393	125639.0	132815.0
394	123553.0	132055.0
395	124964.0	132452.0
396	125642.0	132361.0
397	124605.0	131954.0
398	123624.0	132952.0
399	125118.0	132571.0
400	124328.0	131641.0
401	124401.0	133248.0
402	125685.0	133301.0
403	124311.0	132117.0
404	124213.0	132526.0
405	125080.0	132906.0
406	124167.0	131636.0
407	123643.0	132700.0
408	125113.0	133229.0
409	123479.0	131403.0
410	123558.0	132493.0
411	124766.0	132757.0
412	123631.0	131787.0
413	123750.0	132348.0
414	124459.0	133122.0
415	123612.0	131850.0
416	123092.0	133093.0
417	124526.0	132707.0
418	123129.0	131643.0
419	123667.0	133541.0
420	124263.0	133510.0
421	123510.0	131534.0
422	123206.0	133644.0
423	123832.0	133117.0
424	123370.0	131612.0
425	123531.0	133030.0
426	124123.0	133257.0
427	122928.0	132206.0
428	123489.0	133099.0
429	124025.0	133572.0
430	122748.0	132893.0
431	122891.0	133139.0
432	124419.0	133248.0
433	122765.0	132566.0
434	124030.0	133739.0
435	125089.0	133486.0
436	123927.0	132774.0
437	123296.0	133243.0
438	124144.0	133822.0
439	123133.0	132938.0
440	123815.0	133904.0
441	124162.0	133538.0
442	123437.0	132565.0
443	123167.0	133920.0
444	124336.0	133165.0
445	122966.0	132476.0
446	122994.0	134393.0
447	125106.0	134310.0
448	123454.0	132488.0
449	124235.0	133434.0
450	124838.0	133636.0
451	124177.0	132821.0
452	123670.0	133533.0
453	124977.0	133573.0
454	123716.0	132177.0
455	123794.0	133031.0
456	124459.0	134269.0
457	123491.0	132221.0
458	123905.0	133217.0
459	124905.0	133580.0
460	124103.0	132889.0
461	124064.0	133205.0
462	125086.0	133140.0
463	124522.0	132137.0
464	123948.0	133386.0
465	125298.0	133486.0
466	124582.0	132656.0
467	123958.0	133506.0
468	124906.0	133790.0
469	123602.0	132076.0
470	123852.0	133273.0
471	125724.0	132403.0
472	124542.0	131450.0
473	124861.0	133256.0
474	125728.0	133543.0
475	124232.0	132079.0
476	124272.0	133541.0
477	125596.0	132567.0
478	124366.0	131820.0
479	125084.0	132454.0
480	125785.0	131779.0
481	124607.0	131183.0
482	124843.0	132095.0
483	126070.0	132824.0
484	124823.0	130383.0
485	124282.0	131420.0
486	125818.0	132511.0
487	124306.0	130903.0
488	124504.0	131854.0
489	125601.0	131853.0
490	125115.0	130579.0
491	124842.0	131644.0
492	125729.0	131605.0
493	124742.0	130186.0
494	125415.0	130641.0
495	126165.0	131248.0
496	124639.0	130446.0
497	124789.0	131354.0
498	125552.0	130426.0
499	124659.0	129553.0
500	125463.0	130350.0
501	126420.0	130464.0
502	125190.0	129448.0
503	124834.0	130558.0
504	125963.0	129722.0
505	124967.0	128545.0
506	125228.0	129788.0
507	125767.0	129961.0
508	124643.0	128302.0
509	124976.0	129353.0
510	125928.0	130081.0
511	124999.0	128271.0
512	124222.0	129873.0
513	125464.0	128880.0
514	125153.0	128540.0
515	124644.0	129757.0
516	125453.0	128688.0
517	125097.0	127797.0
518	124517.0	128560.0
519	125187.0	128567.0
520	124521.0	128069.0
521	124294.0	128661.0
522	125732.0	128052.0
523	124898.0	128007.0
524	124068.0	128345.0
525	125746.0	128643.0
526	123985.0	127603.0
527	124174.0	128176.0
528	125545.0	128509.0
529	124395.0	127317.0
530	124166.0	128311.0
531	125249.0	127913.0
532	124105.0	126862.0
533	124504.0	127775.0
534	124852.0	127883.0
535	123852.0	126609.0
536	124363.0	127409.0
537	124664.0	126841.0
538	124533.0	127051.0
539	124128.0	127589.0
540	124828.0	127325.0
541	124057.0	127074.0
542	124422.0	126859.0
543	124199.0	126647.0
544	124664.0	125954.0
545	123423.0	127218.0
546	124849.0	127075.0
547	124045.0	126077.0
548	123791.0	127064.0
549	124620.0	126917.0
550	123978.0	125738.0
551	123626.0	127040.0
552	123961.0	127000.0
553	123564.0	126146.0
554	123712.0	126384.0
555	124853.0	126530.0
556	123358.0	125769.0
557	123140.0	126397.0
558	124385.0	126226.0
559	122913.0	124686.0
560	124143.0	126960.0
561	124246.0	126091.0
562	123164.0	125451.0
563	122277.0	126653.0
564	123725.0	126293.0
565	122794.0	125872.0
566	122605.0	126904.0
567	124154.0	126488.0
568	122504.0	126083.0
569	122789.0	126529.0
570	123505.0	126405.0
571	123166.0	125928.0
572	122730.0	126468.0
573	123854.0	126021.0
574	122635.0	125362.0
575	122812.0	126954.0
576	123670.0	126643.0
577	122548.0	125798.0
578	123042.0	126153.0
579	123539.0	126238.0
580	122775.0	125450.0
581	123540.0	127012.0
582	123628.0	126047.0
583	122318.0	125904.0
584	122376.0	126476.0
585	123795.0	126769.0
586	123051.0	125831.0
587	122469.0	126732.0
588	123626.0	127125.0
589	122445.0	126614.0
590	122486.0	127166.0
591	124369.0	126818.0
592	123323.0	126105.0
593	123020.0	126662.0
594	123374.0	126349.0
595	122305.0	125819.0
596	122548.0	126817.0
597	123151.0	126659.0
598	122468.0	126248.0
599	123229.0	127465.0
600	122806.0	126909.0
601	122063.0	125925.0
602	122307.0	127042.0
603	123196.0	126802.0
604	122782.0	126032.0
605	122839.0	127006.0
606	123735.0	126486.0
607	122940.0	125762.0
608	122861.0	126632.0
609	123634.0	126560.0
610	122986.0	125689.0
611	122733.0	127250.0
612	123757.0	127495.0
613	122428.0	125861.0
614	122684.0	127063.0
615	123911.0	127006.0
616	122584.0	126558.0
617	122771.0	127475.0
618	123389.0	126766.0
619	122672.0	125744.0
620	123211.0	126794.0
621	124202.0	127300.0
622	123724.0	126521.0
623	122763.0	127137.0
624	123669.0	127261.0
625	122995.0	126092.0
626	123283.0	127453.0
627	123797.0	127632.0
628	123464.0	125901.0
629	123885.0	126835.0
630	124622.0	126911.0
631	123669.0	126250.0
632	123179.0	127374.0
633	124026.0	126813.0
634	122999.0	126120.0
635	123460.0	126587.0
636	124356.0	126410.0
637	123231.0	125599.0
638	122987.0	126548.0
639	124419.0	126441.0
640	123755.0	125969.0
641	123250.0	126136.0
642	123951.0	126255.0
643	123444.0	125730.0
644	123172.0	126529.0
645	124398.0	126358.0
646	123910.0	125591.0
647	123332.0	125755.0
648	123808.0	126007.0
649	123545.0	125918.0
650	123148.0	126121.0
651	124419.0	126277.0
652	123412.0	126020.0
653	123563.0	126330.0
654	124342.0	126251.0
655	123916.0	125620.0
656	123692.0	125741.0
657	124650.0	125423.0
658	123967.0	125337.0
659	123562.0	125911.0
660	124531.0	125897.0
661	124315.0	125299.0
662	124072.0	125464.0
663	124338.0	125760.0
664	124286.0	125120.0
665	123872.0	125436.0
666	124769.0	125560.0
667	123826.0	125109.0
668	123755.0	126109.0
669	124160.0	125486.0
670	124020.0	124658.0
671	124293.0	125543.0
672	124723.0	125584.0
673	124512.0	125561.0
674	124415.0	125590.0
675	124432.0	124849.0
676	123567.0	123995.0
677	123994.0	125014.0
678	124826.0	125085.0
679	124164.0	124087.0
680	123996.0	124537.0
681	124744.0	125057.0
682	123843.0	123931.0
683	123740.0	125234.0
684	124422.0	125104.0
685	123702.0	124223.0
686	123654.0	124732.0
687	124187.0	124604.0
688	123890.0	124466.0
689	123744.0	125353.0
690	124947.0	124340.0
691	123402.0	123607.0
692	123409.0	124580.0
693	123970.0	124669.0
694	123582.0	124040.0
695	123735.0	124863.0
696	124604.0	125261.0
697	124062.0	123972.0
698	123660.0	124827.0
699	124670.0	124597.0
700	123684.0	123631.0
701	123630.0	124203.0
702	124401.0	124431.0
703	123751.0	123791.0
704	123580.0	125008.0
705	123780.0	125004.0
706	123285.0	123581.0
707	123026.0	123964.0
708	123545.0	124557.0
709	123339.0	124379.0
710	123646.0	123807.0
711	123605.0	123748.0
712	123850.0	123596.0
713	123344.0	124376.0
714	124652.0	124166.0
715	123530.0	123428.0
716	123462.0	123601.0
717	123870.0	124027.0
718	122743.0	122843.0
719	122823.0	124312.0
720	123550.0	124151.0
721	123200.0	123429.0
722	123501.0	124531.0
723	124354.0	123462.0
724	123646.0	123134.0
725	123601.0	124167.0
726	123745.0	124085.0
727	123212.0	122993.0
728	122969.0	123611.0
729	123596.0	124115.0
730	123053.0	123981.0
731	123306.0	124662.0
732	123296.0	124137.0
733	122880.0	123274.0
734	123262.0	124051.0
735	123835.0	124322.0
736	123440.0	122807.0
737	122688.0	123980.0
738	123627.0	123484.0
739	122858.0	123462.0
740	123254.0	124156.0
741	123613.0	124167.0
742	123199.0	123277.0
743	123162.0	124278.0
744	123980.0	123693.0
745	123194.0	123319.0
746	123118.0	123481.0
747	123856.0	123962.0
748	122328.0	123165.0
749	122672.0	123910.0
750	123563.0	123987.0
751	122878.0	123115.0
752	122733.0	124013.0
753	123414.0	123776.0
754	122679.0	123152.0
755	123032.0	124166.0
756	123144.0	123769.0
757	123114.0	123559.0
758	122824.0	124445.0
759	123343.0	123606.0
760	122580.0	123304.0
761	122509.0	123737.0
762	124037.0	123522.0
763	122929.0	123471.0
764	122650.0	124087.0
765	122829.0	123706.0
766	123603.0	123328.0
767	122528.0	124193.0
768	123925.0	124228.0
769	122928.0	122920.0
770	123070.0	123977.0
771	123593.0	124113.0
772	123622.0	123339.0
773	122517.0	123777.0
774	123508.0	124098.0
775	122385.0	123501.0
776	122971.0	123856.0
777	123896.0	124511.0
778	122683.0	123443.0
779	122868.0	123753.0
780	123468.0	124189.0
781	123658.0	123709.0
782	123299.0	124208.0
783	123207.0	123913.0
784	122818.0	123435.0
785	123301.0	124053.0
786	123230.0	124417.0
787	123165.0	123707.0
788	122741.0	124192.0
789	123560.0	124054.0
790	123524.0	123768.0
791	122605.0	123837.0
792	123447.0	123716.0
793	122712.0	123894.0
794	122524.0	123904.0
795	123740.0	124114.0
796	123760.0	123365.0
797	123204.0	124354.0
798	123512.0	124393.0
799	123122.0	123293.0
800	123476.0	124240.0
801	123883.0	124165.0
802	123439.0	123099.0
803	123286.0	124280.0
804	123804.0	124984.0
805	123898.0	123902.0
806	123012.0	123818.0
807	124016.0	123313.0
808	123342.0	123446.0
809	122923.0	123898.0
810	123719.0	123733.0
811	122947.0	123676.0
812	123224.0	124282.0
813	123633.0	124337.0
814	123315.0	123810.0
815	123627.0	124353.0
816	123732.0	124239.0
817	123436.0	123168.0
818	123396.0	123940.0
819	124251.0	124546.0
820	123275.0	123281.0
821	123967.0	124080.0
822	123754.0	124501.0
823	123409.0	123581.0
824	123116.0	124043.0
825	124287.0	123590.0
826	123379.0	122562.0
827	124247.0	123433.0
828	124544.0	123948.0
829	123522.0	123206.0
830	122780.0	123650.0
831	123839.0	123901.0
832	123301.0	123294.0
833	123610.0	124272.0
834	123688.0	124086.0
835	123192.0	123233.0
836	123140.0	123944.0
837	123723.0	123797.0
838	124153.0	122800.0
839	123935.0	123574.0
840	123719.0	123348.0
841	123527.0	123316.0
842	123864.0	123736.0
843	124083.0	123211.0
844	123964.0	123567.0
845	123918.0	123246.0
846	123496.0	123567.0
847	124213.0	122837.0
848	123744.0	123807.0
849	124341.0	123609.0
850	123558.0	122943.0
851	123628.0	123149.0
852	123904.0	123767.0
853	123496.0	122933.0
854	123170.0	123214.0
855	123827.0	123838.0
856	123543.0	122436.0
857	123879.0	123591.0
858	123943.0	123115.0
859	123328.0	122751.0
860	123378.0	123314.0
861	123750.0	122972.0
862	123440.0	123102.0
863	124118.0	122944.0
864	124449.0	123771.0
865	123155.0	123092.0
866	123146.0	123594.0
867	123128.0	122452.0
868	123098.0	122515.0
869	123598.0	123153.0
870	124129.0	124097.0
871	123013.0	123359.0
872	123693.0	123348.0
873	124110.0	123217.0
874	123272.0	122762.0
875	123278.0	123203.0
876	123480.0	123220.0
877	123221.0	122735.0
878	123543.0	123241.0
879	123617.0	123282.0
880	123452.0	122977.0
881	123154.0	123644.0
882	123774.0	123190.0
883	123372.0	123212.0
884	123631.0	123301.0
885	123475.0	123033.0
886	123587.0	122201.0
887	122780.0	122916.0
888	123929.0	122795.0
889	123164.0	122692.0
890	123118.0	122692.0
891	123607.0	122347.0
892	122867.0	122287.0
893	123320.0	122975.0
894	123081.0	122529.0
895	123044.0	122743.0
896	122989.0	123548.0
897	123454.0	123497.0
898	123364.0	122526.0
899	122871.0	123359.0
900	123898.0	122720.0
901	122589.0	123336.0
902	123383.0	123259.0
903	123433.0	123082.0
904	122593.0	122306.0
905	123039.0	123316.0
906	123322.0	122577.0
907	122684.0	122901.0
908	122727.0	123348.0
909	123370.0	123425.0
910	122811.0	123617.0
911	122999.0	123466.0
912	122907.0	122943.0
913	123024.0	122773.0
914	122379.0	123523.0
915	123075.0	123118.0
916	123013.0	123117.0
917	122584.0	123692.0
918	123079.0	122806.0
919	123275.0	123109.0
920	123176.0	122783.0
921	123394.0	123430.0
922	123256.0	122753.0
923	122540.0	123344.0
924	122742.0	123529.0
925	122778.0	123350.0
926	122091.0	123434.0
927	124031.0	123415.0
928	122573.0	122656.0
929	123035.0	123339.0
930	122886.0	123353.0
931	122295.0	122912.0
932	123488.0	123462.0
933	123567.0	123195.0
934	122811.0	123137.0
935	122508.0	123029.0
936	123300.0	123643.0
937	122275.0	122150.0
938	122864.0	123281.0
939	123580.0	123050.0
940	123246.0	123215.0
941	122857.0	123404.0
942	123227.0	122783.0
943	122665.0	122887.0
944	122723.0	123543.0
945	122853.0	123933.0
946	122752.0	123388.0
947	123258.0	124100.0
948	124160.0	123794.0
949	123071.0	123891.0
950	123179.0	123744.0
951	123374.0	123281.0
952	123184.0	122784.0
953	123040.0	123074.0
954	123395.0	123843.0
955	123378.0	122900.0
956	123278.0	123388.0
957	123316.0	123297.0
958	123223.0	123627.0
959	123252.0	123490.0
960	123842.0	123644.0
961	123389.0	122387.0
962	123239.0	122937.0
963	123783.0	123537.0
964	122859.0	123106.0
965	123523.0	123351.0
966	123409.0	123465.0
967	123461.0	122326.0
968	123121.0	123103.0
969	123581.0	123516.0
970	122697.0	122841.0
971	123205.0	123176.0
972	123490.0	123352.0
973	123346.0	123307.0
974	123576.0	123730.0
975	123778.0	123786.0
976	122925.0	122564.0
977	123071.0	123315.0
978	124307.0	123564.0
979	123044.0	122715.0
980	123012.0	123577.0
981	123907.0	123622.0
982	123017.0	122818.0
983	123334.0	123159.0
984	123968.0	123513.0
985	123936.0	122155.0
986	122932.0	122564.0
987	123893.0	123033.0
988	123289.0	122966.0
989	123595.0	122648.0
990	122991.0	123550.0
991	123399.0	122650.0
992	123443.0	123373.0
993	123903.0	123720.0
994	123345.0	122782.0
995	123608.0	122697.0
996	124403.0	123086.0
997	123406.0	123001.0
998	123013.0	123163.0
999	123651.0	123208.0
1000	123214.0	122560.0
1001	123435.0	123626.0
1002	123984.0	122866.0
1003	123525.0	122416.0
1004	123277.0	123529.0
1005	123754.0	123592.0
1006	123986.0	122910.0
1007	123983.0	122833.0
1008	123987.0	123187.0
1009	123485.0	122631.0
1010	122771.0	123526.0
1011	124174.0	124043.0
1012	123593.0	122681.0
1013	123353.0	122856.0
1014	123639.0	122826.0
1015	123194.0	122253.0
1016	122825.0	122528.0
1017	123279.0	123059.0
1018	123772.0	123043.0
1019	123451.0	123154.0
1020	123459.0	122865.0
1021	123437.0	122487.0
1022	123451.0	123359.0
1023	123826.0	123067.0
1024	122867.0	122741.0
1025	123411.0	122540.0
1026	123585.0	122768.0
1027	123777.0	122395.0
1028	123021.0	123027.0
1029	123372.0	123085.0
1030	123299.0	122440.0
1031	122853.0	122931.0
1032	124154.0	122954.0
1033	123337.0	122964.0
1034	123943.0	122613.0
1035	122974.0	122587.0
1036	123429.0	122423.0
1037	123411.0	123211.0
1038	123754.0	122665.0
1039	123238.0	122711.0
1040	122718.0	123028.0
1041	123630.0	123450.0
1042	122916.0	122729.0
1043	122765.0	123021.0
1044	123669.0	123122.0
1045	123712.0	122060.0
1046	123328.0	122886.0
1047	123746.0	122698.0
1048	123603.0	122698.0
1049	123221.0	122911.0
1050	123582.0	123077.0
1051	123346.0	122265.0
1052	123227.0	123265.0
1053	123373.0	122696.0
1054	123192.0	122683.0
1055	123235.0	122777.0
1056	123772.0	123309.0
1057	123479.0	122503.0
1058	123196.0	122749.0
1059	122708.0	123260.0
1060	123052.0	122760.0
1061	122852.0	123345.0
1062	122593.0	123016.0
1063	123376.0	122973.0
1064	123448.0	122999.0
1065	123372.0	122717.0
1066	123009.0	122137.0
1067	122971.0	122868.0
1068	123972.0	122898.0
1069	123639.0	122080.0
1070	123068.0	122817.0
1071	123780.0	122421.0
1072	123062.0	122978.0
1073	123320.0	122886.0
1074	123150.0	123593.0
1075	123114.0	122977.0
1076	123398.0	122476.0
1077	123840.0	122923.0
1078	122925.0	122329.0
1079	123435.0	123265.0
1080	123444.0	123232.0
1081	123268.0	122466.0
1082	123107.0	122299.0
1083	123320.0	122638.0
1084	123717.0	122802.0
1085	123252.0	122907.0
1086	122824.0	123163.0
1087	122894.0	122552.0
1088	122931.0	122963.0
1089	122985.0	123292.0
1090	122580.0	122855.0
1091	123156.0	122888.0
1092	123423.0	122813.0
1093	123235.0	122294.0
1094	123243.0	122308.0
1095	123139.0	123262.0
1096	122545.0	122507.0
1097	122953.0	123685.0
1098	123455.0	124292.0
1099	123189.0	122776.0
1100	123286.0	122796.0
1101	123245.0	122788.0
1102	122853.0	122955.0
1103	123055.0	123094.0
1104	123581.0	123577.0
1105	123105.0	122715.0
1106	123486.0	122840.0
1107	123058.0	122709.0
1108	123545.0	122607.0
1109	123086.0	123744.0
1110	123498.0	122956.0
1111	123369.0	122662.0
1112	123217.0	123129.0
1113	122902.0	122643.0
1114	122858.0	122746.0
1115	122911.0	122678.0
1116	123754.0	123152.0
1117	123358.0	122807.0
1118	122700.0	123209.0
1119	122975.0	123385.0
1120	123594.0	122655.0
1121	122933.0	123251.0
1122	122850.0	124102.0
1123	123318.0	123066.0
1124	123198.0	123016.0
1125	123261.0	123461.0
1126	123083.0	123424.0
1127	123195.0	122699.0
1128	123546.0	123187.0
1129	122929.0	122180.0
1130	123355.0	122273.0
1131	123828.0	123019.0
1132	123612.0	122913.0
1133	122986.0	122699.0
1134	123124.0	122652.0
1135	122871.0	123208.0
1136	122996.0	123460.0
1137	122846.0	123630.0
1138	123184.0	123858.0
1139	122500.0	124126.0
1140	123470.0	123321.0
1141	123734.0	122634.0
1142	123183.0	123778.0
1143	123388.0	123219.0
1144	122961.0	123008.0
1145	122817.0	123433.0
1146	123240.0	123420.0
1147	123142.0	122455.0
1148	123486.0	122872.0
1149	123481.0	122855.0
1150	122545.0	122267.0
1151	123208.0	123039.0
1152	123433.0	123445.0
1153	123110.0	122914.0
1154	122834.0	122902.0
1155	123528.0	123120.0
1156	123088.0	122925.0
1157	123148.0	122923.0
1158	123352.0	123525.0
1159	123498.0	123261.0
1160	123353.0	123366.0
1161	122766.0	123023.0
1162	122971.0	123199.0
1163	123236.0	123127.0
1164	123148.0	123088.0
1165	123045.0	122541.0
1166	123193.0	122813.0
1167	123199.0	122751.0
1168	123143.0	122771.0
1169	123611.0	122774.0
1170	123548.0	122363.0
1171	123056.0	122659.0
1172	123296.0	122568.0
1173	123640.0	122383.0
1174	123296.0	122261.0
1175	122731.0	122874.0
1176	123046.0	122739.0
1177	123404.0	122579.0
1178	123313.0	122603.0
1179	123642.0	122399.0
1180	123554.0	122032.0
1181	123470.0	123017.0
1182	123574.0	122832.0
1183	123150.0	122431.0
1184	122581.0	123074.0
1185	123534.0	122655.0
1186	123075.0	122509.0
1187	122880.0	122664.0
1188	123006.0	122756.0
1189	123660.0	122471.0
1190	123736.0	122882.0
1191	123675.0	122481.0
1192	123492.0	122598.0
1193	123299.0	122680.0
1194	122976.0	122800.0
1195	123094.0	122605.0
1196	122588.0	123061.0
1197	123336.0	122257.0
1198	123183.0	122459.0
1199	123735.0	123024.0
1200	123238.0	122731.0
1201	123204.0	123044.0
1202	122873.0	122958.0
1203	123443.0	122761.0
1204	123258.0	122939.0
1205	123091.0	123064.0
1206	122914.0	122591.0
1207	122909.0	122213.0
1208	122947.0	122430.0
1209	122662.0	122723.0
1210	122774.0	123159.0
1211	123322.0	123522.0
1212	123072.0	123143.0
1213	122563.0	122486.0
1214	122775.0	122927.0
1215	123012.0	122959.0
1216	123490.0	122413.0
1217	122985.0	122776.0
1218	123624.0	122158.0
1219	123228.0	122444.0
1220	122441.0	122561.0
1221	122954.0	122546.0
1222	122682.0	123144.0
1223	122970.0	123192.0
1224	123226.0	122832.0
1225	122199.0	122264.0
1226	122503.0	122710.0
1227	123243.0	123097.0
1228	122623.0	122260.0
1229	122678.0	122718.0
1230	122733.0	122986.0
1231	122315.0	122708.0
1232	122697.0	123500.0
1233	122946.0	123099.0
1234	123093.0	122764.0
1235	122820.0	122702.0
1236	122527.0	122597.0
1237	122983.0	122716.0
1238	122499.0	122811.0
1239	123051.0	123251.0
1240	122957.0	122996.0
1241	123124.0	123228.0
1242	122942.0	122976.0
1243	122735.0	122118.0
1244	122369.0	122447.0
1245	122931.0	122869.0
1246	122563.0	123405.0
1247	122179.0	123329.0
1248	123455.0	122931.0
1249	122957.0	122633.0
1250	122902.0	121979.0
1251	122647.0	123087.0
1252	122801.0	122724.0
1253	123214.0	122685.0
1254	123301.0	122818.0
1255	122740.0	122790.0
1256	122369.0	122867.0
1257	122625.0	122773.0
1258	122820.0	122405.0
1259	122879.0	122236.0
1260	122768.0	122938.0
1261	123296.0	122910.0
1262	123101.0	122696.0
1263	123230.0	122771.0
1264	122598.0	121737.0
1265	122641.0	123213.0
1266	122827.0	122627.0
1267	122938.0	122800.0
1268	122426.0	123356.0
1269	122436.0	122908.0
1270	122228.0	123172.0
1271	122757.0	122593.0
1272	122849.0	122646.0
1273	123201.0	123015.0
1274	123050.0	122418.0
1275	122789.0	123155.0
1276	122376.0	123126.0
1277	122900.0	122525.0
1278	122799.0	123000.0
1279	123041.0	122244.0
1280	122901.0	122750.0
1281	123242.0	122932.0
1282	122825.0	122240.0
1283	123204.0	123147.0
1284	122347.0	122811.0
1285	122501.0	122937.0
1286	122744.0	122923.0
1287	122705.0	123381.0
1288	122301.0	122337.0
1289	122856.0	122858.0
1290	122532.0	122640.0
1291	123077.0	123268.0
1292	122723.0	123152.0
1293	123238.0	122941.0
1294	123338.0	122671.0
1295	122763.0	123555.0
1296	123193.0	123532.0
1297	122516.0	122854.0
1298	122682.0	122917.0
1299	122926.0	122850.0
1300	123306.0	123090.0
1301	123557.0	122521.0
1302	122998.0	122756.0
1303	123243.0	122523.0
1304	122687.0	122735.0
1305	122663.0	122613.0
1306	122634.0	122822.0
1307	122659.0	123077.0
1308	122837.0	122423.0
1309	122409.0	122679.0
1310	123011.0	123021.0
1311	123310.0	123020.0
1312	123192.0	122892.0
1313	122839.0	123073.0
1314	123162.0	122739.0
1315	122964.0	122862.0
1316	123563.0	122912.0
1317	123685.0	122799.0
1318	122710.0	122569.0
1319	122874.0	122685.0
1320	122906.0	122549.0
1321	123064.0	122830.0
1322	123001.0	122623.0
1323	123345.0	122910.0
1324	122817.0	122621.0
1325	122601.0	123354.0
1326	122945.0	122670.0
1327	122657.0	123355.0
1328	122873.0	123345.0
1329	122932.0	122971.0
1330	122458.0	122941.0
1331	123456.0	123187.0
1332	123060.0	123186.0
1333	122335.0	122582.0
1334	123454.0	122894.0
1335	124195.0	122766.0
1336	123267.0	122181.0
1337	123000.0	122733.0
1338	122801.0	123228.0
1339	122969.0	122552.0
1340	121977.0	122804.0
1341	122717.0	122775.0
1342	122642.0	122804.0
1343	122763.0	122878.0
1344	122604.0	122737.0
1345	122569.0	122520.0
1346	122698.0	122767.0
1347	123151.0	122934.0
1348	122788.0	122553.0
1349	122582.0	122513.0
1350	123112.0	122877.0
1351	122857.0	122530.0
1352	123315.0	123438.0
1353	123241.0	122169.0
1354	122614.0	122341.0
1355	122598.0	122368.0
1356	123134.0	123102.0
1357	123181.0	122806.0
1358	122890.0	123290.0
1359	122802.0	123223.0
1360	122592.0	122418.0
1361	122879.0	122861.0
1362	122969.0	122918.0
1363	122517.0	122884.0
1364	122616.0	122376.0
1365	122875.0	122645.0
1366	123125.0	122235.0
1367	122436.0	122566.0
1368	123074.0	122852.0
1369	123198.0	122923.0
1370	122324.0	122300.0
1371	122337.0	122957.0
1372	122888.0	122614.0
1373	122911.0	123356.0
1374	122849.0	122144.0
1375	122810.0	122048.0
1376	121939.0	122140.0
1377	122609.0	122533.0
1378	122378.0	121769.0
1379	122536.0	122873.0
1380	122801.0	123071.0
1381	123114.0	122497.0
1382	123143.0	122756.0
1383	122924.0	123015.0
1384	122513.0	122350.0
1385	122359.0	122566.0
1386	122768.0	122427.0
1387	122295.0	122561.0
1388	122836.0	122832.0
1389	122442.0	122700.0
1390	122527.0	122861.0
1391	122920.0	123238.0
1392	122984.0	122705.0
1393	122809.0	122620.0
1394	122393.0	122985.0
1395	122842.0	122436.0
1396	122385.0	122191.0
1397	122602.0	122655.0
1398	122309.0	122790.0
1399	122268.0	121770.0
1400	122273.0	122550.0
1401	123209.0	122664.0
1402	122974.0	122382.0
1403	122624.0	122510.0
1404	122332.0	122346.0
1405	123006.0	121931.0
1406	121663.0	122621.0
1407	122075.0	122622.0
1408	122323.0	122527.0
1409	122496.0	122642.0
1410	121908.0	122781.0
1411	122638.0	122180.0
1412	122342.0	122801.0
1413	122962.0	123303.0
1414	122021.0	122065.0
1415	122623.0	122520.0
1416	122633.0	123100.0
1417	122798.0	122317.0
1418	123001.0	122535.0
1419	122729.0	122635.0
1420	122113.0	123003.0
1421	121879.0	122567.0
1422	122633.0	122592.0
1423	122386.0	122454.0
1424	122396.0	123016.0
1425	122610.0	123504.0
1426	122132.0	123034.0
1427	122849.0	122977.0
1428	122728.0	123015.0
1429	122772.0	122283.0
1430	122686.0	123125.0
1431	122422.0	123054.0
1432	122604.0	122165.0
1433	122499.0	122600.0
1434	123048.0	122582.0
1435	123153.0	122753.0
1436	122167.0	122664.0
1437	122510.0	123107.0
1438	122060.0	122910.0
1439	122165.0	123203.0
1440	123159.0	122746.0
1441	122502.0	122547.0
1442	122627.0	122738.0
1443	122162.0	122673.0
1444	122210.0	122694.0
1445	122190.0	123198.0
1446	122217.0	122954.0
1447	121973.0	123149.0
1448	122837.0	122903.0
1449	122608.0	122980.0
1450	122591.0	122669.0
1451	122522.0	122122.0
1452	122662.0	122595.0
1453	122839.0	122433.0
1454	122644.0	122918.0
1455	122402.0	123404.0
1456	122274.0	122899.0
1457	122203.0	122343.0
1458	122340.0	122730.0
1459	122432.0	124099.0
1460	122511.0	122844.0
1461	122478.0	122648.0
1462	123087.0	122917.0
1463	122919.0	122793.0
1464	122370.0	123518.0
1465	121945.0	122965.0
1466	121802.0	123475.0
1467	122618.0	123419.0
1468	122153.0	122885.0
1469	122014.0	123793.0
1470	122464.0	122978.0
1471	122614.0	123594.0
1472	122400.0	123272.0
1473	123383.0	122897.0
1474	122955.0	122308.0
1475	122380.0	122794.0
1476	122709.0	122824.0
1477	122395.0	123338.0
1478	122854.0	123577.0
1479	123040.0	123144.0
1480	122444.0	122840.0
1481	122660.0	122533.0
1482	123159.0	122874.0
1483	122862.0	123103.0
1484	122665.0	122499.0
1485	122563.0	123091.0
1486	122436.0	122838.0
1487	122292.0	122874.0
1488	122416.0	122543.0
1489	122668.0	122847.0
1490	122225.0	122792.0
1491	123013.0	122842.0
1492	122979.0	122752.0
1493	122935.0	122166.0
1494	122683.0	122502.0
1495	122849.0	122702.0
1496	122355.0	122505.0
1497	122444.0	122809.0
1498	122619.0	122829.0
1499	122380.0	122625.0
1500	123141.0	123342.0
1501	121991.0	122198.0
1502	122364.0	123303.0
1503	122502.0	122767.0
1504	122617.0	122254.0
1505	122048.0	123289.0
1506	122415.0	122891.0
1507	122959.0	122522.0
1508	122156.0	122836.0
1509	122422.0	123341.0
1510	122437.0	123086.0
1511	122217.0	122623.0
1512	123075.0	122343.0
1513	122677.0	122126.0
1514	122134.0	122232.0
1515	122467.0	122306.0
1516	122306.0	122285.0
1517	122316.0	122240.0
1518	122912.0	122518.0
1519	121632.0	123285.0
1520	122455.0	122754.0
1521	122485.0	121941.0
1522	122665.0	123228.0
1523	122497.0	122848.0
1524	122498.0	122956.0
1525	122574.0	122509.0
1526	122717.0	122651.0
1527	122519.0	123315.0
1528	122213.0	122483.0
1529	122540.0	122017.0
1530	122780.0	122426.0
1531	122057.0	122359.0
1532	121833.0	122692.0
1533	122425.0	122811.0
1534	122455.0	122555.0
1535	121734.0	122533.0
1536	121937.0	122592.0
1537	122790.0	122966.0
1538	122116.0	123077.0
1539	122431.0	123129.0
1540	122848.0	123538.0
1541	122980.0	122735.0
1542	123127.0	122862.0
1543	122301.0	122733.0
1544	121675.0	122553.0
1545	122004.0	122873.0
1546	122410.0	122654.0
1547	122093.0	123172.0
1548	122813.0	122556.0
1549	122418.0	122086.0
1550	122534.0	121843.0
1551	122853.0	122582.0
1552	122496.0	122090.0
1553	122385.0	122092.0
1554	122602.0	122565.0
1555	121917.0	122311.0
1556	122427.0	122682.0
1557	122374.0	122612.0
1558	121388.0	122289.0
1559	122144.0	122912.0
1560	122318.0	122586.0
1561	122156.0	122917.0
1562	122783.0	122367.0
1563	121780.0	122460.0
1564	121926.0	122334.0
1565	122216.0	122355.0
1566	122641.0	122722.0
1567	122503.0	122557.0
1568	122286.0	123406.0
1569	122290.0	123194.0
1570	122380.0	122505.0
1571	121914.0	123196.0
1572	122601.0	122324.0
1573	122013.0	122278.0
1574	121707.0	122484.0
1575	122301.0	122583.0
1576	122178.0	122708.0
1577	122405.0	123421.0
1578	122948.0	122658.0
1579	122287.0	122155.0
1580	121864.0	122650.0
1581	122277.0	122490.0
1582	122147.0	122652.0
1583	122380.0	122645.0
1584	122550.0	122796.0
1585	122342.0	122896.0
1586	122608.0	122651.0
1587	122533.0	122967.0
1588	122542.0	122561.0
1589	122415.0	122321.0
1590	122127.0	123287.0
1591	122665.0	122203.0
1592	122344.0	122589.0
1593	122078.0	122090.0
1594	121643.0	122450.0
1595	121716.0	122774.0
1596	122072.0	122351.0
1597	122436.0	122074.0
1598	122348.0	123071.0
1599	121695.0	122259.0
1600	122394.0	122360.0
1601	122784.0	122856.0
1602	121634.0	122296.0
1603	122323.0	122179.0
1604	122247.0	121841.0
1605	122120.0	122254.0
1606	121953.0	122805.0
1607	122128.0	122777.0
1608	122073.0	122889.0
1609	122072.0	122896.0
1610	122171.0	122598.0
1611	122069.0	122598.0
1612	121360.0	123116.0
1613	122611.0	122597.0
1614	122533.0	122553.0
1615	122212.0	122400.0
1616	122253.0	122859.0
1617	122319.0	122285.0
1618	121881.0	122467.0
1619	121882.0	122287.0
1620	122235.0	122287.0
1621	121459.0	122148.0
1622	121915.0	122388.0
1623	122172.0	122825.0
1624	122306.0	122545.0
1625	121735.0	122528.0
1626	122131.0	122506.0
1627	121940.0	122198.0
1628	121488.0	122041.0
1629	122253.0	123092.0
1630	121744.0	122512.0
1631	121889.0	122520.0
1632	122301.0	122277.0
1633	121299.0	122071.0
1634	122636.0	121714.0
1635	121974.0	122516.0
1636	121920.0	121738.0
1637	122751.0	122417.0
1638	122437.0	122433.0
1639	122239.0	121819.0
1640	122266.0	122519.0
1641	122260.0	122069.0
1642	121882.0	122685.0
1643	122528.0	122576.0
1644	122459.0	122343.0
1645	121647.0	122041.0
1646	122107.0	122613.0
1647	122043.0	123169.0
1648	121780.0	122238.0
1649	122158.0	122353.0
1650	122108.0	122287.0
1651	122292.0	121895.0
1652	121282.0	122704.0
1653	122296.0	121659.0
1654	122234.0	122574.0
1655	122052.0	122846.0
1656	122035.0	122885.0
1657	122009.0	122729.0
1658	121706.0	123129.0
1659	121900.0	122234.0
1660	122242.0	122129.0
1661	122138.0	122516.0
1662	122595.0	122114.0
1663	121592.0	122296.0
1664	122363.0	122650.0
1665	121781.0	122112.0
1666	122032.0	122338.0
1667	122317.0	121922.0
1668	121881.0	122077.0
1669	122543.0	121793.0
1670	122009.0	122201.0
1671	121581.0	122170.0
1672	122158.0	122490.0
1673	122191.0	122887.0
1674	121667.0	122541.0
1675	121833.0	122282.0
1676	121490.0	122599.0
1677	121959.0	122029.0
1678	120951.0	121956.0
1679	121913.0	122993.0
1680	122082.0	122405.0
1681	121737.0	122725.0
1682	121926.0	122368.0
1683	122653.0	122054.0
1684	121828.0	122395.0
1685	121376.0	122346.0
1686	121889.0	122105.0
1687	121822.0	122276.0
1688	122210.0	121947.0
1689	121728.0	122298.0
1690	121937.0	121851.0
1691	121799.0	122220.0
1692	122053.0	121690.0
1693	121519.0	122367.0
1694	121525.0	122054.0
1695	122344.0	122189.0
1696	122372.0	122176.0
1697	121586.0	122076.0
1698	121883.0	122464.0
1699	122105.0	121909.0
1700	121702.0	122261.0
1701	122289.0	122089.0
1702	122034.0	121856.0
1703	121980.0	121965.0
1704	122022.0	121595.0
1705	121777.0	122066.0
1706	121563.0	122098.0
1707	122058.0	121985.0
1708	121338.0	121540.0
1709	121081.0	122448.0
1710	121832.0	122338.0
1711	121696.0	121939.0
1712	121821.0	122093.0
1713	121549.0	122193.0
1714	121637.0	122021.0
1715	121988.0	121918.0
1716	122285.0	122315.0
1717	122329.0	122620.0
1718	121727.0	121868.0
1719	122219.0	122185.0
1720	121920.0	122067.0
1721	121373.0	122142.0
1722	122276.0	122660.0
1723	121253.0	122089.0
1724	121548.0	122189.0
1725	121635.0	121759.0
1726	121720.0	122134.0
1727	121606.0	122370.0
1728	121117.0	122637.0
1729	121656.0	122241.0
1730	121276.0	121925.0
1731	121789.0	121933.0
1732	121441.0	122070.0
1733	121446.0	122126.0
1734	121940.0	122400.0
1735	122052.0	122057.0
1736	121507.0	122749.0
1737	121757.0	122401.0
1738	121936.0	122407.0
1739	121706.0	122994.0
1740	121650.0	122058.0
1741	121538.0	122670.0
1742	121555.0	121810.0
1743	121391.0	121998.0
1744	121103.0	121607.0
1745	121941.0	122299.0
1746	122097.0	122186.0
1747	121370.0	121584.0
1748	121542.0	122085.0
1749	121956.0	121928.0
1750	121482.0	121793.0
1751	121755.0	122867.0
1752	121892.0	122134.0
1753	121950.0	121832.0
1754	122000.0	122467.0
1755	121733.0	122246.0
1756	121559.0	122377.0
1757	120947.0	122371.0
1758	122299.0	122106.0
1759	121814.0	121845.0
1760	121356.0	121583.0
1761	122011.0	122066.0
1762	121927.0	121580.0
1763	121550.0	121903.0
1764	121596.0	122343.0
1765	121667.0	122131.0
1766	121519.0	122036.0
1767	121262.0	122588.0
1768	121442.0	122292.0
1769	121921.0	122042.0
1770	122406.0	122146.0
1771	122151.0	121494.0
1772	121748.0	122196.0
1773	122203.0	122447.0
1774	121344.0	122130.0
1775	121882.0	122355.0
1776	122206.0	122151.0
1777	121807.0	122006.0
1778	121762.0	121886.0
1779	121544.0	121640.0
1780	121765.0	121550.0
1781	121533.0	122152.0
1782	121567.0	122430.0
1783	121253.0	121716.0
1784	121298.0	122456.0
1785	121936.0	121787.0
1786	121925.0	122223.0
1787	121440.0	121771.0
1788	121494.0	121763.0
1789	121163.0	122282.0
1790	121653.0	122299.0
1791	122026.0	122401.0
1792	121753.0	121543.0
1793	122334.0	122177.0
1794	121969.0	121854.0
1795	121996.0	121496.0
1796	121609.0	121721.0
1797	121877.0	122068.0
1798	121608.0	122364.0
1799	121373.0	121721.0
1800	121288.0	122142.0
1801	121532.0	122142.0
1802	121594.0	122398.0
1803	121587.0	122019.0
1804	121599.0	121413.0
1805	121606.0	122260.0
1806	121848.0	121999.0
1807	121940.0	121958.0
1808	121483.0	121994.0
1809	121900.0	121934.0
1810	121668.0	121828.0
1811	121138.0	121845.0
1812	122533.0	121907.0
1813	121523.0	121920.0
1814	121595.0	122749.0
1815	121500.0	121713.0
1816	121842.0	121870.0
1817	121971.0	121923.0
1818	121784.0	122343.0
1819	122044.0	121528.0
1820	121587.0	121373.0
1821	121349.0	121796.0
1822	121447.0	121856.0
1823	121371.0	121807.0
1824	121135.0	122700.0
1825	122037.0	122258.0
1826	121819.0	121710.0
1827	121556.0	121548.0
1828	121536.0	121593.0
1829	121973.0	122281.0
1830	121442.0	121922.0
1831	122333.0	122360.0
1832	121828.0	121895.0
1833	121772.0	122151.0
1834	121817.0	121495.0
1835	122118.0	121687.0
1836	121792.0	121306.0
1837	122048.0	121761.0
1838	121050.0	121264.0
1839	121191.0	121662.0
1840	121451.0	122246.0
1841	121765.0	122068.0
1842	122107.0	121844.0
1843	121276.0	121286.0
1844	121657.0	121940.0
1845	121233.0	121956.0
1846	121739.0	121410.0
1847	121846.0	122077.0
1848	121539.0	121419.0
1849	121617.0	121749.0
1850	121379.0	121686.0
1851	122034.0	122019.0
1852	121480.0	121328.0
1853	121110.0	122064.0
1854	121412.0	121373.0
1855	121187.0	122244.0
1856	121535.0	122103.0
1857	122447.0	121313.0
1858	121226.0	121992.0
1859	122277.0	122330.0
1860	121604.0	122033.0
1861	121982.0	121732.0
1862	121838.0	121551.0
1863	121038.0	121305.0
1864	121174.0	121764.0
1865	121684.0	121769.0
1866	121566.0	121938.0
1867	121529.0	121864.0
1868	121185.0	121818.0
1869	121062.0	122026.0
1870	121614.0	121453.0
1871	121133.0	121114.0
1872	121773.0	121393.0
1873	121194.0	121268.0
1874	121261.0	121976.0
1875	121061.0	122306.0
1876	121370.0	121986.0
1877	121170.0	121703.0
1878	121738.0	121974.0
1879	121636.0	121969.0
1880	121536.0	122115.0
1881	122037.0	121965.0
1882	121060.0	122337.0
1883	121472.0	121463.0
1884	121073.0	121655.0
1885	121939.0	122520.0
1886	121217.0	122326.0
1887	122079.0	122202.0
1888	121409.0	121546.0
1889	121107.0	121247.0
1890	121542.0	122186.0
1891	121556.0	121685.0
1892	120820.0	122122.0
1893	120990.0	121489.0
1894	121628.0	121967.0
1895	121111.0	121596.0
1896	121507.0	121621.0
1897	121369.0	122321.0
1898	121505.0	121379.0
1899	121558.0	122115.0
1900	121505.0	121635.0
1901	121902.0	121193.0
1902	121756.0	121480.0
1903	121499.0	121772.0
1904	121090.0	121955.0
1905	121533.0	121657.0
1906	121489.0	121547.0
1907	120757.0	122037.0
1908	121710.0	121525.0
1909	121541.0	122158.0
1910	121705.0	121216.0
1911	121293.0	121676.0
1912	120952.0	121415.0
1913	121122.0	121716.0
1914	121234.0	121615.0
1915	121028.0	121493.0
1916	120930.0	121276.0
1917	121050.0	121884.0
1918	121016.0	121825.0
1919	120752.0	121917.0
1920	120762.0	121860.0
1921	120699.0	121624.0
1922	121218.0	122155.0
1923	121023.0	121884.0
1924	121319.0	122069.0
1925	121112.0	121818.0
1926	121522.0	121967.0
1927	120851.0	122247.0
1928	121015.0	122210.0
1929	121738.0	121776.0
1930	121587.0	121629.0
1931	121238.0	120966.0
1932	121584.0	121138.0
1933	120732.0	121687.0
1934	121385.0	121739.0
1935	121133.0	121669.0
1936	121631.0	121812.0
1937	121523.0	121830.0
1938	121492.0	121641.0
1939	121205.0	121476.0
1940	121154.0	121868.0
1941	121732.0	121695.0
1942	121001.0	121186.0
1943	120725.0	121549.0
1944	120777.0	121738.0
1945	121612.0	121528.0
1946	120655.0	121921.0
1947	120819.0	122389.0
1948	121112.0	121812.0
1949	121345.0	121838.0
1950	121314.0	122221.0
1951	121296.0	121580.0
1952	120787.0	121420.0
1953	121045.0	121300.0
1954	121731.0	121545.0
1955	121041.0	121806.0
1956	121101.0	121394.0
1957	121532.0	121460.0
1958	121356.0	121977.0
1959	121709.0	121499.0
1960	121211.0	121606.0
1961	121544.0	121414.0
1962	121269.0	121786.0
1963	121536.0	121330.0
1964	121229.0	121755.0
1965	121242.0	121338.0
1966	120974.0	121657.0
1967	121187.0	121959.0
1968	120957.0	121939.0
1969	121081.0	121918.0
1970	121319.0	121564.0
1971	120736.0	121518.0
1972	121152.0	121967.0
1973	120979.0	122131.0
1974	121089.0	122009.0
1975	120784.0	121167.0
1976	121331.0	121635.0
1977	121271.0	121948.0
1978	121481.0	121578.0
1979	121448.0	120963.0
1980	121170.0	121340.0
1981	121352.0	121877.0
1982	121422.0	121691.0
1983	121149.0	121867.0
1984	120983.0	121320.0
1985	120993.0	121820.0
1986	121261.0	120926.0
1987	121264.0	121328.0
1988	121356.0	121014.0
1989	120959.0	121642.0
1990	121629.0	121842.0
1991	121788.0	121664.0
1992	121263.0	121320.0
1993	120528.0	121374.0
1994	120999.0	121819.0
1995	120963.0	122245.0
1996	120797.0	121860.0
1997	121231.0	121962.0
1998	121757.0	121784.0
1999	121886.0	121535.0
