Distance in bp(Fragment Length Estimate: 141)(Peak Width Estimate: 141)	Same Strand (+ for Watson strand, - for Crick)	Opposite Strand
-2000	121587.0	121239.0
-1999	122155.0	121084.0
-1998	121737.0	120989.0
-1997	121939.0	120797.0
-1996	121372.0	121927.0
-1995	121224.0	121419.0
-1994	121859.0	120954.0
-1993	122058.0	121532.0
-1992	121619.0	121666.0
-1991	121775.0	121624.0
-1990	122070.0	120968.0
-1989	121948.0	121256.0
-1988	122055.0	120913.0
-1987	121394.0	121121.0
-1986	121700.0	121273.0
-1985	121260.0	120942.0
-1984	121543.0	121154.0
-1983	121855.0	121499.0
-1982	121352.0	121172.0
-1981	121315.0	120724.0
-1980	121721.0	120357.0
-1979	122218.0	121692.0
-1978	121391.0	121187.0
-1977	121719.0	121501.0
-1976	121411.0	120880.0
-1975	121229.0	121058.0
-1974	121632.0	120725.0
-1973	121127.0	121445.0
-1972	121367.0	121209.0
-1971	122246.0	121469.0
-1970	122053.0	120581.0
-1969	121849.0	121552.0
-1968	121877.0	121473.0
-1967	121756.0	121255.0
-1966	121456.0	121168.0
-1965	121971.0	121254.0
-1964	121419.0	121049.0
-1963	121332.0	121176.0
-1962	121706.0	120984.0
-1961	121705.0	120621.0
-1960	121684.0	121644.0
-1959	121530.0	121887.0
-1958	121676.0	121722.0
-1957	121584.0	121076.0
-1956	121670.0	120801.0
-1955	121446.0	120898.0
-1954	121673.0	121618.0
-1953	121643.0	120788.0
-1952	121421.0	121730.0
-1951	121594.0	121459.0
-1950	121573.0	121323.0
-1949	121132.0	121178.0
-1948	121879.0	121187.0
-1947	121974.0	120935.0
-1946	121966.0	120983.0
-1945	121305.0	121041.0
-1944	121353.0	121191.0
-1943	121234.0	121222.0
-1942	121381.0	121568.0
-1941	122252.0	120972.0
-1940	121797.0	121298.0
-1939	121804.0	121579.0
-1938	121836.0	121085.0
-1937	121549.0	120859.0
-1936	121459.0	121035.0
-1935	121553.0	120934.0
-1934	121982.0	120936.0
-1933	121203.0	121485.0
-1932	121842.0	121450.0
-1931	121757.0	121457.0
-1930	122032.0	121080.0
-1929	121926.0	121346.0
-1928	122471.0	121170.0
-1927	121879.0	121224.0
-1926	121971.0	121391.0
-1925	121986.0	120977.0
-1924	121369.0	121175.0
-1923	121513.0	121430.0
-1922	121238.0	121265.0
-1921	121600.0	121149.0
-1920	121805.0	121761.0
-1919	121765.0	121093.0
-1918	121628.0	121718.0
-1917	121834.0	121214.0
-1916	122149.0	121024.0
-1915	121622.0	121216.0
-1914	122231.0	121066.0
-1913	122080.0	121384.0
-1912	120798.0	121205.0
-1911	121972.0	121640.0
-1910	122092.0	120550.0
-1909	121103.0	121361.0
-1908	121886.0	121515.0
-1907	121776.0	120790.0
-1906	121372.0	121354.0
-1905	121876.0	121360.0
-1904	121929.0	120432.0
-1903	122171.0	120835.0
-1902	122321.0	121596.0
-1901	122150.0	121318.0
-1900	122287.0	121350.0
-1899	122015.0	121111.0
-1898	121890.0	120943.0
-1897	121433.0	121480.0
-1896	121651.0	121652.0
-1895	121971.0	121282.0
-1894	121683.0	121642.0
-1893	122278.0	121867.0
-1892	122160.0	121481.0
-1891	121539.0	121502.0
-1890	122258.0	121277.0
-1889	121972.0	121596.0
-1888	122081.0	121198.0
-1887	121833.0	121771.0
-1886	121984.0	121414.0
-1885	122110.0	120773.0
-1884	122284.0	121903.0
-1883	121669.0	121254.0
-1882	122253.0	121434.0
-1881	121852.0	121781.0
-1880	121819.0	121734.0
-1879	122287.0	121529.0
-1878	121452.0	121344.0
-1877	121786.0	121535.0
-1876	121518.0	121812.0
-1875	122022.0	120848.0
-1874	122117.0	121409.0
-1873	121888.0	122209.0
-1872	122548.0	121234.0
-1871	122120.0	121065.0
-1870	122198.0	121520.0
-1869	121996.0	121420.0
-1868	122192.0	122081.0
-1867	122653.0	121342.0
-1866	121849.0	121556.0
-1865	121952.0	121409.0
-1864	122227.0	121674.0
-1863	122381.0	121467.0
-1862	121745.0	121054.0
-1861	121973.0	121718.0
-1860	122121.0	121913.0
-1859	121936.0	121269.0
-1858	122565.0	121637.0
-1857	121812.0	121567.0
-1856	122082.0	121576.0
-1855	122006.0	121379.0
-1854	121856.0	120938.0
-1853	121465.0	120792.0
-1852	121908.0	121276.0
-1851	121579.0	121980.0
-1850	121528.0	122205.0
-1849	121761.0	121634.0
-1848	122142.0	121469.0
-1847	122208.0	121515.0
-1846	121730.0	121838.0
-1845	121441.0	121349.0
-1844	121788.0	121318.0
-1843	122314.0	121036.0
-1842	121728.0	121598.0
-1841	121626.0	121819.0
-1840	121613.0	121569.0
-1839	121781.0	121623.0
-1838	122173.0	121157.0
-1837	121768.0	121508.0
-1836	121958.0	121604.0
-1835	121859.0	121805.0
-1834	122162.0	121220.0
-1833	121916.0	121639.0
-1832	121769.0	121682.0
-1831	122047.0	121934.0
-1830	122642.0	121917.0
-1829	122066.0	121368.0
-1828	121541.0	121372.0
-1827	122243.0	121634.0
-1826	122345.0	121793.0
-1825	121724.0	121802.0
-1824	122383.0	121901.0
-1823	122043.0	121581.0
-1822	122697.0	122027.0
-1821	122322.0	121237.0
-1820	122728.0	121300.0
-1819	121733.0	121412.0
-1818	122442.0	121273.0
-1817	122252.0	121690.0
-1816	122158.0	121168.0
-1815	122136.0	121533.0
-1814	121804.0	121959.0
-1813	121961.0	121552.0
-1812	122398.0	121611.0
-1811	122197.0	121658.0
-1810	122276.0	121732.0
-1809	122415.0	121128.0
-1808	121115.0	121274.0
-1807	122370.0	121058.0
-1806	121723.0	121591.0
-1805	122157.0	122010.0
-1804	122300.0	121495.0
-1803	121807.0	121754.0
-1802	121786.0	121362.0
-1801	121902.0	120570.0
-1800	122304.0	121211.0
-1799	121894.0	121390.0
-1798	122602.0	121246.0
-1797	121895.0	122164.0
-1796	122017.0	121166.0
-1795	121510.0	121559.0
-1794	122278.0	121448.0
-1793	122241.0	121452.0
-1792	121699.0	121730.0
-1791	121597.0	121179.0
-1790	121979.0	121883.0
-1789	121638.0	121740.0
-1788	121877.0	121573.0
-1787	121978.0	121680.0
-1786	122124.0	121234.0
-1785	121906.0	121799.0
-1784	121756.0	121483.0
-1783	121797.0	121650.0
-1782	121995.0	121919.0
-1781	122567.0	121898.0
-1780	122401.0	122162.0
-1779	122222.0	121316.0
-1778	121685.0	121505.0
-1777	121692.0	121687.0
-1776	121882.0	121877.0
-1775	122055.0	121849.0
-1774	122083.0	121768.0
-1773	122242.0	122046.0
-1772	122072.0	121828.0
-1771	121868.0	121097.0
-1770	122145.0	121682.0
-1769	121581.0	121721.0
-1768	121780.0	121531.0
-1767	121841.0	121781.0
-1766	122015.0	121489.0
-1765	121918.0	121110.0
-1764	121838.0	121356.0
-1763	122033.0	121324.0
-1762	122419.0	121443.0
-1761	121662.0	122048.0
-1760	122075.0	121554.0
-1759	122274.0	121550.0
-1758	122263.0	121556.0
-1757	122309.0	121000.0
-1756	122295.0	121685.0
-1755	121967.0	121716.0
-1754	122165.0	121623.0
-1753	122117.0	121909.0
-1752	122516.0	121660.0
-1751	121987.0	121192.0
-1750	122020.0	122058.0
-1749	122415.0	121791.0
-1748	121963.0	122124.0
-1747	122392.0	121988.0
-1746	122204.0	121376.0
-1745	122343.0	122049.0
-1744	122431.0	121980.0
-1743	121937.0	122406.0
-1742	122357.0	121905.0
-1741	122342.0	121742.0
-1740	122653.0	122243.0
-1739	122100.0	121920.0
-1738	122123.0	122343.0
-1737	121898.0	121705.0
-1736	122079.0	121311.0
-1735	121802.0	121854.0
-1734	122651.0	121889.0
-1733	122209.0	121658.0
-1732	121832.0	122282.0
-1731	122109.0	122124.0
-1730	122527.0	121948.0
-1729	122257.0	121135.0
-1728	122497.0	121945.0
-1727	122227.0	121842.0
-1726	122271.0	121730.0
-1725	122285.0	122101.0
-1724	122631.0	121990.0
-1723	122238.0	122152.0
-1722	122107.0	121713.0
-1721	122769.0	121894.0
-1720	122229.0	121613.0
-1719	122422.0	121467.0
-1718	122160.0	122332.0
-1717	121486.0	122226.0
-1716	122511.0	122594.0
-1715	122664.0	121940.0
-1714	122874.0	121835.0
-1713	122206.0	121443.0
-1712	122290.0	122477.0
-1711	122538.0	121685.0
-1710	122116.0	121407.0
-1709	122361.0	121683.0
-1708	122603.0	121790.0
-1707	122214.0	122528.0
-1706	122178.0	121728.0
-1705	122276.0	121626.0
-1704	122234.0	121651.0
-1703	122447.0	121587.0
-1702	122574.0	122273.0
-1701	122402.0	122035.0
-1700	122976.0	121543.0
-1699	122908.0	122144.0
-1698	123277.0	121626.0
-1697	122461.0	121988.0
-1696	122399.0	122240.0
-1695	122866.0	121949.0
-1694	122424.0	121282.0
-1693	122188.0	121987.0
-1692	122086.0	122622.0
-1691	122334.0	122127.0
-1690	122257.0	121875.0
-1689	122676.0	121956.0
-1688	122154.0	121783.0
-1687	122714.0	121972.0
-1686	122593.0	122649.0
-1685	122389.0	122345.0
-1684	122381.0	121771.0
-1683	123266.0	122131.0
-1682	122395.0	121423.0
-1681	122239.0	121659.0
-1680	122247.0	121757.0
-1679	122156.0	121910.0
-1678	122537.0	121780.0
-1677	122254.0	122153.0
-1676	122687.0	121548.0
-1675	122922.0	122211.0
-1674	122247.0	121725.0
-1673	122551.0	121794.0
-1672	122153.0	121394.0
-1671	122441.0	121564.0
-1670	123086.0	121920.0
-1669	122653.0	122289.0
-1668	122015.0	121815.0
-1667	122431.0	122018.0
-1666	122340.0	121482.0
-1665	123007.0	121140.0
-1664	122385.0	121981.0
-1663	122791.0	121632.0
-1662	122310.0	122379.0
-1661	122132.0	122048.0
-1660	123072.0	122283.0
-1659	122651.0	121739.0
-1658	122377.0	122562.0
-1657	122427.0	121735.0
-1656	122272.0	121958.0
-1655	123025.0	121582.0
-1654	122398.0	121927.0
-1653	122450.0	122315.0
-1652	121895.0	121969.0
-1651	122119.0	122143.0
-1650	122056.0	121956.0
-1649	122077.0	121511.0
-1648	122447.0	122369.0
-1647	122507.0	122294.0
-1646	121785.0	121799.0
-1645	122537.0	121801.0
-1644	122676.0	122079.0
-1643	122136.0	121360.0
-1642	122428.0	121501.0
-1641	121946.0	122283.0
-1640	122735.0	121749.0
-1639	122226.0	121261.0
-1638	122481.0	121938.0
-1637	121796.0	121463.0
-1636	122000.0	121525.0
-1635	122240.0	121591.0
-1634	122368.0	121396.0
-1633	122502.0	121829.0
-1632	122508.0	121883.0
-1631	122491.0	122155.0
-1630	122605.0	122062.0
-1629	122372.0	122071.0
-1628	121790.0	121791.0
-1627	121868.0	121647.0
-1626	121872.0	121925.0
-1625	122018.0	122037.0
-1624	121868.0	121738.0
-1623	122300.0	121903.0
-1622	122496.0	121816.0
-1621	122923.0	122184.0
-1620	122248.0	121810.0
-1619	122556.0	122237.0
-1618	122391.0	122121.0
-1617	122521.0	122124.0
-1616	122156.0	121791.0
-1615	122731.0	121645.0
-1614	122458.0	122044.0
-1613	122422.0	121632.0
-1612	122275.0	121940.0
-1611	122397.0	122407.0
-1610	122060.0	122657.0
-1609	121736.0	122581.0
-1608	121694.0	122811.0
-1607	122453.0	121987.0
-1606	122567.0	122406.0
-1605	122589.0	122470.0
-1604	122016.0	122003.0
-1603	122272.0	122092.0
-1602	122233.0	122630.0
-1601	122162.0	122240.0
-1600	122390.0	121788.0
-1599	122604.0	122320.0
-1598	121768.0	121541.0
-1597	122444.0	121926.0
-1596	122311.0	122197.0
-1595	122394.0	121819.0
-1594	122666.0	122019.0
-1593	122254.0	121925.0
-1592	121820.0	122007.0
-1591	122653.0	121823.0
-1590	122542.0	122613.0
-1589	122476.0	121407.0
-1588	123129.0	122666.0
-1587	122858.0	122337.0
-1586	122442.0	121860.0
-1585	122003.0	122297.0
-1584	122529.0	122216.0
-1583	122351.0	121894.0
-1582	122457.0	122607.0
-1581	122736.0	122731.0
-1580	121986.0	122090.0
-1579	122275.0	122331.0
-1578	122761.0	122267.0
-1577	122565.0	121847.0
-1576	122341.0	122104.0
-1575	122900.0	123067.0
-1574	122764.0	122192.0
-1573	122401.0	122661.0
-1572	122588.0	122026.0
-1571	122321.0	122035.0
-1570	122079.0	123234.0
-1569	122438.0	122551.0
-1568	122454.0	122176.0
-1567	122277.0	122790.0
-1566	122312.0	122488.0
-1565	122709.0	122728.0
-1564	122497.0	122722.0
-1563	123094.0	122668.0
-1562	122718.0	121967.0
-1561	122752.0	122447.0
-1560	122957.0	122677.0
-1559	123050.0	122272.0
-1558	122655.0	122665.0
-1557	122578.0	122196.0
-1556	122997.0	121761.0
-1555	122651.0	122442.0
-1554	122715.0	122204.0
-1553	123098.0	121726.0
-1552	123201.0	122702.0
-1551	123295.0	122365.0
-1550	122782.0	122780.0
-1549	123049.0	123045.0
-1548	123247.0	122999.0
-1547	122826.0	121900.0
-1546	122791.0	122459.0
-1545	123533.0	122209.0
-1544	122876.0	122344.0
-1543	122600.0	122222.0
-1542	122669.0	121779.0
-1541	123061.0	122595.0
-1540	123427.0	122386.0
-1539	123000.0	121679.0
-1538	123244.0	122048.0
-1537	122227.0	122447.0
-1536	122939.0	122335.0
-1535	122397.0	122992.0
-1534	123151.0	122195.0
-1533	123408.0	122064.0
-1532	122437.0	122092.0
-1531	122261.0	122463.0
-1530	123270.0	122708.0
-1529	123194.0	122714.0
-1528	123100.0	122425.0
-1527	123083.0	122612.0
-1526	123006.0	122061.0
-1525	123081.0	122395.0
-1524	122781.0	122905.0
-1523	123732.0	122794.0
-1522	123124.0	121753.0
-1521	123454.0	122501.0
-1520	122529.0	122225.0
-1519	122658.0	121403.0
-1518	123324.0	122513.0
-1517	122987.0	122304.0
-1516	122242.0	121987.0
-1515	123433.0	122845.0
-1514	123566.0	123085.0
-1513	122645.0	122944.0
-1512	123016.0	122050.0
-1511	123332.0	122524.0
-1510	123454.0	122124.0
-1509	123231.0	122214.0
-1508	122797.0	122358.0
-1507	123577.0	122011.0
-1506	123319.0	122478.0
-1505	123045.0	122212.0
-1504	123248.0	122464.0
-1503	123233.0	122215.0
-1502	123310.0	122548.0
-1501	123314.0	121836.0
-1500	123714.0	121883.0
-1499	123443.0	122544.0
-1498	123172.0	122370.0
-1497	123362.0	121449.0
-1496	122908.0	121849.0
-1495	123127.0	122303.0
-1494	123341.0	122664.0
-1493	122914.0	121998.0
-1492	123361.0	121629.0
-1491	123330.0	121754.0
-1490	123343.0	121781.0
-1489	123354.0	122106.0
-1488	123291.0	121979.0
-1487	123229.0	122409.0
-1486	122991.0	122008.0
-1485	122732.0	122407.0
-1484	122674.0	122199.0
-1483	122737.0	122208.0
-1482	123177.0	122445.0
-1481	122892.0	122248.0
-1480	122792.0	121939.0
-1479	122847.0	122004.0
-1478	122677.0	122086.0
-1477	122819.0	122116.0
-1476	123131.0	121813.0
-1475	122612.0	121698.0
-1474	122311.0	122141.0
-1473	123100.0	122386.0
-1472	123452.0	121905.0
-1471	122907.0	122109.0
-1470	123028.0	122534.0
-1469	122965.0	122050.0
-1468	122983.0	122439.0
-1467	122970.0	122193.0
-1466	122632.0	121766.0
-1465	122846.0	122853.0
-1464	123126.0	122412.0
-1463	122503.0	121960.0
-1462	122782.0	122280.0
-1461	123200.0	122148.0
-1460	122971.0	121714.0
-1459	122918.0	122607.0
-1458	123303.0	122643.0
-1457	122623.0	122757.0
-1456	122663.0	121976.0
-1455	123213.0	122133.0
-1454	122644.0	122117.0
-1453	122558.0	122008.0
-1452	122904.0	122516.0
-1451	123059.0	122661.0
-1450	122025.0	122651.0
-1449	123249.0	122368.0
-1448	122194.0	122922.0
-1447	122780.0	121733.0
-1446	122646.0	122486.0
-1445	122365.0	122341.0
-1444	122890.0	122654.0
-1443	122801.0	122070.0
-1442	122586.0	122844.0
-1441	122693.0	122292.0
-1440	122552.0	122343.0
-1439	122895.0	123086.0
-1438	122165.0	122638.0
-1437	123261.0	122387.0
-1436	122781.0	121688.0
-1435	122932.0	123069.0
-1434	122752.0	122487.0
-1433	123353.0	122387.0
-1432	122321.0	122486.0
-1431	122993.0	122610.0
-1430	122528.0	121789.0
-1429	122871.0	122699.0
-1428	123115.0	122679.0
-1427	123158.0	122461.0
-1426	122517.0	122227.0
-1425	123416.0	123293.0
-1424	122927.0	122242.0
-1423	123006.0	123004.0
-1422	122971.0	122862.0
-1421	122854.0	122233.0
-1420	122262.0	122288.0
-1419	122727.0	122853.0
-1418	122567.0	122607.0
-1417	123017.0	122401.0
-1416	123393.0	122700.0
-1415	122948.0	123064.0
-1414	122912.0	122730.0
-1413	123508.0	122627.0
-1412	122591.0	122411.0
-1411	122674.0	123251.0
-1410	123702.0	122462.0
-1409	122529.0	122510.0
-1408	122648.0	123470.0
-1407	123358.0	122880.0
-1406	123439.0	122667.0
-1405	123462.0	123312.0
-1404	123427.0	122731.0
-1403	123402.0	122420.0
-1402	123329.0	122575.0
-1401	122882.0	122981.0
-1400	123154.0	122363.0
-1399	123646.0	122545.0
-1398	123377.0	123374.0
-1397	123623.0	123171.0
-1396	123268.0	122806.0
-1395	123742.0	123098.0
-1394	123044.0	122594.0
-1393	123155.0	122289.0
-1392	123176.0	123451.0
-1391	123663.0	122694.0
-1390	123302.0	122610.0
-1389	123106.0	122838.0
-1388	123459.0	123236.0
-1387	123161.0	122621.0
-1386	123247.0	122501.0
-1385	123035.0	122893.0
-1384	123656.0	122749.0
-1383	123532.0	122613.0
-1382	123133.0	123088.0
-1381	123161.0	122711.0
-1380	122784.0	122894.0
-1379	123600.0	123432.0
-1378	123261.0	122694.0
-1377	123365.0	122944.0
-1376	123536.0	123064.0
-1375	123961.0	122678.0
-1374	123151.0	123268.0
-1373	123239.0	123142.0
-1372	123489.0	123321.0
-1371	123010.0	123046.0
-1370	123100.0	123499.0
-1369	122960.0	122719.0
-1368	123522.0	122377.0
-1367	123557.0	122697.0
-1366	122719.0	122935.0
-1365	123768.0	123069.0
-1364	123493.0	122222.0
-1363	123392.0	122691.0
-1362	123275.0	122790.0
-1361	123290.0	122499.0
-1360	123392.0	123514.0
-1359	123696.0	123376.0
-1358	123624.0	122758.0
-1357	123163.0	122735.0
-1356	123553.0	123199.0
-1355	123549.0	122953.0
-1354	123793.0	122991.0
-1353	123365.0	122624.0
-1352	123864.0	123194.0
-1351	123260.0	123392.0
-1350	123898.0	123216.0
-1349	123892.0	123209.0
-1348	123617.0	123256.0
-1347	123750.0	123180.0
-1346	123648.0	123059.0
-1345	123201.0	122955.0
-1344	124478.0	123360.0
-1343	124043.0	123335.0
-1342	123656.0	123436.0
-1341	123212.0	122481.0
-1340	123286.0	122796.0
-1339	123809.0	123043.0
-1338	124187.0	122382.0
-1337	123717.0	122255.0
-1336	123392.0	123148.0
-1335	124016.0	123095.0
-1334	123789.0	123256.0
-1333	123774.0	123115.0
-1332	123813.0	122961.0
-1331	123474.0	122480.0
-1330	123963.0	122901.0
-1329	123685.0	122931.0
-1328	123296.0	122576.0
-1327	123533.0	122928.0
-1326	123596.0	122699.0
-1325	123496.0	122058.0
-1324	123626.0	122527.0
-1323	123361.0	122630.0
-1322	123814.0	122592.0
-1321	123534.0	122804.0
-1320	124015.0	122429.0
-1319	124346.0	122627.0
-1318	123631.0	122389.0
-1317	124337.0	121735.0
-1316	122894.0	122393.0
-1315	123311.0	122794.0
-1314	123284.0	122729.0
-1313	123466.0	121499.0
-1312	123495.0	123006.0
-1311	124021.0	122547.0
-1310	123016.0	122440.0
-1309	123520.0	122690.0
-1308	123438.0	122787.0
-1307	123331.0	123226.0
-1306	123530.0	122555.0
-1305	123134.0	122495.0
-1304	123453.0	122812.0
-1303	123572.0	122984.0
-1302	123899.0	123193.0
-1301	123396.0	122469.0
-1300	123150.0	123016.0
-1299	123454.0	122786.0
-1298	123356.0	122458.0
-1297	123800.0	122605.0
-1296	123779.0	122643.0
-1295	123477.0	122528.0
-1294	123606.0	122805.0
-1293	123600.0	122293.0
-1292	123827.0	122163.0
-1291	123220.0	123270.0
-1290	123491.0	122812.0
-1289	122825.0	122271.0
-1288	123671.0	122243.0
-1287	124644.0	122974.0
-1286	123309.0	122813.0
-1285	123466.0	122524.0
-1284	123255.0	122413.0
-1283	122988.0	122419.0
-1282	123162.0	122905.0
-1281	123620.0	122773.0
-1280	123377.0	122310.0
-1279	123353.0	122422.0
-1278	123173.0	122723.0
-1277	122827.0	122763.0
-1276	123059.0	122507.0
-1275	123841.0	122586.0
-1274	123154.0	121971.0
-1273	122929.0	122280.0
-1272	124083.0	122418.0
-1271	123583.0	122408.0
-1270	123294.0	122544.0
-1269	123506.0	122365.0
-1268	123094.0	122264.0
-1267	123264.0	123527.0
-1266	123216.0	123234.0
-1265	122940.0	122542.0
-1264	123295.0	123414.0
-1263	123769.0	122415.0
-1262	123469.0	121759.0
-1261	123178.0	123570.0
-1260	123126.0	122796.0
-1259	122864.0	123287.0
-1258	123397.0	122808.0
-1257	123538.0	122773.0
-1256	123540.0	122467.0
-1255	122774.0	122907.0
-1254	123862.0	123244.0
-1253	123115.0	122434.0
-1252	122759.0	123239.0
-1251	122885.0	123234.0
-1250	123819.0	122655.0
-1249	124319.0	123084.0
-1248	124265.0	123059.0
-1247	123366.0	123009.0
-1246	123198.0	122887.0
-1245	123460.0	123089.0
-1244	123082.0	122771.0
-1243	124080.0	122515.0
-1242	123452.0	123760.0
-1241	123490.0	123613.0
-1240	123319.0	122977.0
-1239	123710.0	122820.0
-1238	123512.0	122844.0
-1237	122907.0	122989.0
-1236	123713.0	122934.0
-1235	123119.0	122971.0
-1234	123702.0	123213.0
-1233	123504.0	123585.0
-1232	123764.0	123251.0
-1231	123509.0	122841.0
-1230	123500.0	123176.0
-1229	123930.0	122883.0
-1228	123937.0	123510.0
-1227	124155.0	123064.0
-1226	123736.0	123224.0
-1225	123488.0	123632.0
-1224	124576.0	123327.0
-1223	123438.0	123053.0
-1222	123784.0	123057.0
-1221	123804.0	123236.0
-1220	123864.0	122737.0
-1219	124120.0	123165.0
-1218	123502.0	123277.0
-1217	123923.0	123148.0
-1216	123682.0	123364.0
-1215	124167.0	123070.0
-1214	124004.0	123032.0
-1213	123593.0	123656.0
-1212	124176.0	123439.0
-1211	124594.0	123521.0
-1210	123900.0	123056.0
-1209	124452.0	122937.0
-1208	124351.0	123104.0
-1207	124113.0	123518.0
-1206	124058.0	123206.0
-1205	123361.0	124199.0
-1204	123672.0	123770.0
-1203	124458.0	123622.0
-1202	124163.0	123427.0
-1201	124379.0	123060.0
-1200	124482.0	123615.0
-1199	124265.0	122872.0
-1198	123792.0	123252.0
-1197	124084.0	123174.0
-1196	123997.0	122834.0
-1195	124419.0	123813.0
-1194	123533.0	123259.0
-1193	123515.0	123610.0
-1192	124422.0	123469.0
-1191	124008.0	123522.0
-1190	124501.0	123262.0
-1189	124212.0	123500.0
-1188	124452.0	123286.0
-1187	124248.0	123050.0
-1186	123918.0	123842.0
-1185	123626.0	123346.0
-1184	123496.0	123306.0
-1183	123505.0	123275.0
-1182	124134.0	123527.0
-1181	123775.0	123094.0
-1180	123983.0	124189.0
-1179	124146.0	123688.0
-1178	123478.0	122801.0
-1177	124493.0	123419.0
-1176	124165.0	123177.0
-1175	123587.0	123519.0
-1174	124293.0	124092.0
-1173	124171.0	123705.0
-1172	124330.0	123367.0
-1171	123702.0	123808.0
-1170	124613.0	123390.0
-1169	124069.0	123073.0
-1168	124187.0	123044.0
-1167	123960.0	123462.0
-1166	123728.0	123564.0
-1165	124171.0	123605.0
-1164	124500.0	123495.0
-1163	124220.0	123994.0
-1162	123533.0	123911.0
-1161	123941.0	124040.0
-1160	124580.0	123004.0
-1159	124541.0	123481.0
-1158	124564.0	123158.0
-1157	124312.0	123653.0
-1156	123520.0	123186.0
-1155	124391.0	123735.0
-1154	123844.0	123024.0
-1153	123522.0	122938.0
-1152	124076.0	123851.0
-1151	124015.0	122996.0
-1150	124039.0	122978.0
-1149	124420.0	123411.0
-1148	123685.0	123295.0
-1147	123938.0	123374.0
-1146	123839.0	123539.0
-1145	124217.0	124098.0
-1144	124051.0	124076.0
-1143	123740.0	123374.0
-1142	124167.0	123160.0
-1141	124401.0	123629.0
-1140	124285.0	123101.0
-1139	124284.0	123109.0
-1138	124186.0	123333.0
-1137	124666.0	123175.0
-1136	123359.0	123496.0
-1135	123844.0	122902.0
-1134	124079.0	123824.0
-1133	124165.0	123200.0
-1132	124119.0	123298.0
-1131	123881.0	122995.0
-1130	123164.0	123446.0
-1129	123634.0	123797.0
-1128	123902.0	123132.0
-1127	123901.0	122935.0
-1126	123949.0	123107.0
-1125	123701.0	123261.0
-1124	123823.0	122931.0
-1123	123801.0	123360.0
-1122	124396.0	123437.0
-1121	123881.0	123268.0
-1120	123532.0	123393.0
-1119	123654.0	123386.0
-1118	124034.0	123272.0
-1117	124123.0	123085.0
-1116	124245.0	123638.0
-1115	123815.0	122883.0
-1114	123667.0	123603.0
-1113	124481.0	123170.0
-1112	124037.0	122915.0
-1111	124521.0	123574.0
-1110	124215.0	123447.0
-1109	123943.0	123349.0
-1108	124091.0	123872.0
-1107	123962.0	123582.0
-1106	123529.0	122804.0
-1105	123799.0	123635.0
-1104	123926.0	123016.0
-1103	123549.0	123572.0
-1102	123732.0	122992.0
-1101	124036.0	122876.0
-1100	123602.0	123288.0
-1099	124542.0	123362.0
-1098	123963.0	123373.0
-1097	123884.0	122925.0
-1096	123864.0	123352.0
-1095	123644.0	123694.0
-1094	123806.0	123249.0
-1093	123728.0	123833.0
-1092	123910.0	123274.0
-1091	124107.0	123480.0
-1090	124115.0	123369.0
-1089	124119.0	123447.0
-1088	123410.0	123730.0
-1087	123823.0	123861.0
-1086	124097.0	123366.0
-1085	123599.0	123378.0
-1084	124118.0	124456.0
-1083	123679.0	123614.0
-1082	124573.0	123320.0
-1081	124154.0	123455.0
-1080	123977.0	123733.0
-1079	123462.0	123184.0
-1078	124453.0	123646.0
-1077	124800.0	123918.0
-1076	123940.0	123119.0
-1075	124109.0	123935.0
-1074	124016.0	123432.0
-1073	124327.0	123517.0
-1072	123778.0	124060.0
-1071	124386.0	123969.0
-1070	123721.0	123533.0
-1069	124209.0	123992.0
-1068	124055.0	123620.0
-1067	124366.0	123208.0
-1066	124184.0	123882.0
-1065	124166.0	124429.0
-1064	123603.0	123686.0
-1063	123574.0	123676.0
-1062	124288.0	124197.0
-1061	123929.0	123497.0
-1060	123629.0	124259.0
-1059	124819.0	123552.0
-1058	124004.0	123415.0
-1057	124191.0	123877.0
-1056	124391.0	124119.0
-1055	124463.0	123021.0
-1054	123908.0	123565.0
-1053	124396.0	123812.0
-1052	123836.0	123188.0
-1051	124591.0	123483.0
-1050	124585.0	124011.0
-1049	124299.0	123670.0
-1048	124249.0	123424.0
-1047	124538.0	123881.0
-1046	124414.0	123425.0
-1045	123840.0	123913.0
-1044	124383.0	124346.0
-1043	123981.0	123437.0
-1042	124785.0	124046.0
-1041	124443.0	124181.0
-1040	125109.0	123777.0
-1039	123878.0	124297.0
-1038	124604.0	124104.0
-1037	123897.0	123492.0
-1036	124019.0	124196.0
-1035	124631.0	124439.0
-1034	124755.0	123578.0
-1033	124803.0	123995.0
-1032	125148.0	123955.0
-1031	124414.0	123712.0
-1030	124491.0	123714.0
-1029	125020.0	123937.0
-1028	124443.0	123751.0
-1027	124644.0	123958.0
-1026	125111.0	124089.0
-1025	124429.0	123635.0
-1024	125254.0	123980.0
-1023	124701.0	124230.0
-1022	124194.0	123950.0
-1021	125015.0	123786.0
-1020	124960.0	124367.0
-1019	125181.0	123800.0
-1018	124953.0	123696.0
-1017	125127.0	123812.0
-1016	124555.0	123506.0
-1015	124877.0	124838.0
-1014	125333.0	124919.0
-1013	124572.0	123419.0
-1012	124869.0	124214.0
-1011	125048.0	124504.0
-1010	124515.0	123755.0
-1009	124902.0	124117.0
-1008	125502.0	123763.0
-1007	124762.0	124205.0
-1006	125279.0	124128.0
-1005	124470.0	124179.0
-1004	124829.0	123088.0
-1003	124359.0	123623.0
-1002	124597.0	124423.0
-1001	124901.0	123769.0
-1000	125323.0	124288.0
-999	124625.0	123640.0
-998	124785.0	123620.0
-997	124389.0	124192.0
-996	125157.0	124244.0
-995	124596.0	123452.0
-994	124685.0	123883.0
-993	124627.0	124049.0
-992	124209.0	124285.0
-991	124428.0	124699.0
-990	124720.0	123929.0
-989	124421.0	124127.0
-988	124574.0	124868.0
-987	124703.0	123751.0
-986	124582.0	123395.0
-985	124561.0	123530.0
-984	124821.0	123623.0
-983	124236.0	123365.0
-982	124512.0	123878.0
-981	124739.0	123603.0
-980	124497.0	123674.0
-979	124437.0	123440.0
-978	125731.0	124041.0
-977	123765.0	123801.0
-976	124546.0	124139.0
-975	124601.0	124136.0
-974	124826.0	123776.0
-973	124362.0	124304.0
-972	124774.0	123945.0
-971	124621.0	123898.0
-970	124699.0	123600.0
-969	124666.0	123533.0
-968	124597.0	123579.0
-967	124227.0	124225.0
-966	124799.0	123387.0
-965	124986.0	123356.0
-964	124360.0	123708.0
-963	124551.0	124174.0
-962	124073.0	123661.0
-961	124096.0	123963.0
-960	124731.0	124266.0
-959	124082.0	123500.0
-958	124196.0	123622.0
-957	124418.0	124150.0
-956	124163.0	123289.0
-955	124135.0	123492.0
-954	124481.0	123952.0
-953	124193.0	123900.0
-952	124814.0	123737.0
-951	124637.0	124146.0
-950	124097.0	124166.0
-949	124210.0	123703.0
-948	124854.0	124217.0
-947	124022.0	123408.0
-946	124464.0	123947.0
-945	124557.0	124287.0
-944	124392.0	123868.0
-943	123890.0	124024.0
-942	124790.0	124004.0
-941	124234.0	123784.0
-940	124408.0	124405.0
-939	125237.0	124611.0
-938	124465.0	124058.0
-937	124708.0	123725.0
-936	125153.0	124121.0
-935	125249.0	123635.0
-934	124284.0	123702.0
-933	124327.0	124270.0
-932	124056.0	123574.0
-931	124526.0	124148.0
-930	125508.0	124335.0
-929	124815.0	122682.0
-928	124341.0	124123.0
-927	124930.0	124190.0
-926	124360.0	123612.0
-925	124474.0	124356.0
-924	125060.0	124150.0
-923	124405.0	123594.0
-922	124714.0	124695.0
-921	125185.0	124233.0
-920	124843.0	123970.0
-919	124981.0	123795.0
-918	125018.0	124546.0
-917	124151.0	124326.0
-916	123868.0	124697.0
-915	124743.0	124486.0
-914	124246.0	124389.0
-913	124404.0	124514.0
-912	124968.0	124412.0
-911	125227.0	124497.0
-910	124608.0	124732.0
-909	124865.0	124424.0
-908	124819.0	124240.0
-907	125040.0	124589.0
-906	125534.0	124015.0
-905	124538.0	124244.0
-904	124707.0	124841.0
-903	124456.0	124798.0
-902	124982.0	124623.0
-901	124928.0	124707.0
-900	125314.0	124309.0
-899	124772.0	124331.0
-898	124764.0	124740.0
-897	125205.0	125064.0
-896	124858.0	124102.0
-895	124727.0	124637.0
-894	125237.0	124747.0
-893	124562.0	124622.0
-892	124886.0	124499.0
-891	125825.0	124867.0
-890	125217.0	124103.0
-889	125224.0	124465.0
-888	126118.0	124396.0
-887	125753.0	124469.0
-886	125936.0	124832.0
-885	126180.0	124816.0
-884	125067.0	124495.0
-883	125297.0	124357.0
-882	125546.0	124610.0
-881	125067.0	124256.0
-880	125562.0	124182.0
-879	125596.0	124331.0
-878	125234.0	124208.0
-877	125024.0	125185.0
-876	125527.0	124793.0
-875	124794.0	124337.0
-874	125237.0	124816.0
-873	125358.0	124693.0
-872	125291.0	125107.0
-871	125343.0	125228.0
-870	125596.0	125002.0
-869	125329.0	124502.0
-868	125732.0	124384.0
-867	125713.0	124849.0
-866	125460.0	124576.0
-865	125839.0	124613.0
-864	125099.0	125702.0
-863	125038.0	124950.0
-862	125782.0	124922.0
-861	125984.0	125050.0
-860	125858.0	125313.0
-859	124923.0	125294.0
-858	126167.0	124653.0
-857	125385.0	124571.0
-856	125692.0	124618.0
-855	125745.0	124640.0
-854	125980.0	124441.0
-853	125787.0	124619.0
-852	125170.0	124545.0
-851	125506.0	124126.0
-850	125035.0	125504.0
-849	125565.0	125176.0
-848	125462.0	123765.0
-847	125426.0	124489.0
-846	126377.0	124423.0
-845	125690.0	123957.0
-844	125448.0	124823.0
-843	125798.0	124711.0
-842	125674.0	123412.0
-841	125070.0	124601.0
-840	125649.0	124768.0
-839	125609.0	124072.0
-838	125631.0	124519.0
-837	125800.0	124870.0
-836	125310.0	124671.0
-835	125401.0	124522.0
-834	125795.0	123980.0
-833	125539.0	124209.0
-832	125838.0	124669.0
-831	125398.0	125272.0
-830	125486.0	124455.0
-829	125072.0	124946.0
-828	125840.0	124923.0
-827	125276.0	124016.0
-826	125370.0	124763.0
-825	125506.0	124155.0
-824	125037.0	123577.0
-823	124714.0	124021.0
-822	125203.0	124178.0
-821	124412.0	124260.0
-820	124486.0	124819.0
-819	125507.0	124946.0
-818	125854.0	124300.0
-817	125168.0	124023.0
-816	125497.0	123830.0
-815	125151.0	123549.0
-814	124669.0	124489.0
-813	125142.0	125482.0
-812	124839.0	123882.0
-811	125100.0	124334.0
-810	125820.0	124649.0
-809	125413.0	124655.0
-808	124395.0	124423.0
-807	125205.0	124753.0
-806	125347.0	123910.0
-805	124776.0	124884.0
-804	125729.0	124458.0
-803	124899.0	123136.0
-802	125201.0	124346.0
-801	125163.0	124401.0
-800	124873.0	124055.0
-799	124159.0	124484.0
-798	125207.0	124697.0
-797	125008.0	123952.0
-796	125396.0	124213.0
-795	125074.0	124490.0
-794	124403.0	124237.0
-793	124332.0	124683.0
-792	125143.0	124621.0
-791	124898.0	123639.0
-790	124358.0	124562.0
-789	124327.0	124703.0
-788	124427.0	124338.0
-787	124934.0	124620.0
-786	124829.0	124928.0
-785	123900.0	124114.0
-784	124434.0	124800.0
-783	125217.0	124063.0
-782	124680.0	123814.0
-781	123918.0	124523.0
-780	124671.0	124896.0
-779	124238.0	123863.0
-778	124700.0	124622.0
-777	125634.0	124047.0
-776	124219.0	124263.0
-775	124235.0	124706.0
-774	125271.0	124742.0
-773	124395.0	124103.0
-772	124521.0	124918.0
-771	125338.0	125013.0
-770	124230.0	123676.0
-769	124860.0	124868.0
-768	125096.0	124829.0
-767	124891.0	124443.0
-766	124711.0	124565.0
-765	125451.0	124677.0
-764	124295.0	124603.0
-763	124706.0	124771.0
-762	125106.0	125132.0
-761	124419.0	125091.0
-760	124625.0	125274.0
-759	124895.0	125637.0
-758	124299.0	125167.0
-757	124176.0	125109.0
-756	125307.0	124974.0
-755	124124.0	124358.0
-754	124620.0	125112.0
-753	125221.0	125618.0
-752	125487.0	125019.0
-751	124794.0	124981.0
-750	125339.0	125283.0
-749	125201.0	124520.0
-748	124650.0	125201.0
-747	125004.0	124837.0
-746	124468.0	125004.0
-745	125094.0	124980.0
-744	125639.0	125588.0
-743	125205.0	124650.0
-742	125024.0	125301.0
-741	126104.0	125889.0
-740	125215.0	125010.0
-739	125661.0	125014.0
-738	126330.0	125097.0
-737	125329.0	124586.0
-736	125677.0	125903.0
-735	125551.0	125937.0
-734	125881.0	125165.0
-733	125860.0	125280.0
-732	126598.0	126100.0
-731	125838.0	125151.0
-730	125577.0	125676.0
-729	126814.0	125703.0
-728	126726.0	125369.0
-727	126425.0	125702.0
-726	126432.0	125526.0
-725	125927.0	125293.0
-724	125885.0	126250.0
-723	126685.0	126048.0
-722	125915.0	125365.0
-721	125875.0	125969.0
-720	126775.0	125968.0
-719	126152.0	125213.0
-718	126053.0	124927.0
-717	126735.0	125758.0
-716	125685.0	125671.0
-715	126059.0	126005.0
-714	126974.0	125856.0
-713	126517.0	124888.0
-712	126322.0	126011.0
-711	127399.0	125663.0
-710	126786.0	125238.0
-709	126631.0	125514.0
-708	126512.0	125714.0
-707	126847.0	125490.0
-706	126480.0	126172.0
-705	126977.0	125932.0
-704	126735.0	125215.0
-703	126388.0	125367.0
-702	126989.0	126032.0
-701	126253.0	124861.0
-700	126541.0	125566.0
-699	127741.0	126100.0
-698	126530.0	125093.0
-697	126497.0	125844.0
-696	127426.0	125942.0
-695	126763.0	125059.0
-694	126790.0	125246.0
-693	127242.0	125183.0
-692	126997.0	125239.0
-691	126909.0	125204.0
-690	126913.0	125752.0
-689	126082.0	125011.0
-688	126311.0	125403.0
-687	127523.0	125839.0
-686	126507.0	124870.0
-685	126893.0	124283.0
-684	127340.0	125433.0
-683	126357.0	124473.0
-682	126593.0	125158.0
-681	126726.0	125231.0
-680	126495.0	125090.0
-679	127026.0	125098.0
-678	126960.0	125300.0
-677	127052.0	124901.0
-676	126078.0	125038.0
-675	126763.0	124972.0
-674	126833.0	124333.0
-673	126195.0	124815.0
-672	126703.0	124911.0
-671	126711.0	123710.0
-670	126198.0	124599.0
-669	127248.0	124532.0
-668	126216.0	123914.0
-667	126277.0	125080.0
-666	126695.0	124690.0
-665	126562.0	124697.0
-664	125634.0	125344.0
-663	126761.0	124443.0
-662	125892.0	123686.0
-661	126016.0	124622.0
-660	126747.0	124584.0
-659	125842.0	124697.0
-658	125854.0	125162.0
-657	126391.0	124766.0
-656	125625.0	123501.0
-655	124941.0	124388.0
-654	126533.0	124455.0
-653	125840.0	124067.0
-652	125280.0	124506.0
-651	125381.0	125027.0
-650	125208.0	124329.0
-649	125613.0	124649.0
-648	125973.0	124683.0
-647	125548.0	123842.0
-646	125074.0	124423.0
-645	125437.0	124473.0
-644	124786.0	124196.0
-643	125237.0	124776.0
-642	126366.0	124953.0
-641	125257.0	124380.0
-640	124837.0	124084.0
-639	125316.0	124301.0
-638	124784.0	123408.0
-637	125007.0	124468.0
-636	125703.0	124760.0
-635	124593.0	124383.0
-634	124385.0	124689.0
-633	125398.0	124642.0
-632	123885.0	124089.0
-631	123985.0	125325.0
-630	125167.0	124368.0
-629	124017.0	124563.0
-628	124762.0	124385.0
-627	124460.0	124859.0
-626	124389.0	124283.0
-625	123689.0	124943.0
-624	124271.0	124627.0
-623	124147.0	124745.0
-622	124214.0	124690.0
-621	124663.0	125317.0
-620	123869.0	124210.0
-619	123725.0	125461.0
-618	124544.0	125675.0
-617	124502.0	124788.0
-616	123509.0	125436.0
-615	124822.0	125433.0
-614	123772.0	124505.0
-613	123531.0	125711.0
-612	124598.0	125224.0
-611	124313.0	124629.0
-610	123565.0	124834.0
-609	124263.0	125526.0
-608	123701.0	124727.0
-607	123823.0	126047.0
-606	124326.0	125266.0
-605	124095.0	124870.0
-604	123782.0	125886.0
-603	124285.0	125590.0
-602	123604.0	124879.0
-601	123436.0	125577.0
-600	124172.0	125891.0
-599	124184.0	124951.0
-598	123891.0	125926.0
-597	124735.0	125694.0
-596	123824.0	125217.0
-595	124089.0	125766.0
-594	124163.0	126039.0
-593	124505.0	126506.0
-592	123988.0	125969.0
-591	125115.0	125970.0
-590	124204.0	125423.0
-589	123615.0	126749.0
-588	125072.0	127210.0
-587	123784.0	126001.0
-586	124472.0	126050.0
-585	124419.0	126407.0
-584	124242.0	125386.0
-583	124541.0	127197.0
-582	125063.0	127427.0
-581	124178.0	126564.0
-580	124594.0	126512.0
-579	125287.0	126774.0
-578	125064.0	126334.0
-577	124186.0	127134.0
-576	125668.0	127068.0
-575	124492.0	126221.0
-574	125214.0	126574.0
-573	125436.0	126750.0
-572	125005.0	126252.0
-571	124607.0	126774.0
-570	125752.0	126828.0
-569	124856.0	126181.0
-568	125478.0	126854.0
-567	126265.0	127190.0
-566	124999.0	126212.0
-565	125319.0	127240.0
-564	126258.0	127019.0
-563	125500.0	126492.0
-562	125006.0	127248.0
-561	126848.0	127417.0
-560	125258.0	126636.0
-559	125729.0	127914.0
-558	126623.0	127244.0
-557	126232.0	126893.0
-556	126046.0	127027.0
-555	127758.0	127116.0
-554	126246.0	126759.0
-553	126723.0	127071.0
-552	127668.0	127077.0
-551	126122.0	126619.0
-550	126641.0	127200.0
-549	127278.0	127804.0
-548	126627.0	126977.0
-547	126451.0	127290.0
-546	127900.0	126973.0
-545	127138.0	126266.0
-544	127138.0	127257.0
-543	127878.0	127206.0
-542	126531.0	126256.0
-541	126986.0	126875.0
-540	127674.0	127123.0
-539	126965.0	126356.0
-538	126312.0	126847.0
-537	128292.0	126892.0
-536	128042.0	126659.0
-535	127129.0	127355.0
-534	127849.0	127116.0
-533	126884.0	126349.0
-532	127321.0	126968.0
-531	127943.0	126710.0
-530	127809.0	125916.0
-529	128161.0	126416.0
-528	129066.0	127096.0
-527	127905.0	125820.0
-526	127384.0	126950.0
-525	128842.0	126658.0
-524	127954.0	125596.0
-523	127858.0	126713.0
-522	129031.0	126121.0
-521	127784.0	126279.0
-520	128392.0	125494.0
-519	128836.0	125815.0
-518	127745.0	125303.0
-517	128061.0	125521.0
-516	128761.0	126249.0
-515	127575.0	125384.0
-514	128211.0	126161.0
-513	128279.0	125879.0
-512	128051.0	125343.0
-511	127763.0	125681.0
-510	128335.0	125344.0
-509	128068.0	125045.0
-508	127984.0	125122.0
-507	128706.0	125537.0
-506	128179.0	124900.0
-505	127604.0	125697.0
-504	128712.0	125242.0
-503	127293.0	124612.0
-502	128328.0	125563.0
-501	129168.0	125177.0
-500	127469.0	124115.0
-499	127632.0	124679.0
-498	128075.0	124876.0
-497	127676.0	124262.0
-496	127023.0	124605.0
-495	127702.0	123810.0
-494	126773.0	124340.0
-493	127531.0	124972.0
-492	128071.0	124407.0
-491	126919.0	123724.0
-490	126478.0	124856.0
-489	127468.0	124082.0
-488	126780.0	122932.0
-487	126494.0	123764.0
-486	127822.0	124476.0
-485	126094.0	123310.0
-484	126602.0	124144.0
-483	127422.0	124404.0
-482	126425.0	123004.0
-481	125990.0	124245.0
-480	127166.0	123839.0
-479	126064.0	123180.0
-478	125859.0	123466.0
-477	126525.0	123338.0
-476	125181.0	122911.0
-475	125168.0	124241.0
-474	126596.0	123525.0
-473	125359.0	123588.0
-472	124854.0	123163.0
-471	125505.0	124184.0
-470	125265.0	122695.0
-469	125204.0	123926.0
-468	125864.0	124243.0
-467	124617.0	123753.0
-466	124784.0	123945.0
-465	125502.0	124140.0
-464	124918.0	123174.0
-463	124432.0	124095.0
-462	125026.0	123991.0
-461	124207.0	123137.0
-460	124048.0	124168.0
-459	124834.0	124203.0
-458	123894.0	123395.0
-457	123901.0	123779.0
-456	124544.0	124336.0
-455	123853.0	123973.0
-454	123761.0	124582.0
-453	124008.0	123937.0
-452	123174.0	123461.0
-451	122961.0	124084.0
-450	123997.0	125268.0
-449	123155.0	123610.0
-448	123017.0	124211.0
-447	123837.0	124122.0
-446	122638.0	123580.0
-445	123364.0	124935.0
-444	123578.0	124453.0
-443	123412.0	123708.0
-442	122644.0	124569.0
-441	124002.0	124863.0
-440	122781.0	123790.0
-439	122332.0	124527.0
-438	123758.0	124796.0
-437	122581.0	124406.0
-436	122287.0	124885.0
-435	123502.0	124977.0
-434	122968.0	124726.0
-433	122335.0	125237.0
-432	123619.0	125291.0
-431	122585.0	124737.0
-430	122106.0	125387.0
-429	123149.0	125680.0
-428	122785.0	125155.0
-427	122553.0	126081.0
-426	123122.0	125950.0
-425	122559.0	125773.0
-424	122035.0	126413.0
-423	123213.0	126586.0
-422	122373.0	125657.0
-421	122061.0	126819.0
-420	123892.0	126621.0
-419	122796.0	125589.0
-418	122354.0	126217.0
-417	123462.0	126741.0
-416	122522.0	126819.0
-415	122301.0	127336.0
-414	124421.0	127603.0
-413	123534.0	127307.0
-412	122861.0	128106.0
-411	125123.0	127518.0
-410	123273.0	126496.0
-409	123731.0	127756.0
-408	125132.0	128505.0
-407	123514.0	127307.0
-406	123435.0	128303.0
-405	125077.0	128367.0
-404	123711.0	127044.0
-403	124017.0	128623.0
-402	124870.0	128350.0
-401	124358.0	127269.0
-400	124648.0	127869.0
-399	125715.0	128527.0
-398	124583.0	127670.0
-397	125199.0	128290.0
-396	125631.0	128571.0
-395	124825.0	127690.0
-394	125227.0	128533.0
-393	126545.0	128808.0
-392	125508.0	127807.0
-391	125519.0	128845.0
-390	126857.0	129634.0
-389	125512.0	127469.0
-388	125939.0	128952.0
-387	126958.0	129355.0
-386	126691.0	127899.0
-385	126985.0	129242.0
-384	127229.0	129415.0
-383	126888.0	128796.0
-382	126899.0	129521.0
-381	128363.0	129276.0
-380	126888.0	128129.0
-379	127370.0	128833.0
-378	128938.0	129753.0
-377	127740.0	128310.0
-376	127725.0	129330.0
-375	129231.0	128910.0
-374	127781.0	128102.0
-373	128373.0	128702.0
-372	129592.0	129779.0
-371	127907.0	127880.0
-370	127958.0	128703.0
-369	128855.0	129802.0
-368	129070.0	128194.0
-367	129307.0	128887.0
-366	130566.0	128927.0
-365	129119.0	128096.0
-364	129162.0	128620.0
-363	130127.0	128891.0
-362	129565.0	127691.0
-361	129320.0	128580.0
-360	129985.0	128886.0
-359	129417.0	127686.0
-358	128993.0	128787.0
-357	130458.0	128492.0
-356	129556.0	127027.0
-355	129613.0	128031.0
-354	131075.0	128150.0
-353	130255.0	126927.0
-352	129712.0	127618.0
-351	130571.0	127945.0
-350	130386.0	126479.0
-349	129309.0	128070.0
-348	131023.0	127068.0
-347	130401.0	125759.0
-346	129646.0	127058.0
-345	131162.0	126553.0
-344	129239.0	126042.0
-343	130212.0	126980.0
-342	131378.0	127159.0
-341	129430.0	126036.0
-340	130293.0	126495.0
-339	131534.0	126339.0
-338	129852.0	124887.0
-337	129725.0	125764.0
-336	131255.0	126848.0
-335	129728.0	124724.0
-334	130876.0	125773.0
-333	130831.0	125535.0
-332	130061.0	123465.0
-331	129304.0	124903.0
-330	130849.0	124989.0
-329	128753.0	124141.0
-328	129303.0	124948.0
-327	130346.0	124703.0
-326	128865.0	123588.0
-325	129197.0	124850.0
-324	130397.0	124278.0
-323	128258.0	123643.0
-322	128902.0	124537.0
-321	130336.0	124473.0
-320	128714.0	122870.0
-319	128198.0	124428.0
-318	129652.0	124391.0
-317	128378.0	122985.0
-316	128183.0	124267.0
-315	129720.0	124002.0
-314	128417.0	122350.0
-313	127994.0	123193.0
-312	128295.0	123285.0
-311	126922.0	122533.0
-310	126956.0	123367.0
-309	128291.0	123076.0
-308	126910.0	122068.0
-307	127083.0	123118.0
-306	127935.0	122650.0
-305	126819.0	121971.0
-304	126076.0	123230.0
-303	127574.0	123370.0
-302	125741.0	121990.0
-301	126386.0	122822.0
-300	126628.0	122457.0
-299	126125.0	121704.0
-298	125730.0	122300.0
-297	126898.0	122584.0
-296	125502.0	121213.0
-295	124343.0	122779.0
-294	125990.0	122639.0
-293	124581.0	121533.0
-292	124939.0	122559.0
-291	125721.0	122544.0
-290	124641.0	122207.0
-289	124184.0	122004.0
-288	125413.0	122509.0
-287	124088.0	121442.0
-286	124569.0	122927.0
-285	124836.0	122485.0
-284	123497.0	121671.0
-283	123916.0	122069.0
-282	125502.0	122293.0
-281	122693.0	121428.0
-280	123223.0	122597.0
-279	124264.0	122722.0
-278	122978.0	121425.0
-277	123111.0	122896.0
-276	124514.0	123017.0
-275	122355.0	121896.0
-274	122670.0	123204.0
-273	123715.0	123287.0
-272	122459.0	122009.0
-271	122343.0	123606.0
-270	123262.0	123629.0
-269	122374.0	122989.0
-268	122357.0	123681.0
-267	123180.0	124018.0
-266	121677.0	122990.0
-265	122165.0	124408.0
-264	123699.0	124412.0
-263	122159.0	123369.0
-262	121780.0	124397.0
-261	123063.0	124912.0
-260	121486.0	123778.0
-259	122067.0	125699.0
-258	123107.0	124972.0
-257	122069.0	124567.0
-256	121917.0	125613.0
-255	123643.0	125047.0
-254	121963.0	123858.0
-253	121630.0	125840.0
-252	123000.0	126065.0
-251	121604.0	125276.0
-250	122573.0	126172.0
-249	123600.0	126677.0
-248	121687.0	125773.0
-247	122442.0	127323.0
-246	123850.0	126926.0
-245	121973.0	126378.0
-244	122281.0	127432.0
-243	123899.0	127176.0
-242	122883.0	126219.0
-241	122811.0	128095.0
-240	124209.0	127721.0
-239	123240.0	126780.0
-238	123358.0	128673.0
-237	124973.0	129308.0
-236	123297.0	127057.0
-235	123669.0	128914.0
-234	124798.0	129313.0
-233	123779.0	127667.0
-232	124103.0	129713.0
-231	126095.0	129542.0
-230	124586.0	128671.0
-229	124937.0	130353.0
-228	126026.0	130156.0
-227	124418.0	128535.0
-226	125266.0	130032.0
-225	126504.0	130196.0
-224	126405.0	129349.0
-223	125932.0	130538.0
-222	127580.0	130871.0
-221	126089.0	129417.0
-220	126815.0	130873.0
-219	127590.0	131389.0
-218	126621.0	129539.0
-217	126514.0	131373.0
-216	128474.0	132102.0
-215	127248.0	130186.0
-214	127546.0	131427.0
-213	129526.0	131827.0
-212	128159.0	130267.0
-211	128931.0	131276.0
-210	130945.0	132113.0
-209	128989.0	130828.0
-208	129066.0	132496.0
-207	131453.0	132100.0
-206	129753.0	130470.0
-205	129436.0	131948.0
-204	131170.0	132097.0
-203	130293.0	130034.0
-202	130185.0	131821.0
-201	133030.0	131988.0
-200	131162.0	131006.0
-199	131352.0	132222.0
-198	133233.0	131989.0
-197	131726.0	129413.0
-196	132184.0	132424.0
-195	134108.0	131911.0
-194	132143.0	130288.0
-193	132658.0	132015.0
-192	134872.0	132114.0
-191	133132.0	129414.0
-190	133295.0	131356.0
-189	135542.0	131310.0
-188	133419.0	129414.0
-187	133953.0	130776.0
-186	135663.0	130803.0
-185	133643.0	129176.0
-184	134038.0	130842.0
-183	136003.0	130213.0
-182	134606.0	129058.0
-181	134474.0	130112.0
-180	136712.0	130089.0
-179	134726.0	128206.0
-178	134885.0	129308.0
-177	136828.0	128895.0
-176	135126.0	127835.0
-175	134510.0	129526.0
-174	136552.0	129337.0
-173	135075.0	127575.0
-172	134998.0	128459.0
-171	136739.0	128885.0
-170	134783.0	126482.0
-169	134712.0	128028.0
-168	136774.0	127885.0
-167	134523.0	125645.0
-166	134603.0	127850.0
-165	136658.0	127292.0
-164	133839.0	125030.0
-163	134029.0	126998.0
-162	135707.0	126886.0
-161	133875.0	125080.0
-160	134075.0	126594.0
-159	135364.0	126466.0
-158	133474.0	124173.0
-157	132833.0	126196.0
-156	135048.0	126274.0
-155	132934.0	123596.0
-154	133290.0	125531.0
-153	134841.0	124861.0
-152	132581.0	123027.0
-151	131970.0	125789.0
-150	134544.0	124394.0
-149	131278.0	122903.0
-148	131463.0	124471.0
-147	132841.0	124445.0
-146	130276.0	122383.0
-145	130253.0	124243.0
-144	132640.0	124303.0
-143	130473.0	122361.0
-142	129479.0	123043.0
-141	131760.0	124032.0
-140	128865.0	121594.0
-139	128114.0	124194.0
-138	129658.0	123480.0
-137	126838.0	121832.0
-136	126176.0	123344.0
-135	128558.0	122828.0
-134	126275.0	121119.0
-133	127173.0	123225.0
-132	130069.0	122934.0
-131	127042.0	120886.0
-130	126379.0	122508.0
-129	127929.0	122838.0
-128	125211.0	120848.0
-127	124408.0	122493.0
-126	126060.0	122912.0
-125	123725.0	121433.0
-124	123939.0	122334.0
-123	127357.0	121777.0
-122	125102.0	120567.0
-121	125217.0	121807.0
-120	126875.0	122199.0
-119	123642.0	120278.0
-118	122590.0	122439.0
-117	123995.0	122767.0
-116	121574.0	120502.0
-115	120751.0	123352.0
-114	124364.0	122686.0
-113	123045.0	120399.0
-112	123417.0	122178.0
-111	125992.0	122069.0
-110	123171.0	120409.0
-109	123282.0	122888.0
-108	125469.0	122702.0
-107	121919.0	120744.0
-106	121273.0	122967.0
-105	123499.0	122935.0
-104	121423.0	121746.0
-103	123140.0	123287.0
-102	125912.0	122794.0
-101	124059.0	121239.0
-100	124250.0	123538.0
-99	125562.0	123436.0
-98	123265.0	121843.0
-97	122793.0	124054.0
-96	123913.0	123647.0
-95	121868.0	122077.0
-94	122473.0	124058.0
-93	125059.0	124041.0
-92	123399.0	121953.0
-91	123735.0	124625.0
-90	126770.0	124557.0
-89	124788.0	122678.0
-88	123994.0	124625.0
-87	126667.0	125392.0
-86	123406.0	123577.0
-85	123050.0	126293.0
-84	124729.0	125712.0
-83	123807.0	124218.0
-82	124041.0	125598.0
-81	126165.0	125956.0
-80	124297.0	124620.0
-79	124113.0	126269.0
-78	126805.0	126805.0
-77	124618.0	125321.0
-76	125279.0	127753.0
-75	127723.0	127720.0
-74	125975.0	125964.0
-73	124876.0	128865.0
-72	128182.0	128892.0
-71	126525.0	126577.0
-70	126838.0	128992.0
-69	129432.0	128874.0
-68	127132.0	126609.0
-67	126712.0	129453.0
-66	129392.0	130315.0
-65	127293.0	128496.0
-64	127380.0	131129.0
-63	129862.0	131632.0
-62	126984.0	129450.0
-61	128305.0	131543.0
-60	131468.0	132460.0
-59	129382.0	129372.0
-58	129552.0	132815.0
-57	131270.0	133382.0
-56	128323.0	130672.0
-55	128774.0	133658.0
-54	132317.0	133500.0
-53	130393.0	131501.0
-52	132124.0	134090.0
-51	134397.0	134154.0
-50	132430.0	132104.0
-49	132934.0	135282.0
-48	136334.0	135411.0
-47	133389.0	132878.0
-46	133137.0	135658.0
-45	136022.0	136205.0
-44	133057.0	133359.0
-43	133447.0	136550.0
-42	138871.0	136824.0
-41	136540.0	133496.0
-40	138376.0	136926.0
-39	142159.0	137456.0
-38	139452.0	134379.0
-37	139524.0	138055.0
-36	142348.0	137725.0
-35	138800.0	134719.0
-34	139394.0	137774.0
-33	142836.0	137889.0
-32	141270.0	134833.0
-31	142519.0	138343.0
-30	148191.0	138369.0
-29	144813.0	135052.0
-28	145047.0	138214.0
-27	148233.0	138583.0
-26	145296.0	135515.0
-25	144364.0	138898.0
-24	147671.0	138826.0
-23	143913.0	135891.0
-22	144357.0	139001.0
-21	149167.0	140357.0
-20	148203.0	137509.0
-19	150227.0	141115.0
-18	154534.0	140911.0
-17	150040.0	137821.0
-16	149608.0	141713.0
-15	152975.0	141779.0
-14	149063.0	138568.0
-13	149283.0	143334.0
-12	156470.0	144080.0
-11	152232.0	138981.0
-10	153672.0	143924.0
-9	159210.0	146474.0
-8	156418.0	145709.0
-7	153586.0	153217.0
-6	156410.0	156402.0
-5	147039.0	150506.0
-4	145405.0	155173.0
-3	163832.0	162296.0
-2	175692.0	150971.0
-1	262752.0	149402.0
0	2435.0	113767.0
1	263453.0	34576.0
2	175069.0	64569.0
3	162510.0	83843.0
4	146143.0	109429.0
5	146303.0	127667.0
6	155888.0	124554.0
7	153747.0	111157.0
8	156246.0	112695.0
9	159281.0	112759.0
10	153520.0	111219.0
11	151994.0	116001.0
12	155950.0	119644.0
13	149323.0	116170.0
14	149099.0	120146.0
15	153623.0	120035.0
16	149313.0	117209.0
17	149720.0	119162.0
18	153680.0	120100.0
19	148881.0	116256.0
20	147552.0	119707.0
21	148883.0	121415.0
22	144488.0	121750.0
23	144068.0	126742.0
24	147965.0	127303.0
25	144360.0	122811.0
26	144797.0	125062.0
27	148664.0	124026.0
28	144749.0	119446.0
29	144764.0	122233.0
30	147536.0	122799.0
31	142107.0	121002.0
32	141181.0	124572.0
33	143321.0	126329.0
34	138270.0	124363.0
35	138032.0	127806.0
36	141565.0	127924.0
37	139195.0	123869.0
38	138436.0	125074.0
39	141438.0	124213.0
40	137833.0	121044.0
41	136334.0	124647.0
42	138681.0	125777.0
43	134013.0	126113.0
44	133088.0	129167.0
45	136086.0	129480.0
46	133604.0	126804.0
47	133485.0	128704.0
48	135906.0	127608.0
49	132766.0	124648.0
50	133097.0	127391.0
51	135240.0	127911.0
52	131727.0	125765.0
53	130375.0	127288.0
54	131924.0	129030.0
55	129087.0	127421.0
56	128292.0	130681.0
57	131403.0	130005.0
58	128625.0	126888.0
59	128558.0	127955.0
60	131177.0	128277.0
61	127925.0	125537.0
62	127747.0	129319.0
63	129819.0	129829.0
64	127640.0	126839.0
65	127497.0	127880.0
66	129440.0	128056.0
67	126380.0	126346.0
68	125904.0	129384.0
69	129561.0	128819.0
70	126288.0	126625.0
71	126096.0	128863.0
72	127898.0	129890.0
73	125158.0	129071.0
74	124804.0	131954.0
75	126868.0	130802.0
76	125152.0	127758.0
77	124752.0	129731.0
78	126560.0	129843.0
79	124185.0	128513.0
80	123964.0	132007.0
81	125407.0	132739.0
82	123633.0	130770.0
83	123193.0	133964.0
84	124779.0	134838.0
85	122577.0	132683.0
86	123274.0	134644.0
87	125753.0	132826.0
88	124352.0	129087.0
89	124076.0	131457.0
90	125905.0	131748.0
91	123665.0	130519.0
92	122716.0	134574.0
93	124489.0	136226.0
94	122010.0	135218.0
95	122193.0	138252.0
96	123586.0	139133.0
97	122413.0	136811.0
98	123085.0	138410.0
99	125807.0	137181.0
100	123721.0	135367.0
101	123883.0	136924.0
102	125188.0	137878.0
103	122879.0	137568.0
104	121790.0	141445.0
105	123124.0	142783.0
106	121008.0	142235.0
107	121889.0	144561.0
108	124910.0	144718.0
109	123551.0	140475.0
110	123764.0	142833.0
111	125321.0	143383.0
112	122828.0	141773.0
113	122573.0	145789.0
114	123962.0	147305.0
115	121670.0	146767.0
116	121233.0	150778.0
117	124350.0	151982.0
118	122507.0	150452.0
119	124198.0	152347.0
120	126587.0	151672.0
121	124752.0	149714.0
122	125311.0	151994.0
123	126610.0	152897.0
124	123796.0	151909.0
125	124154.0	156156.0
126	125727.0	158048.0
127	123629.0	156595.0
128	125889.0	159539.0
129	128412.0	157482.0
130	126840.0	153645.0
131	126985.0	155425.0
132	128909.0	155782.0
133	126753.0	153965.0
134	126512.0	157559.0
135	128444.0	159600.0
136	126005.0	158076.0
137	126517.0	161483.0
138	129073.0	160254.0
139	127997.0	158317.0
140	128480.0	159678.0
141	132453.0	159204.0
142	129977.0	156193.0
143	129903.0	158805.0
144	132903.0	158972.0
145	130389.0	156421.0
146	130839.0	158412.0
147	133596.0	157537.0
148	131348.0	154823.0
149	131844.0	156714.0
150	133949.0	155562.0
151	132379.0	152861.0
152	132313.0	155174.0
153	134304.0	154362.0
154	132389.0	151511.0
155	132477.0	154009.0
156	134828.0	152931.0
157	133543.0	149737.0
158	132837.0	150881.0
159	135904.0	150149.0
160	134006.0	146595.0
161	133591.0	148778.0
162	135721.0	147610.0
163	133863.0	145633.0
164	134395.0	147170.0
165	136595.0	146912.0
166	134429.0	143702.0
167	134738.0	145887.0
168	135831.0	144677.0
169	134377.0	142431.0
170	134896.0	143595.0
171	136740.0	143360.0
172	134213.0	141094.0
173	134016.0	141929.0
174	136222.0	142379.0
175	134663.0	140153.0
176	133952.0	141371.0
177	136240.0	140486.0
178	134982.0	137189.0
179	134605.0	138537.0
180	136510.0	138092.0
181	134439.0	136347.0
182	134300.0	137656.0
183	136363.0	136638.0
184	133595.0	135111.0
185	133350.0	135932.0
186	135494.0	135715.0
187	134217.0	133746.0
188	133498.0	134945.0
189	135230.0	134278.0
190	133440.0	132437.0
191	132909.0	132957.0
192	134548.0	132426.0
193	132226.0	131338.0
194	132946.0	132200.0
195	133821.0	131649.0
196	131530.0	130300.0
197	131654.0	130817.0
198	132528.0	130423.0
199	131017.0	128680.0
200	130464.0	130234.0
201	132356.0	129435.0
202	130009.0	127482.0
203	130125.0	128708.0
204	131616.0	129095.0
205	130053.0	127600.0
206	129706.0	128262.0
207	130782.0	128672.0
208	128439.0	126498.0
209	128645.0	127430.0
210	129120.0	126667.0
211	127722.0	125322.0
212	127789.0	127423.0
213	128993.0	126978.0
214	127766.0	125867.0
215	126902.0	126658.0
216	127646.0	127123.0
217	125771.0	125241.0
218	125719.0	125791.0
219	127400.0	125789.0
220	125699.0	124392.0
221	125897.0	125875.0
222	127040.0	124951.0
223	125144.0	124679.0
224	125415.0	126167.0
225	125955.0	125807.0
226	124891.0	124584.0
227	125196.0	125850.0
228	125859.0	125735.0
229	124639.0	124585.0
230	124327.0	125627.0
231	125027.0	125560.0
232	123772.0	123491.0
233	123438.0	125343.0
234	124294.0	126027.0
235	122735.0	124314.0
236	122600.0	125840.0
237	123949.0	126240.0
238	122622.0	124397.0
239	122184.0	125944.0
240	123743.0	126396.0
241	122348.0	124484.0
242	122197.0	125562.0
243	123213.0	125835.0
244	122249.0	125048.0
245	121332.0	125681.0
246	123133.0	126721.0
247	122024.0	124502.0
248	121227.0	126875.0
249	122701.0	127225.0
250	121923.0	125323.0
251	122120.0	127991.0
252	123213.0	127365.0
253	121645.0	125466.0
254	121759.0	126999.0
255	123428.0	127731.0
256	121465.0	126654.0
257	121291.0	127634.0
258	122755.0	127801.0
259	121323.0	126635.0
260	121900.0	128282.0
261	123299.0	129473.0
262	121059.0	127600.0
263	120984.0	128186.0
264	122602.0	128799.0
265	121630.0	127497.0
266	121302.0	129619.0
267	123077.0	130213.0
268	122407.0	128570.0
269	121497.0	129792.0
270	122948.0	130425.0
271	122091.0	129021.0
272	121881.0	130682.0
273	122817.0	130661.0
274	121692.0	129437.0
275	122797.0	131121.0
276	123406.0	131582.0
277	121745.0	130378.0
278	123139.0	132064.0
279	123744.0	132094.0
280	122425.0	131446.0
281	122869.0	132053.0
282	124287.0	132092.0
283	123583.0	130532.0
284	123221.0	133108.0
285	124508.0	132963.0
286	123251.0	131471.0
287	123477.0	133363.0
288	124658.0	133799.0
289	123536.0	132742.0
290	123557.0	134346.0
291	125478.0	134676.0
292	124262.0	132463.0
293	124480.0	134109.0
294	126075.0	134040.0
295	125200.0	133245.0
296	124806.0	134748.0
297	126914.0	134647.0
298	124896.0	133741.0
299	125229.0	134723.0
300	126582.0	135389.0
301	125362.0	134109.0
302	125701.0	135148.0
303	127185.0	135103.0
304	126023.0	134524.0
305	126550.0	135377.0
306	127304.0	135464.0
307	126076.0	134578.0
308	126465.0	135600.0
309	127942.0	136220.0
310	126705.0	134497.0
311	127027.0	136169.0
312	127759.0	136308.0
313	127322.0	134489.0
314	127551.0	135568.0
315	129032.0	135886.0
316	127259.0	134608.0
317	128185.0	136057.0
318	129397.0	135915.0
319	128283.0	134093.0
320	128398.0	135825.0
321	129432.0	135024.0
322	128908.0	133563.0
323	129383.0	135656.0
324	129957.0	134864.0
325	128164.0	134214.0
326	128828.0	135409.0
327	130562.0	134981.0
328	129740.0	133568.0
329	129283.0	134758.0
330	131002.0	134033.0
331	129542.0	133598.0
332	128778.0	133835.0
333	130729.0	133881.0
334	129350.0	132321.0
335	129205.0	133275.0
336	131096.0	133192.0
337	130617.0	132039.0
338	129905.0	132717.0
339	130891.0	132929.0
340	129703.0	131548.0
341	129878.0	131927.0
342	131639.0	132301.0
343	129519.0	130475.0
344	129853.0	131383.0
345	130772.0	131907.0
346	129949.0	130336.0
347	130461.0	130745.0
348	130676.0	130842.0
349	129723.0	129649.0
350	129921.0	130290.0
351	130526.0	129791.0
352	129867.0	128755.0
353	129464.0	130004.0
354	130626.0	129014.0
355	129284.0	128105.0
356	129626.0	128535.0
357	130833.0	128574.0
358	129462.0	127253.0
359	129852.0	129010.0
360	130760.0	127888.0
361	129486.0	126478.0
362	129056.0	127526.0
363	129606.0	127117.0
364	129247.0	125890.0
365	128513.0	126947.0
366	129369.0	126542.0
367	128494.0	126156.0
368	128852.0	126202.0
369	129677.0	125978.0
370	127915.0	124752.0
371	128376.0	125559.0
372	129473.0	125341.0
373	127678.0	124527.0
374	127495.0	124987.0
375	128161.0	124618.0
376	127380.0	124177.0
377	127258.0	124433.0
378	128334.0	124163.0
379	127130.0	123094.0
380	126096.0	124096.0
381	127886.0	123948.0
382	126716.0	122757.0
383	126656.0	123865.0
384	127271.0	123944.0
385	126157.0	123813.0
386	126587.0	123911.0
387	127461.0	123671.0
388	125680.0	122820.0
389	124903.0	123649.0
390	126260.0	123337.0
391	125463.0	122755.0
392	125712.0	123937.0
393	125895.0	123457.0
394	124884.0	121841.0
395	125074.0	123264.0
396	125279.0	123331.0
397	124311.0	122767.0
398	124300.0	123922.0
399	125136.0	123234.0
400	124292.0	122358.0
401	124307.0	123531.0
402	124362.0	123553.0
403	123759.0	123012.0
404	123985.0	123352.0
405	124279.0	124337.0
406	123573.0	122718.0
407	123403.0	124033.0
408	124593.0	123470.0
409	123176.0	122666.0
410	123398.0	123369.0
411	123784.0	123620.0
412	122515.0	123018.0
413	122768.0	123992.0
414	123132.0	124054.0
415	122383.0	123327.0
416	122716.0	124160.0
417	123300.0	124004.0
418	122778.0	123447.0
419	122788.0	124604.0
420	123603.0	125102.0
421	121832.0	124006.0
422	122269.0	125304.0
423	123181.0	125005.0
424	121960.0	124645.0
425	122841.0	124904.0
426	122881.0	125174.0
427	122137.0	124711.0
428	121589.0	125713.0
429	123651.0	125442.0
430	122176.0	124691.0
431	122471.0	126009.0
432	122916.0	126377.0
433	121760.0	125813.0
434	122493.0	126663.0
435	123080.0	125907.0
436	122430.0	125690.0
437	122391.0	126562.0
438	122916.0	126722.0
439	122014.0	126148.0
440	123029.0	127219.0
441	123456.0	126711.0
442	123172.0	125971.0
443	123112.0	126403.0
444	123270.0	127529.0
445	121968.0	126839.0
446	122772.0	127870.0
447	123338.0	128368.0
448	122743.0	127877.0
449	122500.0	128130.0
450	123539.0	128058.0
451	122590.0	127193.0
452	122528.0	128045.0
453	124019.0	128697.0
454	123350.0	127926.0
455	123893.0	128582.0
456	124219.0	129043.0
457	123376.0	127475.0
458	123089.0	129278.0
459	124289.0	128726.0
460	123264.0	128677.0
461	123135.0	129742.0
462	124756.0	129661.0
463	124182.0	128836.0
464	123978.0	129834.0
465	124827.0	129630.0
466	123738.0	128898.0
467	124339.0	128928.0
468	125076.0	130282.0
469	124198.0	129040.0
470	124236.0	129580.0
471	125633.0	130140.0
472	124858.0	129127.0
473	125503.0	130002.0
474	125537.0	130153.0
475	125263.0	128567.0
476	125217.0	129789.0
477	125976.0	130354.0
478	125577.0	129791.0
479	125677.0	130324.0
480	126098.0	129309.0
481	126363.0	129564.0
482	125631.0	130346.0
483	126663.0	130006.0
484	125830.0	128968.0
485	125900.0	129793.0
486	126641.0	129667.0
487	126014.0	129460.0
488	126108.0	130213.0
489	127124.0	130013.0
490	126212.0	128864.0
491	126668.0	130235.0
492	127009.0	130096.0
493	126506.0	128808.0
494	127140.0	129819.0
495	127491.0	130011.0
496	126627.0	128615.0
497	127523.0	130159.0
498	128249.0	129288.0
499	126407.0	128798.0
500	126984.0	129690.0
501	128488.0	129499.0
502	127523.0	127917.0
503	126836.0	129010.0
504	127716.0	128881.0
505	127539.0	128069.0
506	126871.0	128911.0
507	128655.0	128501.0
508	126862.0	128270.0
509	127582.0	128192.0
510	128810.0	128447.0
511	127162.0	127746.0
512	127451.0	128270.0
513	128162.0	128245.0
514	127590.0	126548.0
515	127447.0	128551.0
516	127725.0	128296.0
517	127118.0	127576.0
518	127525.0	127609.0
519	128512.0	127556.0
520	127971.0	125975.0
521	127266.0	127295.0
522	128423.0	127027.0
523	127517.0	126423.0
524	127017.0	126786.0
525	127842.0	126200.0
526	127403.0	125897.0
527	127056.0	126499.0
528	128404.0	126413.0
529	127869.0	125010.0
530	127655.0	125986.0
531	127638.0	126691.0
532	127244.0	125370.0
533	127556.0	126416.0
534	127850.0	125894.0
535	126665.0	125303.0
536	127400.0	125997.0
537	127598.0	124621.0
538	127223.0	124976.0
539	127275.0	125282.0
540	127601.0	124687.0
541	127082.0	124662.0
542	127090.0	125257.0
543	127140.0	124614.0
544	126980.0	124013.0
545	126382.0	124783.0
546	127579.0	125376.0
547	126979.0	123861.0
548	127021.0	124437.0
549	127050.0	124729.0
550	126882.0	123903.0
551	126418.0	124427.0
552	126923.0	124078.0
553	125736.0	123224.0
554	125932.0	124214.0
555	126599.0	124194.0
556	125821.0	123024.0
557	126408.0	123834.0
558	126874.0	124293.0
559	125143.0	122430.0
560	125502.0	123343.0
561	126243.0	124100.0
562	125796.0	122779.0
563	125728.0	123440.0
564	126041.0	124002.0
565	124775.0	122796.0
566	125537.0	123676.0
567	125995.0	123765.0
568	125187.0	122957.0
569	125313.0	123569.0
570	125989.0	123384.0
571	124408.0	122830.0
572	125048.0	123617.0
573	125848.0	123547.0
574	124938.0	122741.0
575	124726.0	123598.0
576	125588.0	123884.0
577	124264.0	123339.0
578	124565.0	123844.0
579	124802.0	123762.0
580	123533.0	122621.0
581	124656.0	124341.0
582	124653.0	124003.0
583	123961.0	123783.0
584	123960.0	123918.0
585	124703.0	123083.0
586	124105.0	123699.0
587	124290.0	123795.0
588	124252.0	123808.0
589	123268.0	123097.0
590	123345.0	124280.0
591	124432.0	124315.0
592	124582.0	123290.0
593	124065.0	124294.0
594	124544.0	124424.0
595	123600.0	123840.0
596	123153.0	124150.0
597	124421.0	124818.0
598	123527.0	123559.0
599	124106.0	125060.0
600	123886.0	124448.0
601	123370.0	124060.0
602	123793.0	124807.0
603	124095.0	125213.0
604	123824.0	124412.0
605	123810.0	124904.0
606	124048.0	125021.0
607	123560.0	124536.0
608	123541.0	125970.0
609	123471.0	125899.0
610	123587.0	124775.0
611	123464.0	126073.0
612	125084.0	125835.0
613	123482.0	125088.0
614	123153.0	125819.0
615	124201.0	125574.0
616	122967.0	125582.0
617	123300.0	125412.0
618	124706.0	126334.0
619	123898.0	125767.0
620	123763.0	126621.0
621	124465.0	126444.0
622	124219.0	125540.0
623	123355.0	126585.0
624	124192.0	126592.0
625	123919.0	125851.0
626	124323.0	126660.0
627	124641.0	126655.0
628	123921.0	126172.0
629	123948.0	126931.0
630	125044.0	127066.0
631	124291.0	126090.0
632	123712.0	127170.0
633	124584.0	126926.0
634	124024.0	126425.0
635	124233.0	127096.0
636	125589.0	127103.0
637	124270.0	127069.0
638	124431.0	127601.0
639	124526.0	127354.0
640	124423.0	125967.0
641	124203.0	126717.0
642	125313.0	127360.0
643	124266.0	126917.0
644	125018.0	127824.0
645	124750.0	127661.0
646	124600.0	127238.0
647	124890.0	127449.0
648	125607.0	127825.0
649	124375.0	127372.0
650	125200.0	127975.0
651	125576.0	127246.0
652	124720.0	126953.0
653	125162.0	127310.0
654	125696.0	127595.0
655	125600.0	126886.0
656	125857.0	127663.0
657	126118.0	127225.0
658	124891.0	126922.0
659	125213.0	127688.0
660	125948.0	127779.0
661	125159.0	127001.0
662	125299.0	127900.0
663	126325.0	127416.0
664	125726.0	126748.0
665	125628.0	127267.0
666	126294.0	127309.0
667	125571.0	126462.0
668	126158.0	127085.0
669	125965.0	127861.0
670	125803.0	127037.0
671	125853.0	127679.0
672	126619.0	127206.0
673	126450.0	126567.0
674	125989.0	126743.0
675	126493.0	126879.0
676	125737.0	125953.0
677	125711.0	126780.0
678	126683.0	126407.0
679	125993.0	126386.0
680	125734.0	126755.0
681	126678.0	127042.0
682	126324.0	125936.0
683	125818.0	126345.0
684	126043.0	127591.0
685	125418.0	126168.0
686	125618.0	126631.0
687	126879.0	126850.0
688	126234.0	126304.0
689	125568.0	127324.0
690	127092.0	126644.0
691	126028.0	125819.0
692	126016.0	125521.0
693	126309.0	126207.0
694	125535.0	125449.0
695	126047.0	126201.0
696	126594.0	126687.0
697	126389.0	125748.0
698	126119.0	126256.0
699	126827.0	125812.0
700	125936.0	124687.0
701	126155.0	125710.0
702	126444.0	125845.0
703	125487.0	125045.0
704	126019.0	126118.0
705	126356.0	125218.0
706	125625.0	125593.0
707	125841.0	125431.0
708	126342.0	125656.0
709	125931.0	125282.0
710	125774.0	124907.0
711	126189.0	125078.0
712	126099.0	124794.0
713	126081.0	124944.0
714	126308.0	125379.0
715	125642.0	123980.0
716	125487.0	125264.0
717	125434.0	125635.0
718	125105.0	124610.0
719	125887.0	125023.0
720	125877.0	124516.0
721	125497.0	124263.0
722	125420.0	124746.0
723	126216.0	124924.0
724	125813.0	124373.0
725	125176.0	124148.0
726	125752.0	124847.0
727	125040.0	124102.0
728	124952.0	124603.0
729	125886.0	124629.0
730	125094.0	123495.0
731	124974.0	124293.0
732	125641.0	124886.0
733	125185.0	123876.0
734	125225.0	124800.0
735	125161.0	124403.0
736	124978.0	123847.0
737	124883.0	124350.0
738	125755.0	124134.0
739	125782.0	123710.0
740	125029.0	124014.0
741	126052.0	124667.0
742	124445.0	123769.0
743	124302.0	124257.0
744	125273.0	124417.0
745	124642.0	123878.0
746	124449.0	124586.0
747	125033.0	124411.0
748	124296.0	123361.0
749	125137.0	124392.0
750	125171.0	124121.0
751	124824.0	123625.0
752	124739.0	124341.0
753	124585.0	123650.0
754	124087.0	123938.0
755	124435.0	124344.0
756	125301.0	124829.0
757	124807.0	123601.0
758	124649.0	124308.0
759	124310.0	123984.0
760	124153.0	123634.0
761	124118.0	124424.0
762	124313.0	124580.0
763	124269.0	124044.0
764	124285.0	124399.0
765	124917.0	125043.0
766	124642.0	123931.0
767	124054.0	124655.0
768	124555.0	124826.0
769	124123.0	123955.0
770	124224.0	125062.0
771	124772.0	125025.0
772	124147.0	123898.0
773	123362.0	125102.0
774	124531.0	124617.0
775	124255.0	124789.0
776	123964.0	125258.0
777	124586.0	125037.0
778	123960.0	124504.0
779	123766.0	125045.0
780	124672.0	125439.0
781	124914.0	124902.0
782	123962.0	125592.0
783	124758.0	125327.0
784	123813.0	124808.0
785	124187.0	125420.0
786	125045.0	125246.0
787	124106.0	124700.0
788	124349.0	125895.0
789	124277.0	125547.0
790	124512.0	125084.0
791	124932.0	125522.0
792	124851.0	126139.0
793	124850.0	124927.0
794	125280.0	125685.0
795	125622.0	125841.0
796	124155.0	124824.0
797	124731.0	125737.0
798	125292.0	125435.0
799	124565.0	124872.0
800	124602.0	125677.0
801	124795.0	126011.0
802	123734.0	125313.0
803	124594.0	125423.0
804	124753.0	125690.0
805	125063.0	125332.0
806	124238.0	126215.0
807	124774.0	125260.0
808	124742.0	125797.0
809	124669.0	125786.0
810	125000.0	126855.0
811	124656.0	125231.0
812	124507.0	126308.0
813	125190.0	126530.0
814	124392.0	126669.0
815	124478.0	126205.0
816	125323.0	126421.0
817	125334.0	126155.0
818	124798.0	125760.0
819	124594.0	126417.0
820	124479.0	125559.0
821	124425.0	126423.0
822	124629.0	126583.0
823	125166.0	125433.0
824	124826.0	126649.0
825	125759.0	126967.0
826	125199.0	125416.0
827	124958.0	126484.0
828	125392.0	126625.0
829	124194.0	125770.0
830	124292.0	125799.0
831	124616.0	126170.0
832	124577.0	125545.0
833	124601.0	126486.0
834	125551.0	126731.0
835	124733.0	125493.0
836	124982.0	126306.0
837	125887.0	126328.0
838	125144.0	125720.0
839	125241.0	126758.0
840	125699.0	125985.0
841	125107.0	126207.0
842	124706.0	126004.0
843	125876.0	126521.0
844	125352.0	125745.0
845	125519.0	125886.0
846	125564.0	125836.0
847	125525.0	125495.0
848	124758.0	125813.0
849	125421.0	125618.0
850	125431.0	125570.0
851	125060.0	126197.0
852	125528.0	125930.0
853	125364.0	125154.0
854	125471.0	125202.0
855	125130.0	125825.0
856	125029.0	125749.0
857	125026.0	125534.0
858	125314.0	125348.0
859	124843.0	125019.0
860	125450.0	125471.0
861	125595.0	125007.0
862	124336.0	125025.0
863	124661.0	125451.0
864	125077.0	126098.0
865	124548.0	125763.0
866	124440.0	125935.0
867	125955.0	125841.0
868	125224.0	125046.0
869	124904.0	125773.0
870	125534.0	125177.0
871	124637.0	125051.0
872	124875.0	125710.0
873	125108.0	125598.0
874	125017.0	124735.0
875	124302.0	125392.0
876	124772.0	125396.0
877	124270.0	125015.0
878	124862.0	124970.0
879	124998.0	125476.0
880	124938.0	124679.0
881	124731.0	124930.0
882	124375.0	125070.0
883	124848.0	125020.0
884	124946.0	124920.0
885	124777.0	125144.0
886	125337.0	124837.0
887	124738.0	125215.0
888	125399.0	124907.0
889	124194.0	124580.0
890	124141.0	124830.0
891	124737.0	125111.0
892	124567.0	125022.0
893	124499.0	124879.0
894	125211.0	124777.0
895	124978.0	124215.0
896	124754.0	125176.0
897	124555.0	124423.0
898	124148.0	124421.0
899	124901.0	125291.0
900	124983.0	124774.0
901	124580.0	124582.0
902	124604.0	124689.0
903	124585.0	124497.0
904	124795.0	123982.0
905	124196.0	124626.0
906	125180.0	124211.0
907	124063.0	124638.0
908	124583.0	124722.0
909	124577.0	124267.0
910	124184.0	124598.0
911	124342.0	125164.0
912	124218.0	125076.0
913	124278.0	124026.0
914	124068.0	124411.0
915	124763.0	124714.0
916	124313.0	124518.0
917	124143.0	124878.0
918	124012.0	124933.0
919	124328.0	124450.0
920	123684.0	124953.0
921	124834.0	124765.0
922	123985.0	124281.0
923	124158.0	124714.0
924	123771.0	124525.0
925	123968.0	123759.0
926	123937.0	125091.0
927	124468.0	124642.0
928	124196.0	124063.0
929	123956.0	124301.0
930	124279.0	124809.0
931	124146.0	124224.0
932	124159.0	124680.0
933	124718.0	125255.0
934	123901.0	124224.0
935	124191.0	124997.0
936	124726.0	125098.0
937	123850.0	124685.0
938	124058.0	124875.0
939	124115.0	124888.0
940	123393.0	124122.0
941	123797.0	124495.0
942	124454.0	124730.0
943	124063.0	125089.0
944	124150.0	124712.0
945	124066.0	125042.0
946	124125.0	124738.0
947	124553.0	124983.0
948	124377.0	125177.0
949	124321.0	124332.0
950	123864.0	125059.0
951	124091.0	124880.0
952	124264.0	124550.0
953	123876.0	125217.0
954	124401.0	124979.0
955	123816.0	124549.0
956	124032.0	125560.0
957	124394.0	125506.0
958	123846.0	125174.0
959	124361.0	124774.0
960	124340.0	125203.0
961	124047.0	124814.0
962	124021.0	125259.0
963	124160.0	125169.0
964	124786.0	124899.0
965	124828.0	125053.0
966	124612.0	124798.0
967	123874.0	124529.0
968	124468.0	124994.0
969	124739.0	125271.0
970	124215.0	125569.0
971	123903.0	125113.0
972	124523.0	125115.0
973	123954.0	124678.0
974	124749.0	125489.0
975	124131.0	125905.0
976	124393.0	124578.0
977	123860.0	125624.0
978	124467.0	125398.0
979	124571.0	125322.0
980	124682.0	125095.0
981	124993.0	125308.0
982	124814.0	124941.0
983	124387.0	124915.0
984	124574.0	124977.0
985	124590.0	125110.0
986	124676.0	125320.0
987	124491.0	125301.0
988	124200.0	125024.0
989	124140.0	125069.0
990	124765.0	126122.0
991	123830.0	125509.0
992	124217.0	125051.0
993	125388.0	125283.0
994	124280.0	124779.0
995	124531.0	125130.0
996	124612.0	125041.0
997	124304.0	125598.0
998	124728.0	125228.0
999	124719.0	125074.0
1000	124680.0	124679.0
1001	123802.0	124622.0
1002	124783.0	124871.0
1003	124351.0	124822.0
1004	125182.0	125566.0
1005	124709.0	125613.0
1006	123835.0	124983.0
1007	124568.0	125169.0
1008	124922.0	125642.0
1009	124875.0	124752.0
1010	124040.0	124957.0
1011	124418.0	124993.0
1012	123573.0	124623.0
1013	123902.0	125411.0
1014	124713.0	125225.0
1015	124487.0	124694.0
1016	124465.0	125464.0
1017	124478.0	125568.0
1018	123619.0	124737.0
1019	124464.0	124931.0
1020	124803.0	124983.0
1021	124164.0	124928.0
1022	124882.0	124665.0
1023	124530.0	124739.0
1024	124408.0	124816.0
1025	123706.0	124954.0
1026	124303.0	125479.0
1027	124591.0	125187.0
1028	124861.0	125187.0
1029	124177.0	124807.0
1030	124347.0	124502.0
1031	124290.0	125047.0
1032	124510.0	124749.0
1033	124456.0	124166.0
1034	124365.0	125290.0
1035	124510.0	124604.0
1036	124788.0	124323.0
1037	123684.0	124549.0
1038	124680.0	123969.0
1039	123955.0	124758.0
1040	124250.0	124806.0
1041	124381.0	124640.0
1042	124304.0	124597.0
1043	123649.0	124619.0
1044	123998.0	124896.0
1045	123768.0	124073.0
1046	123975.0	125181.0
1047	124652.0	125050.0
1048	124258.0	124388.0
1049	124313.0	124482.0
1050	124695.0	124659.0
1051	124446.0	124887.0
1052	124042.0	124668.0
1053	124100.0	124131.0
1054	123919.0	123705.0
1055	123717.0	125054.0
1056	123652.0	124280.0
1057	124438.0	124104.0
1058	124441.0	124543.0
1059	124082.0	124807.0
1060	124062.0	124248.0
1061	123788.0	124546.0
1062	124762.0	124514.0
1063	123777.0	124234.0
1064	123771.0	124299.0
1065	124005.0	124530.0
1066	123619.0	124466.0
1067	123040.0	124395.0
1068	124090.0	124738.0
1069	123911.0	124609.0
1070	123482.0	124709.0
1071	123992.0	124185.0
1072	123781.0	124382.0
1073	124615.0	123855.0
1074	124193.0	124437.0
1075	124176.0	124214.0
1076	123805.0	123895.0
1077	123862.0	124951.0
1078	123882.0	124201.0
1079	123781.0	124005.0
1080	123969.0	124298.0
1081	124085.0	124463.0
1082	123828.0	124415.0
1083	123918.0	123834.0
1084	123949.0	124027.0
1085	123393.0	124307.0
1086	123891.0	124414.0
1087	123651.0	124116.0
1088	123670.0	124879.0
1089	124268.0	124868.0
1090	123133.0	123501.0
1091	123599.0	124188.0
1092	123473.0	124792.0
1093	123555.0	124142.0
1094	123028.0	124248.0
1095	123815.0	124830.0
1096	123566.0	123851.0
1097	124054.0	124721.0
1098	123812.0	124523.0
1099	123458.0	123925.0
1100	123288.0	124225.0
1101	124148.0	124816.0
1102	123144.0	124077.0
1103	123853.0	124768.0
1104	123861.0	124068.0
1105	123498.0	124065.0
1106	123410.0	124214.0
1107	123949.0	124512.0
1108	123355.0	124753.0
1109	123857.0	124751.0
1110	123853.0	124736.0
1111	123390.0	124536.0
1112	123772.0	124187.0
1113	123730.0	124488.0
1114	123600.0	124660.0
1115	123216.0	124396.0
1116	123851.0	124783.0
1117	124182.0	124230.0
1118	123499.0	124439.0
1119	123890.0	124799.0
1120	123778.0	124475.0
1121	123522.0	124717.0
1122	124017.0	125191.0
1123	123528.0	124727.0
1124	123285.0	124405.0
1125	124569.0	124612.0
1126	124112.0	124739.0
1127	123464.0	124597.0
1128	124212.0	124607.0
1129	123562.0	124385.0
1130	124360.0	124954.0
1131	123796.0	125048.0
1132	123732.0	124211.0
1133	123747.0	124735.0
1134	124165.0	124324.0
1135	123549.0	124226.0
1136	123566.0	124658.0
1137	123713.0	124678.0
1138	123875.0	124576.0
1139	123803.0	124396.0
1140	124469.0	124750.0
1141	123642.0	124384.0
1142	123730.0	124026.0
1143	124083.0	124097.0
1144	123381.0	123977.0
1145	123951.0	124472.0
1146	124275.0	124803.0
1147	123761.0	124153.0
1148	123792.0	124146.0
1149	124016.0	125116.0
1150	123811.0	124239.0
1151	124241.0	124175.0
1152	123930.0	124752.0
1153	123929.0	124507.0
1154	123095.0	125062.0
1155	123913.0	124432.0
1156	123790.0	124459.0
1157	123881.0	124890.0
1158	123992.0	124806.0
1159	123919.0	123814.0
1160	123787.0	124793.0
1161	123419.0	124736.0
1162	123647.0	124649.0
1163	123519.0	124554.0
1164	124430.0	124601.0
1165	123349.0	124613.0
1166	123644.0	124550.0
1167	123608.0	124579.0
1168	123861.0	124341.0
1169	123870.0	124292.0
1170	123966.0	124069.0
1171	123703.0	124228.0
1172	123463.0	125194.0
1173	123643.0	124410.0
1174	123717.0	124081.0
1175	123652.0	124239.0
1176	124025.0	124017.0
1177	124159.0	124256.0
1178	124042.0	124154.0
1179	123842.0	124450.0
1180	123796.0	124044.0
1181	123460.0	124442.0
1182	124271.0	124636.0
1183	124277.0	124278.0
1184	123978.0	124389.0
1185	123749.0	123853.0
1186	123273.0	124455.0
1187	123822.0	124606.0
1188	123735.0	124318.0
1189	123829.0	124368.0
1190	123683.0	124724.0
1191	123425.0	124099.0
1192	123827.0	123560.0
1193	123603.0	124059.0
1194	123887.0	124251.0
1195	123303.0	123919.0
1196	123387.0	124755.0
1197	122970.0	124032.0
1198	123395.0	123973.0
1199	123162.0	124230.0
1200	123667.0	124101.0
1201	123865.0	123733.0
1202	123331.0	124056.0
1203	123316.0	123735.0
1204	124079.0	123512.0
1205	123510.0	124238.0
1206	123121.0	124284.0
1207	123235.0	124045.0
1208	123587.0	123967.0
1209	123724.0	124384.0
1210	123494.0	124063.0
1211	123315.0	124385.0
1212	124163.0	123617.0
1213	123957.0	123620.0
1214	123004.0	124501.0
1215	123542.0	123961.0
1216	123370.0	123946.0
1217	123564.0	124067.0
1218	123067.0	123589.0
1219	123340.0	123578.0
1220	123377.0	123958.0
1221	123882.0	123982.0
1222	123484.0	123375.0
1223	123156.0	123686.0
1224	123697.0	123302.0
1225	123162.0	123563.0
1226	123719.0	123994.0
1227	123720.0	124240.0
1228	122941.0	123743.0
1229	123014.0	124140.0
1230	123205.0	123852.0
1231	123100.0	123592.0
1232	123222.0	123745.0
1233	123147.0	124014.0
1234	123525.0	123295.0
1235	123124.0	123840.0
1236	123640.0	124137.0
1237	123481.0	123855.0
1238	122281.0	123256.0
1239	122784.0	124129.0
1240	123074.0	123362.0
1241	123446.0	124020.0
1242	122918.0	123883.0
1243	123617.0	123610.0
1244	123181.0	123977.0
1245	123663.0	123862.0
1246	123016.0	123473.0
1247	122777.0	124389.0
1248	123427.0	123832.0
1249	122907.0	123325.0
1250	123457.0	123686.0
1251	123229.0	123467.0
1252	123372.0	123876.0
1253	123074.0	123637.0
1254	122787.0	123722.0
1255	123388.0	123546.0
1256	123057.0	123873.0
1257	123027.0	123675.0
1258	123230.0	123250.0
1259	123068.0	124369.0
1260	123280.0	124460.0
1261	123658.0	123495.0
1262	122780.0	123585.0
1263	122927.0	123895.0
1264	123024.0	123881.0
1265	122705.0	123480.0
1266	122976.0	124534.0
1267	123471.0	123943.0
1268	123049.0	124093.0
1269	122912.0	123822.0
1270	122685.0	123714.0
1271	122694.0	123804.0
1272	123008.0	123837.0
1273	123145.0	123453.0
1274	123045.0	123421.0
1275	123622.0	123860.0
1276	123016.0	123518.0
1277	122689.0	124478.0
1278	123378.0	124171.0
1279	122612.0	123281.0
1280	122905.0	123909.0
1281	123487.0	123645.0
1282	123061.0	124144.0
1283	123250.0	124118.0
1284	123188.0	123718.0
1285	122905.0	123874.0
1286	123484.0	124400.0
1287	123260.0	123652.0
1288	123458.0	123965.0
1289	123404.0	123609.0
1290	123570.0	123526.0
1291	123062.0	123662.0
1292	123207.0	123692.0
1293	122742.0	124967.0
1294	123188.0	123836.0
1295	122774.0	123838.0
1296	123463.0	123637.0
1297	123523.0	124212.0
1298	123584.0	124132.0
1299	122926.0	123256.0
1300	122968.0	123699.0
1301	123365.0	123902.0
1302	123863.0	123934.0
1303	124225.0	123860.0
1304	123047.0	123937.0
1305	123058.0	123922.0
1306	123011.0	123242.0
1307	122558.0	123956.0
1308	123003.0	124818.0
1309	123337.0	123669.0
1310	123726.0	123687.0
1311	123525.0	123419.0
1312	123155.0	124108.0
1313	122487.0	124050.0
1314	123590.0	124180.0
1315	122996.0	124214.0
1316	123562.0	124077.0
1317	123574.0	123632.0
1318	122583.0	123938.0
1319	123400.0	124020.0
1320	123420.0	123793.0
1321	123008.0	124039.0
1322	123579.0	124431.0
1323	124302.0	123678.0
1324	123821.0	124296.0
1325	122952.0	123979.0
1326	123845.0	123939.0
1327	123312.0	123523.0
1328	122869.0	123844.0
1329	123124.0	124417.0
1330	122783.0	123598.0
1331	123002.0	124038.0
1332	122873.0	123653.0
1333	122866.0	123699.0
1334	122806.0	124103.0
1335	123309.0	124062.0
1336	122554.0	123520.0
1337	123250.0	123757.0
1338	123548.0	123759.0
1339	123347.0	123424.0
1340	123774.0	123740.0
1341	123489.0	124194.0
1342	122831.0	123494.0
1343	122695.0	123925.0
1344	123017.0	124011.0
1345	123146.0	123492.0
1346	122712.0	123538.0
1347	123098.0	123967.0
1348	122903.0	123751.0
1349	124024.0	124011.0
1350	123420.0	123839.0
1351	123274.0	123245.0
1352	122388.0	123278.0
1353	122716.0	123201.0
1354	123323.0	123462.0
1355	122987.0	123877.0
1356	123192.0	123550.0
1357	123231.0	123358.0
1358	123090.0	123656.0
1359	122797.0	124303.0
1360	123052.0	123332.0
1361	122983.0	124089.0
1362	122517.0	123980.0
1363	122608.0	123188.0
1364	122400.0	124272.0
1365	123361.0	123703.0
1366	123646.0	123638.0
1367	123211.0	123712.0
1368	123346.0	123860.0
1369	123180.0	123448.0
1370	122858.0	122897.0
1371	122971.0	123719.0
1372	123140.0	123406.0
1373	123062.0	123619.0
1374	122822.0	123224.0
1375	122435.0	123677.0
1376	122589.0	123469.0
1377	122635.0	123548.0
1378	122876.0	123960.0
1379	122489.0	123516.0
1380	122920.0	123373.0
1381	122802.0	123434.0
1382	122585.0	123378.0
1383	123120.0	123877.0
1384	122859.0	123484.0
1385	123099.0	123232.0
1386	123057.0	123336.0
1387	122743.0	123243.0
1388	123048.0	122990.0
1389	122636.0	123690.0
1390	122001.0	123134.0
1391	122394.0	123445.0
1392	122765.0	123116.0
1393	123011.0	123339.0
1394	122770.0	123336.0
1395	123026.0	123528.0
1396	122925.0	122504.0
1397	122670.0	123820.0
1398	122291.0	123295.0
1399	122641.0	123855.0
1400	122158.0	123584.0
1401	123168.0	122825.0
1402	122788.0	122969.0
1403	123032.0	122930.0
1404	122738.0	122935.0
1405	122854.0	122917.0
1406	122159.0	122911.0
1407	122726.0	123078.0
1408	122743.0	122618.0
1409	122447.0	123372.0
1410	122661.0	123437.0
1411	122594.0	122287.0
1412	122573.0	123023.0
1413	122503.0	123262.0
1414	122143.0	123166.0
1415	121821.0	123342.0
1416	122203.0	123773.0
1417	122665.0	123188.0
1418	122495.0	123002.0
1419	122347.0	123189.0
1420	122754.0	123455.0
1421	122405.0	123537.0
1422	122406.0	123050.0
1423	122249.0	123168.0
1424	122677.0	123367.0
1425	122646.0	123609.0
1426	122716.0	122777.0
1427	122419.0	123615.0
1428	122568.0	123356.0
1429	122840.0	123202.0
1430	122729.0	122526.0
1431	122443.0	123277.0
1432	122804.0	123595.0
1433	122288.0	123232.0
1434	122816.0	123063.0
1435	122417.0	123518.0
1436	122265.0	123245.0
1437	122494.0	122880.0
1438	122203.0	122813.0
1439	122296.0	123809.0
1440	122440.0	123668.0
1441	122210.0	123134.0
1442	122464.0	123725.0
1443	122699.0	123416.0
1444	122477.0	122681.0
1445	122391.0	123427.0
1446	122533.0	122994.0
1447	122328.0	123370.0
1448	122737.0	122978.0
1449	122934.0	123659.0
1450	122757.0	123063.0
1451	122397.0	122941.0
1452	122760.0	123242.0
1453	122629.0	123455.0
1454	122879.0	123524.0
1455	122612.0	123841.0
1456	122058.0	123865.0
1457	122732.0	123391.0
1458	122976.0	123583.0
1459	122822.0	123687.0
1460	122128.0	123304.0
1461	123075.0	122906.0
1462	122420.0	123526.0
1463	122661.0	123402.0
1464	122330.0	123197.0
1465	122758.0	123444.0
1466	122234.0	123153.0
1467	122660.0	123506.0
1468	122041.0	123099.0
1469	122383.0	123090.0
1470	122809.0	123606.0
1471	123028.0	123890.0
1472	122342.0	123445.0
1473	123336.0	122442.0
1474	123194.0	122803.0
1475	122741.0	122835.0
1476	122849.0	122950.0
1477	122040.0	123117.0
1478	122418.0	123604.0
1479	122697.0	123409.0
1480	122564.0	123323.0
1481	122577.0	123140.0
1482	123341.0	123354.0
1483	123798.0	123432.0
1484	123337.0	123102.0
1485	122212.0	123521.0
1486	121838.0	123320.0
1487	122993.0	123726.0
1488	123118.0	122655.0
1489	122791.0	123085.0
1490	122740.0	123062.0
1491	123343.0	122864.0
1492	123077.0	122792.0
1493	123050.0	122545.0
1494	122566.0	123495.0
1495	122348.0	123061.0
1496	123139.0	123294.0
1497	122571.0	123090.0
1498	122733.0	123512.0
1499	123003.0	123286.0
1500	123380.0	123123.0
1501	122184.0	123252.0
1502	122484.0	123328.0
1503	123332.0	123921.0
1504	122613.0	123272.0
1505	122432.0	123233.0
1506	122709.0	123203.0
1507	122673.0	123263.0
1508	122513.0	123012.0
1509	122646.0	123158.0
1510	122858.0	122711.0
1511	122230.0	123044.0
1512	122508.0	123098.0
1513	123447.0	122635.0
1514	121790.0	122827.0
1515	122713.0	123067.0
1516	122735.0	122464.0
1517	122015.0	123088.0
1518	122781.0	123245.0
1519	122409.0	122802.0
1520	122455.0	122709.0
1521	122315.0	122859.0
1522	122868.0	122706.0
1523	123144.0	123386.0
1524	122835.0	122783.0
1525	122643.0	122881.0
1526	122435.0	122971.0
1527	122286.0	122862.0
1528	122273.0	122613.0
1529	122169.0	122545.0
1530	122883.0	123249.0
1531	122716.0	123280.0
1532	122026.0	122972.0
1533	122461.0	122928.0
1534	121825.0	122819.0
1535	122211.0	122619.0
1536	122233.0	122764.0
1537	121326.0	123539.0
1538	122465.0	123176.0
1539	122540.0	123220.0
1540	122764.0	122712.0
1541	122850.0	123618.0
1542	122836.0	123588.0
1543	122579.0	122822.0
1544	122069.0	123087.0
1545	122641.0	123080.0
1546	122613.0	123325.0
1547	122298.0	123255.0
1548	122347.0	123060.0
1549	122697.0	122739.0
1550	122318.0	122393.0
1551	122566.0	123128.0
1552	122490.0	122441.0
1553	122266.0	122933.0
1554	122661.0	122993.0
1555	122484.0	122726.0
1556	122391.0	122902.0
1557	122301.0	123048.0
1558	121869.0	122481.0
1559	122056.0	122951.0
1560	122054.0	123371.0
1561	122034.0	122500.0
1562	122382.0	123014.0
1563	121886.0	123215.0
1564	122141.0	123241.0
1565	121845.0	122805.0
1566	122210.0	122717.0
1567	121614.0	122830.0
1568	122028.0	122705.0
1569	121757.0	123015.0
1570	122446.0	122855.0
1571	122643.0	122361.0
1572	122772.0	122999.0
1573	122654.0	122729.0
1574	122600.0	122542.0
1575	122016.0	122416.0
1576	122385.0	122725.0
1577	122043.0	122575.0
1578	122203.0	122662.0
1579	122026.0	122533.0
1580	121534.0	122463.0
1581	122428.0	122775.0
1582	122039.0	122380.0
1583	122046.0	122329.0
1584	122063.0	122482.0
1585	122115.0	122698.0
1586	122290.0	122517.0
1587	122040.0	122876.0
1588	121872.0	122810.0
1589	122366.0	122880.0
1590	122617.0	122803.0
1591	122428.0	122706.0
1592	122637.0	122574.0
1593	122175.0	123151.0
1594	122372.0	122986.0
1595	122074.0	122801.0
1596	122184.0	123269.0
1597	122485.0	122641.0
1598	121446.0	121814.0
1599	121981.0	122453.0
1600	121752.0	122243.0
1601	122398.0	122678.0
1602	122258.0	122126.0
1603	121630.0	121924.0
1604	122293.0	122371.0
1605	122613.0	123136.0
1606	122267.0	123258.0
1607	122180.0	123394.0
1608	122068.0	122753.0
1609	122396.0	122501.0
1610	122407.0	123051.0
1611	122543.0	123042.0
1612	121887.0	122383.0
1613	122214.0	123044.0
1614	122353.0	122993.0
1615	121552.0	122498.0
1616	121846.0	123037.0
1617	121750.0	122843.0
1618	121670.0	122629.0
1619	122177.0	123188.0
1620	122044.0	122813.0
1621	121349.0	122874.0
1622	122626.0	122582.0
1623	122241.0	122577.0
1624	122409.0	123089.0
1625	122089.0	123211.0
1626	122296.0	122943.0
1627	122299.0	122791.0
1628	122020.0	122836.0
1629	122248.0	122722.0
1630	121914.0	122596.0
1631	121880.0	123239.0
1632	121547.0	122903.0
1633	122106.0	122625.0
1634	122241.0	122593.0
1635	122640.0	123012.0
1636	122243.0	122490.0
1637	122263.0	123096.0
1638	122872.0	122882.0
1639	122306.0	122610.0
1640	121912.0	122696.0
1641	122396.0	122875.0
1642	122618.0	122846.0
1643	122492.0	122687.0
1644	122588.0	122713.0
1645	122249.0	122825.0
1646	122158.0	122743.0
1647	122117.0	123143.0
1648	122364.0	122601.0
1649	122047.0	123180.0
1650	122493.0	122936.0
1651	121979.0	122903.0
1652	122733.0	122631.0
1653	122348.0	123403.0
1654	122345.0	123057.0
1655	122616.0	122933.0
1656	122557.0	122620.0
1657	122202.0	122684.0
1658	121936.0	122282.0
1659	122141.0	122656.0
1660	122149.0	122687.0
1661	122025.0	123064.0
1662	122525.0	122802.0
1663	122210.0	122438.0
1664	121537.0	122719.0
1665	122342.0	123274.0
1666	122161.0	122844.0
1667	122061.0	122966.0
1668	122044.0	122153.0
1669	122072.0	122224.0
1670	122387.0	122149.0
1671	122362.0	122215.0
1672	122210.0	122420.0
1673	122057.0	122200.0
1674	122552.0	122667.0
1675	121863.0	122311.0
1676	121526.0	122767.0
1677	121983.0	122619.0
1678	122284.0	122191.0
1679	121686.0	123089.0
1680	122260.0	122894.0
1681	121889.0	123076.0
1682	122432.0	122416.0
1683	122524.0	122627.0
1684	122019.0	121981.0
1685	121967.0	122942.0
1686	122207.0	122134.0
1687	122012.0	122733.0
1688	122424.0	122802.0
1689	122131.0	122615.0
1690	122019.0	122572.0
1691	121960.0	122638.0
1692	122262.0	122727.0
1693	121968.0	121989.0
1694	122272.0	122444.0
1695	122002.0	122381.0
1696	122456.0	122873.0
1697	122241.0	122490.0
1698	122073.0	122295.0
1699	121656.0	122285.0
1700	122168.0	122440.0
1701	122299.0	122726.0
1702	122592.0	122308.0
1703	122237.0	122445.0
1704	122104.0	122676.0
1705	122002.0	122241.0
1706	122229.0	122444.0
1707	122062.0	122789.0
1708	122422.0	122059.0
1709	121830.0	122510.0
1710	121955.0	122048.0
1711	121610.0	122300.0
1712	121472.0	122366.0
1713	121855.0	122356.0
1714	122154.0	122246.0
1715	122828.0	122152.0
1716	121925.0	121882.0
1717	121754.0	121673.0
1718	122055.0	122213.0
1719	122140.0	122111.0
1720	121512.0	121940.0
1721	121113.0	122124.0
1722	121674.0	122088.0
1723	121689.0	122479.0
1724	121195.0	122042.0
1725	121891.0	122511.0
1726	121265.0	122534.0
1727	121917.0	122523.0
1728	122492.0	122413.0
1729	122117.0	122824.0
1730	121820.0	122140.0
1731	122284.0	122453.0
1732	121700.0	122261.0
1733	121822.0	122995.0
1734	121596.0	121956.0
1735	121710.0	121917.0
1736	122368.0	121952.0
1737	122261.0	122150.0
1738	122158.0	122672.0
1739	121872.0	122227.0
1740	122302.0	122530.0
1741	121725.0	121846.0
1742	121827.0	121850.0
1743	121411.0	121847.0
1744	121999.0	122237.0
1745	122011.0	122474.0
1746	122455.0	122540.0
1747	122278.0	122521.0
1748	121999.0	121992.0
1749	121778.0	122312.0
1750	121755.0	122216.0
1751	121297.0	122267.0
1752	122308.0	122504.0
1753	121131.0	122496.0
1754	121605.0	122170.0
1755	121929.0	122415.0
1756	121912.0	122368.0
1757	121946.0	121872.0
1758	121763.0	121893.0
1759	122297.0	121969.0
1760	121524.0	122345.0
1761	121983.0	122185.0
1762	121197.0	121896.0
1763	121811.0	122198.0
1764	121555.0	122050.0
1765	122303.0	121456.0
1766	121436.0	122141.0
1767	122290.0	121963.0
1768	120685.0	122058.0
1769	121851.0	121832.0
1770	121901.0	122048.0
1771	121833.0	121898.0
1772	121790.0	122564.0
1773	122251.0	122651.0
1774	121193.0	122412.0
1775	121979.0	122238.0
1776	121434.0	122334.0
1777	121415.0	121761.0
1778	121487.0	121798.0
1779	121527.0	122039.0
1780	122427.0	122173.0
1781	121282.0	122476.0
1782	121894.0	122769.0
1783	121785.0	122341.0
1784	121789.0	122123.0
1785	121943.0	122281.0
1786	121679.0	122125.0
1787	121485.0	122346.0
1788	121610.0	122504.0
1789	121638.0	122122.0
1790	121602.0	121949.0
1791	121810.0	122907.0
1792	121833.0	122655.0
1793	121938.0	122476.0
1794	122219.0	122128.0
1795	121951.0	121831.0
1796	122369.0	122259.0
1797	121883.0	122095.0
1798	122212.0	122089.0
1799	121521.0	122336.0
1800	121937.0	122191.0
1801	121648.0	122144.0
1802	122165.0	122661.0
1803	121548.0	121957.0
1804	121793.0	121901.0
1805	121962.0	122146.0
1806	121620.0	122622.0
1807	121613.0	121755.0
1808	122186.0	122081.0
1809	122037.0	122090.0
1810	121810.0	122310.0
1811	121856.0	122144.0
1812	121710.0	121890.0
1813	121838.0	122335.0
1814	122028.0	122368.0
1815	122114.0	122086.0
1816	122207.0	122141.0
1817	122118.0	122162.0
1818	121719.0	122237.0
1819	121407.0	121931.0
1820	121703.0	121297.0
1821	121967.0	122125.0
1822	121779.0	122419.0
1823	121770.0	122326.0
1824	121939.0	122663.0
1825	121550.0	122192.0
1826	121882.0	122470.0
1827	122198.0	121789.0
1828	122200.0	122347.0
1829	122353.0	122728.0
1830	121805.0	121275.0
1831	121941.0	121520.0
1832	121794.0	120877.0
1833	121333.0	122094.0
1834	121303.0	122193.0
1835	121729.0	122188.0
1836	122435.0	122298.0
1837	121543.0	122230.0
1838	121598.0	122583.0
1839	121940.0	122333.0
1840	121932.0	122291.0
1841	122437.0	122569.0
1842	122150.0	122277.0
1843	121741.0	122045.0
1844	121493.0	122245.0
1845	121900.0	121324.0
1846	121914.0	122108.0
1847	121782.0	121931.0
1848	121627.0	123140.0
1849	121706.0	121999.0
1850	121121.0	122105.0
1851	121578.0	122082.0
1852	121162.0	121970.0
1853	121427.0	122349.0
1854	122495.0	122035.0
1855	121970.0	122111.0
1856	121388.0	122249.0
1857	121638.0	121914.0
1858	121355.0	122186.0
1859	121694.0	122393.0
1860	121960.0	122049.0
1861	121809.0	121774.0
1862	121588.0	122276.0
1863	121809.0	121852.0
1864	121523.0	121861.0
1865	121448.0	122160.0
1866	121410.0	121731.0
1867	121524.0	121395.0
1868	121709.0	121865.0
1869	121755.0	122498.0
1870	121121.0	122249.0
1871	121612.0	122023.0
1872	121158.0	121682.0
1873	121377.0	121649.0
1874	121388.0	121828.0
1875	121582.0	121755.0
1876	121328.0	121842.0
1877	121055.0	121656.0
1878	121454.0	121842.0
1879	122498.0	122168.0
1880	121816.0	121966.0
1881	122136.0	121678.0
1882	121300.0	121971.0
1883	121144.0	121372.0
1884	121601.0	121963.0
1885	121523.0	121933.0
1886	121492.0	121875.0
1887	121458.0	121663.0
1888	121330.0	122174.0
1889	121131.0	122273.0
1890	121743.0	121641.0
1891	121409.0	121384.0
1892	121715.0	121732.0
1893	121308.0	121827.0
1894	121059.0	121764.0
1895	121308.0	122131.0
1896	121423.0	121805.0
1897	121368.0	122253.0
1898	121442.0	121927.0
1899	121603.0	121776.0
1900	121674.0	121819.0
1901	121157.0	122009.0
1902	121498.0	122295.0
1903	121449.0	121463.0
1904	120665.0	121898.0
1905	121208.0	121759.0
1906	121640.0	121712.0
1907	121396.0	121901.0
1908	121487.0	121743.0
1909	121571.0	122155.0
1910	121401.0	121894.0
1911	121486.0	121547.0
1912	120703.0	121977.0
1913	121645.0	121808.0
1914	121108.0	122170.0
1915	121208.0	121617.0
1916	121661.0	122143.0
1917	121290.0	121821.0
1918	121275.0	121791.0
1919	121503.0	121759.0
1920	121459.0	122278.0
1921	121499.0	122221.0
1922	121821.0	121989.0
1923	121380.0	121798.0
1924	120941.0	121697.0
1925	120829.0	122045.0
1926	121059.0	121677.0
1927	120983.0	122151.0
1928	121793.0	122095.0
1929	121265.0	122142.0
1930	121523.0	122306.0
1931	121912.0	121525.0
1932	120690.0	121616.0
1933	121035.0	121603.0
1934	121229.0	121885.0
1935	121466.0	121401.0
1936	121356.0	121620.0
1937	121027.0	122050.0
1938	121427.0	122519.0
1939	120935.0	121931.0
1940	121410.0	121656.0
1941	121114.0	121514.0
1942	120650.0	121290.0
1943	121071.0	121724.0
1944	121298.0	122137.0
1945	121373.0	122648.0
1946	121411.0	121965.0
1947	121154.0	121678.0
1948	121562.0	121809.0
1949	121110.0	122324.0
1950	121339.0	122303.0
1951	121229.0	122245.0
1952	121227.0	121554.0
1953	121356.0	122265.0
1954	121918.0	121347.0
1955	121416.0	121741.0
1956	121048.0	121928.0
1957	121706.0	122209.0
1958	121592.0	121779.0
1959	121446.0	122124.0
1960	121698.0	122139.0
1961	121494.0	122130.0
1962	121628.0	121838.0
1963	121558.0	121985.0
1964	121471.0	122318.0
1965	121464.0	121309.0
1966	121774.0	121561.0
1967	121681.0	121594.0
1968	121219.0	121574.0
1969	120407.0	122362.0
1970	121255.0	122199.0
1971	121347.0	121099.0
1972	121226.0	121778.0
1973	121213.0	121457.0
1974	120894.0	121677.0
1975	120688.0	121826.0
1976	121259.0	122088.0
1977	121195.0	121481.0
1978	120982.0	121176.0
1979	121893.0	121476.0
1980	121581.0	122000.0
1981	120775.0	121378.0
1982	121146.0	122364.0
1983	121369.0	121785.0
1984	121094.0	121458.0
1985	121184.0	121767.0
1986	121103.0	122309.0
1987	121912.0	121741.0
1988	121199.0	121891.0
1989	121063.0	121805.0
1990	121581.0	121879.0
1991	121199.0	121517.0
1992	121042.0	122187.0
1993	120938.0	121547.0
1994	121203.0	121487.0
1995	121183.0	122188.0
1996	121441.0	121329.0
1997	121325.0	121655.0
1998	121491.0	121557.0
1999	120985.0	121168.0
