Distance in bp(Fragment Length Estimate: 153)(Peak Width Estimate: 153)	Same Strand (+ for Watson strand, - for Crick)	Opposite Strand
-2000	122663.0	121960.0
-1999	122785.0	122710.0
-1998	122866.0	122611.0
-1997	122487.0	122458.0
-1996	122685.0	123317.0
-1995	122781.0	122793.0
-1994	122859.0	122991.0
-1993	122742.0	122662.0
-1992	122937.0	122439.0
-1991	122507.0	123040.0
-1990	122560.0	122324.0
-1989	122416.0	122356.0
-1988	122534.0	122864.0
-1987	123070.0	123035.0
-1986	122695.0	122969.0
-1985	122850.0	122912.0
-1984	123180.0	122815.0
-1983	123426.0	122852.0
-1982	122921.0	123172.0
-1981	122980.0	122746.0
-1980	122398.0	121796.0
-1979	122686.0	121914.0
-1978	123119.0	122415.0
-1977	122531.0	122798.0
-1976	123102.0	122429.0
-1975	123445.0	123072.0
-1974	123244.0	122169.0
-1973	122892.0	122589.0
-1972	122721.0	123105.0
-1971	122681.0	123859.0
-1970	122804.0	122839.0
-1969	122417.0	122443.0
-1968	123417.0	122791.0
-1967	122986.0	123069.0
-1966	122303.0	122817.0
-1965	122213.0	122723.0
-1964	122868.0	122743.0
-1963	123141.0	122924.0
-1962	123539.0	123001.0
-1961	123073.0	122708.0
-1960	122698.0	122921.0
-1959	122895.0	123323.0
-1958	122556.0	122292.0
-1957	122969.0	122338.0
-1956	122888.0	122699.0
-1955	122624.0	122625.0
-1954	122813.0	122637.0
-1953	122816.0	122224.0
-1952	122754.0	122490.0
-1951	122317.0	122183.0
-1950	123384.0	123076.0
-1949	122553.0	122821.0
-1948	122406.0	122498.0
-1947	122265.0	122735.0
-1946	122973.0	122378.0
-1945	122238.0	122548.0
-1944	122604.0	123165.0
-1943	122689.0	122553.0
-1942	122533.0	123394.0
-1941	122786.0	123058.0
-1940	122696.0	122525.0
-1939	122931.0	122999.0
-1938	122938.0	122865.0
-1937	123065.0	122226.0
-1936	122889.0	122846.0
-1935	123186.0	122110.0
-1934	122968.0	122519.0
-1933	122937.0	122891.0
-1932	122976.0	123200.0
-1931	123190.0	121982.0
-1930	123252.0	122571.0
-1929	122954.0	122810.0
-1928	122593.0	122997.0
-1927	123052.0	122584.0
-1926	122470.0	122641.0
-1925	123132.0	122212.0
-1924	122768.0	122602.0
-1923	122505.0	123023.0
-1922	123393.0	122457.0
-1921	122931.0	123330.0
-1920	122571.0	123139.0
-1919	122466.0	122356.0
-1918	122793.0	123009.0
-1917	123016.0	122922.0
-1916	123121.0	123480.0
-1915	122841.0	122518.0
-1914	123164.0	122487.0
-1913	122755.0	123115.0
-1912	123009.0	122295.0
-1911	122769.0	122381.0
-1910	122631.0	122388.0
-1909	122536.0	123051.0
-1908	122574.0	122874.0
-1907	123083.0	122635.0
-1906	123360.0	122958.0
-1905	123235.0	123451.0
-1904	123088.0	122683.0
-1903	123181.0	123189.0
-1902	123180.0	122272.0
-1901	123574.0	123529.0
-1900	123393.0	122997.0
-1899	123190.0	122659.0
-1898	122842.0	123332.0
-1897	123253.0	123007.0
-1896	123034.0	122759.0
-1895	123402.0	123016.0
-1894	122832.0	122519.0
-1893	122753.0	122952.0
-1892	123026.0	122746.0
-1891	123646.0	122869.0
-1890	123056.0	123297.0
-1889	123654.0	123320.0
-1888	123014.0	123083.0
-1887	123389.0	122871.0
-1886	123730.0	122769.0
-1885	123387.0	123340.0
-1884	123565.0	123277.0
-1883	123147.0	121985.0
-1882	123272.0	123377.0
-1881	123014.0	122211.0
-1880	122520.0	122612.0
-1879	123135.0	122307.0
-1878	123293.0	122753.0
-1877	123066.0	122323.0
-1876	123254.0	123090.0
-1875	123231.0	122872.0
-1874	123634.0	123224.0
-1873	123347.0	123266.0
-1872	123792.0	122374.0
-1871	123121.0	122801.0
-1870	123062.0	123002.0
-1869	123200.0	122354.0
-1868	122490.0	122479.0
-1867	123672.0	122698.0
-1866	123151.0	123032.0
-1865	122885.0	123390.0
-1864	123217.0	122629.0
-1863	123851.0	123273.0
-1862	123540.0	122796.0
-1861	123017.0	122940.0
-1860	122695.0	122857.0
-1859	123271.0	122909.0
-1858	123706.0	123208.0
-1857	122410.0	122482.0
-1856	123021.0	122899.0
-1855	122428.0	122935.0
-1854	123174.0	122844.0
-1853	123155.0	122189.0
-1852	122613.0	122791.0
-1851	122930.0	122693.0
-1850	122907.0	123096.0
-1849	123021.0	122521.0
-1848	122803.0	123053.0
-1847	122165.0	122914.0
-1846	122997.0	123216.0
-1845	123359.0	123022.0
-1844	123253.0	122777.0
-1843	123547.0	122855.0
-1842	123179.0	123153.0
-1841	122756.0	123711.0
-1840	122810.0	123093.0
-1839	122671.0	123264.0
-1838	123489.0	122751.0
-1837	123111.0	122708.0
-1836	122712.0	122801.0
-1835	122992.0	123081.0
-1834	123324.0	122929.0
-1833	123652.0	122844.0
-1832	122930.0	122905.0
-1831	122930.0	122788.0
-1830	122993.0	122971.0
-1829	123213.0	122515.0
-1828	122702.0	123199.0
-1827	122661.0	122829.0
-1826	122983.0	122991.0
-1825	123287.0	123294.0
-1824	123526.0	122537.0
-1823	123419.0	122421.0
-1822	122951.0	122903.0
-1821	122835.0	122662.0
-1820	123057.0	122884.0
-1819	123325.0	123023.0
-1818	122861.0	122815.0
-1817	123379.0	122809.0
-1816	122536.0	122125.0
-1815	123086.0	122180.0
-1814	122903.0	122848.0
-1813	123146.0	122537.0
-1812	123567.0	123101.0
-1811	123337.0	122876.0
-1810	123090.0	122577.0
-1809	122982.0	122661.0
-1808	123599.0	122990.0
-1807	123579.0	122755.0
-1806	123225.0	123100.0
-1805	123594.0	122800.0
-1804	123189.0	123001.0
-1803	122997.0	122818.0
-1802	123516.0	123126.0
-1801	122655.0	122349.0
-1800	122741.0	122680.0
-1799	122585.0	123030.0
-1798	123190.0	123040.0
-1797	123381.0	122652.0
-1796	122952.0	123191.0
-1795	123196.0	123425.0
-1794	123117.0	122278.0
-1793	123659.0	122352.0
-1792	122706.0	122517.0
-1791	123405.0	122870.0
-1790	122830.0	122224.0
-1789	123340.0	122253.0
-1788	123179.0	123050.0
-1787	123159.0	122583.0
-1786	123040.0	123243.0
-1785	122814.0	122985.0
-1784	122850.0	122786.0
-1783	123366.0	122866.0
-1782	122672.0	122501.0
-1781	122878.0	122753.0
-1780	123343.0	122789.0
-1779	123439.0	123079.0
-1778	123461.0	122926.0
-1777	122993.0	122579.0
-1776	123588.0	122803.0
-1775	122672.0	122673.0
-1774	123546.0	122674.0
-1773	123521.0	122570.0
-1772	122733.0	122979.0
-1771	122937.0	123113.0
-1770	122826.0	122853.0
-1769	123087.0	122986.0
-1768	122874.0	122684.0
-1767	123288.0	123573.0
-1766	123032.0	122969.0
-1765	122988.0	123013.0
-1764	123320.0	123063.0
-1763	122903.0	123205.0
-1762	123148.0	123086.0
-1761	123537.0	122994.0
-1760	122754.0	122858.0
-1759	122896.0	123080.0
-1758	123493.0	122437.0
-1757	123042.0	122474.0
-1756	123379.0	123246.0
-1755	123210.0	122749.0
-1754	122622.0	122312.0
-1753	123303.0	123076.0
-1752	124068.0	123345.0
-1751	123053.0	122744.0
-1750	123410.0	123766.0
-1749	123109.0	122681.0
-1748	123001.0	123429.0
-1747	123257.0	123249.0
-1746	123622.0	123398.0
-1745	123660.0	122674.0
-1744	123327.0	123614.0
-1743	123238.0	122370.0
-1742	123368.0	122470.0
-1741	123534.0	122751.0
-1740	123697.0	123131.0
-1739	122844.0	123108.0
-1738	123179.0	123450.0
-1737	123519.0	123154.0
-1736	122941.0	123156.0
-1735	123314.0	123449.0
-1734	123906.0	122894.0
-1733	123717.0	123032.0
-1732	123719.0	123087.0
-1731	122604.0	122827.0
-1730	122964.0	123555.0
-1729	122747.0	123375.0
-1728	123020.0	123227.0
-1727	123435.0	123550.0
-1726	123433.0	123666.0
-1725	123081.0	122820.0
-1724	123659.0	122942.0
-1723	124012.0	123204.0
-1722	123567.0	123002.0
-1721	123312.0	123258.0
-1720	123580.0	123027.0
-1719	123138.0	123747.0
-1718	123443.0	122443.0
-1717	122555.0	123117.0
-1716	124017.0	123514.0
-1715	123718.0	123192.0
-1714	123742.0	122931.0
-1713	123598.0	123112.0
-1712	123479.0	123086.0
-1711	123801.0	123036.0
-1710	123876.0	123271.0
-1709	123362.0	123382.0
-1708	123176.0	123781.0
-1707	123641.0	122924.0
-1706	123697.0	123050.0
-1705	123302.0	122892.0
-1704	123807.0	123132.0
-1703	123656.0	123589.0
-1702	123146.0	124057.0
-1701	122993.0	123175.0
-1700	123345.0	122689.0
-1699	123779.0	123339.0
-1698	123876.0	123501.0
-1697	123774.0	123135.0
-1696	123528.0	123075.0
-1695	123874.0	123751.0
-1694	123211.0	123310.0
-1693	123555.0	122882.0
-1692	123960.0	123468.0
-1691	123449.0	123047.0
-1690	122662.0	123031.0
-1689	123183.0	123276.0
-1688	123793.0	123311.0
-1687	123135.0	123201.0
-1686	124204.0	123556.0
-1685	123595.0	122661.0
-1684	123759.0	123397.0
-1683	124064.0	123066.0
-1682	123577.0	122520.0
-1681	123393.0	123250.0
-1680	123162.0	122957.0
-1679	123080.0	122789.0
-1678	123551.0	122616.0
-1677	123709.0	123070.0
-1676	123535.0	123401.0
-1675	124000.0	123637.0
-1674	123731.0	123236.0
-1673	123501.0	122758.0
-1672	123968.0	123159.0
-1671	123711.0	123069.0
-1670	123772.0	123142.0
-1669	123596.0	123237.0
-1668	123382.0	123550.0
-1667	123745.0	122782.0
-1666	123950.0	123160.0
-1665	123668.0	123255.0
-1664	123580.0	123042.0
-1663	123804.0	123146.0
-1662	123587.0	122558.0
-1661	123643.0	122990.0
-1660	123644.0	122543.0
-1659	123733.0	122996.0
-1658	123249.0	123153.0
-1657	123077.0	123040.0
-1656	123769.0	122768.0
-1655	123425.0	122791.0
-1654	123618.0	122899.0
-1653	123141.0	123171.0
-1652	122859.0	123711.0
-1651	123572.0	123331.0
-1650	124023.0	122898.0
-1649	123471.0	122814.0
-1648	123404.0	122619.0
-1647	123221.0	123025.0
-1646	123678.0	123766.0
-1645	122931.0	122441.0
-1644	123293.0	123569.0
-1643	123027.0	122793.0
-1642	123130.0	122354.0
-1641	123217.0	122599.0
-1640	123232.0	123117.0
-1639	123663.0	122658.0
-1638	122663.0	123505.0
-1637	123225.0	123389.0
-1636	123315.0	122799.0
-1635	123379.0	122636.0
-1634	123169.0	122809.0
-1633	123001.0	123037.0
-1632	123742.0	122526.0
-1631	123573.0	122592.0
-1630	122703.0	123182.0
-1629	122971.0	122872.0
-1628	123865.0	122751.0
-1627	123014.0	123519.0
-1626	122832.0	123328.0
-1625	122636.0	123158.0
-1624	122957.0	122933.0
-1623	122753.0	122924.0
-1622	123194.0	122928.0
-1621	122046.0	123154.0
-1620	123169.0	122933.0
-1619	123852.0	122412.0
-1618	123476.0	122697.0
-1617	123631.0	122892.0
-1616	123554.0	122765.0
-1615	122952.0	123782.0
-1614	123220.0	123175.0
-1613	122976.0	123293.0
-1612	122947.0	123247.0
-1611	123341.0	123304.0
-1610	123190.0	123549.0
-1609	123705.0	122483.0
-1608	122562.0	123303.0
-1607	123525.0	122915.0
-1606	123823.0	122861.0
-1605	123019.0	122677.0
-1604	122996.0	122937.0
-1603	123356.0	122299.0
-1602	122971.0	122841.0
-1601	123176.0	123195.0
-1600	123957.0	123288.0
-1599	123681.0	123264.0
-1598	122993.0	123187.0
-1597	123095.0	123046.0
-1596	122708.0	122648.0
-1595	123479.0	122793.0
-1594	123204.0	123383.0
-1593	123329.0	123383.0
-1592	123095.0	122986.0
-1591	122766.0	122783.0
-1590	123159.0	123153.0
-1589	123037.0	122791.0
-1588	123240.0	122753.0
-1587	123540.0	122611.0
-1586	123612.0	123022.0
-1585	123176.0	123599.0
-1584	123711.0	122908.0
-1583	123325.0	122927.0
-1582	123207.0	123173.0
-1581	123439.0	122998.0
-1580	123170.0	123242.0
-1579	123531.0	122877.0
-1578	124034.0	123177.0
-1577	123626.0	123206.0
-1576	123097.0	123170.0
-1575	123281.0	122822.0
-1574	123249.0	123030.0
-1573	122848.0	122670.0
-1572	122517.0	123379.0
-1571	123489.0	123099.0
-1570	123322.0	123871.0
-1569	122987.0	122893.0
-1568	123674.0	122373.0
-1567	122796.0	123439.0
-1566	123560.0	123443.0
-1565	123532.0	122945.0
-1564	123369.0	123348.0
-1563	123530.0	122733.0
-1562	122995.0	123669.0
-1561	123040.0	123041.0
-1560	123340.0	123276.0
-1559	123455.0	123135.0
-1558	123060.0	123377.0
-1557	123405.0	123926.0
-1556	123553.0	123064.0
-1555	123265.0	122988.0
-1554	123697.0	122981.0
-1553	123336.0	123120.0
-1552	123749.0	123211.0
-1551	123953.0	123434.0
-1550	123011.0	123310.0
-1549	124102.0	123311.0
-1548	123833.0	123658.0
-1547	123286.0	123549.0
-1546	123139.0	123121.0
-1545	124099.0	123858.0
-1544	123995.0	123618.0
-1543	123757.0	123477.0
-1542	123685.0	123653.0
-1541	123830.0	123637.0
-1540	123815.0	123790.0
-1539	123836.0	122783.0
-1538	123500.0	122657.0
-1537	123379.0	123678.0
-1536	123857.0	123218.0
-1535	123521.0	124159.0
-1534	124050.0	123960.0
-1533	124163.0	123584.0
-1532	123490.0	123649.0
-1531	124097.0	124045.0
-1530	124181.0	123839.0
-1529	124176.0	123280.0
-1528	123368.0	123652.0
-1527	123872.0	123778.0
-1526	124171.0	122578.0
-1525	124259.0	123811.0
-1524	123490.0	123826.0
-1523	123397.0	124219.0
-1522	124024.0	123166.0
-1521	124787.0	123336.0
-1520	123640.0	123364.0
-1519	123788.0	123833.0
-1518	124553.0	123405.0
-1517	124277.0	123215.0
-1516	124185.0	123173.0
-1515	124070.0	123451.0
-1514	123804.0	123724.0
-1513	124120.0	123321.0
-1512	124014.0	123637.0
-1511	124124.0	123340.0
-1510	123666.0	123476.0
-1509	124196.0	123527.0
-1508	124028.0	123575.0
-1507	124480.0	123386.0
-1506	123969.0	123506.0
-1505	123776.0	123694.0
-1504	123473.0	124065.0
-1503	123831.0	122681.0
-1502	124321.0	123098.0
-1501	124371.0	122891.0
-1500	123878.0	122990.0
-1499	124542.0	123575.0
-1498	124086.0	123991.0
-1497	123198.0	123572.0
-1496	124106.0	123334.0
-1495	124271.0	123268.0
-1494	124071.0	123419.0
-1493	124512.0	122769.0
-1492	123893.0	123807.0
-1491	123906.0	123767.0
-1490	123437.0	123861.0
-1489	124229.0	123562.0
-1488	123815.0	123166.0
-1487	123216.0	123182.0
-1486	124179.0	122722.0
-1485	123705.0	123391.0
-1484	123787.0	123593.0
-1483	124109.0	123605.0
-1482	123683.0	123666.0
-1481	124488.0	123911.0
-1480	123538.0	123581.0
-1479	123059.0	123593.0
-1478	123892.0	123225.0
-1477	123806.0	123252.0
-1476	124137.0	123705.0
-1475	123760.0	122901.0
-1474	123924.0	123374.0
-1473	123815.0	123638.0
-1472	123424.0	122930.0
-1471	123718.0	123320.0
-1470	124015.0	123362.0
-1469	123926.0	122756.0
-1468	124230.0	123664.0
-1467	123907.0	123744.0
-1466	123873.0	123312.0
-1465	123386.0	122872.0
-1464	123692.0	123620.0
-1463	123683.0	123706.0
-1462	124254.0	123717.0
-1461	123575.0	122717.0
-1460	123523.0	122996.0
-1459	123774.0	123807.0
-1458	123076.0	123866.0
-1457	123836.0	122943.0
-1456	124319.0	123337.0
-1455	123736.0	123054.0
-1454	123601.0	122657.0
-1453	124121.0	123131.0
-1452	124152.0	123456.0
-1451	123736.0	123159.0
-1450	123423.0	123268.0
-1449	123838.0	123535.0
-1448	123469.0	123304.0
-1447	123649.0	123312.0
-1446	123251.0	123231.0
-1445	123554.0	123220.0
-1444	123349.0	123771.0
-1443	123043.0	123320.0
-1442	123308.0	123202.0
-1441	123683.0	123469.0
-1440	123472.0	123179.0
-1439	123575.0	123152.0
-1438	123283.0	122915.0
-1437	123054.0	123575.0
-1436	123531.0	123171.0
-1435	123456.0	123303.0
-1434	123665.0	123208.0
-1433	123402.0	123249.0
-1432	123908.0	122883.0
-1431	123370.0	122920.0
-1430	123447.0	123340.0
-1429	123987.0	123152.0
-1428	123971.0	123224.0
-1427	123366.0	123627.0
-1426	124247.0	122577.0
-1425	123719.0	123209.0
-1424	123060.0	122911.0
-1423	123200.0	123436.0
-1422	123158.0	123150.0
-1421	122961.0	123325.0
-1420	122859.0	123293.0
-1419	122736.0	123569.0
-1418	123351.0	123659.0
-1417	123081.0	123232.0
-1416	123672.0	123871.0
-1415	123497.0	122475.0
-1414	123493.0	123500.0
-1413	123687.0	123139.0
-1412	123212.0	122769.0
-1411	123685.0	122796.0
-1410	123020.0	123796.0
-1409	123387.0	123667.0
-1408	123356.0	123809.0
-1407	123582.0	122946.0
-1406	123308.0	123239.0
-1405	122460.0	123162.0
-1404	123647.0	123251.0
-1403	123544.0	123498.0
-1402	123801.0	123653.0
-1401	123681.0	123784.0
-1400	123526.0	123210.0
-1399	123238.0	123454.0
-1398	123512.0	123514.0
-1397	123491.0	123237.0
-1396	123632.0	123468.0
-1395	123678.0	123665.0
-1394	123858.0	123300.0
-1393	123907.0	123457.0
-1392	123326.0	123534.0
-1391	124407.0	123621.0
-1390	123748.0	123454.0
-1389	123615.0	123645.0
-1388	123389.0	123282.0
-1387	123534.0	123136.0
-1386	123897.0	122983.0
-1385	123585.0	123546.0
-1384	124118.0	123794.0
-1383	123707.0	123588.0
-1382	123147.0	123173.0
-1381	124013.0	123694.0
-1380	124120.0	123688.0
-1379	123733.0	123047.0
-1378	124083.0	124071.0
-1377	123906.0	123495.0
-1376	123957.0	123658.0
-1375	123248.0	124164.0
-1374	123639.0	123752.0
-1373	123729.0	123453.0
-1372	123900.0	123584.0
-1371	123629.0	123955.0
-1370	123952.0	123718.0
-1369	123482.0	124490.0
-1368	124501.0	123425.0
-1367	123518.0	123534.0
-1366	123457.0	124098.0
-1365	124166.0	124099.0
-1364	123971.0	123908.0
-1363	124232.0	123901.0
-1362	124007.0	124558.0
-1361	124376.0	123930.0
-1360	124516.0	123971.0
-1359	123865.0	124449.0
-1358	124106.0	123325.0
-1357	124246.0	123682.0
-1356	124563.0	124391.0
-1355	123952.0	123843.0
-1354	124274.0	124108.0
-1353	124276.0	124714.0
-1352	124314.0	124211.0
-1351	124154.0	124284.0
-1350	123851.0	123813.0
-1349	124342.0	124129.0
-1348	124465.0	123616.0
-1347	123954.0	124571.0
-1346	123584.0	124902.0
-1345	124025.0	124631.0
-1344	124760.0	124414.0
-1343	124694.0	123949.0
-1342	124147.0	124422.0
-1341	124257.0	123785.0
-1340	124947.0	124008.0
-1339	124173.0	123581.0
-1338	124077.0	124042.0
-1337	123571.0	123950.0
-1336	124250.0	124529.0
-1335	124574.0	124845.0
-1334	124051.0	124189.0
-1333	124362.0	124023.0
-1332	124790.0	123301.0
-1331	124078.0	123346.0
-1330	124251.0	123544.0
-1329	124182.0	123547.0
-1328	124291.0	123724.0
-1327	124242.0	123946.0
-1326	124035.0	124160.0
-1325	124452.0	123817.0
-1324	124711.0	124388.0
-1323	124905.0	124361.0
-1322	124597.0	124471.0
-1321	123713.0	123408.0
-1320	124946.0	123590.0
-1319	124235.0	123689.0
-1318	124559.0	123489.0
-1317	124166.0	123997.0
-1316	124756.0	124291.0
-1315	124575.0	124171.0
-1314	124880.0	124020.0
-1313	124713.0	123177.0
-1312	124458.0	123730.0
-1311	124368.0	123908.0
-1310	124280.0	123709.0
-1309	123698.0	124336.0
-1308	124459.0	123493.0
-1307	124241.0	123968.0
-1306	124686.0	124360.0
-1305	124744.0	123798.0
-1304	124172.0	122987.0
-1303	123852.0	123888.0
-1302	124285.0	124218.0
-1301	124242.0	123757.0
-1300	124467.0	123869.0
-1299	123958.0	123476.0
-1298	124292.0	123010.0
-1297	124538.0	123819.0
-1296	123829.0	124021.0
-1295	124299.0	123765.0
-1294	124070.0	123040.0
-1293	124035.0	123757.0
-1292	124386.0	123792.0
-1291	124921.0	123018.0
-1290	123947.0	123437.0
-1289	124027.0	123638.0
-1288	123646.0	123830.0
-1287	124313.0	123762.0
-1286	124161.0	123018.0
-1285	123497.0	123000.0
-1284	124109.0	123889.0
-1283	123787.0	123628.0
-1282	123995.0	123670.0
-1281	124350.0	123565.0
-1280	124405.0	123106.0
-1279	123478.0	123686.0
-1278	124184.0	123509.0
-1277	123914.0	123233.0
-1276	124023.0	123632.0
-1275	124198.0	123371.0
-1274	124293.0	123832.0
-1273	123865.0	123294.0
-1272	124066.0	123349.0
-1271	124322.0	122498.0
-1270	124696.0	123759.0
-1269	123679.0	123528.0
-1268	123038.0	123708.0
-1267	123329.0	122873.0
-1266	123918.0	123351.0
-1265	124071.0	123121.0
-1264	123641.0	123484.0
-1263	123387.0	123889.0
-1262	123471.0	123484.0
-1261	123899.0	123482.0
-1260	123881.0	123947.0
-1259	123801.0	124020.0
-1258	124273.0	123906.0
-1257	123720.0	123439.0
-1256	123603.0	123042.0
-1255	123838.0	123770.0
-1254	124138.0	123039.0
-1253	124153.0	123161.0
-1252	124411.0	123314.0
-1251	124112.0	123487.0
-1250	123847.0	123078.0
-1249	123577.0	123278.0
-1248	123806.0	122768.0
-1247	124377.0	123098.0
-1246	124309.0	123164.0
-1245	123983.0	123387.0
-1244	123624.0	123106.0
-1243	123547.0	123645.0
-1242	123887.0	123373.0
-1241	123648.0	123644.0
-1240	124464.0	122948.0
-1239	123401.0	123041.0
-1238	123562.0	123347.0
-1237	123167.0	122713.0
-1236	123696.0	123754.0
-1235	123830.0	122929.0
-1234	123692.0	123210.0
-1233	124016.0	123645.0
-1232	123700.0	123519.0
-1231	123746.0	123657.0
-1230	123616.0	123590.0
-1229	123958.0	124155.0
-1228	123681.0	123708.0
-1227	123952.0	123991.0
-1226	123096.0	123296.0
-1225	123429.0	123264.0
-1224	123892.0	124032.0
-1223	124093.0	123604.0
-1222	124050.0	123579.0
-1221	123630.0	123934.0
-1220	123895.0	123418.0
-1219	123185.0	123380.0
-1218	124181.0	123939.0
-1217	123198.0	123741.0
-1216	123951.0	123882.0
-1215	123506.0	123875.0
-1214	123285.0	123634.0
-1213	123948.0	123722.0
-1212	123659.0	123706.0
-1211	123176.0	123549.0
-1210	123418.0	123116.0
-1209	123956.0	123738.0
-1208	123612.0	123893.0
-1207	123926.0	123020.0
-1206	123806.0	123915.0
-1205	124270.0	124226.0
-1204	123777.0	123777.0
-1203	123386.0	124198.0
-1202	123539.0	123904.0
-1201	123786.0	123767.0
-1200	123592.0	123931.0
-1199	123713.0	123497.0
-1198	123594.0	123527.0
-1197	124157.0	123885.0
-1196	123470.0	123885.0
-1195	123894.0	124356.0
-1194	123716.0	123685.0
-1193	123481.0	124093.0
-1192	123883.0	124122.0
-1191	124070.0	123819.0
-1190	123268.0	124684.0
-1189	124134.0	124463.0
-1188	124225.0	124022.0
-1187	124356.0	124697.0
-1186	123705.0	124229.0
-1185	123715.0	124315.0
-1184	123868.0	124497.0
-1183	124551.0	124720.0
-1182	124374.0	124456.0
-1181	124280.0	124252.0
-1180	124284.0	123836.0
-1179	124251.0	123951.0
-1178	124261.0	123860.0
-1177	124471.0	124231.0
-1176	124448.0	124314.0
-1175	124202.0	124221.0
-1174	123972.0	124387.0
-1173	123900.0	124023.0
-1172	123822.0	124928.0
-1171	124139.0	124973.0
-1170	124435.0	124107.0
-1169	124878.0	124525.0
-1168	124394.0	124134.0
-1167	124925.0	124742.0
-1166	124684.0	124725.0
-1165	124566.0	124996.0
-1164	124002.0	123816.0
-1163	124516.0	124117.0
-1162	124437.0	124654.0
-1161	124839.0	124588.0
-1160	124264.0	124303.0
-1159	124382.0	125139.0
-1158	125508.0	124492.0
-1157	124871.0	124325.0
-1156	124797.0	124442.0
-1155	124563.0	124498.0
-1154	124463.0	124810.0
-1153	124514.0	125428.0
-1152	125368.0	124835.0
-1151	125022.0	124290.0
-1150	124433.0	124120.0
-1149	124606.0	124454.0
-1148	124828.0	124114.0
-1147	124614.0	125469.0
-1146	124829.0	124945.0
-1145	124551.0	124624.0
-1144	125048.0	124641.0
-1143	125039.0	124558.0
-1142	124478.0	123856.0
-1141	125224.0	124050.0
-1140	125414.0	124518.0
-1139	124773.0	124757.0
-1138	125165.0	123877.0
-1137	125285.0	124618.0
-1136	125218.0	124622.0
-1135	124487.0	124706.0
-1134	125574.0	124429.0
-1133	125119.0	124524.0
-1132	124905.0	124793.0
-1131	124532.0	124086.0
-1130	124448.0	124961.0
-1129	124555.0	124643.0
-1128	124728.0	123990.0
-1127	124388.0	124236.0
-1126	125080.0	124684.0
-1125	125112.0	123923.0
-1124	125328.0	124157.0
-1123	125162.0	124783.0
-1122	125587.0	124674.0
-1121	125076.0	124424.0
-1120	124962.0	124607.0
-1119	125016.0	123825.0
-1118	124984.0	124295.0
-1117	124581.0	124343.0
-1116	124282.0	124093.0
-1115	124832.0	123941.0
-1114	125179.0	124187.0
-1113	124569.0	124329.0
-1112	125104.0	123962.0
-1111	124658.0	124341.0
-1110	124764.0	123747.0
-1109	124351.0	124118.0
-1108	124248.0	123896.0
-1107	124540.0	123492.0
-1106	123901.0	123613.0
-1105	125392.0	123982.0
-1104	124793.0	124625.0
-1103	124617.0	123927.0
-1102	124739.0	123905.0
-1101	124993.0	124195.0
-1100	124387.0	123969.0
-1099	124085.0	123481.0
-1098	124210.0	124159.0
-1097	124997.0	123679.0
-1096	124561.0	124186.0
-1095	124937.0	124005.0
-1094	125120.0	123026.0
-1093	124469.0	124152.0
-1092	125235.0	123720.0
-1091	124677.0	123171.0
-1090	124474.0	123684.0
-1089	124122.0	124323.0
-1088	125120.0	123797.0
-1087	124830.0	123556.0
-1086	125283.0	123341.0
-1085	124629.0	123469.0
-1084	124402.0	123880.0
-1083	124364.0	123899.0
-1082	124139.0	123450.0
-1081	124150.0	123227.0
-1080	124379.0	123148.0
-1079	124686.0	123203.0
-1078	124541.0	123162.0
-1077	124380.0	124288.0
-1076	124053.0	123208.0
-1075	124737.0	123619.0
-1074	124256.0	123338.0
-1073	124661.0	123703.0
-1072	124056.0	123547.0
-1071	124683.0	123406.0
-1070	124393.0	122995.0
-1069	124321.0	123090.0
-1068	124590.0	123486.0
-1067	124368.0	123184.0
-1066	124762.0	123718.0
-1065	124161.0	123624.0
-1064	123965.0	123188.0
-1063	123259.0	124160.0
-1062	124160.0	123355.0
-1061	124201.0	123362.0
-1060	124108.0	123482.0
-1059	123940.0	124056.0
-1058	123971.0	122758.0
-1057	124375.0	123027.0
-1056	124687.0	123280.0
-1055	123764.0	123269.0
-1054	123995.0	123469.0
-1053	124422.0	123109.0
-1052	123512.0	123763.0
-1051	123754.0	123021.0
-1050	123611.0	123788.0
-1049	123210.0	123718.0
-1048	124123.0	123873.0
-1047	123652.0	123652.0
-1046	124112.0	123694.0
-1045	123799.0	123367.0
-1044	124475.0	124300.0
-1043	124327.0	123154.0
-1042	123569.0	123639.0
-1041	124056.0	123768.0
-1040	123355.0	123383.0
-1039	123708.0	124241.0
-1038	124165.0	124009.0
-1037	123458.0	123564.0
-1036	123735.0	123984.0
-1035	124275.0	124067.0
-1034	123915.0	123629.0
-1033	123886.0	124236.0
-1032	124069.0	123746.0
-1031	123474.0	123603.0
-1030	123437.0	123380.0
-1029	123565.0	123800.0
-1028	123409.0	123930.0
-1027	123863.0	124264.0
-1026	124290.0	123205.0
-1025	123342.0	123989.0
-1024	123885.0	124231.0
-1023	123990.0	124570.0
-1022	123909.0	124189.0
-1021	123447.0	124510.0
-1020	124554.0	124034.0
-1019	124536.0	123723.0
-1018	123882.0	123394.0
-1017	124328.0	124302.0
-1016	124020.0	123818.0
-1015	123528.0	123799.0
-1014	124426.0	124553.0
-1013	123749.0	123989.0
-1012	124248.0	124318.0
-1011	124856.0	124988.0
-1010	123919.0	123930.0
-1009	123724.0	124455.0
-1008	124123.0	123856.0
-1007	123720.0	123862.0
-1006	124263.0	124673.0
-1005	124282.0	124596.0
-1004	124304.0	124371.0
-1003	123725.0	124861.0
-1002	124704.0	124793.0
-1001	123921.0	124181.0
-1000	124131.0	124515.0
-999	124447.0	124883.0
-998	124498.0	125023.0
-997	124309.0	124300.0
-996	124688.0	124085.0
-995	124899.0	125202.0
-994	124436.0	125327.0
-993	124309.0	124753.0
-992	124805.0	124673.0
-991	124159.0	124582.0
-990	123716.0	124595.0
-989	124655.0	124678.0
-988	124579.0	124689.0
-987	124815.0	125285.0
-986	124987.0	124822.0
-985	124326.0	125000.0
-984	124138.0	124999.0
-983	123994.0	124711.0
-982	125142.0	125515.0
-981	124988.0	124809.0
-980	124698.0	124797.0
-979	125029.0	125363.0
-978	125163.0	124898.0
-977	124164.0	125365.0
-976	124663.0	125426.0
-975	125189.0	125702.0
-974	125132.0	125390.0
-973	125255.0	124781.0
-972	124675.0	125060.0
-971	125100.0	125236.0
-970	125024.0	125559.0
-969	125255.0	125484.0
-968	125329.0	124878.0
-967	125396.0	124844.0
-966	124887.0	124901.0
-965	125086.0	124868.0
-964	125460.0	125173.0
-963	125725.0	125526.0
-962	125241.0	125256.0
-961	125087.0	125392.0
-960	125120.0	124793.0
-959	125772.0	125247.0
-958	125336.0	125215.0
-957	125729.0	125457.0
-956	125462.0	124835.0
-955	125287.0	124826.0
-954	126096.0	125390.0
-953	125226.0	124889.0
-952	125192.0	124788.0
-951	125779.0	125331.0
-950	125762.0	125034.0
-949	125406.0	125572.0
-948	125434.0	125338.0
-947	125119.0	124137.0
-946	125524.0	125519.0
-945	125464.0	124769.0
-944	125431.0	124904.0
-943	125866.0	124940.0
-942	126317.0	124739.0
-941	125345.0	124385.0
-940	125894.0	124647.0
-939	125936.0	124710.0
-938	125611.0	124634.0
-937	125614.0	124686.0
-936	126145.0	124674.0
-935	125714.0	124834.0
-934	125207.0	124516.0
-933	126312.0	124327.0
-932	126112.0	124878.0
-931	126712.0	124691.0
-930	125338.0	124544.0
-929	125387.0	124693.0
-928	126228.0	124931.0
-927	125683.0	124120.0
-926	125141.0	124599.0
-925	124979.0	124382.0
-924	125224.0	125358.0
-923	125252.0	124499.0
-922	125092.0	124067.0
-921	125882.0	124798.0
-920	125751.0	124331.0
-919	125344.0	124242.0
-918	125210.0	124268.0
-917	124983.0	123920.0
-916	124980.0	124654.0
-915	125876.0	123982.0
-914	124732.0	123737.0
-913	125740.0	124521.0
-912	125645.0	124360.0
-911	124867.0	124852.0
-910	124905.0	124275.0
-909	125744.0	124022.0
-908	125548.0	123920.0
-907	125418.0	124182.0
-906	125456.0	124884.0
-905	125250.0	124338.0
-904	124956.0	124555.0
-903	125421.0	124097.0
-902	125872.0	124115.0
-901	125631.0	123904.0
-900	125387.0	123933.0
-899	125513.0	123476.0
-898	125027.0	123517.0
-897	125647.0	124583.0
-896	124696.0	123445.0
-895	125067.0	122723.0
-894	125210.0	124035.0
-893	125079.0	124164.0
-892	124793.0	123932.0
-891	125172.0	123879.0
-890	125218.0	123834.0
-889	125040.0	124035.0
-888	124793.0	124033.0
-887	124904.0	124090.0
-886	124687.0	123839.0
-885	125398.0	123863.0
-884	124962.0	123410.0
-883	125392.0	123806.0
-882	125589.0	123567.0
-881	124268.0	123296.0
-880	124985.0	123769.0
-879	124894.0	124476.0
-878	124983.0	124048.0
-877	125133.0	123795.0
-876	125045.0	123605.0
-875	124753.0	123312.0
-874	124187.0	123674.0
-873	124851.0	123773.0
-872	124470.0	123884.0
-871	124023.0	123391.0
-870	124255.0	123907.0
-869	124112.0	123602.0
-868	124230.0	123781.0
-867	124989.0	123834.0
-866	124336.0	123637.0
-865	124038.0	124107.0
-864	124079.0	123846.0
-863	123709.0	124160.0
-862	123631.0	124079.0
-861	124266.0	123397.0
-860	123993.0	124090.0
-859	124047.0	124111.0
-858	124887.0	124086.0
-857	124096.0	123046.0
-856	124577.0	123590.0
-855	124563.0	123635.0
-854	123861.0	123885.0
-853	124469.0	123737.0
-852	124347.0	123890.0
-851	123718.0	124028.0
-850	124121.0	123832.0
-849	123951.0	123752.0
-848	123813.0	123710.0
-847	123050.0	124432.0
-846	124174.0	124775.0
-845	123696.0	124110.0
-844	123926.0	124075.0
-843	123830.0	124994.0
-842	123942.0	124502.0
-841	123970.0	124582.0
-840	124336.0	124182.0
-839	124316.0	123937.0
-838	123806.0	123846.0
-837	124037.0	124276.0
-836	123605.0	123935.0
-835	123886.0	125054.0
-834	124289.0	124347.0
-833	124351.0	124490.0
-832	124036.0	124470.0
-831	124140.0	124943.0
-830	123491.0	124864.0
-829	124518.0	124573.0
-828	124245.0	124540.0
-827	124691.0	124722.0
-826	123959.0	125189.0
-825	124419.0	125003.0
-824	123704.0	125507.0
-823	124076.0	125123.0
-822	124207.0	125441.0
-821	124053.0	124903.0
-820	124096.0	124550.0
-819	124468.0	125424.0
-818	123990.0	124822.0
-817	124754.0	126081.0
-816	124858.0	125079.0
-815	123709.0	124559.0
-814	124195.0	125274.0
-813	124281.0	125246.0
-812	123844.0	125262.0
-811	124351.0	125556.0
-810	124657.0	125114.0
-809	124443.0	125624.0
-808	124451.0	124819.0
-807	124604.0	125236.0
-806	124412.0	125654.0
-805	124905.0	125611.0
-804	124656.0	125606.0
-803	124685.0	125789.0
-802	125231.0	125154.0
-801	124913.0	125851.0
-800	124970.0	125181.0
-799	124874.0	125685.0
-798	124244.0	125292.0
-797	124827.0	125823.0
-796	124816.0	126017.0
-795	125443.0	125219.0
-794	124864.0	125157.0
-793	124788.0	126203.0
-792	125503.0	126391.0
-791	124429.0	125721.0
-790	125841.0	125452.0
-789	125329.0	125442.0
-788	125534.0	125026.0
-787	124812.0	126088.0
-786	125987.0	125632.0
-785	125594.0	125843.0
-784	125925.0	126374.0
-783	125765.0	126072.0
-782	126380.0	125703.0
-781	125490.0	126090.0
-780	125700.0	125976.0
-779	125564.0	125643.0
-778	125590.0	126186.0
-777	126057.0	126492.0
-776	125746.0	125731.0
-775	124935.0	126021.0
-774	126295.0	126143.0
-773	126098.0	125909.0
-772	125859.0	125816.0
-771	126272.0	125908.0
-770	126151.0	125000.0
-769	126677.0	126091.0
-768	126511.0	125526.0
-767	125874.0	125873.0
-766	126317.0	126114.0
-765	125952.0	126038.0
-764	125726.0	125912.0
-763	125977.0	126125.0
-762	126640.0	126141.0
-761	126309.0	125609.0
-760	126740.0	125677.0
-759	126684.0	126102.0
-758	126904.0	125872.0
-757	126455.0	125917.0
-756	126256.0	125897.0
-755	126046.0	125954.0
-754	125989.0	125954.0
-753	126798.0	125636.0
-752	126614.0	125021.0
-751	126822.0	125469.0
-750	126916.0	125046.0
-749	126463.0	125515.0
-748	126756.0	125448.0
-747	127805.0	125395.0
-746	127243.0	125560.0
-745	126602.0	124568.0
-744	126577.0	125249.0
-743	126233.0	125138.0
-742	126636.0	125686.0
-741	127240.0	125449.0
-740	126759.0	125341.0
-739	126870.0	124614.0
-738	127282.0	125244.0
-737	126596.0	124853.0
-736	127021.0	124783.0
-735	126493.0	125009.0
-734	126485.0	125332.0
-733	126442.0	124995.0
-732	126772.0	124785.0
-731	126656.0	124853.0
-730	126861.0	125003.0
-729	126922.0	125048.0
-728	126209.0	124443.0
-727	126614.0	125280.0
-726	127171.0	124876.0
-725	126543.0	125416.0
-724	126656.0	124880.0
-723	126653.0	124418.0
-722	126403.0	124339.0
-721	126591.0	125094.0
-720	126592.0	124378.0
-719	126205.0	123873.0
-718	126047.0	124318.0
-717	126599.0	124357.0
-716	126126.0	123796.0
-715	126670.0	124972.0
-714	126205.0	124988.0
-713	126462.0	124047.0
-712	125915.0	123510.0
-711	125861.0	124024.0
-710	125479.0	123972.0
-709	125904.0	124054.0
-708	126236.0	124144.0
-707	125745.0	124538.0
-706	125131.0	124412.0
-705	126016.0	124721.0
-704	125290.0	124152.0
-703	126285.0	123975.0
-702	125569.0	123618.0
-701	125634.0	123849.0
-700	125260.0	124062.0
-699	125969.0	124100.0
-698	124555.0	123217.0
-697	125126.0	123885.0
-696	125895.0	124100.0
-695	125458.0	123635.0
-694	124875.0	123992.0
-693	125414.0	124082.0
-692	125181.0	122984.0
-691	125291.0	124035.0
-690	125387.0	123847.0
-689	124673.0	123117.0
-688	124816.0	123477.0
-687	125557.0	124110.0
-686	124334.0	123107.0
-685	124291.0	123729.0
-684	124977.0	124106.0
-683	124965.0	123415.0
-682	124284.0	123982.0
-681	125183.0	124674.0
-680	124454.0	123933.0
-679	123868.0	123521.0
-678	124963.0	123166.0
-677	124756.0	123080.0
-676	124211.0	123975.0
-675	125154.0	123451.0
-674	124467.0	123537.0
-673	124648.0	123403.0
-672	124029.0	123904.0
-671	123207.0	124064.0
-670	124126.0	123972.0
-669	124374.0	123514.0
-668	123444.0	124086.0
-667	123895.0	123999.0
-666	124060.0	123339.0
-665	124029.0	124065.0
-664	123906.0	124142.0
-663	124169.0	123666.0
-662	123911.0	123767.0
-661	124282.0	123519.0
-660	123683.0	124521.0
-659	123670.0	124367.0
-658	123466.0	125089.0
-657	124265.0	123959.0
-656	123764.0	124131.0
-655	124267.0	124416.0
-654	124166.0	124001.0
-653	123113.0	123760.0
-652	123894.0	123961.0
-651	124028.0	123957.0
-650	124070.0	123858.0
-649	124420.0	124745.0
-648	123530.0	124301.0
-647	122844.0	124189.0
-646	123563.0	124434.0
-645	123824.0	124210.0
-644	123994.0	124526.0
-643	123067.0	124215.0
-642	123553.0	124237.0
-641	123665.0	124341.0
-640	124068.0	124714.0
-639	124057.0	124773.0
-638	123105.0	124450.0
-637	123802.0	125201.0
-636	124080.0	125084.0
-635	123373.0	124647.0
-634	123847.0	125486.0
-633	123849.0	125762.0
-632	124031.0	125333.0
-631	123086.0	125352.0
-630	124186.0	125984.0
-629	123785.0	124972.0
-628	124217.0	125024.0
-627	123959.0	125574.0
-626	123414.0	125626.0
-625	124407.0	125273.0
-624	124121.0	125811.0
-623	124325.0	125610.0
-622	124221.0	126240.0
-621	124579.0	125719.0
-620	124460.0	125587.0
-619	124361.0	125686.0
-618	124193.0	126214.0
-617	123984.0	126044.0
-616	124500.0	126098.0
-615	125112.0	126014.0
-614	124920.0	125995.0
-613	124703.0	126477.0
-612	125220.0	126278.0
-611	124788.0	126097.0
-610	123981.0	126157.0
-609	125213.0	126345.0
-608	124947.0	126117.0
-607	124814.0	126716.0
-606	125858.0	127200.0
-605	124762.0	126237.0
-604	124637.0	126856.0
-603	125571.0	126542.0
-602	125315.0	126322.0
-601	125677.0	127197.0
-600	125797.0	126533.0
-599	125386.0	125840.0
-598	125245.0	126319.0
-597	126450.0	127602.0
-596	125896.0	126709.0
-595	126161.0	126773.0
-594	126696.0	127054.0
-593	125794.0	127069.0
-592	126071.0	126229.0
-591	126617.0	127190.0
-590	126412.0	127418.0
-589	126708.0	127054.0
-588	127004.0	126705.0
-587	126911.0	126298.0
-586	126765.0	126859.0
-585	127119.0	127647.0
-584	127213.0	127225.0
-583	126877.0	127352.0
-582	127489.0	127204.0
-581	126982.0	127096.0
-580	127030.0	127649.0
-579	127743.0	127244.0
-578	127177.0	127115.0
-577	128197.0	127609.0
-576	127709.0	127111.0
-575	127888.0	126753.0
-574	127594.0	127667.0
-573	128120.0	127268.0
-572	127666.0	127084.0
-571	128148.0	126985.0
-570	128639.0	126757.0
-569	127350.0	126919.0
-568	128266.0	126866.0
-567	128300.0	126962.0
-566	127696.0	126649.0
-565	127825.0	126902.0
-564	128567.0	126757.0
-563	127721.0	125918.0
-562	127598.0	127082.0
-561	128325.0	126723.0
-560	128719.0	126335.0
-559	128060.0	126997.0
-558	129242.0	126593.0
-557	127820.0	126161.0
-556	127994.0	125778.0
-555	128582.0	125474.0
-554	128154.0	125617.0
-553	128716.0	125986.0
-552	128695.0	125917.0
-551	128810.0	126275.0
-550	128424.0	126098.0
-549	128787.0	126573.0
-548	128659.0	125541.0
-547	128184.0	125956.0
-546	128646.0	125485.0
-545	128562.0	124854.0
-544	128500.0	126057.0
-543	128209.0	125352.0
-542	127369.0	125010.0
-541	128411.0	126191.0
-540	128207.0	125957.0
-539	128351.0	125441.0
-538	128627.0	125564.0
-537	128585.0	125299.0
-536	128240.0	125419.0
-535	127711.0	125406.0
-534	127762.0	125646.0
-533	127686.0	124760.0
-532	127472.0	124689.0
-531	128388.0	124877.0
-530	127201.0	124501.0
-529	127296.0	125352.0
-528	127235.0	124913.0
-527	127378.0	124042.0
-526	127249.0	124417.0
-525	127246.0	124933.0
-524	127745.0	124436.0
-523	127810.0	125150.0
-522	127065.0	124516.0
-521	127244.0	124068.0
-520	126882.0	124150.0
-519	127325.0	125163.0
-518	126884.0	124119.0
-517	126603.0	124420.0
-516	127199.0	124901.0
-515	126911.0	124112.0
-514	126133.0	124139.0
-513	127159.0	123607.0
-512	125618.0	123688.0
-511	125845.0	124180.0
-510	126268.0	124358.0
-509	125720.0	124017.0
-508	125951.0	124115.0
-507	126675.0	123561.0
-506	125947.0	123808.0
-505	125722.0	123814.0
-504	125618.0	123634.0
-503	125584.0	123493.0
-502	125487.0	123582.0
-501	124850.0	123138.0
-500	125225.0	123298.0
-499	125102.0	123555.0
-498	125324.0	123351.0
-497	125133.0	123705.0
-496	124294.0	123312.0
-495	123835.0	123539.0
-494	124587.0	122775.0
-493	124511.0	123691.0
-492	125379.0	123821.0
-491	124438.0	122968.0
-490	124148.0	123289.0
-489	125338.0	123417.0
-488	124287.0	122763.0
-487	124506.0	123513.0
-486	124259.0	123739.0
-485	124173.0	123288.0
-484	123817.0	123779.0
-483	124451.0	123083.0
-482	123772.0	123279.0
-481	123856.0	123227.0
-480	124136.0	123658.0
-479	123163.0	123492.0
-478	124133.0	123394.0
-477	123996.0	123660.0
-476	123497.0	123650.0
-475	123412.0	123511.0
-474	124321.0	124110.0
-473	122754.0	123686.0
-472	123695.0	123098.0
-471	123303.0	124109.0
-470	123138.0	122862.0
-469	123252.0	123556.0
-468	122793.0	124153.0
-467	122891.0	123718.0
-466	123587.0	124201.0
-465	123057.0	123995.0
-464	123069.0	123749.0
-463	123175.0	123910.0
-462	123503.0	124338.0
-461	123483.0	123718.0
-460	123353.0	124378.0
-459	123563.0	124578.0
-458	122727.0	123897.0
-457	122471.0	124823.0
-456	122920.0	124561.0
-455	123145.0	124445.0
-454	122436.0	125001.0
-453	123355.0	125058.0
-452	122678.0	124449.0
-451	123129.0	125200.0
-450	123220.0	124972.0
-449	122668.0	124554.0
-448	122377.0	125801.0
-447	123296.0	125587.0
-446	123234.0	125398.0
-445	123073.0	125377.0
-444	123521.0	125107.0
-443	123436.0	125302.0
-442	123197.0	126149.0
-441	123946.0	125552.0
-440	123534.0	125793.0
-439	123688.0	126710.0
-438	124217.0	126623.0
-437	123439.0	125703.0
-436	124151.0	126581.0
-435	123643.0	126382.0
-434	123602.0	126212.0
-433	124500.0	127020.0
-432	124675.0	127266.0
-431	123808.0	126702.0
-430	123822.0	126875.0
-429	124419.0	127393.0
-428	124472.0	127123.0
-427	124544.0	127704.0
-426	124904.0	128417.0
-425	124626.0	127473.0
-424	125041.0	127935.0
-423	125347.0	128617.0
-422	125152.0	127545.0
-421	124805.0	128865.0
-420	125683.0	128559.0
-419	125187.0	128461.0
-418	125501.0	128391.0
-417	125902.0	128117.0
-416	125374.0	127858.0
-415	126085.0	128183.0
-414	126002.0	128656.0
-413	125660.0	128265.0
-412	126436.0	129096.0
-411	126408.0	128719.0
-410	126712.0	128216.0
-409	126421.0	128863.0
-408	127414.0	128792.0
-407	126715.0	129014.0
-406	127565.0	129046.0
-405	127985.0	129396.0
-404	127160.0	128974.0
-403	127938.0	129274.0
-402	128334.0	129283.0
-401	127816.0	129243.0
-400	127864.0	129608.0
-399	128050.0	128982.0
-398	128679.0	129112.0
-397	129142.0	129887.0
-396	128967.0	129549.0
-395	128735.0	128558.0
-394	128850.0	129476.0
-393	129813.0	129541.0
-392	129302.0	128874.0
-391	129573.0	129447.0
-390	130116.0	128826.0
-389	129844.0	129217.0
-388	129738.0	129583.0
-387	130717.0	129283.0
-386	130328.0	128584.0
-385	129756.0	129257.0
-384	130949.0	129183.0
-383	130230.0	128979.0
-382	130253.0	129352.0
-381	130968.0	129900.0
-380	130088.0	128478.0
-379	130944.0	128912.0
-378	130646.0	128179.0
-377	130294.0	128194.0
-376	130831.0	129194.0
-375	131654.0	128285.0
-374	131378.0	128197.0
-373	131440.0	128710.0
-372	131903.0	128753.0
-371	131291.0	127718.0
-370	130868.0	128151.0
-369	131249.0	128207.0
-368	130744.0	127130.0
-367	131454.0	128132.0
-366	132186.0	127282.0
-365	131136.0	127443.0
-364	130470.0	127698.0
-363	131716.0	128101.0
-362	131012.0	126934.0
-361	131018.0	127128.0
-360	131496.0	126964.0
-359	130986.0	126392.0
-358	130738.0	127093.0
-357	131518.0	126836.0
-356	130973.0	125705.0
-355	130997.0	127299.0
-354	130870.0	127241.0
-353	130377.0	125916.0
-352	130665.0	126443.0
-351	129826.0	126386.0
-350	130093.0	125800.0
-349	129897.0	125937.0
-348	130505.0	126458.0
-347	130007.0	125588.0
-346	130519.0	125692.0
-345	130801.0	125690.0
-344	129843.0	125154.0
-343	129749.0	125689.0
-342	129870.0	124989.0
-341	129264.0	124238.0
-340	129697.0	125520.0
-339	129059.0	124846.0
-338	128813.0	124970.0
-337	129152.0	124858.0
-336	129235.0	125068.0
-335	128358.0	123955.0
-334	128879.0	124754.0
-333	128563.0	124193.0
-332	128134.0	123296.0
-331	128080.0	123713.0
-330	128689.0	124143.0
-329	127840.0	123201.0
-328	127620.0	123790.0
-327	127679.0	123832.0
-326	126625.0	123040.0
-325	127038.0	124053.0
-324	127403.0	123916.0
-323	126650.0	123638.0
-322	126932.0	124014.0
-321	127251.0	123858.0
-320	126548.0	122859.0
-319	125943.0	123768.0
-318	126612.0	123691.0
-317	125283.0	122994.0
-316	125219.0	123395.0
-315	125861.0	123355.0
-314	125612.0	123049.0
-313	125851.0	123159.0
-312	125307.0	122682.0
-311	125538.0	122593.0
-310	124146.0	122560.0
-309	125363.0	122643.0
-308	124659.0	121899.0
-307	124294.0	122682.0
-306	124998.0	122623.0
-305	123713.0	123057.0
-304	123978.0	123219.0
-303	124849.0	123019.0
-302	123810.0	122312.0
-301	123161.0	122942.0
-300	123544.0	122789.0
-299	123454.0	122046.0
-298	123415.0	122693.0
-297	124204.0	122879.0
-296	123159.0	121859.0
-295	123756.0	123362.0
-294	124138.0	122578.0
-293	122526.0	122182.0
-292	122269.0	123078.0
-291	123536.0	122342.0
-290	123085.0	122450.0
-289	122896.0	123282.0
-288	123001.0	123425.0
-287	121895.0	122898.0
-286	122132.0	122772.0
-285	123137.0	123096.0
-284	122246.0	123003.0
-283	122232.0	122836.0
-282	122637.0	123734.0
-281	122280.0	122738.0
-280	121988.0	123607.0
-279	122515.0	123261.0
-278	121971.0	123027.0
-277	121427.0	124379.0
-276	122558.0	123701.0
-275	122096.0	124245.0
-274	122359.0	124267.0
-273	122543.0	123967.0
-272	121257.0	123626.0
-271	121874.0	124134.0
-270	122443.0	124577.0
-269	121331.0	123908.0
-268	121638.0	124821.0
-267	122091.0	124422.0
-266	121402.0	124585.0
-265	121290.0	126036.0
-264	122308.0	125667.0
-263	121654.0	124919.0
-262	121858.0	125994.0
-261	122360.0	126504.0
-260	122117.0	125391.0
-259	121990.0	126210.0
-258	123061.0	126417.0
-257	122232.0	126039.0
-256	121885.0	126502.0
-255	123309.0	126723.0
-254	122855.0	126906.0
-253	123185.0	127507.0
-252	123874.0	127369.0
-251	122737.0	126836.0
-250	123332.0	127370.0
-249	123962.0	128088.0
-248	123000.0	127488.0
-247	123044.0	128404.0
-246	123783.0	128891.0
-245	123225.0	127550.0
-244	123930.0	128649.0
-243	124292.0	128719.0
-242	124492.0	128235.0
-241	124024.0	129732.0
-240	125008.0	129253.0
-239	125365.0	129095.0
-238	124838.0	129914.0
-237	124888.0	129967.0
-236	125204.0	129155.0
-235	124933.0	130045.0
-234	126085.0	130704.0
-233	125904.0	129929.0
-232	125255.0	131361.0
-231	126693.0	130896.0
-230	126020.0	129628.0
-229	126589.0	131050.0
-228	126952.0	131841.0
-227	126691.0	130643.0
-226	127699.0	131538.0
-225	127614.0	130946.0
-224	127958.0	131490.0
-223	128567.0	132105.0
-222	129209.0	132149.0
-221	127969.0	131180.0
-220	128742.0	132289.0
-219	130176.0	132372.0
-218	129391.0	132378.0
-217	129696.0	131739.0
-216	130870.0	132084.0
-215	130628.0	131402.0
-214	129847.0	132964.0
-213	132215.0	132782.0
-212	130491.0	132150.0
-211	130896.0	132870.0
-210	131788.0	132364.0
-209	131555.0	131699.0
-208	132131.0	132887.0
-207	132772.0	131915.0
-206	132734.0	131927.0
-205	132545.0	132853.0
-204	133839.0	132447.0
-203	132908.0	131913.0
-202	132936.0	132891.0
-201	135217.0	132911.0
-200	134630.0	131740.0
-199	134096.0	133023.0
-198	134735.0	131581.0
-197	133629.0	131246.0
-196	134135.0	132381.0
-195	135425.0	132330.0
-194	134769.0	130601.0
-193	134980.0	132425.0
-192	135684.0	131670.0
-191	134747.0	130773.0
-190	135304.0	132463.0
-189	136061.0	131472.0
-188	134953.0	130263.0
-187	135175.0	131497.0
-186	135899.0	130988.0
-185	135027.0	129701.0
-184	135725.0	130956.0
-183	136719.0	130592.0
-182	135566.0	129532.0
-181	135933.0	130442.0
-180	136627.0	129575.0
-179	134996.0	128661.0
-178	134997.0	129387.0
-177	137418.0	129273.0
-176	135692.0	128428.0
-175	136003.0	129614.0
-174	135068.0	128039.0
-173	134977.0	127405.0
-172	135220.0	128402.0
-171	135868.0	128035.0
-170	134967.0	126973.0
-169	133835.0	127572.0
-168	135194.0	127295.0
-167	133858.0	126104.0
-166	133335.0	126822.0
-165	134895.0	126732.0
-164	133334.0	125835.0
-163	132253.0	127335.0
-162	133257.0	126317.0
-161	132045.0	125435.0
-160	131988.0	126389.0
-159	132419.0	125945.0
-158	130393.0	125008.0
-157	130724.0	126139.0
-156	131631.0	125728.0
-155	130018.0	124287.0
-154	129987.0	125111.0
-153	130286.0	124821.0
-152	129382.0	123835.0
-151	129187.0	124835.0
-150	129589.0	124481.0
-149	128214.0	123606.0
-148	127130.0	124107.0
-147	128100.0	123759.0
-146	126614.0	123207.0
-145	127379.0	123992.0
-144	127256.0	123817.0
-143	126483.0	122613.0
-142	126588.0	123226.0
-141	126998.0	123689.0
-140	124722.0	122225.0
-139	124006.0	123482.0
-138	123908.0	122658.0
-137	122159.0	122074.0
-136	122748.0	123559.0
-135	124181.0	123087.0
-134	123636.0	121872.0
-133	124269.0	122323.0
-132	125813.0	122681.0
-131	124335.0	121548.0
-130	123910.0	122607.0
-129	123735.0	122404.0
-128	121602.0	122232.0
-127	121130.0	123467.0
-126	122534.0	122687.0
-125	120948.0	121675.0
-124	121920.0	122374.0
-123	124236.0	122559.0
-122	123700.0	121090.0
-121	122997.0	122419.0
-120	123594.0	122530.0
-119	121718.0	121489.0
-118	120358.0	123047.0
-117	121425.0	121960.0
-116	120318.0	122115.0
-115	120541.0	123128.0
-114	122302.0	122183.0
-113	121490.0	121690.0
-112	122265.0	122087.0
-111	123775.0	122746.0
-110	122933.0	121196.0
-109	121965.0	122853.0
-108	122252.0	122475.0
-107	120303.0	122048.0
-106	120253.0	123183.0
-105	121033.0	123332.0
-104	121285.0	121908.0
-103	121954.0	123669.0
-102	123049.0	123096.0
-101	122702.0	121430.0
-100	123280.0	122867.0
-99	123618.0	123653.0
-98	122106.0	122351.0
-97	120691.0	123438.0
-96	122135.0	123577.0
-95	120878.0	122731.0
-94	121887.0	124414.0
-93	123031.0	124383.0
-92	122406.0	123009.0
-91	123081.0	123947.0
-90	124251.0	123777.0
-89	122126.0	123054.0
-88	122268.0	124117.0
-87	122692.0	124644.0
-86	121679.0	123430.0
-85	121255.0	125121.0
-84	122083.0	124497.0
-83	121084.0	123481.0
-82	121334.0	124552.0
-81	123042.0	124829.0
-80	122311.0	124461.0
-79	121658.0	126007.0
-78	123170.0	126432.0
-77	122186.0	125448.0
-76	122201.0	126892.0
-75	123320.0	126632.0
-74	122559.0	126308.0
-73	122261.0	127327.0
-72	124395.0	127492.0
-71	123647.0	126689.0
-70	124358.0	128285.0
-69	125580.0	128357.0
-68	123743.0	127446.0
-67	122927.0	129037.0
-66	123934.0	128703.0
-65	124354.0	128302.0
-64	124315.0	130068.0
-63	125196.0	130077.0
-62	123862.0	128828.0
-61	124764.0	130415.0
-60	126291.0	131027.0
-59	124715.0	130553.0
-58	124175.0	131696.0
-57	125030.0	131990.0
-56	123387.0	131590.0
-55	123964.0	132513.0
-54	125425.0	132476.0
-53	124661.0	131903.0
-52	125783.0	133641.0
-51	128157.0	133615.0
-50	127490.0	132396.0
-49	126789.0	134610.0
-48	128455.0	134891.0
-47	127196.0	133511.0
-46	126823.0	135875.0
-45	127687.0	135058.0
-44	126577.0	134859.0
-43	127580.0	136470.0
-42	130703.0	136493.0
-41	130714.0	135014.0
-40	131064.0	137872.0
-39	133470.0	137220.0
-38	131911.0	136801.0
-37	131217.0	138020.0
-36	132091.0	138446.0
-35	130032.0	137884.0
-34	131119.0	139233.0
-33	134314.0	139011.0
-32	133564.0	137609.0
-31	135134.0	139451.0
-30	138233.0	139299.0
-29	136283.0	137796.0
-28	135736.0	140256.0
-27	137509.0	140756.0
-26	135181.0	138996.0
-25	134867.0	141559.0
-24	136833.0	142074.0
-23	135285.0	139527.0
-22	135255.0	142373.0
-21	138409.0	142115.0
-20	138561.0	140639.0
-19	139388.0	144463.0
-18	142048.0	144803.0
-17	139204.0	142884.0
-16	138595.0	145790.0
-15	139539.0	146146.0
-14	137751.0	145039.0
-13	138309.0	148533.0
-12	143022.0	148703.0
-11	141704.0	146615.0
-10	141564.0	150591.0
-9	144291.0	152484.0
-8	141325.0	154004.0
-7	139355.0	161323.0
-6	137595.0	163056.0
-5	128865.0	160873.0
-4	126490.0	161332.0
-3	142295.0	169992.0
-2	162837.0	161228.0
-1	275077.0	147298.0
0	2099.0	91442.0
1	273892.0	26147.0
2	162164.0	58623.0
3	142031.0	85129.0
4	126522.0	117396.0
5	128692.0	132136.0
6	136542.0	126810.0
7	138525.0	116258.0
8	141233.0	116065.0
9	144341.0	115094.0
10	141715.0	114613.0
11	141661.0	116856.0
12	142909.0	119930.0
13	137905.0	118677.0
14	137119.0	123286.0
15	139023.0	124611.0
16	137789.0	122572.0
17	138819.0	124112.0
18	141506.0	122597.0
19	138769.0	120781.0
20	138026.0	123239.0
21	137949.0	124198.0
22	136071.0	124943.0
23	134487.0	128983.0
24	136382.0	130368.0
25	134385.0	129018.0
26	134046.0	129018.0
27	137109.0	127533.0
28	136210.0	124706.0
29	136700.0	125121.0
30	138116.0	125274.0
31	134214.0	123624.0
32	133279.0	127336.0
33	133515.0	128145.0
34	130738.0	128234.0
35	130657.0	130989.0
36	131172.0	130861.0
37	130908.0	128108.0
38	131845.0	127314.0
39	132805.0	126407.0
40	131151.0	124344.0
41	129805.0	125911.0
42	129898.0	126831.0
43	127134.0	127610.0
44	126545.0	131899.0
45	128133.0	130977.0
46	125939.0	130462.0
47	126613.0	130354.0
48	128614.0	130078.0
49	126853.0	127440.0
50	126634.0	127910.0
51	127780.0	128009.0
52	125918.0	126867.0
53	125179.0	128533.0
54	125890.0	129510.0
55	123272.0	129263.0
56	123778.0	131244.0
57	124318.0	131022.0
58	124262.0	128686.0
59	124199.0	129082.0
60	125458.0	126986.0
61	124100.0	125516.0
62	123842.0	127846.0
63	124653.0	127665.0
64	124063.0	125992.0
65	123266.0	126597.0
66	124117.0	126161.0
67	122435.0	125031.0
68	123062.0	125857.0
69	124920.0	125393.0
70	123412.0	122926.0
71	123002.0	125056.0
72	123910.0	125088.0
73	122754.0	124005.0
74	122149.0	126048.0
75	123819.0	125358.0
76	122532.0	123736.0
77	121860.0	123679.0
78	122646.0	123550.0
79	121803.0	123626.0
80	121708.0	125177.0
81	122588.0	125222.0
82	120660.0	124724.0
83	120693.0	125920.0
84	121369.0	126793.0
85	120050.0	125810.0
86	120904.0	127088.0
87	122574.0	124677.0
88	122412.0	122840.0
89	123054.0	123186.0
90	123622.0	121820.0
91	121908.0	120981.0
92	121593.0	123615.0
93	122658.0	124586.0
94	121362.0	124574.0
95	120249.0	126221.0
96	121894.0	126441.0
97	120720.0	125646.0
98	121472.0	125192.0
99	122732.0	124043.0
100	122823.0	121645.0
101	123077.0	123494.0
102	123089.0	123176.0
103	121470.0	123127.0
104	120758.0	126439.0
105	121294.0	127662.0
106	120093.0	127646.0
107	120414.0	129021.0
108	121714.0	127897.0
109	121711.0	125416.0
110	122805.0	125421.0
111	123716.0	125561.0
112	122155.0	124096.0
113	121983.0	126741.0
114	121531.0	128616.0
115	120507.0	129529.0
116	119917.0	132803.0
117	121099.0	133325.0
118	120806.0	131996.0
119	121867.0	132417.0
120	124252.0	131095.0
121	123594.0	128938.0
122	123201.0	130536.0
123	123549.0	131781.0
124	121598.0	131992.0
125	121046.0	134258.0
126	122164.0	136889.0
127	120851.0	136939.0
128	121856.0	138343.0
129	123429.0	137883.0
130	123230.0	135431.0
131	124203.0	136009.0
132	126177.0	135541.0
133	123724.0	134400.0
134	123084.0	138144.0
135	123761.0	140210.0
136	122501.0	141360.0
137	122267.0	144121.0
138	124094.0	144993.0
139	123857.0	143854.0
140	125053.0	144460.0
141	127582.0	144110.0
142	125821.0	142508.0
143	125985.0	143602.0
144	127573.0	145035.0
145	126464.0	145051.0
146	126589.0	147641.0
147	127490.0	147964.0
148	127567.0	146885.0
149	127966.0	148691.0
150	129107.0	148126.0
151	128733.0	146702.0
152	128575.0	147886.0
153	130434.0	147576.0
154	129281.0	147231.0
155	129606.0	147904.0
156	131431.0	148992.0
157	130898.0	147523.0
158	131408.0	148647.0
159	132213.0	147735.0
160	131593.0	145343.0
161	132259.0	145891.0
162	133567.0	145081.0
163	132330.0	144806.0
164	132710.0	146220.0
165	133560.0	145879.0
166	133334.0	144203.0
167	133773.0	144494.0
168	134357.0	143487.0
169	134033.0	142475.0
170	133772.0	143268.0
171	135029.0	142143.0
172	134461.0	140665.0
173	134885.0	141618.0
174	135551.0	141164.0
175	134856.0	139991.0
176	135491.0	140156.0
177	136094.0	139736.0
178	135088.0	138360.0
179	136055.0	138943.0
180	136618.0	138157.0
181	135859.0	136659.0
182	134845.0	136972.0
183	136090.0	136609.0
184	135233.0	135668.0
185	135310.0	136584.0
186	136169.0	135651.0
187	134896.0	133867.0
188	135777.0	134343.0
189	136636.0	133749.0
190	134462.0	132399.0
191	134722.0	132502.0
192	135318.0	132371.0
193	134503.0	130792.0
194	134110.0	131874.0
195	135732.0	131410.0
196	134806.0	130117.0
197	134133.0	130509.0
198	134800.0	130316.0
199	133386.0	128320.0
200	133458.0	128951.0
201	134296.0	128568.0
202	132616.0	127370.0
203	133165.0	128079.0
204	133462.0	127662.0
205	132310.0	126306.0
206	132444.0	126896.0
207	132879.0	127590.0
208	131618.0	125899.0
209	131171.0	126311.0
210	131999.0	125421.0
211	130709.0	124735.0
212	130751.0	125738.0
213	131406.0	124467.0
214	129587.0	124315.0
215	129340.0	124062.0
216	129635.0	125149.0
217	128929.0	124338.0
218	128984.0	124466.0
219	129453.0	124354.0
220	128395.0	123132.0
221	128447.0	123855.0
222	128879.0	123396.0
223	127728.0	122438.0
224	127299.0	123029.0
225	128068.0	122392.0
226	127356.0	122394.0
227	126576.0	123372.0
228	127276.0	123347.0
229	126362.0	121264.0
230	126039.0	123090.0
231	126953.0	122586.0
232	125243.0	121546.0
233	125513.0	122025.0
234	126072.0	121933.0
235	124877.0	121106.0
236	124436.0	122359.0
237	124998.0	121743.0
238	124359.0	121369.0
239	123672.0	122505.0
240	124708.0	122265.0
241	123874.0	121553.0
242	123438.0	122027.0
243	124059.0	121574.0
244	123770.0	121208.0
245	123410.0	121271.0
246	123878.0	122690.0
247	123060.0	120680.0
248	122513.0	121958.0
249	123576.0	122066.0
250	122760.0	121644.0
251	122689.0	121924.0
252	123292.0	121188.0
253	122591.0	121557.0
254	122738.0	122611.0
255	122786.0	122257.0
256	122110.0	121984.0
257	122497.0	122778.0
258	122836.0	122432.0
259	121630.0	121779.0
260	121206.0	122435.0
261	122062.0	122179.0
262	121249.0	121105.0
263	121389.0	122744.0
264	122290.0	122785.0
265	121668.0	121897.0
266	121474.0	122518.0
267	121907.0	122364.0
268	121129.0	122560.0
269	121737.0	123407.0
270	122564.0	122837.0
271	121542.0	123027.0
272	121581.0	123089.0
273	122484.0	123461.0
274	121692.0	122455.0
275	121587.0	123635.0
276	121844.0	123657.0
277	121837.0	123857.0
278	121447.0	123892.0
279	122411.0	124329.0
280	121432.0	124017.0
281	121711.0	124384.0
282	122762.0	124054.0
283	121791.0	123804.0
284	121905.0	124646.0
285	122618.0	124689.0
286	121890.0	124447.0
287	122165.0	125663.0
288	123267.0	124984.0
289	121672.0	125088.0
290	121986.0	126328.0
291	123333.0	126220.0
292	122658.0	125332.0
293	123280.0	126312.0
294	123079.0	126728.0
295	122121.0	126563.0
296	123059.0	127155.0
297	123828.0	127800.0
298	123359.0	126368.0
299	123119.0	127610.0
300	124079.0	128004.0
301	122692.0	127661.0
302	122949.0	128855.0
303	124333.0	128410.0
304	123717.0	128682.0
305	123756.0	129224.0
306	125190.0	129157.0
307	124661.0	128803.0
308	123375.0	129757.0
309	124612.0	130058.0
310	123847.0	129518.0
311	124048.0	130993.0
312	124896.0	130694.0
313	124662.0	130211.0
314	124871.0	130793.0
315	125398.0	131312.0
316	124999.0	131050.0
317	125066.0	131165.0
318	126436.0	131468.0
319	124939.0	131107.0
320	125332.0	131923.0
321	126251.0	132386.0
322	125425.0	132026.0
323	127086.0	132882.0
324	127388.0	132875.0
325	126065.0	131914.0
326	126584.0	132530.0
327	127402.0	133226.0
328	126860.0	133473.0
329	127771.0	133596.0
330	128660.0	133468.0
331	127116.0	132869.0
332	127694.0	134207.0
333	128855.0	133919.0
334	127869.0	133818.0
335	128155.0	133924.0
336	128534.0	133341.0
337	128313.0	132857.0
338	128703.0	133240.0
339	129356.0	134044.0
340	129091.0	133005.0
341	128900.0	133990.0
342	130017.0	133858.0
343	129704.0	133002.0
344	129536.0	134113.0
345	130309.0	133598.0
346	129411.0	133197.0
347	129992.0	133936.0
348	131400.0	133489.0
349	129889.0	132608.0
350	130215.0	133088.0
351	131077.0	132749.0
352	130377.0	132255.0
353	129832.0	133431.0
354	130378.0	133239.0
355	130275.0	132204.0
356	130833.0	132525.0
357	131002.0	132233.0
358	130815.0	131871.0
359	130763.0	131713.0
360	131576.0	131532.0
361	130489.0	131182.0
362	131339.0	131679.0
363	131588.0	131858.0
364	130372.0	130868.0
365	130907.0	130869.0
366	131182.0	130295.0
367	131060.0	130046.0
368	131006.0	130102.0
369	131945.0	129920.0
370	131043.0	129406.0
371	131040.0	129217.0
372	131461.0	129035.0
373	130770.0	128564.0
374	130565.0	128275.0
375	131504.0	128422.0
376	130585.0	128398.0
377	130778.0	128235.0
378	131463.0	127405.0
379	130261.0	127016.0
380	129849.0	127645.0
381	130406.0	126634.0
382	129643.0	126516.0
383	130615.0	126317.0
384	130456.0	126647.0
385	129831.0	126140.0
386	128463.0	126777.0
387	130107.0	126321.0
388	129720.0	125615.0
389	128800.0	125962.0
390	129804.0	124813.0
391	129601.0	124282.0
392	128855.0	125583.0
393	128663.0	124628.0
394	128388.0	124424.0
395	128526.0	124505.0
396	128778.0	124901.0
397	128415.0	124187.0
398	128526.0	124292.0
399	128430.0	124213.0
400	127782.0	123597.0
401	127992.0	123870.0
402	128322.0	123311.0
403	127682.0	123035.0
404	127393.0	123447.0
405	127141.0	122972.0
406	126989.0	122456.0
407	126836.0	122475.0
408	126992.0	122990.0
409	126045.0	122673.0
410	126260.0	122607.0
411	126941.0	122265.0
412	125874.0	122002.0
413	126489.0	122390.0
414	125677.0	122303.0
415	125626.0	122182.0
416	125183.0	122190.0
417	126443.0	122407.0
418	124662.0	121699.0
419	124891.0	122367.0
420	125476.0	122392.0
421	124645.0	121383.0
422	124970.0	122306.0
423	124668.0	122483.0
424	123875.0	121440.0
425	124708.0	122450.0
426	124747.0	122516.0
427	123828.0	121742.0
428	123989.0	121402.0
429	125006.0	122204.0
430	124267.0	121635.0
431	123513.0	122430.0
432	124035.0	122626.0
433	123301.0	121950.0
434	123109.0	122497.0
435	123282.0	121954.0
436	123380.0	121569.0
437	122986.0	122333.0
438	122700.0	122362.0
439	123432.0	121845.0
440	122975.0	123364.0
441	124206.0	122874.0
442	123488.0	121972.0
443	122666.0	122087.0
444	123220.0	122815.0
445	122750.0	122595.0
446	122171.0	122805.0
447	122834.0	122892.0
448	123112.0	122768.0
449	122523.0	123051.0
450	122949.0	123375.0
451	122797.0	122681.0
452	122181.0	123247.0
453	122697.0	123676.0
454	122392.0	123080.0
455	122581.0	123781.0
456	122574.0	123631.0
457	122525.0	123694.0
458	122356.0	124322.0
459	122683.0	124302.0
460	122896.0	123315.0
461	122631.0	124001.0
462	122861.0	124676.0
463	122354.0	123946.0
464	122856.0	124540.0
465	122347.0	124795.0
466	122829.0	124244.0
467	122644.0	125082.0
468	122925.0	124909.0
469	122669.0	124756.0
470	122966.0	124861.0
471	123149.0	125207.0
472	123110.0	125340.0
473	122593.0	125421.0
474	123615.0	126175.0
475	123317.0	125238.0
476	123442.0	126195.0
477	123221.0	126532.0
478	123136.0	126340.0
479	123598.0	126352.0
480	123679.0	126875.0
481	123049.0	126151.0
482	124149.0	126979.0
483	123450.0	127058.0
484	123083.0	126187.0
485	123631.0	127476.0
486	123833.0	127260.0
487	123494.0	127360.0
488	123083.0	128229.0
489	124850.0	127671.0
490	124291.0	127586.0
491	124648.0	127551.0
492	125280.0	128398.0
493	124527.0	127955.0
494	123946.0	128496.0
495	124768.0	128560.0
496	124564.0	128347.0
497	124475.0	128641.0
498	125427.0	128722.0
499	124140.0	128820.0
500	124812.0	129208.0
501	125044.0	128787.0
502	125373.0	129700.0
503	124668.0	128540.0
504	126319.0	129192.0
505	125229.0	129181.0
506	125606.0	129324.0
507	126524.0	129469.0
508	125659.0	128762.0
509	126528.0	129756.0
510	126376.0	129995.0
511	125906.0	129630.0
512	125963.0	129881.0
513	126124.0	129133.0
514	126797.0	129416.0
515	125860.0	130245.0
516	127403.0	129548.0
517	126661.0	129612.0
518	126328.0	130507.0
519	127042.0	129670.0
520	126620.0	129355.0
521	126809.0	130223.0
522	127374.0	130437.0
523	126722.0	129765.0
524	126953.0	129636.0
525	126986.0	129958.0
526	126773.0	129551.0
527	126907.0	130367.0
528	127531.0	130096.0
529	127788.0	129499.0
530	127462.0	130063.0
531	128220.0	130214.0
532	127916.0	129744.0
533	127275.0	130127.0
534	128408.0	129879.0
535	127901.0	129250.0
536	127474.0	129586.0
537	128217.0	129525.0
538	128052.0	129632.0
539	128093.0	129977.0
540	128417.0	129393.0
541	127623.0	129404.0
542	128612.0	129508.0
543	128309.0	129658.0
544	128187.0	129241.0
545	128097.0	129386.0
546	128778.0	129091.0
547	127500.0	129547.0
548	128688.0	128849.0
549	128217.0	127879.0
550	128120.0	127772.0
551	127905.0	128418.0
552	128451.0	128109.0
553	128359.0	127581.0
554	128042.0	128177.0
555	128472.0	128195.0
556	128281.0	127009.0
557	128072.0	127986.0
558	128629.0	127246.0
559	128076.0	126909.0
560	128507.0	127084.0
561	128292.0	127344.0
562	127341.0	126353.0
563	127742.0	126542.0
564	128503.0	126615.0
565	128149.0	126896.0
566	127548.0	126403.0
567	128264.0	125739.0
568	128318.0	125701.0
569	127451.0	125968.0
570	127722.0	126150.0
571	127738.0	126018.0
572	127695.0	125818.0
573	127689.0	124756.0
574	127360.0	125230.0
575	126940.0	125623.0
576	127835.0	125120.0
577	126874.0	124702.0
578	126839.0	125331.0
579	127335.0	125203.0
580	126765.0	124879.0
581	126085.0	125139.0
582	126858.0	124711.0
583	126376.0	124382.0
584	126363.0	124619.0
585	126558.0	124515.0
586	125843.0	124120.0
587	126570.0	124214.0
588	126331.0	124181.0
589	126105.0	123937.0
590	126348.0	124026.0
591	127306.0	124021.0
592	126140.0	123381.0
593	125628.0	123697.0
594	126195.0	123473.0
595	125520.0	123738.0
596	125954.0	123844.0
597	125817.0	123458.0
598	125112.0	123117.0
599	125503.0	123524.0
600	125457.0	123269.0
601	125241.0	123455.0
602	125162.0	123424.0
603	125326.0	123315.0
604	124858.0	123306.0
605	124939.0	123710.0
606	124880.0	123217.0
607	124359.0	123318.0
608	124047.0	123517.0
609	124607.0	122911.0
610	124250.0	122864.0
611	124267.0	122962.0
612	124862.0	123082.0
613	123844.0	122366.0
614	123925.0	122858.0
615	124551.0	123163.0
616	123998.0	123064.0
617	123686.0	123621.0
618	124354.0	122996.0
619	123909.0	122573.0
620	123988.0	122400.0
621	124405.0	122632.0
622	123590.0	122708.0
623	123710.0	123321.0
624	124277.0	123318.0
625	123338.0	122861.0
626	123530.0	123505.0
627	124084.0	123336.0
628	123346.0	123649.0
629	123315.0	123595.0
630	123442.0	123359.0
631	122945.0	123448.0
632	123132.0	123514.0
633	123161.0	123984.0
634	123527.0	123371.0
635	123631.0	124062.0
636	123501.0	123487.0
637	122824.0	122794.0
638	122970.0	122916.0
639	123696.0	123394.0
640	123175.0	123998.0
641	123437.0	124185.0
642	123084.0	124211.0
643	123202.0	123422.0
644	122838.0	124666.0
645	123497.0	124377.0
646	122518.0	123400.0
647	123033.0	124657.0
648	122469.0	124522.0
649	122502.0	123748.0
650	122582.0	124869.0
651	123664.0	124516.0
652	123247.0	124393.0
653	123038.0	124708.0
654	123509.0	125141.0
655	123348.0	124905.0
656	123252.0	124650.0
657	123339.0	125388.0
658	123117.0	124675.0
659	123580.0	125393.0
660	123121.0	125258.0
661	123208.0	124898.0
662	123057.0	125332.0
663	124242.0	125483.0
664	123466.0	125272.0
665	123292.0	125085.0
666	123420.0	125715.0
667	123498.0	125202.0
668	123199.0	126399.0
669	124251.0	125910.0
670	123695.0	125927.0
671	123920.0	126353.0
672	124412.0	126526.0
673	124204.0	125833.0
674	123201.0	125904.0
675	123899.0	125972.0
676	124406.0	125488.0
677	123823.0	126233.0
678	124890.0	125811.0
679	124039.0	126173.0
680	123989.0	126230.0
681	124833.0	126593.0
682	124949.0	126502.0
683	124468.0	126692.0
684	124591.0	126881.0
685	124164.0	126641.0
686	124458.0	126945.0
687	125282.0	127155.0
688	124278.0	126551.0
689	124140.0	127106.0
690	125242.0	127248.0
691	124395.0	127778.0
692	124713.0	127227.0
693	124898.0	127835.0
694	124930.0	127328.0
695	124784.0	127277.0
696	125205.0	127438.0
697	125410.0	127655.0
698	125055.0	127722.0
699	125684.0	127549.0
700	124817.0	127715.0
701	125201.0	127402.0
702	125682.0	127677.0
703	124449.0	127627.0
704	125299.0	127963.0
705	125605.0	127562.0
706	125577.0	127386.0
707	125193.0	127928.0
708	126324.0	127784.0
709	125488.0	127172.0
710	125555.0	127606.0
711	125749.0	127516.0
712	125836.0	127442.0
713	126665.0	127702.0
714	126427.0	128476.0
715	126262.0	127206.0
716	125482.0	127319.0
717	126521.0	127328.0
718	125441.0	126700.0
719	125787.0	127943.0
720	125560.0	127436.0
721	126255.0	126923.0
722	126152.0	127466.0
723	126327.0	127394.0
724	125786.0	127069.0
725	125189.0	128232.0
726	126396.0	127802.0
727	126665.0	126853.0
728	126851.0	126746.0
729	126983.0	127120.0
730	126585.0	127310.0
731	126444.0	127514.0
732	126599.0	127260.0
733	126532.0	127457.0
734	126800.0	127193.0
735	127001.0	126725.0
736	125853.0	126639.0
737	126112.0	126325.0
738	126682.0	126768.0
739	126314.0	125948.0
740	126222.0	126630.0
741	126721.0	126729.0
742	126543.0	126429.0
743	126598.0	126372.0
744	126694.0	126116.0
745	126593.0	125898.0
746	126087.0	126005.0
747	125968.0	126337.0
748	126319.0	126256.0
749	126555.0	126225.0
750	127025.0	126295.0
751	126185.0	125674.0
752	125895.0	125708.0
753	126780.0	125888.0
754	125680.0	125565.0
755	126370.0	125571.0
756	126333.0	125494.0
757	126278.0	124921.0
758	126227.0	125333.0
759	126360.0	124535.0
760	126079.0	125423.0
761	126351.0	125679.0
762	126491.0	124968.0
763	125969.0	124922.0
764	125973.0	124908.0
765	126074.0	124942.0
766	125837.0	124666.0
767	126374.0	125215.0
768	126433.0	125322.0
769	125973.0	124336.0
770	125681.0	124901.0
771	126045.0	124634.0
772	125602.0	124176.0
773	125064.0	124939.0
774	125585.0	124408.0
775	125476.0	124319.0
776	125608.0	124203.0
777	125522.0	124151.0
778	125176.0	124453.0
779	124778.0	123565.0
780	125164.0	124681.0
781	125693.0	124525.0
782	125307.0	124900.0
783	124814.0	124432.0
784	124988.0	124016.0
785	125010.0	124312.0
786	125120.0	123788.0
787	124722.0	123545.0
788	124257.0	123733.0
789	124505.0	123997.0
790	124964.0	123714.0
791	124720.0	123616.0
792	124597.0	123788.0
793	124152.0	123694.0
794	124461.0	123991.0
795	124428.0	123198.0
796	124486.0	123170.0
797	124544.0	123253.0
798	125035.0	123708.0
799	124899.0	123408.0
800	124058.0	124211.0
801	124419.0	124107.0
802	124559.0	123516.0
803	124123.0	123816.0
804	124146.0	124491.0
805	124164.0	123270.0
806	124250.0	124108.0
807	124234.0	123847.0
808	123960.0	123181.0
809	123496.0	124054.0
810	123615.0	124083.0
811	123985.0	123179.0
812	124316.0	124088.0
813	123979.0	123652.0
814	124122.0	123445.0
815	123881.0	123872.0
816	123852.0	123973.0
817	123287.0	123904.0
818	123987.0	123672.0
819	124495.0	124136.0
820	123198.0	123422.0
821	123715.0	123721.0
822	123832.0	123793.0
823	123353.0	124353.0
824	123993.0	123719.0
825	124130.0	123707.0
826	123748.0	123603.0
827	123552.0	123446.0
828	123676.0	123960.0
829	122977.0	124123.0
830	123210.0	123867.0
831	123870.0	124079.0
832	123647.0	124090.0
833	123145.0	124126.0
834	123370.0	124576.0
835	123301.0	124050.0
836	123521.0	124112.0
837	123452.0	124320.0
838	123163.0	124557.0
839	123391.0	124559.0
840	123443.0	123967.0
841	123376.0	124010.0
842	124065.0	124299.0
843	124052.0	124309.0
844	123476.0	125020.0
845	123307.0	124917.0
846	123986.0	124685.0
847	123394.0	124126.0
848	123663.0	125011.0
849	123392.0	125039.0
850	123657.0	124911.0
851	123560.0	124511.0
852	124069.0	124604.0
853	123502.0	125654.0
854	123480.0	124716.0
855	123976.0	124312.0
856	123102.0	125120.0
857	123732.0	125418.0
858	123745.0	125510.0
859	123071.0	124953.0
860	123419.0	125313.0
861	123780.0	125148.0
862	123582.0	125348.0
863	123610.0	126118.0
864	124116.0	125717.0
865	123938.0	125054.0
866	124181.0	125411.0
867	124494.0	125603.0
868	123381.0	125517.0
869	124016.0	125522.0
870	123782.0	125891.0
871	123786.0	125180.0
872	123855.0	125402.0
873	124639.0	126545.0
874	124704.0	125855.0
875	123865.0	125909.0
876	124787.0	126143.0
877	124085.0	125875.0
878	123938.0	125569.0
879	124369.0	125756.0
880	124970.0	125627.0
881	124597.0	126202.0
882	124457.0	126328.0
883	123766.0	125872.0
884	124185.0	126235.0
885	124460.0	125936.0
886	124396.0	125659.0
887	125181.0	125505.0
888	124771.0	126284.0
889	124941.0	125848.0
890	124869.0	126214.0
891	124698.0	126340.0
892	124696.0	125874.0
893	124580.0	125999.0
894	124895.0	125719.0
895	124865.0	125877.0
896	124811.0	125494.0
897	124213.0	126216.0
898	124616.0	125754.0
899	125438.0	126796.0
900	125039.0	126058.0
901	124865.0	125326.0
902	124916.0	125854.0
903	125086.0	125935.0
904	124677.0	125706.0
905	125201.0	126548.0
906	124992.0	126367.0
907	125077.0	125467.0
908	124628.0	126036.0
909	125062.0	126339.0
910	125302.0	125551.0
911	125268.0	126170.0
912	124999.0	125809.0
913	125496.0	126147.0
914	124547.0	125608.0
915	125874.0	126326.0
916	124809.0	125510.0
917	125476.0	126478.0
918	125398.0	125689.0
919	125111.0	125959.0
920	125628.0	126289.0
921	125145.0	125942.0
922	124846.0	126010.0
923	125382.0	125898.0
924	125105.0	125857.0
925	125813.0	125659.0
926	125603.0	125710.0
927	125197.0	125576.0
928	124767.0	125906.0
929	125517.0	125669.0
930	125687.0	126408.0
931	124881.0	125138.0
932	125091.0	125080.0
933	126016.0	125332.0
934	125463.0	124861.0
935	125927.0	124790.0
936	125695.0	125247.0
937	125124.0	125379.0
938	125696.0	125179.0
939	125051.0	125430.0
940	124639.0	125462.0
941	125878.0	125116.0
942	126302.0	125389.0
943	125941.0	125025.0
944	125621.0	125185.0
945	125618.0	125094.0
946	125230.0	125140.0
947	125186.0	125750.0
948	125455.0	125046.0
949	125720.0	124993.0
950	125244.0	125292.0
951	125561.0	124499.0
952	125464.0	124655.0
953	125515.0	124527.0
954	125890.0	124383.0
955	125027.0	124723.0
956	125290.0	123981.0
957	125516.0	124189.0
958	125826.0	124262.0
959	124832.0	124754.0
960	125151.0	124045.0
961	125230.0	124322.0
962	124912.0	124239.0
963	125490.0	124665.0
964	124916.0	124631.0
965	125038.0	124204.0
966	125192.0	124520.0
967	124808.0	124292.0
968	125161.0	124686.0
969	125492.0	123528.0
970	125227.0	123743.0
971	124918.0	124146.0
972	124724.0	124378.0
973	124146.0	123900.0
974	124229.0	123649.0
975	124536.0	124121.0
976	124261.0	124192.0
977	124367.0	124151.0
978	124391.0	124083.0
979	124638.0	123651.0
980	124776.0	123259.0
981	124798.0	124002.0
982	124823.0	123742.0
983	124598.0	123774.0
984	123657.0	124220.0
985	124493.0	123741.0
986	124148.0	123485.0
987	124677.0	123898.0
988	124018.0	122858.0
989	123701.0	123722.0
990	123408.0	123654.0
991	123572.0	124137.0
992	123817.0	123638.0
993	123631.0	123892.0
994	123562.0	123267.0
995	123945.0	123671.0
996	123909.0	123835.0
997	123274.0	123607.0
998	124042.0	123772.0
999	123812.0	123752.0
1000	123276.0	123790.0
1001	123947.0	123211.0
1002	123556.0	123770.0
1003	123474.0	123704.0
1004	123594.0	124169.0
1005	123713.0	124414.0
1006	122922.0	123796.0
1007	123730.0	123872.0
1008	123702.0	123295.0
1009	123839.0	123006.0
1010	124003.0	122847.0
1011	124204.0	123791.0
1012	123679.0	124042.0
1013	123807.0	123174.0
1014	123544.0	123390.0
1015	124122.0	123605.0
1016	123876.0	123998.0
1017	124224.0	123574.0
1018	123549.0	124054.0
1019	123589.0	124228.0
1020	124035.0	123093.0
1021	123181.0	124108.0
1022	123362.0	124034.0
1023	123237.0	124262.0
1024	123147.0	123778.0
1025	123192.0	123532.0
1026	123551.0	123759.0
1027	123795.0	123630.0
1028	123314.0	123992.0
1029	123875.0	124351.0
1030	123681.0	123965.0
1031	123266.0	124273.0
1032	123234.0	123980.0
1033	123145.0	123990.0
1034	123273.0	123861.0
1035	123889.0	124981.0
1036	123169.0	124051.0
1037	123457.0	124467.0
1038	123923.0	124528.0
1039	123832.0	124274.0
1040	123143.0	123721.0
1041	123701.0	124634.0
1042	123302.0	124428.0
1043	123660.0	124358.0
1044	123495.0	123942.0
1045	123878.0	124254.0
1046	123749.0	124390.0
1047	123889.0	124359.0
1048	123783.0	123534.0
1049	123935.0	125225.0
1050	123985.0	124598.0
1051	123482.0	124555.0
1052	123156.0	124259.0
1053	123912.0	124887.0
1054	123094.0	124671.0
1055	122704.0	125091.0
1056	124045.0	124368.0
1057	123566.0	124669.0
1058	123887.0	124873.0
1059	123829.0	125045.0
1060	123850.0	124202.0
1061	123591.0	125087.0
1062	123505.0	125324.0
1063	123988.0	124626.0
1064	123785.0	124918.0
1065	123447.0	124567.0
1066	123340.0	124703.0
1067	123051.0	124529.0
1068	123495.0	124983.0
1069	123589.0	125124.0
1070	123589.0	124667.0
1071	124015.0	124740.0
1072	124059.0	124236.0
1073	124151.0	124529.0
1074	123929.0	125346.0
1075	124161.0	124661.0
1076	123592.0	124500.0
1077	124910.0	125265.0
1078	123762.0	124945.0
1079	123687.0	124753.0
1080	124141.0	125004.0
1081	124235.0	125133.0
1082	123950.0	125166.0
1083	124191.0	125606.0
1084	123847.0	125399.0
1085	123939.0	124926.0
1086	124195.0	124836.0
1087	124647.0	125157.0
1088	123893.0	125093.0
1089	124501.0	125049.0
1090	123860.0	125626.0
1091	124160.0	124859.0
1092	124837.0	125397.0
1093	124126.0	125176.0
1094	124367.0	126097.0
1095	124645.0	125398.0
1096	124027.0	125024.0
1097	125175.0	125356.0
1098	124459.0	125598.0
1099	124444.0	124519.0
1100	124739.0	125215.0
1101	125076.0	125583.0
1102	124174.0	124761.0
1103	124210.0	125891.0
1104	124787.0	125393.0
1105	124813.0	125285.0
1106	124342.0	125115.0
1107	124886.0	124814.0
1108	124766.0	125628.0
1109	124370.0	125172.0
1110	124326.0	124971.0
1111	124911.0	125189.0
1112	124349.0	125288.0
1113	124434.0	125238.0
1114	124462.0	125151.0
1115	124747.0	125601.0
1116	125004.0	125544.0
1117	124211.0	124284.0
1118	124101.0	124356.0
1119	124385.0	125126.0
1120	124052.0	125223.0
1121	124720.0	124788.0
1122	124757.0	124011.0
1123	124443.0	124568.0
1124	124871.0	124788.0
1125	125661.0	124675.0
1126	124879.0	124274.0
1127	124722.0	124906.0
1128	124711.0	124498.0
1129	124274.0	123851.0
1130	123922.0	125049.0
1131	125280.0	124738.0
1132	124798.0	123940.0
1133	124514.0	124587.0
1134	125186.0	124795.0
1135	124483.0	124924.0
1136	123945.0	124838.0
1137	124364.0	125480.0
1138	124591.0	124209.0
1139	124751.0	124358.0
1140	124023.0	124339.0
1141	124172.0	123335.0
1142	124705.0	124373.0
1143	124731.0	124455.0
1144	124517.0	123580.0
1145	124276.0	124652.0
1146	124579.0	123997.0
1147	124355.0	124635.0
1148	124025.0	124099.0
1149	124450.0	124026.0
1150	124522.0	124136.0
1151	124468.0	124151.0
1152	124340.0	124005.0
1153	124395.0	124103.0
1154	124040.0	123828.0
1155	124257.0	123783.0
1156	124870.0	123572.0
1157	123481.0	124474.0
1158	124927.0	124530.0
1159	123089.0	123889.0
1160	124576.0	123536.0
1161	123770.0	123214.0
1162	123225.0	123643.0
1163	123513.0	124358.0
1164	124079.0	123600.0
1165	123472.0	123786.0
1166	124258.0	124004.0
1167	124052.0	123735.0
1168	123910.0	123305.0
1169	123906.0	123996.0
1170	124363.0	123533.0
1171	124432.0	123514.0
1172	123641.0	124372.0
1173	124070.0	124140.0
1174	123450.0	123742.0
1175	123963.0	123699.0
1176	123929.0	123865.0
1177	123801.0	123572.0
1178	123171.0	124317.0
1179	124215.0	123892.0
1180	123936.0	123450.0
1181	123364.0	123669.0
1182	123196.0	123791.0
1183	123861.0	124121.0
1184	123655.0	123044.0
1185	123724.0	124112.0
1186	123679.0	123594.0
1187	123158.0	123843.0
1188	123731.0	122879.0
1189	123193.0	123271.0
1190	123982.0	122897.0
1191	123041.0	123055.0
1192	123788.0	123840.0
1193	123359.0	123818.0
1194	123808.0	123468.0
1195	123087.0	123684.0
1196	123031.0	123717.0
1197	123421.0	123921.0
1198	123113.0	123705.0
1199	123246.0	123933.0
1200	123802.0	123800.0
1201	123246.0	123856.0
1202	123247.0	123667.0
1203	123249.0	123973.0
1204	123751.0	123198.0
1205	123282.0	123807.0
1206	123385.0	124204.0
1207	123157.0	122825.0
1208	123247.0	123420.0
1209	123533.0	123358.0
1210	123465.0	124082.0
1211	123374.0	123837.0
1212	123347.0	123285.0
1213	123150.0	123895.0
1214	123113.0	123739.0
1215	123579.0	123774.0
1216	122934.0	123082.0
1217	123873.0	123877.0
1218	124047.0	124102.0
1219	122924.0	123509.0
1220	123658.0	124015.0
1221	123715.0	124070.0
1222	123527.0	123800.0
1223	123114.0	123448.0
1224	122936.0	123696.0
1225	122741.0	124013.0
1226	123510.0	124364.0
1227	123467.0	124404.0
1228	123420.0	124449.0
1229	123414.0	124706.0
1230	123624.0	123118.0
1231	124114.0	123143.0
1232	122690.0	124071.0
1233	123523.0	123892.0
1234	122679.0	123885.0
1235	123205.0	123381.0
1236	123836.0	124534.0
1237	123621.0	124211.0
1238	123380.0	124098.0
1239	123763.0	124716.0
1240	123803.0	124199.0
1241	122897.0	124351.0
1242	122964.0	124321.0
1243	123411.0	123684.0
1244	123352.0	124091.0
1245	123399.0	124289.0
1246	123246.0	123616.0
1247	123696.0	124733.0
1248	123001.0	124264.0
1249	123401.0	124409.0
1250	123902.0	124601.0
1251	123943.0	124765.0
1252	123454.0	124707.0
1253	123521.0	124390.0
1254	123886.0	124176.0
1255	123110.0	124266.0
1256	123400.0	124615.0
1257	123643.0	124722.0
1258	123653.0	123907.0
1259	123609.0	123951.0
1260	123666.0	124459.0
1261	124422.0	124527.0
1262	123104.0	124552.0
1263	123484.0	124911.0
1264	123704.0	124385.0
1265	123592.0	124221.0
1266	123986.0	124208.0
1267	124098.0	124445.0
1268	123459.0	124620.0
1269	123244.0	123990.0
1270	123407.0	124109.0
1271	123938.0	124869.0
1272	124166.0	124834.0
1273	123352.0	124582.0
1274	123386.0	124311.0
1275	123725.0	124345.0
1276	123750.0	124698.0
1277	123746.0	124639.0
1278	123609.0	124427.0
1279	123687.0	124323.0
1280	124322.0	124680.0
1281	123505.0	125169.0
1282	123310.0	125173.0
1283	123542.0	124260.0
1284	123579.0	124059.0
1285	124197.0	123983.0
1286	123887.0	124713.0
1287	124609.0	124770.0
1288	124101.0	125076.0
1289	123892.0	124481.0
1290	124142.0	124441.0
1291	124229.0	123758.0
1292	124220.0	124462.0
1293	124162.0	124714.0
1294	124088.0	124717.0
1295	124135.0	124375.0
1296	124269.0	124784.0
1297	123731.0	124261.0
1298	124006.0	125198.0
1299	124190.0	124559.0
1300	124167.0	124244.0
1301	124293.0	124528.0
1302	124954.0	125035.0
1303	124160.0	124640.0
1304	123643.0	124305.0
1305	124232.0	123781.0
1306	123878.0	124475.0
1307	123754.0	123759.0
1308	124043.0	124281.0
1309	123801.0	124183.0
1310	124245.0	124336.0
1311	123815.0	124602.0
1312	124396.0	124177.0
1313	123648.0	124003.0
1314	124267.0	123849.0
1315	123911.0	123561.0
1316	124055.0	123761.0
1317	124072.0	123945.0
1318	124856.0	124263.0
1319	124456.0	123550.0
1320	123843.0	123834.0
1321	123640.0	123745.0
1322	123937.0	123849.0
1323	124355.0	124024.0
1324	123793.0	124878.0
1325	122888.0	124769.0
1326	124584.0	124097.0
1327	123711.0	123885.0
1328	123474.0	124568.0
1329	124125.0	124329.0
1330	124280.0	123834.0
1331	124234.0	124287.0
1332	124255.0	123761.0
1333	124174.0	123288.0
1334	124278.0	123288.0
1335	124501.0	123409.0
1336	124190.0	123418.0
1337	124140.0	123559.0
1338	123466.0	124074.0
1339	123120.0	123218.0
1340	123725.0	123784.0
1341	123661.0	123644.0
1342	123762.0	124115.0
1343	123498.0	124075.0
1344	123327.0	123757.0
1345	123877.0	123344.0
1346	122867.0	123774.0
1347	123919.0	123833.0
1348	123483.0	123367.0
1349	123572.0	123325.0
1350	123820.0	123389.0
1351	124360.0	123300.0
1352	123697.0	123047.0
1353	123442.0	123088.0
1354	123589.0	123288.0
1355	123578.0	123240.0
1356	124327.0	123194.0
1357	123792.0	123654.0
1358	123454.0	123508.0
1359	123506.0	123512.0
1360	123521.0	123497.0
1361	123714.0	123274.0
1362	123109.0	122763.0
1363	123232.0	123161.0
1364	123376.0	123578.0
1365	123101.0	123223.0
1366	123428.0	123165.0
1367	124317.0	123900.0
1368	123746.0	123402.0
1369	123160.0	123398.0
1370	123482.0	123568.0
1371	124039.0	123636.0
1372	123207.0	123250.0
1373	122924.0	123533.0
1374	123526.0	123519.0
1375	122680.0	122986.0
1376	122434.0	123743.0
1377	123273.0	123454.0
1378	123386.0	122463.0
1379	123261.0	123674.0
1380	123517.0	123170.0
1381	123652.0	123207.0
1382	123346.0	123169.0
1383	123828.0	123040.0
1384	123054.0	123222.0
1385	123705.0	122571.0
1386	122817.0	122827.0
1387	123000.0	123400.0
1388	123613.0	123220.0
1389	123028.0	123142.0
1390	122779.0	122801.0
1391	122690.0	123842.0
1392	123460.0	123144.0
1393	122750.0	123433.0
1394	123139.0	123324.0
1395	122452.0	123223.0
1396	122189.0	123648.0
1397	123171.0	123421.0
1398	123599.0	123562.0
1399	123240.0	123871.0
1400	122922.0	123481.0
1401	123415.0	123498.0
1402	123088.0	123162.0
1403	123159.0	123684.0
1404	122995.0	123511.0
1405	122986.0	123015.0
1406	123108.0	122782.0
1407	122931.0	123268.0
1408	123520.0	123616.0
1409	122970.0	123667.0
1410	123252.0	123955.0
1411	122826.0	123258.0
1412	123135.0	123710.0
1413	123177.0	123546.0
1414	123032.0	123807.0
1415	123347.0	123395.0
1416	123927.0	123930.0
1417	123186.0	122877.0
1418	122908.0	123541.0
1419	123549.0	123665.0
1420	122914.0	123517.0
1421	122735.0	123244.0
1422	123344.0	123966.0
1423	123100.0	124767.0
1424	123307.0	123619.0
1425	122838.0	122902.0
1426	122845.0	123866.0
1427	123185.0	122998.0
1428	123697.0	123977.0
1429	123644.0	123378.0
1430	123250.0	122785.0
1431	123448.0	123623.0
1432	122544.0	123615.0
1433	123170.0	123593.0
1434	123276.0	123957.0
1435	123010.0	123440.0
1436	122717.0	123531.0
1437	123162.0	123308.0
1438	122820.0	123729.0
1439	123276.0	124358.0
1440	123190.0	124238.0
1441	123510.0	123398.0
1442	123789.0	123739.0
1443	123027.0	123533.0
1444	123858.0	124379.0
1445	122973.0	123784.0
1446	123438.0	123969.0
1447	123735.0	124274.0
1448	123586.0	124226.0
1449	123444.0	124021.0
1450	123817.0	123949.0
1451	123579.0	124400.0
1452	123385.0	123551.0
1453	123265.0	123827.0
1454	123706.0	124062.0
1455	123847.0	123531.0
1456	123126.0	123427.0
1457	123496.0	123671.0
1458	123003.0	123869.0
1459	123306.0	123245.0
1460	123704.0	123837.0
1461	123352.0	124224.0
1462	122968.0	123898.0
1463	123356.0	123859.0
1464	123989.0	123869.0
1465	123241.0	123652.0
1466	123036.0	123810.0
1467	123294.0	123942.0
1468	123492.0	124125.0
1469	123660.0	124542.0
1470	123566.0	124035.0
1471	123769.0	123760.0
1472	123550.0	124181.0
1473	123417.0	124500.0
1474	123370.0	124180.0
1475	123454.0	123689.0
1476	123182.0	124021.0
1477	122797.0	123933.0
1478	123354.0	123928.0
1479	123712.0	123765.0
1480	123473.0	123792.0
1481	123396.0	124317.0
1482	123640.0	123827.0
1483	123663.0	123572.0
1484	123502.0	123893.0
1485	124046.0	123731.0
1486	123506.0	123792.0
1487	123353.0	123499.0
1488	123531.0	123359.0
1489	123609.0	123162.0
1490	123179.0	124113.0
1491	123537.0	124302.0
1492	123210.0	123908.0
1493	123504.0	124005.0
1494	123754.0	124042.0
1495	124072.0	124150.0
1496	123289.0	123807.0
1497	123226.0	124573.0
1498	123635.0	123970.0
1499	123562.0	124541.0
1500	123988.0	123617.0
1501	124046.0	123805.0
1502	123745.0	124213.0
1503	123798.0	123826.0
1504	124054.0	123553.0
1505	123814.0	124273.0
1506	123997.0	123855.0
1507	123981.0	123863.0
1508	123477.0	123713.0
1509	123408.0	123827.0
1510	123267.0	123496.0
1511	123599.0	123858.0
1512	124168.0	123604.0
1513	123863.0	123649.0
1514	124144.0	123554.0
1515	123087.0	123001.0
1516	123680.0	123781.0
1517	123784.0	122951.0
1518	124003.0	123657.0
1519	123179.0	122793.0
1520	123672.0	123481.0
1521	123612.0	122849.0
1522	123427.0	123035.0
1523	123387.0	123546.0
1524	123644.0	123811.0
1525	123156.0	123120.0
1526	122914.0	123802.0
1527	123531.0	123334.0
1528	123299.0	122795.0
1529	123703.0	124301.0
1530	122941.0	123526.0
1531	123138.0	122724.0
1532	124057.0	123305.0
1533	123674.0	123580.0
1534	122839.0	124048.0
1535	123516.0	122636.0
1536	123888.0	123345.0
1537	122802.0	123151.0
1538	123439.0	123424.0
1539	123257.0	123947.0
1540	123256.0	123213.0
1541	122891.0	123635.0
1542	123347.0	123439.0
1543	122575.0	123158.0
1544	123186.0	123578.0
1545	123085.0	123676.0
1546	123848.0	122884.0
1547	122983.0	123474.0
1548	123214.0	123416.0
1549	123796.0	123122.0
1550	123097.0	122990.0
1551	123258.0	123332.0
1552	122789.0	123026.0
1553	122880.0	123047.0
1554	123508.0	123405.0
1555	122626.0	123304.0
1556	123482.0	123491.0
1557	123339.0	123114.0
1558	123114.0	123663.0
1559	123085.0	122987.0
1560	123212.0	123157.0
1561	123063.0	122781.0
1562	122406.0	123230.0
1563	123006.0	123455.0
1564	123582.0	122598.0
1565	123204.0	123050.0
1566	123003.0	123052.0
1567	122382.0	123072.0
1568	122602.0	123208.0
1569	122951.0	123620.0
1570	122515.0	123346.0
1571	122522.0	123551.0
1572	122408.0	123258.0
1573	123125.0	123623.0
1574	122772.0	123555.0
1575	123430.0	123392.0
1576	122673.0	123071.0
1577	122675.0	122893.0
1578	123394.0	122969.0
1579	123339.0	123413.0
1580	123291.0	123372.0
1581	123051.0	123805.0
1582	123300.0	122874.0
1583	122732.0	123706.0
1584	122348.0	123596.0
1585	122394.0	123180.0
1586	122776.0	123434.0
1587	123298.0	123168.0
1588	122839.0	123229.0
1589	122700.0	123192.0
1590	123199.0	123427.0
1591	122819.0	123286.0
1592	123241.0	123401.0
1593	123164.0	122896.0
1594	123085.0	123348.0
1595	123074.0	122981.0
1596	123533.0	122711.0
1597	123106.0	123227.0
1598	123325.0	123050.0
1599	123049.0	123399.0
1600	123001.0	122869.0
1601	122620.0	123877.0
1602	122800.0	123098.0
1603	123051.0	122248.0
1604	122739.0	123429.0
1605	123424.0	123089.0
1606	122572.0	123139.0
1607	123065.0	123122.0
1608	123012.0	122621.0
1609	123215.0	123120.0
1610	122966.0	122968.0
1611	123247.0	123883.0
1612	123006.0	123422.0
1613	123290.0	123483.0
1614	123196.0	123566.0
1615	122442.0	123152.0
1616	123429.0	123091.0
1617	122860.0	123347.0
1618	123310.0	123553.0
1619	123208.0	123784.0
1620	123187.0	122899.0
1621	123642.0	123640.0
1622	123232.0	123629.0
1623	123013.0	123661.0
1624	122793.0	123100.0
1625	122874.0	122654.0
1626	122280.0	122964.0
1627	123128.0	123543.0
1628	123318.0	123687.0
1629	122783.0	123562.0
1630	122673.0	123663.0
1631	123086.0	123603.0
1632	122484.0	123173.0
1633	122870.0	123650.0
1634	123581.0	123419.0
1635	123171.0	123854.0
1636	123242.0	123428.0
1637	123200.0	124013.0
1638	122389.0	123432.0
1639	123013.0	123060.0
1640	123568.0	123110.0
1641	123003.0	123244.0
1642	123934.0	122993.0
1643	123613.0	123197.0
1644	123485.0	123299.0
1645	123331.0	123810.0
1646	123187.0	123402.0
1647	123230.0	123073.0
1648	123076.0	123784.0
1649	123375.0	123765.0
1650	123372.0	123609.0
1651	122775.0	123406.0
1652	123491.0	123975.0
1653	123100.0	123596.0
1654	122972.0	123328.0
1655	122476.0	123499.0
1656	123057.0	123484.0
1657	123269.0	123601.0
1658	123018.0	123821.0
1659	123741.0	122851.0
1660	123152.0	124056.0
1661	123146.0	123896.0
1662	123510.0	123401.0
1663	123530.0	123693.0
1664	122965.0	123598.0
1665	122946.0	123627.0
1666	122970.0	122930.0
1667	123092.0	123286.0
1668	122681.0	124080.0
1669	123473.0	123329.0
1670	123299.0	124365.0
1671	123606.0	124329.0
1672	123282.0	123457.0
1673	122973.0	123553.0
1674	122857.0	123785.0
1675	122150.0	123192.0
1676	122702.0	124239.0
1677	122970.0	123252.0
1678	122839.0	123323.0
1679	123559.0	123109.0
1680	122904.0	123412.0
1681	123138.0	123539.0
1682	122919.0	123502.0
1683	123265.0	123963.0
1684	122678.0	122962.0
1685	122657.0	123906.0
1686	123617.0	124056.0
1687	123529.0	123109.0
1688	123584.0	123202.0
1689	123374.0	123139.0
1690	122617.0	123831.0
1691	123090.0	123594.0
1692	123255.0	123755.0
1693	123202.0	123731.0
1694	123036.0	123361.0
1695	123736.0	123284.0
1696	122726.0	122445.0
1697	122447.0	123707.0
1698	122869.0	123116.0
1699	123028.0	123275.0
1700	123033.0	123266.0
1701	123148.0	123381.0
1702	123334.0	123283.0
1703	123145.0	123082.0
1704	123533.0	123792.0
1705	122702.0	123086.0
1706	122606.0	123796.0
1707	122959.0	122865.0
1708	122985.0	123730.0
1709	122748.0	123230.0
1710	123087.0	123458.0
1711	122884.0	123186.0
1712	123340.0	122816.0
1713	123414.0	122870.0
1714	123058.0	123189.0
1715	123023.0	122856.0
1716	123126.0	123047.0
1717	123393.0	123137.0
1718	123276.0	122495.0
1719	123086.0	123198.0
1720	123143.0	122740.0
1721	123534.0	123404.0
1722	123484.0	123010.0
1723	123364.0	123521.0
1724	123461.0	123427.0
1725	122877.0	123327.0
1726	123424.0	122545.0
1727	122541.0	123485.0
1728	122534.0	123361.0
1729	122671.0	123294.0
1730	122724.0	123388.0
1731	122617.0	122961.0
1732	122834.0	123295.0
1733	122703.0	123776.0
1734	122454.0	123050.0
1735	122602.0	123634.0
1736	122740.0	122637.0
1737	122985.0	122991.0
1738	122652.0	123578.0
1739	122964.0	123129.0
1740	122873.0	122750.0
1741	122707.0	122424.0
1742	123041.0	122871.0
1743	122735.0	122834.0
1744	123077.0	123082.0
1745	122870.0	123104.0
1746	123506.0	122285.0
1747	123114.0	122750.0
1748	122929.0	123077.0
1749	123126.0	123376.0
1750	122610.0	122220.0
1751	123148.0	122660.0
1752	123260.0	121981.0
1753	122230.0	122870.0
1754	123016.0	123113.0
1755	122843.0	123142.0
1756	123089.0	122953.0
1757	122196.0	123028.0
1758	123120.0	123197.0
1759	122664.0	122545.0
1760	123163.0	122834.0
1761	122390.0	122931.0
1762	122657.0	123146.0
1763	122807.0	122824.0
1764	122908.0	123370.0
1765	122398.0	122974.0
1766	122646.0	123425.0
1767	122510.0	123108.0
1768	122900.0	123270.0
1769	122549.0	123263.0
1770	122970.0	123328.0
1771	122213.0	123136.0
1772	122300.0	123455.0
1773	122536.0	122458.0
1774	122525.0	123011.0
1775	122801.0	123141.0
1776	122976.0	123380.0
1777	122897.0	123327.0
1778	122109.0	123613.0
1779	122656.0	122966.0
1780	123032.0	123537.0
1781	122514.0	123206.0
1782	122831.0	123314.0
1783	122443.0	123352.0
1784	122637.0	123125.0
1785	122398.0	122898.0
1786	123009.0	123195.0
1787	122670.0	123040.0
1788	123259.0	123319.0
1789	122304.0	123125.0
1790	122657.0	122944.0
1791	122719.0	123243.0
1792	122820.0	122917.0
1793	123199.0	123297.0
1794	122998.0	123486.0
1795	122344.0	123325.0
1796	122610.0	123363.0
1797	122710.0	123020.0
1798	122938.0	122940.0
1799	123161.0	123075.0
1800	123780.0	123581.0
1801	122628.0	123188.0
1802	121871.0	123099.0
1803	123373.0	123060.0
1804	122477.0	123062.0
1805	122377.0	123751.0
1806	122471.0	122588.0
1807	123173.0	123291.0
1808	122735.0	123718.0
1809	122437.0	122695.0
1810	123175.0	123147.0
1811	122645.0	123767.0
1812	123088.0	123172.0
1813	122931.0	123272.0
1814	122828.0	122736.0
1815	123158.0	123171.0
1816	122728.0	123444.0
1817	122342.0	123060.0
1818	122301.0	123109.0
1819	122395.0	123036.0
1820	123213.0	122945.0
1821	122896.0	122966.0
1822	122727.0	122723.0
1823	122749.0	123090.0
1824	122619.0	122706.0
1825	123273.0	122765.0
1826	123211.0	123074.0
1827	122678.0	123043.0
1828	122830.0	122861.0
1829	123086.0	123723.0
1830	123131.0	123343.0
1831	123277.0	122767.0
1832	123177.0	123027.0
1833	122595.0	123349.0
1834	122706.0	122949.0
1835	122986.0	123068.0
1836	122364.0	122824.0
1837	122627.0	123287.0
1838	123027.0	123130.0
1839	123002.0	123008.0
1840	123350.0	123354.0
1841	122884.0	123465.0
1842	123117.0	123509.0
1843	122872.0	123050.0
1844	121917.0	123739.0
1845	122673.0	123159.0
1846	122964.0	123008.0
1847	122970.0	122894.0
1848	123381.0	123153.0
1849	122829.0	123719.0
1850	122959.0	122334.0
1851	122990.0	123085.0
1852	123227.0	122758.0
1853	122702.0	122855.0
1854	123105.0	122730.0
1855	122776.0	122870.0
1856	122887.0	123153.0
1857	122773.0	123139.0
1858	123054.0	122742.0
1859	122551.0	122802.0
1860	123438.0	122815.0
1861	122749.0	123217.0
1862	122667.0	123370.0
1863	123622.0	123271.0
1864	123139.0	123214.0
1865	122451.0	123008.0
1866	122633.0	122967.0
1867	121943.0	123422.0
1868	123072.0	123450.0
1869	122637.0	123379.0
1870	122803.0	122553.0
1871	122979.0	123473.0
1872	122784.0	122703.0
1873	123369.0	123087.0
1874	122973.0	123310.0
1875	122892.0	123172.0
1876	122788.0	122377.0
1877	122871.0	123031.0
1878	123651.0	122543.0
1879	123260.0	123202.0
1880	122472.0	122490.0
1881	122965.0	123453.0
1882	122364.0	123949.0
1883	122551.0	123468.0
1884	122496.0	123015.0
1885	123203.0	123883.0
1886	123402.0	123005.0
1887	123236.0	122777.0
1888	123060.0	123297.0
1889	123266.0	122863.0
1890	123008.0	123505.0
1891	122660.0	122194.0
1892	123081.0	123004.0
1893	122906.0	122696.0
1894	122021.0	122165.0
1895	122544.0	122915.0
1896	122359.0	122397.0
1897	122516.0	123319.0
1898	122877.0	123395.0
1899	123282.0	123489.0
1900	122589.0	122838.0
1901	122577.0	122564.0
1902	123176.0	122926.0
1903	122771.0	122738.0
1904	122225.0	122653.0
1905	122527.0	122341.0
1906	122373.0	122460.0
1907	122023.0	122855.0
1908	122720.0	122719.0
1909	122969.0	122686.0
1910	122187.0	122841.0
1911	123360.0	122751.0
1912	122604.0	123123.0
1913	122927.0	122673.0
1914	122822.0	123187.0
1915	122619.0	123075.0
1916	122945.0	122790.0
1917	122319.0	122399.0
1918	122419.0	122576.0
1919	122616.0	122447.0
1920	123301.0	122471.0
1921	122312.0	122557.0
1922	122325.0	122946.0
1923	122415.0	123345.0
1924	122903.0	122654.0
1925	122308.0	123015.0
1926	122748.0	123319.0
1927	122421.0	123073.0
1928	122460.0	123092.0
1929	122829.0	122654.0
1930	122894.0	123163.0
1931	122512.0	122254.0
1932	122920.0	122393.0
1933	122535.0	122157.0
1934	121875.0	122724.0
1935	122780.0	122870.0
1936	122718.0	122766.0
1937	122375.0	123060.0
1938	122836.0	123220.0
1939	122952.0	122990.0
1940	122318.0	122541.0
1941	121827.0	123125.0
1942	122452.0	123174.0
1943	122646.0	122982.0
1944	122333.0	123054.0
1945	122434.0	123041.0
1946	122759.0	122817.0
1947	122319.0	122617.0
1948	122821.0	123172.0
1949	122778.0	122859.0
1950	123063.0	122568.0
1951	122641.0	122700.0
1952	122644.0	122664.0
1953	122659.0	122773.0
1954	122257.0	122765.0
1955	122124.0	123042.0
1956	122608.0	122890.0
1957	122972.0	123031.0
1958	122289.0	123402.0
1959	122620.0	123026.0
1960	122556.0	123110.0
1961	122664.0	123017.0
1962	122438.0	123069.0
1963	122714.0	122648.0
1964	123246.0	122729.0
1965	122725.0	123101.0
1966	122417.0	122786.0
1967	122747.0	122546.0
1968	122726.0	123029.0
1969	121686.0	123203.0
1970	122864.0	123220.0
1971	122563.0	122339.0
1972	122529.0	122913.0
1973	122525.0	122960.0
1974	121958.0	122758.0
1975	122243.0	123335.0
1976	122441.0	123429.0
1977	122588.0	122688.0
1978	122534.0	122752.0
1979	122543.0	122990.0
1980	122752.0	122726.0
1981	122274.0	122648.0
1982	122571.0	122870.0
1983	122919.0	123055.0
1984	122968.0	123055.0
1985	122742.0	123199.0
1986	122586.0	122724.0
1987	122846.0	122984.0
1988	122387.0	123141.0
1989	121843.0	122841.0
1990	122680.0	122726.0
1991	122580.0	123109.0
1992	122949.0	123177.0
1993	122513.0	122846.0
1994	121813.0	122659.0
1995	122576.0	122579.0
1996	122354.0	122857.0
1997	122365.0	122416.0
1998	122843.0	122716.0
1999	123228.0	122788.0
