Distance in bp(Fragment Length Estimate: 507)(Peak Width Estimate: 507)	Same Strand (+ for Watson strand, - for Crick)	Opposite Strand
-2000	121388.0	120797.0
-1999	121384.0	120978.0
-1998	121307.0	120928.0
-1997	121249.0	120520.0
-1996	121331.0	121213.0
-1995	121811.0	121411.0
-1994	121507.0	120723.0
-1993	121287.0	120397.0
-1992	121721.0	121169.0
-1991	121705.0	121168.0
-1990	121550.0	121422.0
-1989	121896.0	121328.0
-1988	121354.0	120400.0
-1987	122223.0	121191.0
-1986	122100.0	121126.0
-1985	121596.0	121098.0
-1984	121707.0	121267.0
-1983	121834.0	120745.0
-1982	121341.0	121332.0
-1981	121937.0	121485.0
-1980	121647.0	121477.0
-1979	121248.0	121341.0
-1978	121518.0	121902.0
-1977	121774.0	121387.0
-1976	121250.0	121371.0
-1975	121320.0	121477.0
-1974	122301.0	121716.0
-1973	121936.0	121177.0
-1972	121614.0	120788.0
-1971	121668.0	120835.0
-1970	120936.0	120966.0
-1969	121687.0	121283.0
-1968	122221.0	121619.0
-1967	121732.0	121069.0
-1966	121800.0	121176.0
-1965	121462.0	121193.0
-1964	121034.0	121646.0
-1963	121366.0	121683.0
-1962	122126.0	121631.0
-1961	122230.0	121034.0
-1960	120987.0	121521.0
-1959	122204.0	121169.0
-1958	121610.0	121190.0
-1957	122686.0	121582.0
-1956	121904.0	121113.0
-1955	122032.0	121521.0
-1954	122075.0	121529.0
-1953	121838.0	120825.0
-1952	121578.0	120669.0
-1951	121766.0	121290.0
-1950	121781.0	121197.0
-1949	121977.0	121343.0
-1948	121433.0	121309.0
-1947	122113.0	120691.0
-1946	121423.0	120843.0
-1945	121481.0	121848.0
-1944	121776.0	121610.0
-1943	121775.0	121413.0
-1942	122411.0	121603.0
-1941	122313.0	121026.0
-1940	121952.0	121073.0
-1939	121980.0	121637.0
-1938	121715.0	121329.0
-1937	121257.0	120934.0
-1936	121541.0	121135.0
-1935	121801.0	121123.0
-1934	121594.0	121419.0
-1933	121626.0	120813.0
-1932	121510.0	121464.0
-1931	121661.0	120852.0
-1930	121978.0	120896.0
-1929	121597.0	120922.0
-1928	121709.0	121239.0
-1927	121676.0	120850.0
-1926	121925.0	121673.0
-1925	121346.0	120858.0
-1924	121503.0	121416.0
-1923	121347.0	120766.0
-1922	121443.0	121010.0
-1921	121667.0	121154.0
-1920	122034.0	121432.0
-1919	122195.0	121148.0
-1918	121742.0	120997.0
-1917	121746.0	121293.0
-1916	121969.0	121184.0
-1915	121519.0	121236.0
-1914	121339.0	121392.0
-1913	121496.0	121583.0
-1912	122102.0	121177.0
-1911	121776.0	121501.0
-1910	122150.0	121121.0
-1909	122132.0	121056.0
-1908	121906.0	121234.0
-1907	121796.0	120852.0
-1906	121398.0	121953.0
-1905	122104.0	121226.0
-1904	121428.0	121771.0
-1903	121747.0	121183.0
-1902	121832.0	121127.0
-1901	122135.0	121325.0
-1900	121354.0	120879.0
-1899	122012.0	121140.0
-1898	121931.0	120772.0
-1897	122353.0	122211.0
-1896	122010.0	121269.0
-1895	121418.0	121318.0
-1894	120651.0	121483.0
-1893	121524.0	121851.0
-1892	121668.0	121058.0
-1891	121723.0	121081.0
-1890	121187.0	121390.0
-1889	121581.0	121450.0
-1888	121545.0	121102.0
-1887	121781.0	121277.0
-1886	122200.0	120719.0
-1885	122067.0	121333.0
-1884	122240.0	121225.0
-1883	122341.0	121391.0
-1882	121819.0	121371.0
-1881	121869.0	121546.0
-1880	121975.0	121700.0
-1879	122273.0	121837.0
-1878	121650.0	121478.0
-1877	121950.0	121443.0
-1876	122024.0	122321.0
-1875	121872.0	121666.0
-1874	121874.0	121826.0
-1873	121616.0	121408.0
-1872	121702.0	121053.0
-1871	122143.0	121749.0
-1870	121885.0	121765.0
-1869	121854.0	121088.0
-1868	121562.0	121131.0
-1867	122505.0	121384.0
-1866	121780.0	121509.0
-1865	121979.0	121543.0
-1864	121787.0	121526.0
-1863	122129.0	121541.0
-1862	122020.0	121574.0
-1861	121652.0	121537.0
-1860	122178.0	121629.0
-1859	121925.0	121378.0
-1858	121160.0	121654.0
-1857	121809.0	121806.0
-1856	122147.0	121357.0
-1855	121529.0	121160.0
-1854	121849.0	121441.0
-1853	122678.0	121424.0
-1852	122173.0	121138.0
-1851	122254.0	121802.0
-1850	121948.0	121500.0
-1849	122374.0	121507.0
-1848	121741.0	121309.0
-1847	121491.0	121727.0
-1846	122140.0	121543.0
-1845	122375.0	121504.0
-1844	122161.0	121692.0
-1843	121708.0	122037.0
-1842	121641.0	121784.0
-1841	121629.0	121777.0
-1840	121944.0	121450.0
-1839	121384.0	121284.0
-1838	122132.0	121711.0
-1837	122290.0	121646.0
-1836	121908.0	121857.0
-1835	121492.0	121869.0
-1834	122330.0	122110.0
-1833	122096.0	121960.0
-1832	121501.0	121587.0
-1831	121861.0	121538.0
-1830	122188.0	121597.0
-1829	122178.0	122135.0
-1828	122431.0	121148.0
-1827	122550.0	121532.0
-1826	122148.0	121223.0
-1825	122441.0	121747.0
-1824	122700.0	120928.0
-1823	122187.0	121790.0
-1822	122743.0	122204.0
-1821	122177.0	121292.0
-1820	121486.0	121287.0
-1819	121925.0	121684.0
-1818	122208.0	121557.0
-1817	121890.0	121714.0
-1816	121768.0	121910.0
-1815	121576.0	122826.0
-1814	121974.0	121756.0
-1813	122342.0	121735.0
-1812	121884.0	121461.0
-1811	122012.0	120486.0
-1810	121705.0	121253.0
-1809	121877.0	121320.0
-1808	121615.0	121565.0
-1807	122644.0	121383.0
-1806	122288.0	121482.0
-1805	122174.0	121498.0
-1804	122096.0	121515.0
-1803	121891.0	121367.0
-1802	121946.0	120675.0
-1801	121885.0	121113.0
-1800	121632.0	121443.0
-1799	122413.0	122069.0
-1798	121814.0	121714.0
-1797	121552.0	121862.0
-1796	121879.0	121407.0
-1795	121941.0	121648.0
-1794	121883.0	121725.0
-1793	121452.0	121532.0
-1792	121752.0	121726.0
-1791	122242.0	121665.0
-1790	121709.0	121218.0
-1789	122125.0	121000.0
-1788	122170.0	121666.0
-1787	122178.0	121640.0
-1786	121762.0	121818.0
-1785	121842.0	121068.0
-1784	121607.0	121252.0
-1783	121780.0	121889.0
-1782	122502.0	121461.0
-1781	121788.0	121781.0
-1780	121836.0	121467.0
-1779	122858.0	121452.0
-1778	122162.0	121936.0
-1777	122003.0	121892.0
-1776	121678.0	121978.0
-1775	121978.0	121223.0
-1774	122063.0	121892.0
-1773	122717.0	122315.0
-1772	121623.0	121530.0
-1771	122169.0	121587.0
-1770	122570.0	121653.0
-1769	121844.0	121578.0
-1768	121635.0	121964.0
-1767	122628.0	121525.0
-1766	121543.0	121773.0
-1765	122324.0	121175.0
-1764	122526.0	121433.0
-1763	122696.0	121987.0
-1762	122192.0	121479.0
-1761	122533.0	121536.0
-1760	122523.0	121480.0
-1759	122426.0	121208.0
-1758	122145.0	121512.0
-1757	122534.0	121783.0
-1756	122105.0	121343.0
-1755	121731.0	121573.0
-1754	121958.0	121047.0
-1753	122364.0	121454.0
-1752	122205.0	121500.0
-1751	121878.0	121518.0
-1750	121887.0	122132.0
-1749	121409.0	121553.0
-1748	121981.0	121401.0
-1747	122277.0	122110.0
-1746	122466.0	121964.0
-1745	122453.0	121209.0
-1744	122158.0	121813.0
-1743	122247.0	121448.0
-1742	122554.0	121489.0
-1741	122138.0	121801.0
-1740	122007.0	121336.0
-1739	121995.0	121559.0
-1738	122323.0	121992.0
-1737	122593.0	121623.0
-1736	122615.0	121524.0
-1735	121942.0	121638.0
-1734	121936.0	121335.0
-1733	122549.0	122068.0
-1732	121564.0	121560.0
-1731	121666.0	121837.0
-1730	122333.0	121893.0
-1729	121877.0	121239.0
-1728	122283.0	121379.0
-1727	121993.0	121952.0
-1726	122366.0	121886.0
-1725	122518.0	121750.0
-1724	121933.0	121877.0
-1723	122463.0	121511.0
-1722	122384.0	121177.0
-1721	122660.0	121672.0
-1720	122121.0	121828.0
-1719	122320.0	122273.0
-1718	122365.0	121915.0
-1717	121993.0	121633.0
-1716	122309.0	121969.0
-1715	122056.0	121730.0
-1714	121958.0	122008.0
-1713	121985.0	122121.0
-1712	122159.0	122211.0
-1711	122340.0	121671.0
-1710	122624.0	121692.0
-1709	122166.0	121610.0
-1708	122181.0	121830.0
-1707	122633.0	122523.0
-1706	122202.0	122153.0
-1705	122081.0	121776.0
-1704	122783.0	122084.0
-1703	122443.0	122068.0
-1702	122368.0	121873.0
-1701	122564.0	122018.0
-1700	122251.0	121999.0
-1699	122285.0	121506.0
-1698	122634.0	122016.0
-1697	122341.0	121803.0
-1696	122661.0	121748.0
-1695	122470.0	121949.0
-1694	122240.0	121561.0
-1693	121852.0	121880.0
-1692	122477.0	121881.0
-1691	121867.0	122374.0
-1690	122582.0	122333.0
-1689	122233.0	121630.0
-1688	122038.0	121474.0
-1687	122733.0	122061.0
-1686	121916.0	122213.0
-1685	122683.0	122088.0
-1684	121753.0	121964.0
-1683	122395.0	121614.0
-1682	122240.0	121900.0
-1681	122434.0	122039.0
-1680	123002.0	121426.0
-1679	121701.0	121951.0
-1678	122440.0	122313.0
-1677	122602.0	121852.0
-1676	122151.0	122135.0
-1675	122357.0	122450.0
-1674	122741.0	121861.0
-1673	122025.0	121813.0
-1672	122706.0	121817.0
-1671	122543.0	122069.0
-1670	122098.0	122001.0
-1669	122322.0	121680.0
-1668	121896.0	121668.0
-1667	122063.0	121817.0
-1666	122292.0	121585.0
-1665	122428.0	121949.0
-1664	121746.0	121657.0
-1663	122628.0	121994.0
-1662	122397.0	121867.0
-1661	122564.0	121680.0
-1660	122820.0	121904.0
-1659	122688.0	122064.0
-1658	122132.0	121439.0
-1657	122754.0	121581.0
-1656	123064.0	122006.0
-1655	122027.0	121365.0
-1654	122978.0	122053.0
-1653	122325.0	121783.0
-1652	122215.0	122041.0
-1651	122562.0	121904.0
-1650	122115.0	121604.0
-1649	122668.0	121664.0
-1648	122132.0	121606.0
-1647	122042.0	121857.0
-1646	122541.0	122062.0
-1645	121960.0	122066.0
-1644	122237.0	122179.0
-1643	122632.0	122278.0
-1642	122525.0	122047.0
-1641	122113.0	121751.0
-1640	122273.0	121831.0
-1639	122454.0	122109.0
-1638	122447.0	122321.0
-1637	121885.0	121677.0
-1636	122588.0	121592.0
-1635	122599.0	122168.0
-1634	122315.0	121308.0
-1633	121923.0	122526.0
-1632	122718.0	122401.0
-1631	121609.0	121882.0
-1630	122655.0	122199.0
-1629	122144.0	122210.0
-1628	121900.0	121571.0
-1627	122418.0	121995.0
-1626	122665.0	122173.0
-1625	122372.0	122463.0
-1624	122481.0	122164.0
-1623	122832.0	122589.0
-1622	122617.0	122219.0
-1621	121827.0	121227.0
-1620	121941.0	121621.0
-1619	122365.0	121500.0
-1618	121946.0	122179.0
-1617	122458.0	121975.0
-1616	121966.0	121849.0
-1615	122210.0	122328.0
-1614	122693.0	122464.0
-1613	121465.0	121379.0
-1612	122273.0	121604.0
-1611	121840.0	121236.0
-1610	122026.0	122493.0
-1609	122045.0	122747.0
-1608	122141.0	121643.0
-1607	122025.0	121810.0
-1606	122222.0	122666.0
-1605	121935.0	121733.0
-1604	122088.0	122058.0
-1603	122275.0	122758.0
-1602	122969.0	122232.0
-1601	122421.0	122345.0
-1600	122397.0	121583.0
-1599	122717.0	121858.0
-1598	122455.0	121726.0
-1597	122605.0	122234.0
-1596	122857.0	122414.0
-1595	122457.0	122076.0
-1594	122134.0	122161.0
-1593	121776.0	122318.0
-1592	121947.0	121933.0
-1591	122468.0	121451.0
-1590	121847.0	122075.0
-1589	122498.0	121743.0
-1588	121926.0	122472.0
-1587	122473.0	121912.0
-1586	122434.0	121887.0
-1585	122283.0	122305.0
-1584	122561.0	121755.0
-1583	122213.0	122103.0
-1582	121987.0	122342.0
-1581	122213.0	122401.0
-1580	121965.0	122012.0
-1579	121861.0	122138.0
-1578	122301.0	122237.0
-1577	122807.0	122463.0
-1576	122610.0	121974.0
-1575	122048.0	121815.0
-1574	122027.0	121650.0
-1573	121917.0	122577.0
-1572	123038.0	122038.0
-1571	122310.0	121960.0
-1570	122441.0	122008.0
-1569	122268.0	122425.0
-1568	122420.0	122212.0
-1567	122726.0	122211.0
-1566	122494.0	122069.0
-1565	122403.0	122376.0
-1564	122248.0	122693.0
-1563	122733.0	122431.0
-1562	122442.0	121885.0
-1561	122211.0	122728.0
-1560	122602.0	121859.0
-1559	121995.0	122026.0
-1558	121963.0	122237.0
-1557	122613.0	122418.0
-1556	122272.0	122054.0
-1555	122537.0	122638.0
-1554	122885.0	122334.0
-1553	122773.0	123040.0
-1552	122359.0	122974.0
-1551	122952.0	122304.0
-1550	122574.0	122935.0
-1549	122779.0	122429.0
-1548	123639.0	122701.0
-1547	122844.0	122326.0
-1546	122762.0	122240.0
-1545	122705.0	122124.0
-1544	122523.0	122255.0
-1543	122635.0	122056.0
-1542	122730.0	122394.0
-1541	122828.0	121705.0
-1540	122480.0	122349.0
-1539	122791.0	122446.0
-1538	123168.0	122384.0
-1537	122253.0	122445.0
-1536	122209.0	122458.0
-1535	122602.0	122352.0
-1534	122495.0	122332.0
-1533	123158.0	122000.0
-1532	122841.0	122666.0
-1531	122993.0	122720.0
-1530	123038.0	122392.0
-1529	122449.0	122274.0
-1528	122552.0	122220.0
-1527	122593.0	122172.0
-1526	123075.0	122581.0
-1525	122771.0	122178.0
-1524	122745.0	121911.0
-1523	122601.0	122446.0
-1522	123209.0	122246.0
-1521	122765.0	121985.0
-1520	122740.0	121954.0
-1519	122271.0	121877.0
-1518	122462.0	121982.0
-1517	122888.0	122707.0
-1516	123021.0	122458.0
-1515	122726.0	123147.0
-1514	122068.0	122277.0
-1513	122513.0	121827.0
-1512	122811.0	122511.0
-1511	123024.0	121948.0
-1510	122940.0	122265.0
-1509	123028.0	122041.0
-1508	122998.0	121746.0
-1507	122871.0	122549.0
-1506	123289.0	122606.0
-1505	122735.0	122121.0
-1504	122977.0	122920.0
-1503	123382.0	122310.0
-1502	122801.0	122177.0
-1501	122827.0	122623.0
-1500	123518.0	122350.0
-1499	122860.0	122207.0
-1498	122395.0	121789.0
-1497	123411.0	121930.0
-1496	122402.0	121871.0
-1495	123146.0	122296.0
-1494	123495.0	122504.0
-1493	122747.0	122288.0
-1492	122952.0	122625.0
-1491	123127.0	122019.0
-1490	122554.0	122018.0
-1489	122601.0	122182.0
-1488	123188.0	123029.0
-1487	122902.0	122164.0
-1486	122810.0	122355.0
-1485	123295.0	122415.0
-1484	123026.0	121139.0
-1483	123155.0	121862.0
-1482	122832.0	121522.0
-1481	122616.0	121763.0
-1480	123152.0	122465.0
-1479	123331.0	122018.0
-1478	122567.0	122517.0
-1477	123098.0	122557.0
-1476	123313.0	121681.0
-1475	122994.0	121915.0
-1474	123789.0	122056.0
-1473	123598.0	122641.0
-1472	122901.0	122336.0
-1471	122758.0	122553.0
-1470	123924.0	122398.0
-1469	123658.0	121495.0
-1468	123235.0	121788.0
-1467	123221.0	122092.0
-1466	123146.0	122398.0
-1465	122266.0	122461.0
-1464	123447.0	122549.0
-1463	122936.0	122543.0
-1462	122800.0	122309.0
-1461	122552.0	122839.0
-1460	122882.0	121881.0
-1459	123065.0	122374.0
-1458	122844.0	121799.0
-1457	123062.0	122154.0
-1456	122583.0	122723.0
-1455	123520.0	123038.0
-1454	122520.0	122450.0
-1453	122987.0	122265.0
-1452	123328.0	122748.0
-1451	122914.0	122591.0
-1450	122716.0	121707.0
-1449	123052.0	122714.0
-1448	122684.0	122141.0
-1447	122783.0	122676.0
-1446	123321.0	122222.0
-1445	123404.0	122169.0
-1444	122956.0	122387.0
-1443	123687.0	122235.0
-1442	123388.0	122071.0
-1441	122933.0	121825.0
-1440	123134.0	122170.0
-1439	122648.0	122639.0
-1438	122572.0	122650.0
-1437	122645.0	122921.0
-1436	123002.0	121861.0
-1435	122318.0	121967.0
-1434	122948.0	122919.0
-1433	122746.0	122109.0
-1432	122392.0	122568.0
-1431	122810.0	121950.0
-1430	122694.0	123337.0
-1429	122814.0	122625.0
-1428	123548.0	121876.0
-1427	122774.0	121495.0
-1426	122669.0	122850.0
-1425	123048.0	122366.0
-1424	123016.0	121978.0
-1423	122640.0	122805.0
-1422	123314.0	122755.0
-1421	122214.0	123072.0
-1420	122893.0	122227.0
-1419	123278.0	122256.0
-1418	122818.0	122702.0
-1417	122995.0	122725.0
-1416	123401.0	123022.0
-1415	122959.0	122253.0
-1414	123746.0	122487.0
-1413	122476.0	122768.0
-1412	123098.0	122389.0
-1411	122981.0	122407.0
-1410	122887.0	122159.0
-1409	123059.0	122649.0
-1408	123150.0	122199.0
-1407	123449.0	122903.0
-1406	122856.0	122106.0
-1405	123031.0	122813.0
-1404	123377.0	122717.0
-1403	122870.0	122263.0
-1402	122522.0	121965.0
-1401	123218.0	123118.0
-1400	122641.0	122578.0
-1399	122903.0	122892.0
-1398	123226.0	122555.0
-1397	122854.0	122561.0
-1396	122921.0	122529.0
-1395	123845.0	122591.0
-1394	122321.0	122432.0
-1393	123032.0	122683.0
-1392	123231.0	122798.0
-1391	123299.0	122758.0
-1390	122747.0	122224.0
-1389	123367.0	122132.0
-1388	122343.0	122386.0
-1387	122668.0	122074.0
-1386	123026.0	122588.0
-1385	122910.0	122532.0
-1384	122868.0	123416.0
-1383	123454.0	122955.0
-1382	123442.0	122261.0
-1381	123381.0	122387.0
-1380	123153.0	122544.0
-1379	123410.0	122712.0
-1378	123112.0	122726.0
-1377	123423.0	122615.0
-1376	122241.0	122816.0
-1375	122917.0	123702.0
-1374	123637.0	123287.0
-1373	123312.0	122828.0
-1372	123346.0	123426.0
-1371	122732.0	122964.0
-1370	123455.0	123019.0
-1369	123090.0	123125.0
-1368	123348.0	122907.0
-1367	122416.0	123185.0
-1366	123455.0	123666.0
-1365	123165.0	122555.0
-1364	122926.0	122603.0
-1363	123753.0	122618.0
-1362	122993.0	122930.0
-1361	122742.0	123464.0
-1360	123289.0	122890.0
-1359	123814.0	123528.0
-1358	123331.0	122762.0
-1357	122616.0	122525.0
-1356	123102.0	123479.0
-1355	123549.0	122980.0
-1354	123321.0	122309.0
-1353	123901.0	123079.0
-1352	123448.0	122555.0
-1351	123440.0	122259.0
-1350	123256.0	122279.0
-1349	123535.0	121953.0
-1348	123294.0	122554.0
-1347	123447.0	123372.0
-1346	123311.0	122457.0
-1345	123332.0	123180.0
-1344	123739.0	122505.0
-1343	123685.0	122942.0
-1342	123161.0	122738.0
-1341	123144.0	122764.0
-1340	123079.0	122943.0
-1339	123040.0	123153.0
-1338	123784.0	123495.0
-1337	124481.0	122636.0
-1336	123368.0	122758.0
-1335	123765.0	123121.0
-1334	123516.0	122740.0
-1333	123789.0	122710.0
-1332	123601.0	122983.0
-1331	122898.0	122706.0
-1330	123438.0	122780.0
-1329	123446.0	122836.0
-1328	123392.0	122391.0
-1327	123367.0	122913.0
-1326	123497.0	122986.0
-1325	123580.0	123291.0
-1324	123590.0	122508.0
-1323	123554.0	122910.0
-1322	123827.0	122479.0
-1321	123568.0	123151.0
-1320	123678.0	123317.0
-1319	123314.0	122176.0
-1318	123297.0	122724.0
-1317	123177.0	122479.0
-1316	123363.0	123045.0
-1315	123223.0	122485.0
-1314	123687.0	123086.0
-1313	123009.0	123008.0
-1312	122824.0	122983.0
-1311	123059.0	122571.0
-1310	123267.0	122350.0
-1309	123528.0	122705.0
-1308	123912.0	122744.0
-1307	124102.0	122403.0
-1306	123796.0	122638.0
-1305	123606.0	123083.0
-1304	122944.0	123198.0
-1303	122962.0	123083.0
-1302	123421.0	123247.0
-1301	123357.0	122442.0
-1300	123377.0	122753.0
-1299	123654.0	122758.0
-1298	123033.0	123070.0
-1297	122884.0	122701.0
-1296	123353.0	123422.0
-1295	123073.0	123326.0
-1294	123343.0	123224.0
-1293	123510.0	123157.0
-1292	123178.0	122942.0
-1291	122937.0	122812.0
-1290	123495.0	123130.0
-1289	123348.0	122896.0
-1288	122968.0	123354.0
-1287	123929.0	123680.0
-1286	123891.0	122616.0
-1285	123879.0	122694.0
-1284	123769.0	122908.0
-1283	123267.0	122247.0
-1282	123999.0	123345.0
-1281	124310.0	122663.0
-1280	123505.0	122893.0
-1279	123121.0	123026.0
-1278	123710.0	122637.0
-1277	123329.0	123146.0
-1276	124054.0	122732.0
-1275	124148.0	123112.0
-1274	123417.0	122027.0
-1273	123620.0	122340.0
-1272	123636.0	122414.0
-1271	123049.0	122609.0
-1270	123300.0	123076.0
-1269	123435.0	122654.0
-1268	123440.0	122507.0
-1267	123032.0	122859.0
-1266	123980.0	122791.0
-1265	123724.0	122543.0
-1264	122741.0	122168.0
-1263	123378.0	122696.0
-1262	123222.0	123433.0
-1261	122868.0	122657.0
-1260	123019.0	122658.0
-1259	123563.0	122520.0
-1258	123380.0	122898.0
-1257	123609.0	122823.0
-1256	123704.0	122857.0
-1255	123126.0	123388.0
-1254	123603.0	123544.0
-1253	123867.0	122293.0
-1252	123957.0	122630.0
-1251	123825.0	122311.0
-1250	122424.0	122966.0
-1249	123485.0	123132.0
-1248	123545.0	122358.0
-1247	123596.0	122758.0
-1246	123424.0	123034.0
-1245	123971.0	122794.0
-1244	123172.0	122851.0
-1243	122595.0	122820.0
-1242	123658.0	122799.0
-1241	123287.0	122545.0
-1240	123416.0	122621.0
-1239	123211.0	122633.0
-1238	123399.0	122977.0
-1237	123752.0	123828.0
-1236	123006.0	123116.0
-1235	123495.0	123147.0
-1234	123057.0	123169.0
-1233	122851.0	123029.0
-1232	123541.0	123202.0
-1231	122968.0	122640.0
-1230	123252.0	123337.0
-1229	122973.0	123099.0
-1228	123095.0	123287.0
-1227	123937.0	123215.0
-1226	122770.0	122819.0
-1225	123436.0	123284.0
-1224	123832.0	123588.0
-1223	123056.0	123062.0
-1222	123692.0	122537.0
-1221	123607.0	123161.0
-1220	122807.0	122881.0
-1219	123227.0	123287.0
-1218	123428.0	123612.0
-1217	122919.0	123290.0
-1216	123667.0	123450.0
-1215	123269.0	122992.0
-1214	123790.0	123147.0
-1213	123106.0	122735.0
-1212	123922.0	123153.0
-1211	123673.0	123001.0
-1210	123348.0	123042.0
-1209	123646.0	122610.0
-1208	123091.0	123184.0
-1207	123192.0	123689.0
-1206	123976.0	123619.0
-1205	123804.0	123375.0
-1204	123072.0	123590.0
-1203	123730.0	123552.0
-1202	123565.0	123202.0
-1201	123101.0	123636.0
-1200	123270.0	123344.0
-1199	123445.0	123346.0
-1198	123879.0	122762.0
-1197	123920.0	123087.0
-1196	123871.0	123388.0
-1195	124084.0	123443.0
-1194	123897.0	123264.0
-1193	123113.0	123270.0
-1192	123318.0	123505.0
-1191	123834.0	123128.0
-1190	123480.0	122922.0
-1189	123767.0	123380.0
-1188	123797.0	123664.0
-1187	123985.0	123304.0
-1186	124161.0	123221.0
-1185	124078.0	123473.0
-1184	123586.0	123309.0
-1183	123706.0	122806.0
-1182	124285.0	123688.0
-1181	123820.0	123091.0
-1180	123555.0	123443.0
-1179	124065.0	123225.0
-1178	123502.0	123257.0
-1177	123927.0	123405.0
-1176	123961.0	123473.0
-1175	123269.0	123066.0
-1174	123475.0	123554.0
-1173	123598.0	123385.0
-1172	123413.0	123312.0
-1171	122762.0	123396.0
-1170	124292.0	123142.0
-1169	124020.0	123033.0
-1168	123535.0	124374.0
-1167	123794.0	123632.0
-1166	124262.0	123934.0
-1165	123967.0	123827.0
-1164	123957.0	123385.0
-1163	123836.0	123179.0
-1162	124168.0	123462.0
-1161	124565.0	124343.0
-1160	123605.0	123155.0
-1159	123955.0	122821.0
-1158	124476.0	123346.0
-1157	123395.0	123374.0
-1156	123703.0	123944.0
-1155	123790.0	123381.0
-1154	124656.0	123299.0
-1153	123758.0	123469.0
-1152	124688.0	123539.0
-1151	124195.0	123251.0
-1150	123964.0	123669.0
-1149	123413.0	123154.0
-1148	123477.0	123377.0
-1147	123934.0	123608.0
-1146	123648.0	123927.0
-1145	123790.0	123271.0
-1144	123814.0	124085.0
-1143	124331.0	123200.0
-1142	123173.0	123354.0
-1141	124141.0	123585.0
-1140	124554.0	124112.0
-1139	123582.0	123306.0
-1138	123821.0	124064.0
-1137	124033.0	123405.0
-1136	124458.0	123492.0
-1135	123944.0	123814.0
-1134	124271.0	123679.0
-1133	123965.0	123183.0
-1132	123844.0	123487.0
-1131	124364.0	123755.0
-1130	123573.0	123406.0
-1129	123620.0	123122.0
-1128	124217.0	123170.0
-1127	124561.0	123424.0
-1126	124156.0	123514.0
-1125	123605.0	123110.0
-1124	124190.0	123247.0
-1123	124333.0	122948.0
-1122	124430.0	123457.0
-1121	123447.0	123552.0
-1120	124324.0	123703.0
-1119	124232.0	123294.0
-1118	123593.0	123194.0
-1117	124091.0	124097.0
-1116	123622.0	123811.0
-1115	123585.0	123465.0
-1114	124608.0	123348.0
-1113	123615.0	123146.0
-1112	123777.0	123201.0
-1111	124074.0	122998.0
-1110	123783.0	122798.0
-1109	124169.0	123228.0
-1108	124027.0	123458.0
-1107	124058.0	123222.0
-1106	124148.0	123971.0
-1105	124096.0	124084.0
-1104	124302.0	123478.0
-1103	123134.0	123373.0
-1102	124201.0	123062.0
-1101	124657.0	123768.0
-1100	123383.0	123676.0
-1099	124018.0	123745.0
-1098	123866.0	123892.0
-1097	124198.0	122947.0
-1096	123948.0	123583.0
-1095	124287.0	123059.0
-1094	124203.0	123072.0
-1093	123786.0	123970.0
-1092	124400.0	123265.0
-1091	124364.0	122731.0
-1090	124903.0	123371.0
-1089	124289.0	123195.0
-1088	123366.0	122475.0
-1087	123953.0	123395.0
-1086	123991.0	123436.0
-1085	123463.0	123552.0
-1084	123345.0	123991.0
-1083	124159.0	123729.0
-1082	124186.0	123407.0
-1081	124016.0	123788.0
-1080	124610.0	123590.0
-1079	124133.0	123983.0
-1078	123603.0	124401.0
-1077	123978.0	123444.0
-1076	123833.0	123759.0
-1075	123732.0	123680.0
-1074	123898.0	123261.0
-1073	123991.0	123015.0
-1072	123491.0	124143.0
-1071	123828.0	122878.0
-1070	123627.0	123345.0
-1069	123576.0	122771.0
-1068	124561.0	123601.0
-1067	124295.0	122911.0
-1066	124251.0	123461.0
-1065	123754.0	123802.0
-1064	124086.0	123357.0
-1063	124050.0	123399.0
-1062	124059.0	123740.0
-1061	124272.0	123816.0
-1060	124043.0	123512.0
-1059	123861.0	123559.0
-1058	123782.0	123958.0
-1057	124111.0	124216.0
-1056	123626.0	123661.0
-1055	124535.0	123644.0
-1054	124209.0	123682.0
-1053	124680.0	124007.0
-1052	123596.0	123491.0
-1051	124261.0	123186.0
-1050	124080.0	123280.0
-1049	123785.0	123285.0
-1048	123579.0	123453.0
-1047	124388.0	122592.0
-1046	123578.0	123254.0
-1045	123822.0	123575.0
-1044	124213.0	123327.0
-1043	123730.0	123668.0
-1042	124309.0	124028.0
-1041	123831.0	123810.0
-1040	123615.0	123509.0
-1039	124018.0	124319.0
-1038	124179.0	123692.0
-1037	123422.0	123514.0
-1036	124105.0	123380.0
-1035	124453.0	124289.0
-1034	124415.0	123882.0
-1033	124563.0	123678.0
-1032	123675.0	123778.0
-1031	123610.0	123617.0
-1030	123585.0	123955.0
-1029	124151.0	124263.0
-1028	123729.0	123584.0
-1027	124106.0	124240.0
-1026	123957.0	123249.0
-1025	123671.0	123574.0
-1024	124442.0	123618.0
-1023	123482.0	123820.0
-1022	123740.0	123814.0
-1021	123867.0	123457.0
-1020	124879.0	123769.0
-1019	124346.0	122974.0
-1018	124334.0	123801.0
-1017	124639.0	123404.0
-1016	123705.0	123747.0
-1015	124380.0	124242.0
-1014	124466.0	124593.0
-1013	123770.0	123801.0
-1012	124147.0	123494.0
-1011	124606.0	123542.0
-1010	124019.0	123317.0
-1009	123732.0	124096.0
-1008	124023.0	124425.0
-1007	124150.0	124162.0
-1006	124168.0	123808.0
-1005	124177.0	124110.0
-1004	124254.0	124012.0
-1003	124434.0	124460.0
-1002	124330.0	124159.0
-1001	124640.0	123015.0
-1000	123983.0	124219.0
-999	124784.0	124592.0
-998	124630.0	123404.0
-997	124086.0	123879.0
-996	124725.0	123879.0
-995	124378.0	123586.0
-994	124603.0	123490.0
-993	124727.0	123661.0
-992	124078.0	123998.0
-991	124478.0	124180.0
-990	124708.0	124116.0
-989	124078.0	123820.0
-988	124699.0	124916.0
-987	124087.0	123793.0
-986	124383.0	123738.0
-985	124506.0	124153.0
-984	125056.0	124350.0
-983	124649.0	124283.0
-982	124641.0	123979.0
-981	124724.0	124321.0
-980	124791.0	124298.0
-979	124632.0	123829.0
-978	124782.0	123594.0
-977	123785.0	123864.0
-976	124515.0	123846.0
-975	124723.0	124623.0
-974	124284.0	124049.0
-973	124708.0	123721.0
-972	124742.0	123905.0
-971	124831.0	123614.0
-970	124586.0	123641.0
-969	125559.0	123542.0
-968	124578.0	123560.0
-967	125321.0	123853.0
-966	124730.0	123591.0
-965	123982.0	123877.0
-964	124888.0	124348.0
-963	124800.0	124782.0
-962	124142.0	123599.0
-961	124730.0	124353.0
-960	125053.0	124279.0
-959	124877.0	124040.0
-958	124896.0	123635.0
-957	124908.0	124066.0
-956	124514.0	123399.0
-955	124935.0	123799.0
-954	124940.0	123949.0
-953	124852.0	123750.0
-952	125047.0	123605.0
-951	125192.0	124175.0
-950	124885.0	123263.0
-949	124138.0	124502.0
-948	124186.0	124044.0
-947	124594.0	123681.0
-946	124053.0	123830.0
-945	125104.0	124292.0
-944	124786.0	123824.0
-943	124766.0	124431.0
-942	124873.0	124039.0
-941	125371.0	123562.0
-940	124530.0	123509.0
-939	124761.0	123999.0
-938	125316.0	123895.0
-937	125556.0	124285.0
-936	124850.0	124779.0
-935	124705.0	124196.0
-934	125044.0	123837.0
-933	125511.0	124180.0
-932	124852.0	124507.0
-931	124652.0	124174.0
-930	124753.0	124117.0
-929	124842.0	123865.0
-928	124850.0	124118.0
-927	125256.0	124045.0
-926	124857.0	123491.0
-925	124465.0	123769.0
-924	123662.0	123806.0
-923	124875.0	124270.0
-922	124498.0	124472.0
-921	124919.0	124094.0
-920	125653.0	123638.0
-919	124641.0	124006.0
-918	125048.0	124276.0
-917	124772.0	123632.0
-916	124459.0	123570.0
-915	124230.0	123583.0
-914	124976.0	124165.0
-913	124619.0	124372.0
-912	124869.0	124338.0
-911	124785.0	123782.0
-910	125054.0	124464.0
-909	125216.0	123698.0
-908	124550.0	124259.0
-907	124768.0	124556.0
-906	125028.0	123846.0
-905	124484.0	124084.0
-904	124991.0	124423.0
-903	125446.0	124008.0
-902	124342.0	123810.0
-901	124993.0	124446.0
-900	125220.0	123953.0
-899	124426.0	124060.0
-898	124651.0	124418.0
-897	124808.0	124460.0
-896	124848.0	124234.0
-895	124963.0	124044.0
-894	125061.0	124365.0
-893	124673.0	124090.0
-892	124127.0	124338.0
-891	125102.0	124200.0
-890	124658.0	123998.0
-889	124255.0	123798.0
-888	124850.0	124037.0
-887	125051.0	124248.0
-886	124531.0	124238.0
-885	125065.0	124353.0
-884	124519.0	123523.0
-883	124846.0	124379.0
-882	124675.0	124484.0
-881	124992.0	123662.0
-880	125080.0	123561.0
-879	125555.0	124306.0
-878	124230.0	124107.0
-877	124558.0	124122.0
-876	124939.0	125079.0
-875	124834.0	123838.0
-874	124867.0	124134.0
-873	125559.0	124461.0
-872	124179.0	123886.0
-871	124476.0	123398.0
-870	124585.0	124532.0
-869	124598.0	124064.0
-868	125442.0	123788.0
-867	125427.0	124260.0
-866	125310.0	124228.0
-865	124288.0	124602.0
-864	125171.0	124069.0
-863	124065.0	123592.0
-862	124656.0	124840.0
-861	124604.0	124519.0
-860	124810.0	123888.0
-859	124575.0	124244.0
-858	124786.0	124280.0
-857	124570.0	124579.0
-856	124571.0	124646.0
-855	124934.0	124333.0
-854	124423.0	123988.0
-853	124555.0	124217.0
-852	125089.0	123846.0
-851	124547.0	124486.0
-850	124479.0	124713.0
-849	124830.0	124408.0
-848	125331.0	124380.0
-847	124427.0	123928.0
-846	125069.0	124506.0
-845	125282.0	124119.0
-844	125295.0	124525.0
-843	124762.0	124810.0
-842	124527.0	124097.0
-841	124849.0	124353.0
-840	125403.0	124507.0
-839	124742.0	123338.0
-838	124864.0	124161.0
-837	124858.0	124211.0
-836	124820.0	124082.0
-835	124411.0	124326.0
-834	125168.0	124747.0
-833	124406.0	124188.0
-832	125211.0	124003.0
-831	124613.0	125018.0
-830	124238.0	124268.0
-829	124807.0	124666.0
-828	125134.0	124773.0
-827	124659.0	124040.0
-826	125352.0	124161.0
-825	124529.0	124133.0
-824	124553.0	124209.0
-823	124201.0	124900.0
-822	124512.0	124883.0
-821	124459.0	123714.0
-820	124553.0	124444.0
-819	124707.0	124300.0
-818	125115.0	123589.0
-817	124939.0	123916.0
-816	124874.0	124898.0
-815	125038.0	124265.0
-814	125103.0	125044.0
-813	125425.0	124758.0
-812	124558.0	124353.0
-811	125200.0	124402.0
-810	125138.0	124550.0
-809	124341.0	124198.0
-808	125183.0	125329.0
-807	125233.0	124303.0
-806	125051.0	124077.0
-805	124672.0	124641.0
-804	125080.0	125074.0
-803	124884.0	124959.0
-802	124955.0	124595.0
-801	125271.0	124266.0
-800	125122.0	124522.0
-799	124460.0	124885.0
-798	125804.0	124956.0
-797	124894.0	124035.0
-796	124774.0	125033.0
-795	125308.0	124880.0
-794	124626.0	124255.0
-793	125261.0	124866.0
-792	125275.0	125496.0
-791	124451.0	124588.0
-790	124894.0	125290.0
-789	125485.0	125088.0
-788	124878.0	124786.0
-787	124686.0	125023.0
-786	124980.0	125028.0
-785	124804.0	124141.0
-784	124735.0	124753.0
-783	125065.0	125187.0
-782	124548.0	124346.0
-781	125230.0	125185.0
-780	125704.0	124716.0
-779	124883.0	124953.0
-778	125303.0	125424.0
-777	125328.0	124476.0
-776	125018.0	123766.0
-775	125020.0	124507.0
-774	125615.0	124683.0
-773	124840.0	124339.0
-772	125401.0	125130.0
-771	125704.0	125490.0
-770	124878.0	124682.0
-769	125000.0	124708.0
-768	126060.0	125380.0
-767	125066.0	124310.0
-766	125464.0	124698.0
-765	125662.0	124979.0
-764	125611.0	125055.0
-763	124824.0	125232.0
-762	126019.0	125291.0
-761	125049.0	124917.0
-760	125743.0	125301.0
-759	125292.0	124387.0
-758	125159.0	124492.0
-757	125186.0	124926.0
-756	124945.0	125147.0
-755	124953.0	125343.0
-754	125223.0	125649.0
-753	125611.0	125239.0
-752	125093.0	124402.0
-751	125083.0	124742.0
-750	125956.0	125299.0
-749	125302.0	123759.0
-748	125542.0	124783.0
-747	125537.0	125110.0
-746	125097.0	124736.0
-745	125307.0	124688.0
-744	125353.0	125027.0
-743	125701.0	124315.0
-742	125584.0	125347.0
-741	126047.0	124395.0
-740	125822.0	124478.0
-739	125404.0	124746.0
-738	126373.0	124907.0
-737	125543.0	124752.0
-736	125273.0	125127.0
-735	126355.0	124763.0
-734	125850.0	124885.0
-733	125789.0	125810.0
-732	125746.0	124372.0
-731	125430.0	124699.0
-730	125487.0	125069.0
-729	125696.0	124576.0
-728	125696.0	124542.0
-727	125609.0	124419.0
-726	126051.0	125213.0
-725	125632.0	125051.0
-724	125714.0	125358.0
-723	126199.0	125175.0
-722	125231.0	125408.0
-721	125407.0	125524.0
-720	126059.0	125092.0
-719	125498.0	125001.0
-718	125737.0	125344.0
-717	125866.0	124657.0
-716	125940.0	124813.0
-715	125992.0	124757.0
-714	125702.0	125123.0
-713	125638.0	124555.0
-712	125502.0	124821.0
-711	126291.0	125449.0
-710	125584.0	124545.0
-709	125764.0	124355.0
-708	125672.0	125036.0
-707	126487.0	124223.0
-706	125317.0	125161.0
-705	126249.0	124939.0
-704	125800.0	125334.0
-703	125946.0	124746.0
-702	126005.0	124635.0
-701	125757.0	124487.0
-700	125877.0	124888.0
-699	125750.0	124774.0
-698	125159.0	124282.0
-697	125697.0	124716.0
-696	125972.0	125078.0
-695	125477.0	124834.0
-694	126009.0	124396.0
-693	125809.0	124372.0
-692	125789.0	124257.0
-691	125957.0	125191.0
-690	125835.0	124409.0
-689	124825.0	124372.0
-688	125260.0	124626.0
-687	126070.0	124386.0
-686	125998.0	123929.0
-685	125178.0	124291.0
-684	125894.0	124508.0
-683	125383.0	124778.0
-682	125863.0	124574.0
-681	126461.0	124678.0
-680	125424.0	124165.0
-679	125584.0	125075.0
-678	126188.0	124813.0
-677	125352.0	125047.0
-676	126184.0	125462.0
-675	125972.0	125435.0
-674	125580.0	124654.0
-673	125481.0	125060.0
-672	125491.0	124407.0
-671	125392.0	124614.0
-670	124590.0	124680.0
-669	126281.0	124997.0
-668	125284.0	123844.0
-667	125223.0	124944.0
-666	125517.0	125069.0
-665	124951.0	125078.0
-664	124755.0	125347.0
-663	125766.0	125304.0
-662	124641.0	124322.0
-661	124761.0	124474.0
-660	125637.0	124882.0
-659	125323.0	124168.0
-658	125825.0	124788.0
-657	125909.0	124337.0
-656	124885.0	123907.0
-655	125057.0	125142.0
-654	125517.0	125252.0
-653	124914.0	124348.0
-652	125115.0	124997.0
-651	125915.0	125277.0
-650	125652.0	124323.0
-649	124728.0	124951.0
-648	125185.0	124767.0
-647	125263.0	124242.0
-646	125281.0	124825.0
-645	125265.0	124843.0
-644	125115.0	124177.0
-643	125008.0	124836.0
-642	125779.0	124748.0
-641	125229.0	124984.0
-640	124552.0	124832.0
-639	125635.0	125131.0
-638	124594.0	124427.0
-637	124895.0	124970.0
-636	125677.0	124894.0
-635	124548.0	124536.0
-634	125708.0	124571.0
-633	125323.0	125431.0
-632	125367.0	124533.0
-631	125289.0	125667.0
-630	125350.0	124951.0
-629	124635.0	124617.0
-628	124768.0	124815.0
-627	124924.0	124879.0
-626	125156.0	124461.0
-625	124626.0	125199.0
-624	125433.0	125161.0
-623	124469.0	125160.0
-622	124523.0	125302.0
-621	125580.0	125646.0
-620	124284.0	124792.0
-619	125427.0	125509.0
-618	125543.0	124986.0
-617	125656.0	124962.0
-616	125022.0	124929.0
-615	125411.0	124900.0
-614	125074.0	124833.0
-613	125263.0	125445.0
-612	125327.0	125316.0
-611	124215.0	124304.0
-610	125080.0	125135.0
-609	125339.0	125330.0
-608	125316.0	124634.0
-607	125332.0	125058.0
-606	125510.0	125781.0
-605	125207.0	124694.0
-604	124944.0	125360.0
-603	125880.0	125746.0
-602	125041.0	125407.0
-601	124410.0	125568.0
-600	125301.0	125703.0
-599	125038.0	125188.0
-598	125628.0	126161.0
-597	126293.0	125518.0
-596	125620.0	125276.0
-595	125339.0	125747.0
-594	126411.0	126390.0
-593	124879.0	125198.0
-592	125624.0	125383.0
-591	125534.0	126136.0
-590	125176.0	125687.0
-589	125322.0	125645.0
-588	126121.0	126405.0
-587	125756.0	125787.0
-586	126120.0	125618.0
-585	126604.0	125902.0
-584	125741.0	125896.0
-583	126272.0	126196.0
-582	126281.0	126594.0
-581	125424.0	125267.0
-580	125364.0	126030.0
-579	125647.0	125635.0
-578	124867.0	125651.0
-577	126040.0	126171.0
-576	126780.0	126470.0
-575	126020.0	125893.0
-574	125636.0	126497.0
-573	127595.0	126028.0
-572	126229.0	125865.0
-571	125802.0	125960.0
-570	126084.0	125829.0
-569	125960.0	125389.0
-568	126547.0	125919.0
-567	127197.0	126112.0
-566	125993.0	125726.0
-565	126867.0	126123.0
-564	127171.0	126676.0
-563	126006.0	125912.0
-562	126125.0	126198.0
-561	127092.0	126054.0
-560	126604.0	125507.0
-559	126234.0	126209.0
-558	127439.0	126864.0
-557	126767.0	125833.0
-556	126483.0	125917.0
-555	127084.0	125884.0
-554	126563.0	125446.0
-553	127288.0	125777.0
-552	127031.0	125688.0
-551	126401.0	125739.0
-550	126654.0	126385.0
-549	127581.0	126099.0
-548	126945.0	126152.0
-547	126757.0	126264.0
-546	127524.0	125952.0
-545	126677.0	125892.0
-544	127320.0	125513.0
-543	127667.0	125488.0
-542	126745.0	125183.0
-541	127302.0	126032.0
-540	127040.0	125224.0
-539	126574.0	125651.0
-538	127327.0	126216.0
-537	127689.0	126007.0
-536	126514.0	126241.0
-535	127296.0	126200.0
-534	127495.0	126048.0
-533	127106.0	125062.0
-532	126849.0	125628.0
-531	128053.0	125892.0
-530	127162.0	125539.0
-529	126259.0	126028.0
-528	127325.0	125558.0
-527	127401.0	125290.0
-526	126954.0	125960.0
-525	127345.0	125816.0
-524	127150.0	124800.0
-523	126936.0	125386.0
-522	127479.0	125639.0
-521	127384.0	124802.0
-520	126874.0	125316.0
-519	127859.0	125666.0
-518	126603.0	124494.0
-517	126800.0	125174.0
-516	127839.0	125571.0
-515	126855.0	124844.0
-514	127036.0	125699.0
-513	127459.0	125392.0
-512	127052.0	124572.0
-511	126159.0	124922.0
-510	127174.0	125208.0
-509	126993.0	125074.0
-508	126733.0	125593.0
-507	127535.0	125550.0
-506	127036.0	124796.0
-505	126207.0	125322.0
-504	127506.0	125543.0
-503	126693.0	124717.0
-502	126448.0	125119.0
-501	126891.0	125363.0
-500	126488.0	124638.0
-499	126794.0	125185.0
-498	126806.0	124999.0
-497	126488.0	124748.0
-496	126642.0	124883.0
-495	127626.0	124982.0
-494	126627.0	124335.0
-493	126240.0	125235.0
-492	126801.0	124688.0
-491	126520.0	124000.0
-490	126682.0	125109.0
-489	127004.0	125018.0
-488	126781.0	124038.0
-487	126186.0	124773.0
-486	126856.0	124682.0
-485	125978.0	125210.0
-484	126237.0	125013.0
-483	127082.0	124767.0
-482	125352.0	124240.0
-481	126026.0	124486.0
-480	126340.0	124571.0
-479	126154.0	123315.0
-478	126038.0	124260.0
-477	126413.0	124461.0
-476	125748.0	124426.0
-475	125754.0	124954.0
-474	126263.0	125060.0
-473	125419.0	124323.0
-472	125182.0	124626.0
-471	125876.0	124510.0
-470	125292.0	124278.0
-469	125467.0	124931.0
-468	125944.0	125122.0
-467	125674.0	124954.0
-466	125369.0	124398.0
-465	126401.0	125214.0
-464	125778.0	124209.0
-463	125365.0	125114.0
-462	126582.0	124832.0
-461	124380.0	123944.0
-460	124273.0	125399.0
-459	125408.0	125070.0
-458	125044.0	124664.0
-457	125155.0	125109.0
-456	126382.0	125272.0
-455	125393.0	124853.0
-454	125179.0	125628.0
-453	125799.0	124829.0
-452	125067.0	125473.0
-451	125430.0	125531.0
-450	126251.0	125354.0
-449	124974.0	125059.0
-448	125191.0	126323.0
-447	125485.0	125312.0
-446	124640.0	124662.0
-445	124843.0	125682.0
-444	125202.0	125412.0
-443	124954.0	125433.0
-442	124843.0	126122.0
-441	125547.0	125906.0
-440	124849.0	125416.0
-439	124939.0	125681.0
-438	126084.0	125442.0
-437	125283.0	125528.0
-436	124734.0	126421.0
-435	125786.0	125907.0
-434	125434.0	125590.0
-433	124526.0	126078.0
-432	125617.0	126132.0
-431	125336.0	125735.0
-430	125373.0	126574.0
-429	125454.0	126515.0
-428	124598.0	126250.0
-427	124357.0	126511.0
-426	125328.0	126563.0
-425	125383.0	126542.0
-424	125076.0	126308.0
-423	125683.0	126648.0
-422	125242.0	125801.0
-421	124796.0	127204.0
-420	125375.0	127189.0
-419	125566.0	126165.0
-418	125857.0	127277.0
-417	125880.0	128036.0
-416	124958.0	126218.0
-415	125664.0	127561.0
-414	126526.0	127176.0
-413	125926.0	126382.0
-412	125901.0	127517.0
-411	126882.0	127833.0
-410	126032.0	126724.0
-409	126031.0	127248.0
-408	126744.0	127831.0
-407	125998.0	126739.0
-406	126129.0	127958.0
-405	127421.0	127770.0
-404	125992.0	126570.0
-403	126736.0	127053.0
-402	127224.0	127856.0
-401	126479.0	127567.0
-400	126547.0	127683.0
-399	127460.0	128101.0
-398	127049.0	126819.0
-397	126873.0	127625.0
-396	127160.0	128410.0
-395	127245.0	127002.0
-394	126388.0	127663.0
-393	127845.0	128001.0
-392	126653.0	128001.0
-391	126820.0	128283.0
-390	127785.0	128543.0
-389	127955.0	127420.0
-388	127421.0	128183.0
-387	128259.0	127654.0
-386	127390.0	126284.0
-385	128306.0	128090.0
-384	128316.0	127703.0
-383	127900.0	127156.0
-382	127574.0	128006.0
-381	129013.0	127507.0
-380	128351.0	127184.0
-379	129021.0	128280.0
-378	128652.0	128027.0
-377	127602.0	127224.0
-376	128169.0	127785.0
-375	129167.0	127771.0
-374	128755.0	127686.0
-373	128588.0	127654.0
-372	129463.0	128199.0
-371	128203.0	126723.0
-370	128256.0	127208.0
-369	129236.0	127376.0
-368	129004.0	126382.0
-367	128929.0	128170.0
-366	129365.0	128158.0
-365	128927.0	127068.0
-364	129185.0	127891.0
-363	129275.0	127681.0
-362	128828.0	126801.0
-361	128877.0	127982.0
-360	129711.0	127411.0
-359	128609.0	126588.0
-358	129466.0	126795.0
-357	130200.0	126631.0
-356	128929.0	126975.0
-355	129046.0	127485.0
-354	129445.0	126891.0
-353	128109.0	126231.0
-352	129113.0	126529.0
-351	129966.0	126767.0
-350	128767.0	125854.0
-349	128959.0	127283.0
-348	129741.0	127055.0
-347	129357.0	126037.0
-346	128933.0	126963.0
-345	130187.0	126554.0
-344	129048.0	125927.0
-343	128709.0	126517.0
-342	130004.0	126550.0
-341	128720.0	125287.0
-340	128646.0	126213.0
-339	129354.0	125802.0
-338	128412.0	125253.0
-337	129121.0	125681.0
-336	129628.0	126677.0
-335	128306.0	125565.0
-334	128600.0	126269.0
-333	129378.0	126164.0
-332	127964.0	124732.0
-331	128303.0	126188.0
-330	128620.0	125427.0
-329	128045.0	124513.0
-328	128450.0	125718.0
-327	129000.0	126078.0
-326	127590.0	125452.0
-325	127563.0	125895.0
-324	128955.0	125845.0
-323	128000.0	124607.0
-322	127365.0	125655.0
-321	128274.0	125344.0
-320	127190.0	124224.0
-319	127705.0	124752.0
-318	128664.0	125012.0
-317	127485.0	124440.0
-316	128026.0	125981.0
-315	128393.0	125390.0
-314	127227.0	124449.0
-313	127229.0	125655.0
-312	128052.0	125018.0
-311	127370.0	124764.0
-310	126864.0	124882.0
-309	128483.0	124759.0
-308	127094.0	124593.0
-307	126587.0	125270.0
-306	127587.0	125468.0
-305	126641.0	124155.0
-304	126301.0	125624.0
-303	127842.0	125325.0
-302	126227.0	124694.0
-301	126041.0	125080.0
-300	127237.0	125038.0
-299	125514.0	124131.0
-298	126274.0	125081.0
-297	126816.0	124963.0
-296	125620.0	124070.0
-295	125584.0	124729.0
-294	126909.0	125191.0
-293	124850.0	124324.0
-292	125071.0	125028.0
-291	126851.0	124728.0
-290	125608.0	124155.0
-289	124332.0	124593.0
-288	126781.0	125205.0
-287	125503.0	124520.0
-286	125050.0	125498.0
-285	126211.0	125500.0
-284	125484.0	124024.0
-283	125232.0	125220.0
-282	126402.0	125316.0
-281	125178.0	124629.0
-280	124769.0	125079.0
-279	125426.0	125140.0
-278	124582.0	124408.0
-277	124731.0	124593.0
-276	125639.0	125285.0
-275	124630.0	124757.0
-274	124860.0	125169.0
-273	125452.0	125567.0
-272	125267.0	125033.0
-271	125143.0	126226.0
-270	125278.0	126303.0
-269	124058.0	124940.0
-268	124751.0	126323.0
-267	125516.0	125876.0
-266	125049.0	125265.0
-265	124410.0	125715.0
-264	125788.0	126214.0
-263	123829.0	125683.0
-262	125180.0	126738.0
-261	125923.0	126522.0
-260	124424.0	126039.0
-259	124656.0	126860.0
-258	125287.0	126445.0
-257	124343.0	125414.0
-256	124766.0	127394.0
-255	125831.0	127089.0
-254	124619.0	126372.0
-253	124960.0	127265.0
-252	126359.0	127063.0
-251	124462.0	126422.0
-250	125140.0	127492.0
-249	125962.0	126691.0
-248	124941.0	126329.0
-247	124678.0	127814.0
-246	126739.0	127983.0
-245	125198.0	127397.0
-244	125297.0	127697.0
-243	126081.0	128421.0
-242	125413.0	127551.0
-241	125343.0	128560.0
-240	126549.0	128368.0
-239	125391.0	127375.0
-238	125942.0	128795.0
-237	126277.0	128537.0
-236	125713.0	128142.0
-235	125853.0	128902.0
-234	127071.0	128861.0
-233	126607.0	127786.0
-232	126561.0	128483.0
-231	127401.0	128706.0
-230	126684.0	128657.0
-229	126217.0	129152.0
-228	126976.0	129583.0
-227	126498.0	128820.0
-226	126392.0	129670.0
-225	128216.0	129123.0
-224	127440.0	128664.0
-223	127344.0	129695.0
-222	128635.0	130294.0
-221	127282.0	129500.0
-220	127443.0	129823.0
-219	129056.0	130456.0
-218	128286.0	129100.0
-217	128187.0	130310.0
-216	129491.0	130134.0
-215	128500.0	129053.0
-214	128405.0	130493.0
-213	129690.0	130617.0
-212	128501.0	129395.0
-211	129322.0	130159.0
-210	130150.0	131085.0
-209	129199.0	129527.0
-208	128854.0	131253.0
-207	130781.0	130481.0
-206	129507.0	128976.0
-205	129979.0	130198.0
-204	131682.0	130832.0
-203	130473.0	129136.0
-202	130089.0	130751.0
-201	131694.0	130543.0
-200	130873.0	129104.0
-199	131502.0	130465.0
-198	132315.0	130146.0
-197	131361.0	129442.0
-196	130629.0	130302.0
-195	132583.0	130245.0
-194	131134.0	129312.0
-193	131428.0	130601.0
-192	132567.0	130000.0
-191	131917.0	128855.0
-190	132434.0	130196.0
-189	133392.0	130350.0
-188	132851.0	128750.0
-187	131836.0	129977.0
-186	133514.0	129770.0
-185	132304.0	128755.0
-184	132114.0	129666.0
-183	134142.0	129744.0
-182	132637.0	128378.0
-181	133287.0	129627.0
-180	134266.0	128797.0
-179	132904.0	127698.0
-178	132724.0	128612.0
-177	133834.0	129658.0
-176	132597.0	127882.0
-175	132095.0	128454.0
-174	133118.0	127622.0
-173	132539.0	126344.0
-172	132623.0	129190.0
-171	134454.0	128176.0
-170	132658.0	126514.0
-169	132553.0	128197.0
-168	133724.0	128175.0
-167	132366.0	126427.0
-166	132391.0	128302.0
-165	133875.0	128047.0
-164	131791.0	126449.0
-163	131941.0	127156.0
-162	133215.0	126842.0
-161	132373.0	126652.0
-160	131934.0	127342.0
-159	133616.0	126651.0
-158	131407.0	126013.0
-157	132390.0	127267.0
-156	133073.0	127645.0
-155	131719.0	125277.0
-154	131849.0	127017.0
-153	133347.0	126138.0
-152	131747.0	125194.0
-151	131642.0	126243.0
-150	132957.0	126189.0
-149	131092.0	125067.0
-148	130551.0	126013.0
-147	131609.0	126159.0
-146	130487.0	124798.0
-145	130324.0	125539.0
-144	132033.0	125743.0
-143	129931.0	124913.0
-142	130095.0	126143.0
-141	132006.0	125498.0
-140	129562.0	124652.0
-139	129416.0	125777.0
-138	130724.0	125480.0
-137	128322.0	124099.0
-136	127850.0	125892.0
-135	129353.0	125721.0
-134	128785.0	124630.0
-133	129586.0	125628.0
-132	130903.0	125566.0
-131	129356.0	124186.0
-130	129096.0	125619.0
-129	130117.0	125268.0
-128	127403.0	124393.0
-127	127107.0	125462.0
-126	128317.0	125676.0
-125	126669.0	124125.0
-124	127557.0	125695.0
-123	130166.0	124992.0
-122	128954.0	124001.0
-121	128824.0	125286.0
-120	130445.0	124823.0
-119	127681.0	123822.0
-118	126722.0	125424.0
-117	127314.0	125609.0
-116	125333.0	124062.0
-115	125481.0	125791.0
-114	128510.0	125701.0
-113	127215.0	123944.0
-112	127722.0	125389.0
-111	129995.0	124677.0
-110	127810.0	123642.0
-109	127939.0	125904.0
-108	128240.0	125582.0
-107	126173.0	124829.0
-106	125455.0	126045.0
-105	127296.0	125810.0
-104	126838.0	124916.0
-103	127628.0	125964.0
-102	129708.0	125177.0
-101	128486.0	124571.0
-100	128706.0	125540.0
-99	129247.0	126202.0
-98	127410.0	124153.0
-97	127419.0	125936.0
-96	127789.0	126200.0
-95	126673.0	125246.0
-94	127094.0	126393.0
-93	128862.0	125979.0
-92	127643.0	124174.0
-91	128239.0	125172.0
-90	130460.0	126504.0
-89	128972.0	124484.0
-88	128331.0	125581.0
-87	129865.0	127182.0
-86	127694.0	125500.0
-85	127017.0	127101.0
-84	128812.0	127035.0
-83	127356.0	125192.0
-82	128458.0	126940.0
-81	130728.0	126804.0
-80	128032.0	125382.0
-79	128340.0	127502.0
-78	129689.0	127143.0
-77	128263.0	126360.0
-76	128943.0	128056.0
-75	130657.0	128125.0
-74	128434.0	127036.0
-73	128940.0	128910.0
-72	130915.0	128620.0
-71	130355.0	126957.0
-70	130029.0	128172.0
-69	132025.0	128537.0
-68	129909.0	127223.0
-67	129877.0	128615.0
-66	130766.0	130028.0
-65	129430.0	128242.0
-64	129689.0	129971.0
-63	131843.0	129905.0
-62	130331.0	128595.0
-61	130507.0	130096.0
-60	133013.0	130158.0
-59	131186.0	129176.0
-58	131110.0	130732.0
-57	131755.0	130685.0
-56	128991.0	129539.0
-55	129820.0	132433.0
-54	132768.0	131903.0
-53	131073.0	130262.0
-52	131710.0	132796.0
-51	134753.0	132634.0
-50	133374.0	130933.0
-49	133442.0	133098.0
-48	135332.0	133406.0
-47	133974.0	131880.0
-46	133147.0	133647.0
-45	134176.0	133602.0
-44	132201.0	132342.0
-43	133199.0	134362.0
-42	136762.0	134337.0
-41	135647.0	132876.0
-40	136241.0	135786.0
-39	139025.0	136144.0
-38	137070.0	133497.0
-37	136581.0	135972.0
-36	138312.0	135905.0
-35	135326.0	134650.0
-34	135852.0	136313.0
-33	138791.0	136388.0
-32	137995.0	134810.0
-31	139778.0	137064.0
-30	142816.0	136560.0
-29	140835.0	134120.0
-28	141093.0	137249.0
-27	143086.0	138065.0
-26	139508.0	135814.0
-25	138926.0	138482.0
-24	141042.0	138680.0
-23	139186.0	137117.0
-22	139333.0	140063.0
-21	143311.0	139923.0
-20	142616.0	139052.0
-19	144139.0	141563.0
-18	146647.0	142099.0
-17	143010.0	139543.0
-16	143623.0	142893.0
-15	145090.0	143790.0
-14	142741.0	141877.0
-13	142820.0	145539.0
-12	148009.0	146749.0
-11	147089.0	143658.0
-10	148017.0	148869.0
-9	152730.0	151526.0
-8	150934.0	152712.0
-7	146201.0	159922.0
-6	143771.0	163073.0
-5	136636.0	161269.0
-4	136230.0	164512.0
-3	155166.0	175227.0
-2	173655.0	163217.0
-1	270335.0	162135.0
0	2316.0	103552.0
1	269146.0	30946.0
2	173180.0	61226.0
3	155096.0	87550.0
4	135912.0	117950.0
5	136528.0	134008.0
6	143300.0	128931.0
7	146074.0	116325.0
8	150188.0	114069.0
9	152825.0	110275.0
10	146906.0	108791.0
11	146182.0	112800.0
12	148316.0	116882.0
13	143132.0	116270.0
14	142020.0	120404.0
15	144895.0	121760.0
16	142319.0	119809.0
17	143484.0	122214.0
18	146725.0	122776.0
19	143067.0	121329.0
20	142105.0	124057.0
21	142699.0	125847.0
22	138989.0	127017.0
23	137845.0	130976.0
24	140917.0	131855.0
25	139477.0	129917.0
26	139577.0	130519.0
27	142357.0	128907.0
28	140985.0	125732.0
29	140454.0	126943.0
30	142691.0	126876.0
31	139577.0	125660.0
32	137587.0	128806.0
33	138882.0	130294.0
34	135383.0	130812.0
35	135434.0	133947.0
36	137321.0	134611.0
37	136216.0	131107.0
38	137047.0	131730.0
39	139341.0	131072.0
40	136533.0	128476.0
41	134919.0	131488.0
42	136397.0	132681.0
43	132320.0	133187.0
44	131825.0	136686.0
45	134481.0	136786.0
46	132613.0	135257.0
47	133237.0	135666.0
48	135157.0	134730.0
49	132175.0	132755.0
50	133143.0	134212.0
51	134442.0	134148.0
52	131558.0	132616.0
53	130847.0	135446.0
54	132002.0	134869.0
55	129097.0	135357.0
56	129516.0	138361.0
57	131763.0	137326.0
58	130536.0	134243.0
59	130676.0	133947.0
60	132330.0	132386.0
61	129729.0	131385.0
62	129500.0	133322.0
63	130881.0	134522.0
64	129829.0	132408.0
65	129714.0	134156.0
66	130909.0	133238.0
67	129026.0	131975.0
68	129612.0	132892.0
69	132099.0	132214.0
70	129933.0	129662.0
71	129413.0	131243.0
72	130816.0	132535.0
73	128186.0	131085.0
74	128400.0	133369.0
75	130031.0	133286.0
76	128371.0	130858.0
77	128329.0	132197.0
78	130491.0	131621.0
79	127724.0	129804.0
80	127566.0	132701.0
81	129710.0	132962.0
82	127483.0	131231.0
83	126281.0	133264.0
84	128718.0	134166.0
85	126090.0	132949.0
86	127304.0	134521.0
87	128771.0	132915.0
88	127827.0	129623.0
89	128094.0	130579.0
90	130171.0	129248.0
91	128063.0	128968.0
92	127589.0	131899.0
93	128680.0	132719.0
94	126915.0	132397.0
95	126102.0	134851.0
96	127626.0	135468.0
97	127048.0	133756.0
98	126389.0	134414.0
99	129876.0	133608.0
100	127748.0	130689.0
101	127815.0	132265.0
102	128639.0	131520.0
103	126684.0	131830.0
104	126009.0	134950.0
105	126971.0	135771.0
106	125255.0	135717.0
107	125690.0	137711.0
108	127739.0	137013.0
109	126929.0	134616.0
110	127221.0	135234.0
111	129744.0	134256.0
112	127009.0	132417.0
113	127022.0	136084.0
114	127694.0	137183.0
115	125176.0	137973.0
116	124805.0	140752.0
117	126942.0	141220.0
118	125793.0	139880.0
119	126458.0	141096.0
120	128780.0	139655.0
121	128160.0	136879.0
122	128039.0	138317.0
123	129605.0	139448.0
124	126967.0	138524.0
125	126189.0	142642.0
126	127625.0	144106.0
127	126668.0	142804.0
128	127675.0	144497.0
129	129426.0	143373.0
130	128585.0	140394.0
131	129057.0	141252.0
132	130417.0	141166.0
133	128624.0	140027.0
134	127818.0	142298.0
135	128947.0	144468.0
136	127304.0	143887.0
137	127561.0	147002.0
138	129720.0	146801.0
139	128323.0	144608.0
140	128999.0	145742.0
141	132122.0	144565.0
142	129622.0	143510.0
143	130556.0	145233.0
144	132041.0	146218.0
145	130355.0	144592.0
146	129875.0	146113.0
147	131823.0	146060.0
148	130726.0	144024.0
149	130929.0	144836.0
150	132167.0	145014.0
151	131212.0	143092.0
152	130701.0	144761.0
153	132533.0	144964.0
154	131558.0	143469.0
155	131749.0	144385.0
156	132551.0	144104.0
157	130683.0	142254.0
158	131496.0	143725.0
159	132909.0	142956.0
160	131501.0	141261.0
161	131875.0	141789.0
162	133930.0	141732.0
163	132036.0	140167.0
164	132711.0	141870.0
165	133805.0	141534.0
166	131891.0	140482.0
167	131930.0	141297.0
168	133195.0	140368.0
169	132139.0	138659.0
170	132001.0	140307.0
171	134083.0	139181.0
172	132757.0	137903.0
173	132121.0	138794.0
174	133889.0	139095.0
175	131947.0	137206.0
176	132234.0	139126.0
177	133535.0	138484.0
178	132703.0	136638.0
179	132198.0	137906.0
180	134014.0	137208.0
181	132361.0	135358.0
182	132204.0	136546.0
183	133354.0	136099.0
184	132234.0	135125.0
185	132604.0	136686.0
186	133555.0	136006.0
187	131886.0	134782.0
188	131299.0	135316.0
189	133611.0	135448.0
190	131059.0	133248.0
191	131726.0	134350.0
192	133157.0	133438.0
193	130918.0	132720.0
194	131060.0	133893.0
195	132690.0	133933.0
196	130878.0	132665.0
197	131335.0	133128.0
198	132375.0	132480.0
199	130730.0	131112.0
200	130411.0	132661.0
201	130997.0	132433.0
202	130064.0	130563.0
203	130183.0	131736.0
204	130900.0	132022.0
205	129829.0	130721.0
206	129525.0	131793.0
207	130836.0	131656.0
208	129017.0	130582.0
209	128770.0	131482.0
210	129870.0	131332.0
211	129032.0	129433.0
212	128397.0	130894.0
213	129717.0	130330.0
214	128196.0	129556.0
215	127619.0	130658.0
216	128890.0	131193.0
217	127586.0	129798.0
218	127905.0	130211.0
219	128214.0	130686.0
220	126829.0	128756.0
221	127455.0	129384.0
222	128722.0	129657.0
223	126776.0	128844.0
224	126709.0	129980.0
225	127761.0	129322.0
226	127055.0	128343.0
227	126796.0	129740.0
228	127429.0	129408.0
229	126452.0	128771.0
230	125943.0	129119.0
231	127316.0	129997.0
232	125372.0	128254.0
233	125660.0	129951.0
234	126876.0	129250.0
235	125650.0	128401.0
236	125441.0	129837.0
237	126107.0	129491.0
238	124787.0	128866.0
239	125142.0	129786.0
240	126240.0	130113.0
241	125656.0	127909.0
242	125079.0	129622.0
243	126090.0	129432.0
244	124661.0	129052.0
245	124562.0	130147.0
246	125651.0	129797.0
247	124471.0	129749.0
248	124448.0	129993.0
249	125187.0	129393.0
250	124987.0	128912.0
251	125116.0	129871.0
252	125754.0	130045.0
253	124555.0	129180.0
254	124853.0	130280.0
255	125516.0	130313.0
256	124058.0	128911.0
257	124386.0	130875.0
258	125157.0	130295.0
259	123884.0	129500.0
260	124213.0	131091.0
261	125150.0	130724.0
262	124475.0	129395.0
263	123807.0	131097.0
264	125367.0	130585.0
265	124305.0	130060.0
266	124588.0	131879.0
267	125756.0	131976.0
268	124105.0	130283.0
269	124126.0	130866.0
270	125184.0	131451.0
271	124292.0	130586.0
272	124207.0	131835.0
273	125320.0	130798.0
274	124280.0	130388.0
275	124298.0	132066.0
276	125786.0	131995.0
277	124394.0	131423.0
278	124375.0	132172.0
279	125623.0	132455.0
280	125170.0	131543.0
281	124298.0	133026.0
282	125893.0	132344.0
283	124879.0	131497.0
284	124408.0	132286.0
285	125709.0	132646.0
286	124509.0	131674.0
287	125289.0	132802.0
288	125627.0	132678.0
289	124900.0	131979.0
290	125840.0	133065.0
291	126034.0	133327.0
292	124574.0	132041.0
293	125419.0	133328.0
294	126349.0	132876.0
295	125025.0	132166.0
296	125813.0	133090.0
297	126117.0	133811.0
298	125576.0	132383.0
299	125209.0	133322.0
300	126705.0	133587.0
301	125537.0	132365.0
302	125612.0	133760.0
303	127682.0	134202.0
304	125655.0	132767.0
305	126666.0	133849.0
306	126688.0	133779.0
307	126127.0	133064.0
308	126298.0	134267.0
309	127304.0	134602.0
310	126730.0	133468.0
311	126523.0	133927.0
312	128617.0	133749.0
313	126504.0	133200.0
314	127059.0	133544.0
315	128000.0	134111.0
316	126599.0	132998.0
317	126975.0	133454.0
318	127534.0	133573.0
319	127180.0	132458.0
320	126730.0	133940.0
321	127835.0	134146.0
322	126992.0	133498.0
323	127372.0	134295.0
324	128044.0	133644.0
325	127245.0	133046.0
326	127246.0	134023.0
327	127874.0	133970.0
328	127689.0	133450.0
329	128491.0	133582.0
330	129240.0	133619.0
331	128319.0	132354.0
332	128667.0	133120.0
333	128955.0	133509.0
334	127594.0	132566.0
335	127722.0	133888.0
336	128719.0	133405.0
337	128601.0	132610.0
338	128350.0	133086.0
339	129111.0	133082.0
340	128565.0	132459.0
341	128511.0	132310.0
342	129464.0	132527.0
343	128481.0	131713.0
344	128810.0	132249.0
345	129451.0	131954.0
346	128995.0	131752.0
347	128411.0	131751.0
348	129345.0	131439.0
349	128437.0	131143.0
350	128451.0	131465.0
351	129599.0	131242.0
352	128388.0	130472.0
353	128930.0	131230.0
354	129666.0	130725.0
355	128634.0	130240.0
356	129118.0	130617.0
357	130172.0	130865.0
358	128433.0	129999.0
359	128766.0	130893.0
360	129181.0	130377.0
361	128235.0	129285.0
362	128349.0	129846.0
363	129196.0	130178.0
364	127971.0	129607.0
365	128298.0	130013.0
366	129848.0	128954.0
367	128553.0	128513.0
368	128642.0	129076.0
369	129077.0	128655.0
370	127892.0	127960.0
371	128280.0	128453.0
372	129073.0	128300.0
373	128145.0	127755.0
374	128472.0	128526.0
375	128577.0	128199.0
376	127317.0	127141.0
377	128002.0	127583.0
378	128651.0	127992.0
379	127820.0	127076.0
380	127038.0	127862.0
381	128282.0	127087.0
382	127571.0	126834.0
383	127421.0	127571.0
384	128119.0	127285.0
385	126768.0	126369.0
386	127341.0	127588.0
387	128007.0	127066.0
388	127119.0	126566.0
389	126825.0	127110.0
390	127258.0	127264.0
391	126729.0	125749.0
392	126611.0	126637.0
393	126827.0	126624.0
394	126320.0	126457.0
395	126091.0	126764.0
396	128093.0	126657.0
397	126158.0	126141.0
398	126268.0	126982.0
399	126436.0	126980.0
400	126026.0	125724.0
401	126005.0	126570.0
402	126430.0	126960.0
403	126235.0	126310.0
404	126117.0	126284.0
405	126312.0	126269.0
406	125913.0	125856.0
407	126323.0	126169.0
408	126236.0	126730.0
409	125593.0	125492.0
410	125400.0	126451.0
411	126031.0	126185.0
412	125515.0	126006.0
413	125255.0	126133.0
414	125750.0	126248.0
415	124609.0	125464.0
416	125031.0	126357.0
417	125894.0	126433.0
418	124848.0	125332.0
419	124567.0	126132.0
420	125297.0	126541.0
421	125164.0	125775.0
422	125355.0	126575.0
423	125698.0	127057.0
424	124335.0	125512.0
425	124337.0	126792.0
426	125699.0	126354.0
427	124291.0	125946.0
428	124126.0	126685.0
429	125671.0	127135.0
430	124578.0	126280.0
431	124486.0	126492.0
432	125925.0	126848.0
433	124034.0	126037.0
434	124693.0	126602.0
435	125382.0	126790.0
436	124626.0	126122.0
437	124571.0	126788.0
438	124884.0	126500.0
439	124342.0	126393.0
440	124430.0	127190.0
441	125334.0	126923.0
442	124114.0	126859.0
443	124471.0	127824.0
444	124781.0	127765.0
445	124667.0	126779.0
446	124523.0	127489.0
447	125244.0	126958.0
448	124607.0	126721.0
449	124593.0	127510.0
450	125356.0	127546.0
451	124568.0	127386.0
452	124643.0	127280.0
453	125335.0	127253.0
454	124595.0	126826.0
455	124886.0	128645.0
456	125319.0	128125.0
457	124628.0	127372.0
458	124667.0	127794.0
459	125258.0	127621.0
460	125335.0	127523.0
461	124486.0	128715.0
462	125073.0	127959.0
463	124325.0	127448.0
464	125018.0	127998.0
465	124912.0	128282.0
466	124828.0	128039.0
467	123988.0	128421.0
468	124933.0	128359.0
469	124503.0	128289.0
470	125360.0	128986.0
471	125551.0	128244.0
472	125717.0	128088.0
473	125625.0	129214.0
474	125691.0	128476.0
475	124804.0	127909.0
476	124933.0	128499.0
477	125637.0	128540.0
478	125168.0	127424.0
479	124995.0	128790.0
480	126112.0	127737.0
481	125182.0	128043.0
482	126016.0	129038.0
483	126577.0	128904.0
484	125443.0	128277.0
485	125223.0	128794.0
486	125729.0	128623.0
487	125747.0	128388.0
488	125927.0	128945.0
489	126671.0	128973.0
490	125268.0	128133.0
491	125832.0	129446.0
492	126845.0	129588.0
493	126162.0	127811.0
494	125985.0	129413.0
495	126552.0	129065.0
496	126261.0	128013.0
497	125886.0	128980.0
498	126082.0	128603.0
499	126361.0	127870.0
500	125980.0	128607.0
501	127081.0	128736.0
502	126003.0	127887.0
503	126051.0	128641.0
504	127752.0	128828.0
505	126189.0	127738.0
506	126039.0	128037.0
507	127128.0	128447.0
508	125927.0	127799.0
509	126602.0	128564.0
510	126694.0	128508.0
511	126396.0	127623.0
512	125905.0	128902.0
513	127298.0	128142.0
514	126557.0	128195.0
515	126799.0	128740.0
516	126914.0	128239.0
517	127144.0	127693.0
518	126312.0	127982.0
519	127193.0	127912.0
520	126525.0	127438.0
521	126948.0	127911.0
522	127617.0	127981.0
523	127015.0	127427.0
524	127216.0	127153.0
525	126921.0	127842.0
526	126205.0	127453.0
527	126420.0	127871.0
528	127473.0	127535.0
529	126124.0	127141.0
530	126730.0	127750.0
531	126823.0	127975.0
532	126878.0	126755.0
533	126957.0	127631.0
534	127552.0	127560.0
535	126568.0	126740.0
536	126783.0	127706.0
537	126569.0	127382.0
538	126398.0	126872.0
539	126653.0	127124.0
540	127234.0	127715.0
541	126430.0	127553.0
542	126536.0	127189.0
543	126244.0	126850.0
544	125950.0	126156.0
545	126423.0	127086.0
546	126755.0	127209.0
547	126040.0	126258.0
548	126153.0	126414.0
549	127533.0	126393.0
550	126654.0	126252.0
551	126882.0	126082.0
552	126568.0	125710.0
553	125476.0	124997.0
554	126261.0	125747.0
555	127451.0	125827.0
556	126185.0	125279.0
557	125590.0	126185.0
558	126435.0	125610.0
559	125790.0	126289.0
560	125550.0	126292.0
561	126552.0	125709.0
562	125472.0	125776.0
563	125740.0	125720.0
564	126652.0	125556.0
565	125863.0	124963.0
566	126251.0	125574.0
567	126882.0	125487.0
568	125787.0	125290.0
569	126137.0	125779.0
570	126456.0	125491.0
571	125386.0	125230.0
572	125732.0	126091.0
573	126035.0	125965.0
574	125884.0	125476.0
575	125841.0	125801.0
576	126102.0	125422.0
577	125582.0	124958.0
578	125245.0	125083.0
579	126873.0	125407.0
580	125379.0	125109.0
581	125620.0	125409.0
582	126718.0	125834.0
583	124980.0	125108.0
584	125130.0	125903.0
585	126279.0	125850.0
586	124810.0	124988.0
587	124745.0	125261.0
588	125948.0	125210.0
589	124761.0	124651.0
590	124985.0	125389.0
591	125215.0	125355.0
592	125178.0	125047.0
593	125082.0	125827.0
594	124987.0	125459.0
595	124602.0	125003.0
596	124497.0	124686.0
597	125005.0	125221.0
598	124667.0	124795.0
599	124375.0	125420.0
600	124933.0	125449.0
601	124081.0	125257.0
602	123957.0	125490.0
603	124207.0	125427.0
604	124241.0	124746.0
605	124634.0	125022.0
606	125465.0	125438.0
607	124496.0	125574.0
608	125174.0	126096.0
609	125048.0	125799.0
610	124467.0	125188.0
611	124507.0	125917.0
612	124890.0	125913.0
613	123898.0	125079.0
614	123875.0	125582.0
615	125358.0	125373.0
616	124828.0	125047.0
617	124791.0	125778.0
618	125139.0	125698.0
619	124195.0	125288.0
620	124742.0	125780.0
621	124599.0	125759.0
622	124965.0	124993.0
623	124386.0	125674.0
624	124810.0	126164.0
625	124378.0	125833.0
626	124001.0	125917.0
627	125284.0	126903.0
628	124875.0	125903.0
629	124357.0	126213.0
630	124831.0	126351.0
631	124145.0	125387.0
632	124374.0	127007.0
633	124976.0	126266.0
634	124769.0	125668.0
635	125092.0	126444.0
636	125074.0	126901.0
637	124744.0	125658.0
638	123882.0	126155.0
639	125199.0	126238.0
640	124014.0	126389.0
641	124165.0	126415.0
642	125084.0	126428.0
643	124054.0	126189.0
644	125310.0	125975.0
645	124721.0	126553.0
646	124604.0	126127.0
647	124361.0	125992.0
648	125010.0	126288.0
649	124388.0	125314.0
650	124205.0	126219.0
651	124931.0	126406.0
652	124777.0	125648.0
653	123964.0	126276.0
654	125736.0	125904.0
655	124901.0	125768.0
656	124803.0	126436.0
657	125700.0	126542.0
658	124519.0	125224.0
659	124817.0	126251.0
660	125530.0	126608.0
661	125210.0	125814.0
662	125077.0	126180.0
663	125676.0	126300.0
664	124806.0	126077.0
665	125002.0	126468.0
666	125263.0	126892.0
667	125051.0	125893.0
668	124786.0	127037.0
669	125536.0	127256.0
670	124978.0	126745.0
671	125566.0	127106.0
672	125290.0	126561.0
673	125258.0	126049.0
674	125059.0	127038.0
675	125393.0	125516.0
676	125114.0	125697.0
677	124783.0	126712.0
678	125452.0	126501.0
679	125009.0	125525.0
680	125387.0	126485.0
681	125126.0	126101.0
682	124738.0	125381.0
683	124894.0	126604.0
684	125776.0	126841.0
685	125523.0	126515.0
686	124732.0	126782.0
687	125539.0	125828.0
688	125042.0	125873.0
689	125192.0	126707.0
690	126149.0	126411.0
691	124498.0	125880.0
692	124869.0	126805.0
693	125452.0	125968.0
694	125089.0	125963.0
695	125588.0	126695.0
696	125295.0	126484.0
697	124400.0	126168.0
698	125181.0	126572.0
699	125859.0	125768.0
700	124781.0	125488.0
701	124997.0	126577.0
702	126017.0	125980.0
703	125322.0	125798.0
704	125094.0	126171.0
705	125569.0	125987.0
706	125327.0	125432.0
707	125740.0	126257.0
708	126012.0	125728.0
709	125184.0	125557.0
710	125273.0	125429.0
711	125426.0	126133.0
712	124511.0	125748.0
713	124917.0	125826.0
714	125629.0	126086.0
715	124987.0	126237.0
716	125270.0	126145.0
717	125670.0	126472.0
718	124787.0	125560.0
719	124605.0	125834.0
720	125704.0	125936.0
721	124932.0	125275.0
722	125367.0	126039.0
723	125994.0	125558.0
724	125125.0	125734.0
725	125034.0	125733.0
726	125787.0	125922.0
727	125523.0	125532.0
728	125271.0	125486.0
729	126053.0	125549.0
730	125292.0	124480.0
731	125435.0	125456.0
732	125111.0	125701.0
733	125110.0	125500.0
734	125349.0	125383.0
735	124985.0	125261.0
736	124981.0	124653.0
737	124602.0	124860.0
738	125866.0	125676.0
739	125021.0	125137.0
740	125228.0	125444.0
741	125722.0	125444.0
742	124572.0	124910.0
743	125133.0	125321.0
744	125212.0	125925.0
745	124951.0	125334.0
746	124552.0	125429.0
747	124488.0	125829.0
748	124578.0	125020.0
749	124620.0	125384.0
750	125174.0	125013.0
751	124306.0	124822.0
752	124738.0	125635.0
753	125122.0	125030.0
754	124938.0	125351.0
755	125239.0	125915.0
756	125852.0	125466.0
757	124721.0	124880.0
758	124794.0	125135.0
759	124821.0	125240.0
760	124559.0	124636.0
761	125433.0	125577.0
762	124918.0	125372.0
763	124500.0	124587.0
764	124400.0	125482.0
765	125187.0	125351.0
766	124595.0	125245.0
767	124326.0	125720.0
768	124963.0	125223.0
769	125011.0	124973.0
770	125012.0	124839.0
771	124561.0	124969.0
772	124790.0	125091.0
773	124358.0	125903.0
774	124816.0	125214.0
775	124915.0	125018.0
776	123826.0	125076.0
777	125015.0	125496.0
778	124573.0	125440.0
779	125208.0	124800.0
780	124616.0	124534.0
781	124314.0	124188.0
782	123824.0	125230.0
783	124912.0	124856.0
784	124705.0	124571.0
785	124684.0	124902.0
786	125093.0	124904.0
787	124283.0	124875.0
788	124483.0	124768.0
789	124632.0	124908.0
790	124032.0	124406.0
791	124379.0	124778.0
792	125127.0	125209.0
793	124321.0	124728.0
794	123822.0	124970.0
795	124446.0	124944.0
796	124524.0	124849.0
797	123855.0	125172.0
798	125115.0	124495.0
799	124029.0	124374.0
800	123933.0	125460.0
801	124153.0	125068.0
802	123843.0	124533.0
803	124167.0	125864.0
804	124304.0	125730.0
805	124444.0	125504.0
806	124303.0	125062.0
807	124652.0	125280.0
808	124134.0	125147.0
809	124054.0	125270.0
810	124418.0	124491.0
811	124343.0	124549.0
812	123920.0	125859.0
813	124067.0	125406.0
814	124631.0	124887.0
815	124480.0	124562.0
816	124573.0	124632.0
817	124008.0	124889.0
818	124159.0	124945.0
819	125076.0	125359.0
820	124322.0	124701.0
821	124646.0	125069.0
822	124586.0	125433.0
823	124462.0	125087.0
824	124870.0	124856.0
825	124556.0	125273.0
826	124263.0	124970.0
827	124501.0	125104.0
828	124751.0	125402.0
829	124478.0	124871.0
830	124288.0	125445.0
831	124683.0	125124.0
832	124281.0	124895.0
833	124640.0	124745.0
834	124450.0	125059.0
835	124178.0	124805.0
836	124390.0	125311.0
837	124335.0	125125.0
838	124308.0	124879.0
839	124084.0	125046.0
840	124342.0	125375.0
841	124087.0	124829.0
842	124610.0	125214.0
843	124084.0	125099.0
844	124111.0	124931.0
845	124001.0	125094.0
846	124466.0	125646.0
847	124173.0	125217.0
848	124545.0	125117.0
849	124469.0	125730.0
850	124064.0	124682.0
851	124223.0	125687.0
852	124641.0	125049.0
853	124089.0	125084.0
854	124346.0	125451.0
855	125402.0	125513.0
856	124377.0	125146.0
857	124256.0	124834.0
858	125084.0	125148.0
859	124246.0	125100.0
860	124029.0	125696.0
861	124414.0	125497.0
862	123794.0	123694.0
863	124270.0	124693.0
864	124773.0	125019.0
865	124446.0	124752.0
866	124037.0	124654.0
867	124879.0	125248.0
868	124494.0	124686.0
869	123832.0	125144.0
870	124779.0	125322.0
871	124365.0	124712.0
872	124582.0	125175.0
873	124470.0	124933.0
874	124535.0	124755.0
875	124524.0	124903.0
876	123881.0	125063.0
877	124045.0	125127.0
878	125389.0	125703.0
879	125006.0	124958.0
880	124367.0	125141.0
881	124248.0	124739.0
882	124694.0	125006.0
883	124872.0	124783.0
884	124487.0	125289.0
885	124567.0	125537.0
886	124395.0	124502.0
887	124552.0	125234.0
888	125157.0	125005.0
889	124338.0	125083.0
890	124079.0	125696.0
891	125578.0	125701.0
892	123691.0	124664.0
893	124507.0	124449.0
894	124719.0	125409.0
895	124712.0	125129.0
896	124341.0	124818.0
897	124404.0	125329.0
898	124162.0	124693.0
899	124235.0	124706.0
900	124495.0	124655.0
901	124333.0	124833.0
902	124169.0	125115.0
903	124853.0	124728.0
904	124771.0	124825.0
905	124044.0	124741.0
906	124524.0	124946.0
907	123697.0	124863.0
908	124168.0	125479.0
909	124862.0	124878.0
910	124491.0	124911.0
911	123891.0	124898.0
912	123515.0	125402.0
913	123848.0	124653.0
914	124044.0	125369.0
915	124493.0	125239.0
916	124186.0	124587.0
917	123998.0	124634.0
918	124874.0	125002.0
919	124060.0	124931.0
920	124185.0	125033.0
921	124654.0	124967.0
922	124360.0	124315.0
923	123998.0	124798.0
924	124833.0	125005.0
925	124322.0	124574.0
926	124790.0	125122.0
927	124453.0	124862.0
928	123963.0	124855.0
929	123987.0	125343.0
930	124091.0	125399.0
931	124110.0	124936.0
932	123831.0	125461.0
933	124516.0	125210.0
934	124693.0	124806.0
935	124237.0	124943.0
936	124577.0	125307.0
937	124031.0	124601.0
938	124163.0	124687.0
939	124386.0	124340.0
940	123954.0	124737.0
941	124353.0	124560.0
942	123873.0	125528.0
943	124226.0	124769.0
944	123683.0	125514.0
945	123977.0	125175.0
946	124504.0	124674.0
947	124253.0	124787.0
948	124328.0	123909.0
949	124066.0	124400.0
950	124926.0	125096.0
951	124919.0	124830.0
952	124589.0	124232.0
953	124398.0	125064.0
954	124811.0	124771.0
955	124682.0	124382.0
956	124555.0	124351.0
957	124039.0	124911.0
958	123575.0	124569.0
959	123606.0	124160.0
960	124176.0	124377.0
961	124123.0	123923.0
962	123629.0	124226.0
963	124689.0	124348.0
964	124542.0	124580.0
965	124277.0	124775.0
966	124265.0	124745.0
967	124305.0	125124.0
968	124634.0	124958.0
969	125295.0	124496.0
970	123472.0	124514.0
971	123724.0	124823.0
972	124396.0	124218.0
973	124228.0	124474.0
974	123388.0	124471.0
975	124147.0	124535.0
976	123916.0	124350.0
977	124213.0	124877.0
978	123844.0	125054.0
979	124281.0	125083.0
980	123791.0	124394.0
981	124231.0	123724.0
982	123981.0	123938.0
983	123214.0	124641.0
984	124517.0	124311.0
985	123948.0	124266.0
986	124014.0	124225.0
987	123718.0	124377.0
988	123178.0	124476.0
989	123812.0	123917.0
990	124470.0	124848.0
991	123844.0	124656.0
992	123440.0	123990.0
993	124229.0	123965.0
994	123759.0	124009.0
995	124002.0	124703.0
996	124201.0	124030.0
997	123937.0	123782.0
998	123504.0	123797.0
999	123913.0	124527.0
1000	123392.0	124360.0
1001	123127.0	124380.0
1002	124169.0	124121.0
1003	124039.0	123697.0
1004	123805.0	124939.0
1005	124375.0	124919.0
1006	123281.0	124453.0
1007	123981.0	124721.0
1008	123728.0	124102.0
1009	123501.0	123679.0
1010	123700.0	124572.0
1011	124228.0	124217.0
1012	124337.0	124059.0
1013	123605.0	124477.0
1014	123881.0	123869.0
1015	122851.0	124272.0
1016	123502.0	123934.0
1017	123553.0	124370.0
1018	123287.0	124894.0
1019	123471.0	124347.0
1020	123931.0	124287.0
1021	123266.0	123667.0
1022	123161.0	124439.0
1023	123633.0	124563.0
1024	123779.0	123775.0
1025	124036.0	124460.0
1026	123967.0	124185.0
1027	124218.0	124204.0
1028	123717.0	123894.0
1029	123730.0	124150.0
1030	123292.0	123642.0
1031	123571.0	124206.0
1032	123700.0	123675.0
1033	123393.0	124234.0
1034	123223.0	124255.0
1035	123907.0	124008.0
1036	124007.0	124304.0
1037	123815.0	124732.0
1038	123437.0	124635.0
1039	123578.0	123496.0
1040	123885.0	124184.0
1041	123883.0	123996.0
1042	123687.0	124529.0
1043	123774.0	124255.0
1044	123897.0	124065.0
1045	123776.0	123922.0
1046	123420.0	124362.0
1047	123202.0	124347.0
1048	123347.0	123946.0
1049	123627.0	123995.0
1050	124181.0	124310.0
1051	123452.0	124185.0
1052	122980.0	124487.0
1053	123838.0	123955.0
1054	123483.0	124088.0
1055	123306.0	124236.0
1056	124036.0	124605.0
1057	123683.0	123769.0
1058	123575.0	124228.0
1059	123649.0	124427.0
1060	123097.0	124552.0
1061	123287.0	124758.0
1062	123446.0	124472.0
1063	123705.0	123729.0
1064	123516.0	124207.0
1065	123545.0	124340.0
1066	123759.0	124237.0
1067	123520.0	123808.0
1068	124050.0	124025.0
1069	123542.0	124212.0
1070	123776.0	124072.0
1071	123679.0	124410.0
1072	123778.0	123974.0
1073	122971.0	124171.0
1074	123483.0	124599.0
1075	123211.0	124509.0
1076	123941.0	124182.0
1077	123684.0	124098.0
1078	123671.0	123950.0
1079	123346.0	124494.0
1080	123725.0	124947.0
1081	123417.0	123903.0
1082	123331.0	124150.0
1083	123659.0	124669.0
1084	123462.0	124059.0
1085	123499.0	124204.0
1086	123330.0	124820.0
1087	123269.0	124643.0
1088	123459.0	124395.0
1089	123924.0	124590.0
1090	122977.0	124067.0
1091	123755.0	124365.0
1092	123624.0	124115.0
1093	123611.0	123820.0
1094	123867.0	124433.0
1095	123869.0	124202.0
1096	123732.0	123872.0
1097	124016.0	124391.0
1098	124098.0	124215.0
1099	123541.0	124480.0
1100	123253.0	124746.0
1101	123728.0	124871.0
1102	123697.0	124467.0
1103	123356.0	123846.0
1104	123419.0	124713.0
1105	123290.0	124125.0
1106	123702.0	124378.0
1107	123406.0	123917.0
1108	123084.0	124289.0
1109	123296.0	124452.0
1110	123788.0	124657.0
1111	124050.0	124230.0
1112	123538.0	124709.0
1113	123414.0	124616.0
1114	123369.0	123726.0
1115	123205.0	124313.0
1116	123569.0	124193.0
1117	123618.0	124306.0
1118	124407.0	124738.0
1119	124107.0	124038.0
1120	123947.0	124175.0
1121	123157.0	124595.0
1122	123671.0	124287.0
1123	123228.0	123936.0
1124	123080.0	124342.0
1125	123913.0	124147.0
1126	123747.0	123949.0
1127	124214.0	124598.0
1128	123992.0	124343.0
1129	123275.0	123565.0
1130	123730.0	124402.0
1131	123296.0	124498.0
1132	123532.0	123889.0
1133	123694.0	124266.0
1134	124001.0	124294.0
1135	123584.0	123655.0
1136	123751.0	123851.0
1137	123775.0	124319.0
1138	124080.0	123388.0
1139	123995.0	124210.0
1140	123735.0	124071.0
1141	123757.0	123501.0
1142	123377.0	123552.0
1143	124612.0	124396.0
1144	123539.0	123772.0
1145	123949.0	123869.0
1146	124092.0	124050.0
1147	123170.0	124154.0
1148	123697.0	124568.0
1149	123809.0	123743.0
1150	123519.0	123864.0
1151	123500.0	123368.0
1152	123785.0	123988.0
1153	123492.0	124110.0
1154	124060.0	123874.0
1155	124127.0	123469.0
1156	123690.0	123689.0
1157	123605.0	123979.0
1158	123693.0	123921.0
1159	123474.0	123288.0
1160	123498.0	123712.0
1161	123442.0	123290.0
1162	123051.0	123754.0
1163	123443.0	123393.0
1164	123705.0	123469.0
1165	123529.0	123512.0
1166	123599.0	123818.0
1167	123433.0	123382.0
1168	123049.0	123409.0
1169	123410.0	123648.0
1170	123280.0	123850.0
1171	123300.0	123616.0
1172	123055.0	123668.0
1173	123182.0	124093.0
1174	123333.0	123397.0
1175	123670.0	123361.0
1176	123762.0	123549.0
1177	123607.0	123342.0
1178	123976.0	123738.0
1179	123051.0	122979.0
1180	123206.0	123338.0
1181	123148.0	123331.0
1182	123574.0	124119.0
1183	123097.0	123814.0
1184	123248.0	123527.0
1185	123643.0	123439.0
1186	123412.0	123936.0
1187	123278.0	123584.0
1188	123350.0	123366.0
1189	122747.0	122544.0
1190	123203.0	123759.0
1191	123637.0	122915.0
1192	123245.0	123024.0
1193	123271.0	124007.0
1194	122986.0	123923.0
1195	122658.0	123055.0
1196	122586.0	122570.0
1197	122951.0	123667.0
1198	123159.0	123285.0
1199	123642.0	123458.0
1200	123334.0	123884.0
1201	124003.0	123557.0
1202	123292.0	122993.0
1203	123668.0	123214.0
1204	122919.0	123341.0
1205	123331.0	124132.0
1206	123243.0	123368.0
1207	122798.0	124099.0
1208	122474.0	123699.0
1209	122849.0	124144.0
1210	122810.0	123460.0
1211	122806.0	123223.0
1212	123539.0	123609.0
1213	123209.0	123273.0
1214	122172.0	123593.0
1215	123495.0	123440.0
1216	122842.0	122831.0
1217	123651.0	123381.0
1218	122818.0	123379.0
1219	123022.0	123296.0
1220	123057.0	123586.0
1221	123042.0	123570.0
1222	122253.0	123402.0
1223	122693.0	123456.0
1224	122612.0	123537.0
1225	122246.0	123554.0
1226	122125.0	123628.0
1227	122804.0	123544.0
1228	123151.0	123647.0
1229	123229.0	123499.0
1230	122703.0	123241.0
1231	122159.0	123000.0
1232	123434.0	123643.0
1233	123129.0	123777.0
1234	122787.0	123484.0
1235	122537.0	124067.0
1236	123690.0	124132.0
1237	122981.0	124086.0
1238	122559.0	124167.0
1239	122991.0	123457.0
1240	122901.0	123389.0
1241	122668.0	123195.0
1242	123294.0	123624.0
1243	122674.0	123633.0
1244	123059.0	123446.0
1245	123493.0	123456.0
1246	122626.0	123187.0
1247	122288.0	123860.0
1248	123276.0	124326.0
1249	122895.0	123984.0
1250	122655.0	124024.0
1251	123399.0	123429.0
1252	123025.0	123737.0
1253	123244.0	123557.0
1254	123301.0	123500.0
1255	123050.0	124070.0
1256	123464.0	123484.0
1257	123272.0	123263.0
1258	123023.0	123351.0
1259	122353.0	123659.0
1260	122922.0	124280.0
1261	123438.0	124032.0
1262	122953.0	123574.0
1263	123054.0	123937.0
1264	122967.0	123912.0
1265	123268.0	123817.0
1266	123207.0	123670.0
1267	122463.0	123404.0
1268	122489.0	123869.0
1269	122409.0	123688.0
1270	122953.0	124049.0
1271	122639.0	123885.0
1272	122942.0	124244.0
1273	122847.0	123666.0
1274	122965.0	124152.0
1275	123103.0	123516.0
1276	123226.0	123132.0
1277	122971.0	123915.0
1278	123223.0	124230.0
1279	123449.0	123326.0
1280	123187.0	124039.0
1281	124182.0	123277.0
1282	123273.0	123422.0
1283	123653.0	123724.0
1284	123288.0	124231.0
1285	122913.0	123178.0
1286	122405.0	123661.0
1287	122889.0	122881.0
1288	123136.0	123746.0
1289	123051.0	123603.0
1290	123157.0	123578.0
1291	122838.0	123443.0
1292	123115.0	123828.0
1293	124230.0	123830.0
1294	124127.0	123715.0
1295	123016.0	123965.0
1296	123284.0	123894.0
1297	122882.0	123819.0
1298	122741.0	124013.0
1299	122875.0	123852.0
1300	122490.0	123982.0
1301	123506.0	123940.0
1302	123554.0	124005.0
1303	123347.0	123533.0
1304	123264.0	123402.0
1305	123207.0	123218.0
1306	122280.0	123494.0
1307	122473.0	123771.0
1308	122578.0	122887.0
1309	122828.0	123306.0
1310	123084.0	123319.0
1311	123977.0	123753.0
1312	123184.0	123634.0
1313	122896.0	123562.0
1314	123788.0	123403.0
1315	122784.0	123672.0
1316	122878.0	123689.0
1317	123594.0	123706.0
1318	122774.0	123115.0
1319	123015.0	123444.0
1320	122930.0	123552.0
1321	122660.0	123842.0
1322	122815.0	123289.0
1323	122965.0	123531.0
1324	122474.0	123697.0
1325	122840.0	123666.0
1326	122999.0	123344.0
1327	123128.0	123368.0
1328	122995.0	123809.0
1329	122864.0	122819.0
1330	122811.0	122558.0
1331	123261.0	122705.0
1332	122974.0	123037.0
1333	123385.0	123189.0
1334	123095.0	122772.0
1335	122416.0	123634.0
1336	122746.0	122459.0
1337	122493.0	122564.0
1338	122975.0	122845.0
1339	123270.0	122861.0
1340	122975.0	123483.0
1341	123263.0	123714.0
1342	122860.0	123158.0
1343	122665.0	123609.0
1344	123305.0	123087.0
1345	122225.0	123017.0
1346	122383.0	123137.0
1347	122724.0	123513.0
1348	122367.0	123223.0
1349	123025.0	122965.0
1350	122923.0	122833.0
1351	123060.0	122887.0
1352	122715.0	122878.0
1353	123322.0	122740.0
1354	122722.0	122633.0
1355	123033.0	122494.0
1356	123517.0	123096.0
1357	122379.0	123108.0
1358	122515.0	123324.0
1359	122542.0	123063.0
1360	122171.0	123881.0
1361	122561.0	123757.0
1362	122015.0	122914.0
1363	122658.0	123367.0
1364	123149.0	122655.0
1365	122960.0	123432.0
1366	123480.0	122838.0
1367	122642.0	123375.0
1368	123597.0	123046.0
1369	122826.0	123392.0
1370	122417.0	123208.0
1371	122858.0	123230.0
1372	122696.0	123083.0
1373	122701.0	123174.0
1374	123022.0	123282.0
1375	121989.0	122746.0
1376	122322.0	122657.0
1377	122081.0	122816.0
1378	122928.0	122910.0
1379	122856.0	123092.0
1380	122962.0	123878.0
1381	123032.0	123096.0
1382	122671.0	123075.0
1383	123182.0	122643.0
1384	122711.0	122910.0
1385	122486.0	122364.0
1386	122915.0	122843.0
1387	122847.0	122751.0
1388	123113.0	123109.0
1389	122885.0	123072.0
1390	123225.0	123214.0
1391	122563.0	122824.0
1392	122703.0	123174.0
1393	122550.0	123335.0
1394	122648.0	123640.0
1395	122696.0	123060.0
1396	122657.0	122533.0
1397	122792.0	122831.0
1398	122783.0	122669.0
1399	122348.0	123287.0
1400	122591.0	122864.0
1401	122676.0	123119.0
1402	122049.0	122981.0
1403	122726.0	122758.0
1404	122312.0	123116.0
1405	122463.0	122923.0
1406	122369.0	123432.0
1407	122444.0	122980.0
1408	122484.0	122735.0
1409	122411.0	123024.0
1410	122433.0	123193.0
1411	122379.0	123368.0
1412	122519.0	123432.0
1413	122851.0	123402.0
1414	122505.0	123191.0
1415	122940.0	122886.0
1416	123044.0	123112.0
1417	123108.0	122921.0
1418	122244.0	123074.0
1419	121709.0	123164.0
1420	121908.0	122958.0
1421	121889.0	123431.0
1422	122307.0	123524.0
1423	122537.0	122590.0
1424	122438.0	123450.0
1425	122721.0	123368.0
1426	122333.0	123244.0
1427	122730.0	122872.0
1428	123133.0	122616.0
1429	122686.0	123053.0
1430	122122.0	123301.0
1431	122702.0	122888.0
1432	122670.0	122892.0
1433	122369.0	123469.0
1434	123233.0	123232.0
1435	123012.0	123342.0
1436	122717.0	122717.0
1437	122190.0	123409.0
1438	122666.0	123541.0
1439	122688.0	123096.0
1440	122380.0	123586.0
1441	122311.0	123297.0
1442	122459.0	123503.0
1443	122579.0	122620.0
1444	123311.0	123255.0
1445	122520.0	123288.0
1446	122365.0	122919.0
1447	122699.0	122867.0
1448	122061.0	123551.0
1449	122381.0	123546.0
1450	122404.0	123164.0
1451	122767.0	122726.0
1452	122771.0	123240.0
1453	122312.0	122940.0
1454	122760.0	123301.0
1455	122648.0	123142.0
1456	122477.0	122903.0
1457	122974.0	123249.0
1458	122080.0	123255.0
1459	122340.0	123300.0
1460	122124.0	123531.0
1461	123048.0	123151.0
1462	123006.0	123382.0
1463	122456.0	123610.0
1464	122772.0	123379.0
1465	122821.0	123346.0
1466	122640.0	122962.0
1467	122778.0	123487.0
1468	122288.0	122661.0
1469	122346.0	123159.0
1470	123113.0	122933.0
1471	122994.0	122790.0
1472	122783.0	124101.0
1473	122581.0	123105.0
1474	123121.0	122768.0
1475	122796.0	123209.0
1476	122518.0	123589.0
1477	122499.0	123050.0
1478	122407.0	123185.0
1479	122604.0	123184.0
1480	122119.0	123164.0
1481	122712.0	122990.0
1482	122451.0	122739.0
1483	122701.0	122502.0
1484	122580.0	122947.0
1485	122319.0	122768.0
1486	122387.0	122188.0
1487	122159.0	123404.0
1488	121880.0	122845.0
1489	122728.0	122775.0
1490	122541.0	122975.0
1491	122807.0	123002.0
1492	122879.0	122939.0
1493	123269.0	123517.0
1494	122760.0	123661.0
1495	122547.0	122736.0
1496	122266.0	122282.0
1497	121881.0	122611.0
1498	122557.0	123438.0
1499	122524.0	122360.0
1500	122825.0	123333.0
1501	122325.0	123140.0
1502	121740.0	123168.0
1503	122274.0	122728.0
1504	122142.0	123037.0
1505	122075.0	123113.0
1506	122436.0	122541.0
1507	122642.0	122870.0
1508	121922.0	123138.0
1509	122268.0	123203.0
1510	122054.0	122324.0
1511	122143.0	122571.0
1512	122773.0	122534.0
1513	122096.0	123151.0
1514	122229.0	123049.0
1515	122422.0	122920.0
1516	122583.0	122610.0
1517	122429.0	123305.0
1518	122220.0	123067.0
1519	122363.0	122492.0
1520	122185.0	123427.0
1521	122457.0	123362.0
1522	122086.0	122853.0
1523	122294.0	123294.0
1524	122825.0	122996.0
1525	122519.0	122330.0
1526	122199.0	122421.0
1527	122330.0	122972.0
1528	121993.0	122848.0
1529	122153.0	123275.0
1530	122437.0	122784.0
1531	121818.0	122833.0
1532	122142.0	122550.0
1533	121926.0	122777.0
1534	122150.0	122589.0
1535	121701.0	122018.0
1536	122551.0	122912.0
1537	122101.0	123242.0
1538	122280.0	122195.0
1539	121901.0	123254.0
1540	122120.0	122740.0
1541	122130.0	123123.0
1542	122422.0	123375.0
1543	121839.0	122790.0
1544	122308.0	122774.0
1545	122113.0	122871.0
1546	122645.0	123204.0
1547	121468.0	122320.0
1548	121524.0	122811.0
1549	122151.0	123115.0
1550	122203.0	122567.0
1551	122714.0	121801.0
1552	122480.0	122711.0
1553	121811.0	122672.0
1554	122310.0	122554.0
1555	122013.0	122306.0
1556	122021.0	122754.0
1557	121119.0	122327.0
1558	121950.0	122925.0
1559	122471.0	122450.0
1560	122262.0	122345.0
1561	122135.0	122546.0
1562	122521.0	122378.0
1563	121792.0	123048.0
1564	122724.0	122672.0
1565	122184.0	122036.0
1566	121920.0	122328.0
1567	122445.0	122956.0
1568	121888.0	123390.0
1569	122024.0	122879.0
1570	122310.0	123016.0
1571	121929.0	122696.0
1572	122114.0	121867.0
1573	122011.0	122356.0
1574	122030.0	122730.0
1575	122148.0	123014.0
1576	121837.0	122688.0
1577	122411.0	122978.0
1578	122136.0	121855.0
1579	122798.0	122455.0
1580	122586.0	121989.0
1581	121925.0	122418.0
1582	122207.0	122553.0
1583	121711.0	122827.0
1584	122185.0	122621.0
1585	122288.0	122878.0
1586	121942.0	122856.0
1587	122051.0	122178.0
1588	122191.0	122308.0
1589	122063.0	122582.0
1590	121837.0	122176.0
1591	122538.0	122217.0
1592	121337.0	122170.0
1593	122081.0	122744.0
1594	122088.0	122714.0
1595	121904.0	122405.0
1596	121801.0	122506.0
1597	121869.0	122727.0
1598	122294.0	122138.0
1599	121959.0	122213.0
1600	121786.0	122774.0
1601	121715.0	122590.0
1602	122315.0	122441.0
1603	121749.0	122244.0
1604	122067.0	122765.0
1605	122155.0	122770.0
1606	121839.0	122405.0
1607	121799.0	122155.0
1608	122469.0	122667.0
1609	121785.0	122614.0
1610	121765.0	122485.0
1611	122025.0	122480.0
1612	122036.0	122045.0
1613	121934.0	122612.0
1614	121714.0	122359.0
1615	121864.0	123621.0
1616	121999.0	122613.0
1617	121958.0	122044.0
1618	121578.0	122809.0
1619	122230.0	122375.0
1620	122157.0	122619.0
1621	121655.0	122604.0
1622	122009.0	122755.0
1623	122152.0	122731.0
1624	121952.0	122584.0
1625	122586.0	122672.0
1626	121957.0	122133.0
1627	121348.0	122804.0
1628	121332.0	122755.0
1629	121947.0	122607.0
1630	122119.0	122379.0
1631	121979.0	122690.0
1632	121931.0	122471.0
1633	121672.0	122988.0
1634	121735.0	122580.0
1635	122167.0	122321.0
1636	121731.0	122106.0
1637	121697.0	121935.0
1638	122199.0	122931.0
1639	121568.0	122524.0
1640	122067.0	122518.0
1641	122173.0	122625.0
1642	122190.0	122409.0
1643	122399.0	122525.0
1644	121825.0	122769.0
1645	122590.0	122262.0
1646	121674.0	122452.0
1647	122233.0	123130.0
1648	122154.0	123206.0
1649	121946.0	122742.0
1650	121894.0	122786.0
1651	121876.0	122199.0
1652	121809.0	122516.0
1653	121835.0	122531.0
1654	121044.0	122628.0
1655	121541.0	122581.0
1656	122016.0	122298.0
1657	121597.0	122399.0
1658	121827.0	123201.0
1659	121923.0	122171.0
1660	121707.0	122410.0
1661	122115.0	122074.0
1662	121813.0	122185.0
1663	121569.0	122722.0
1664	121309.0	122870.0
1665	122355.0	122348.0
1666	121953.0	122544.0
1667	121714.0	122183.0
1668	122119.0	122658.0
1669	122245.0	122244.0
1670	121984.0	122725.0
1671	121434.0	122122.0
1672	121736.0	122403.0
1673	121640.0	122704.0
1674	121754.0	122891.0
1675	122266.0	123027.0
1676	122036.0	122863.0
1677	121840.0	122307.0
1678	122190.0	122524.0
1679	121642.0	122260.0
1680	122054.0	122232.0
1681	122052.0	122134.0
1682	122290.0	122447.0
1683	121704.0	122660.0
1684	122446.0	122314.0
1685	122333.0	122085.0
1686	121840.0	122172.0
1687	121867.0	122668.0
1688	121895.0	122346.0
1689	121887.0	122652.0
1690	121990.0	122685.0
1691	122399.0	122134.0
1692	121745.0	122314.0
1693	121925.0	122754.0
1694	121501.0	122376.0
1695	121884.0	122888.0
1696	122013.0	122817.0
1697	121996.0	122493.0
1698	122087.0	121730.0
1699	122085.0	122162.0
1700	121296.0	121979.0
1701	121773.0	122297.0
1702	122061.0	121966.0
1703	121758.0	122358.0
1704	121990.0	122493.0
1705	122358.0	122347.0
1706	121978.0	122268.0
1707	122083.0	122168.0
1708	122341.0	121908.0
1709	122213.0	122489.0
1710	121844.0	122387.0
1711	122007.0	122194.0
1712	121844.0	121941.0
1713	121781.0	122242.0
1714	121537.0	122180.0
1715	121604.0	122157.0
1716	121942.0	122555.0
1717	121747.0	122326.0
1718	122086.0	122360.0
1719	121526.0	122081.0
1720	121562.0	121934.0
1721	122030.0	122413.0
1722	121519.0	122207.0
1723	121982.0	122574.0
1724	121747.0	122747.0
1725	121747.0	121678.0
1726	121379.0	121838.0
1727	121897.0	121898.0
1728	121689.0	122377.0
1729	121330.0	121613.0
1730	121620.0	121962.0
1731	121719.0	122454.0
1732	121934.0	122060.0
1733	122019.0	122725.0
1734	121450.0	121925.0
1735	122195.0	121944.0
1736	121687.0	122442.0
1737	121709.0	122192.0
1738	121827.0	122059.0
1739	122030.0	122458.0
1740	121322.0	122345.0
1741	122260.0	122653.0
1742	122027.0	122407.0
1743	121374.0	122151.0
1744	121678.0	121697.0
1745	121495.0	122281.0
1746	121007.0	121989.0
1747	121528.0	122746.0
1748	121407.0	121832.0
1749	121491.0	122857.0
1750	121507.0	122409.0
1751	121939.0	122421.0
1752	121612.0	122330.0
1753	121332.0	122826.0
1754	122026.0	122214.0
1755	121997.0	122114.0
1756	121903.0	122836.0
1757	121418.0	122574.0
1758	122104.0	122518.0
1759	122087.0	121936.0
1760	121745.0	122340.0
1761	122103.0	122182.0
1762	122031.0	122482.0
1763	122410.0	121676.0
1764	121822.0	121837.0
1765	121643.0	122123.0
1766	121687.0	121740.0
1767	121789.0	122123.0
1768	121349.0	122697.0
1769	121243.0	122250.0
1770	121672.0	121790.0
1771	122049.0	122145.0
1772	121378.0	122558.0
1773	121395.0	121819.0
1774	121891.0	121887.0
1775	122044.0	122228.0
1776	121685.0	121645.0
1777	122011.0	122364.0
1778	121939.0	122070.0
1779	121412.0	121985.0
1780	122265.0	121657.0
1781	121933.0	121841.0
1782	121420.0	121753.0
1783	121280.0	121247.0
1784	121634.0	122306.0
1785	120990.0	122268.0
1786	121451.0	121931.0
1787	122024.0	121880.0
1788	121801.0	121824.0
1789	121518.0	122065.0
1790	121958.0	122007.0
1791	121853.0	121647.0
1792	121709.0	121728.0
1793	121610.0	121971.0
1794	121732.0	121744.0
1795	121569.0	122146.0
1796	121576.0	121958.0
1797	121917.0	121882.0
1798	121354.0	122433.0
1799	121286.0	122067.0
1800	121274.0	122166.0
1801	121200.0	122469.0
1802	122260.0	122672.0
1803	121740.0	122071.0
1804	121042.0	121916.0
1805	121314.0	122060.0
1806	121503.0	121631.0
1807	121356.0	122413.0
1808	121467.0	121969.0
1809	121467.0	122208.0
1810	120780.0	121868.0
1811	121423.0	122204.0
1812	121465.0	122512.0
1813	120618.0	121874.0
1814	121458.0	122286.0
1815	121855.0	121635.0
1816	121366.0	122270.0
1817	121193.0	121906.0
1818	121488.0	121962.0
1819	121479.0	122028.0
1820	121429.0	121600.0
1821	121543.0	122107.0
1822	121666.0	122011.0
1823	120945.0	121909.0
1824	121889.0	121729.0
1825	121126.0	122089.0
1826	121754.0	121591.0
1827	122048.0	121934.0
1828	121289.0	121744.0
1829	121606.0	122472.0
1830	121768.0	122016.0
1831	121146.0	122416.0
1832	121402.0	122214.0
1833	122076.0	122193.0
1834	121709.0	122303.0
1835	121217.0	122080.0
1836	121308.0	122050.0
1837	121150.0	121975.0
1838	120920.0	122187.0
1839	121068.0	121685.0
1840	121665.0	122229.0
1841	121984.0	122198.0
1842	121252.0	121887.0
1843	120941.0	121755.0
1844	122045.0	122827.0
1845	121107.0	121812.0
1846	121079.0	122064.0
1847	121240.0	121946.0
1848	121187.0	122376.0
1849	121278.0	122522.0
1850	121287.0	122073.0
1851	121218.0	122544.0
1852	121195.0	122411.0
1853	121751.0	122200.0
1854	121364.0	121741.0
1855	121787.0	121843.0
1856	121384.0	121226.0
1857	120957.0	122120.0
1858	121892.0	121636.0
1859	121646.0	122301.0
1860	121692.0	121990.0
1861	121763.0	122557.0
1862	121510.0	122315.0
1863	121560.0	121974.0
1864	121731.0	121837.0
1865	121931.0	121790.0
1866	122017.0	121906.0
1867	121348.0	121892.0
1868	121636.0	121718.0
1869	121777.0	122234.0
1870	121256.0	121768.0
1871	121678.0	121825.0
1872	121077.0	121996.0
1873	121868.0	121818.0
1874	121614.0	121648.0
1875	121541.0	122532.0
1876	121113.0	122323.0
1877	121572.0	121833.0
1878	121162.0	121655.0
1879	122397.0	121485.0
1880	121346.0	122198.0
1881	121408.0	122388.0
1882	121529.0	121259.0
1883	121703.0	121777.0
1884	121064.0	121984.0
1885	121347.0	121112.0
1886	121777.0	121801.0
1887	121690.0	121529.0
1888	121053.0	122683.0
1889	121879.0	121926.0
1890	121623.0	121269.0
1891	121553.0	121826.0
1892	121398.0	121912.0
1893	121228.0	121772.0
1894	121670.0	121692.0
1895	120930.0	122282.0
1896	121324.0	121786.0
1897	121643.0	122343.0
1898	121335.0	122073.0
1899	121117.0	121678.0
1900	121513.0	121555.0
1901	120977.0	122346.0
1902	121866.0	122055.0
1903	121445.0	121796.0
1904	121568.0	121539.0
1905	121483.0	122174.0
1906	121610.0	122193.0
1907	120764.0	121914.0
1908	121138.0	121888.0
1909	121381.0	121819.0
1910	121292.0	121528.0
1911	121587.0	121368.0
1912	121130.0	121246.0
1913	122018.0	121946.0
1914	122215.0	122039.0
1915	121028.0	121891.0
1916	120775.0	121967.0
1917	120878.0	121335.0
1918	121403.0	121355.0
1919	120551.0	121698.0
1920	121298.0	121636.0
1921	121058.0	121591.0
1922	121295.0	121495.0
1923	121639.0	122483.0
1924	120642.0	121461.0
1925	121609.0	122426.0
1926	121296.0	121810.0
1927	121320.0	121927.0
1928	120950.0	121856.0
1929	121384.0	122190.0
1930	122215.0	122276.0
1931	121498.0	121596.0
1932	120796.0	121575.0
1933	121834.0	121506.0
1934	121249.0	122113.0
1935	121377.0	121650.0
1936	121110.0	121567.0
1937	121079.0	121763.0
1938	121113.0	121965.0
1939	121450.0	121701.0
1940	122022.0	122213.0
1941	121498.0	122229.0
1942	121842.0	121360.0
1943	121759.0	121443.0
1944	121346.0	122091.0
1945	121303.0	121609.0
1946	121856.0	121730.0
1947	121337.0	121480.0
1948	121898.0	121485.0
1949	121521.0	122132.0
1950	121632.0	122234.0
1951	121637.0	122022.0
1952	121906.0	121571.0
1953	121605.0	121463.0
1954	121041.0	121476.0
1955	121547.0	121382.0
1956	120927.0	121102.0
1957	121067.0	121362.0
1958	120963.0	121254.0
1959	121781.0	121843.0
1960	121291.0	121471.0
1961	121430.0	121605.0
1962	122064.0	122121.0
1963	121919.0	121582.0
1964	121484.0	121748.0
1965	121326.0	121586.0
1966	120516.0	121948.0
1967	121010.0	121711.0
1968	121333.0	121194.0
1969	121536.0	122086.0
1970	121135.0	121677.0
1971	121481.0	121631.0
1972	121090.0	121258.0
1973	121553.0	121747.0
1974	121656.0	121371.0
1975	120671.0	121135.0
1976	121459.0	121068.0
1977	121007.0	121673.0
1978	120658.0	121727.0
1979	120664.0	122182.0
1980	121164.0	122287.0
1981	120956.0	121492.0
1982	120884.0	122007.0
1983	121394.0	121613.0
1984	120992.0	121352.0
1985	121283.0	121875.0
1986	121563.0	120853.0
1987	121623.0	121686.0
1988	121131.0	121662.0
1989	121097.0	121857.0
1990	121241.0	121608.0
1991	121054.0	122112.0
1992	120751.0	121328.0
1993	121420.0	121159.0
1994	121626.0	121861.0
1995	121137.0	121723.0
1996	120585.0	121567.0
1997	120780.0	121772.0
1998	121310.0	122056.0
1999	121052.0	121290.0
