Distance in bp(Fragment Length Estimate: 897)(Peak Width Estimate: 897)	Same Strand (+ for Watson strand, - for Crick)	Opposite Strand
-2000	121007.0	121006.0
-1999	121088.0	120343.0
-1998	120791.0	121192.0
-1997	120851.0	120715.0
-1996	120626.0	121049.0
-1995	120944.0	120885.0
-1994	121382.0	120229.0
-1993	121281.0	120758.0
-1992	120559.0	120771.0
-1991	120594.0	121568.0
-1990	120638.0	120778.0
-1989	120914.0	120525.0
-1988	120845.0	120320.0
-1987	121379.0	120596.0
-1986	120892.0	120268.0
-1985	120691.0	120216.0
-1984	120545.0	120817.0
-1983	121432.0	120601.0
-1982	120962.0	120855.0
-1981	121378.0	120210.0
-1980	120824.0	120599.0
-1979	121013.0	120819.0
-1978	120558.0	121013.0
-1977	121016.0	120655.0
-1976	120959.0	119906.0
-1975	121029.0	120411.0
-1974	120495.0	120619.0
-1973	121562.0	120541.0
-1972	121165.0	120180.0
-1971	121129.0	120548.0
-1970	120700.0	120616.0
-1969	121598.0	120829.0
-1968	121224.0	120127.0
-1967	121014.0	119970.0
-1966	121181.0	120666.0
-1965	121385.0	120633.0
-1964	121225.0	120711.0
-1963	120886.0	120422.0
-1962	120583.0	120274.0
-1961	120976.0	119842.0
-1960	121075.0	120523.0
-1959	120990.0	120798.0
-1958	121420.0	120622.0
-1957	121118.0	120420.0
-1956	121066.0	119982.0
-1955	121236.0	120685.0
-1954	120926.0	119925.0
-1953	121045.0	120387.0
-1952	121071.0	120656.0
-1951	121137.0	120647.0
-1950	120872.0	120323.0
-1949	121487.0	119897.0
-1948	121372.0	120722.0
-1947	121036.0	119913.0
-1946	121058.0	120394.0
-1945	120811.0	120410.0
-1944	121604.0	120579.0
-1943	121196.0	120183.0
-1942	121289.0	120988.0
-1941	120930.0	120193.0
-1940	121530.0	120218.0
-1939	120936.0	120411.0
-1938	121314.0	120970.0
-1937	120782.0	119978.0
-1936	120819.0	120327.0
-1935	121137.0	120480.0
-1934	120955.0	120824.0
-1933	120900.0	120793.0
-1932	120863.0	120667.0
-1931	121335.0	120903.0
-1930	121166.0	120262.0
-1929	121416.0	120516.0
-1928	121745.0	120964.0
-1927	121749.0	120671.0
-1926	120919.0	120508.0
-1925	121490.0	120183.0
-1924	121457.0	121090.0
-1923	121681.0	120663.0
-1922	120981.0	120484.0
-1921	120587.0	120935.0
-1920	120961.0	120607.0
-1919	121554.0	120378.0
-1918	121270.0	120719.0
-1917	121339.0	120762.0
-1916	120746.0	121141.0
-1915	121216.0	120680.0
-1914	121346.0	120889.0
-1913	121058.0	120480.0
-1912	121017.0	120461.0
-1911	121018.0	121239.0
-1910	120946.0	120613.0
-1909	120739.0	120906.0
-1908	121731.0	121441.0
-1907	121663.0	120664.0
-1906	121254.0	120750.0
-1905	121341.0	121295.0
-1904	120872.0	120694.0
-1903	121403.0	120820.0
-1902	121591.0	120793.0
-1901	121267.0	120954.0
-1900	120490.0	120639.0
-1899	120913.0	121163.0
-1898	120562.0	121091.0
-1897	121432.0	120367.0
-1896	121573.0	120932.0
-1895	121824.0	120838.0
-1894	120965.0	120712.0
-1893	121342.0	121095.0
-1892	121295.0	120821.0
-1891	121484.0	121434.0
-1890	121410.0	121025.0
-1889	121353.0	120769.0
-1888	121532.0	120314.0
-1887	121513.0	120675.0
-1886	121486.0	120947.0
-1885	121420.0	121119.0
-1884	121251.0	121367.0
-1883	121468.0	120891.0
-1882	121225.0	121064.0
-1881	121608.0	121218.0
-1880	121277.0	121193.0
-1879	120973.0	121178.0
-1878	121245.0	120697.0
-1877	121320.0	121270.0
-1876	121237.0	120704.0
-1875	121690.0	121104.0
-1874	121818.0	121402.0
-1873	121808.0	121468.0
-1872	120562.0	121021.0
-1871	121037.0	121624.0
-1870	121030.0	121136.0
-1869	121184.0	121413.0
-1868	121125.0	120830.0
-1867	121555.0	120537.0
-1866	121569.0	120607.0
-1865	121035.0	120469.0
-1864	121030.0	120501.0
-1863	121373.0	121330.0
-1862	121411.0	121046.0
-1861	120909.0	121106.0
-1860	121150.0	120928.0
-1859	121439.0	121353.0
-1858	121964.0	121428.0
-1857	121690.0	120647.0
-1856	120976.0	121083.0
-1855	121784.0	121138.0
-1854	121638.0	121182.0
-1853	121439.0	120931.0
-1852	121823.0	121738.0
-1851	121466.0	121414.0
-1850	121524.0	120654.0
-1849	121230.0	120448.0
-1848	121823.0	120950.0
-1847	121604.0	120888.0
-1846	120818.0	120936.0
-1845	121641.0	120895.0
-1844	121671.0	120982.0
-1843	121885.0	120393.0
-1842	121854.0	121377.0
-1841	121173.0	121133.0
-1840	121640.0	121088.0
-1839	121440.0	120858.0
-1838	121955.0	120793.0
-1837	121656.0	120724.0
-1836	121739.0	121780.0
-1835	121332.0	121241.0
-1834	121618.0	121603.0
-1833	121493.0	121199.0
-1832	121164.0	120843.0
-1831	121286.0	121493.0
-1830	121222.0	121371.0
-1829	121452.0	121501.0
-1828	121768.0	121945.0
-1827	121495.0	120963.0
-1826	121425.0	121142.0
-1825	121920.0	120613.0
-1824	121783.0	120750.0
-1823	121789.0	121150.0
-1822	121945.0	121233.0
-1821	121981.0	121345.0
-1820	122400.0	121107.0
-1819	122089.0	121062.0
-1818	121675.0	120991.0
-1817	121333.0	120730.0
-1816	121467.0	121181.0
-1815	121323.0	121360.0
-1814	122023.0	120906.0
-1813	122441.0	121468.0
-1812	121605.0	120663.0
-1811	122045.0	120872.0
-1810	121651.0	120857.0
-1809	121067.0	121273.0
-1808	121668.0	121079.0
-1807	121172.0	120853.0
-1806	122084.0	121098.0
-1805	121791.0	120515.0
-1804	121824.0	120526.0
-1803	121547.0	120441.0
-1802	121108.0	120936.0
-1801	121771.0	120328.0
-1800	122280.0	120874.0
-1799	121497.0	120840.0
-1798	121908.0	121077.0
-1797	122007.0	121027.0
-1796	122009.0	120566.0
-1795	121106.0	121333.0
-1794	121435.0	120980.0
-1793	121961.0	120768.0
-1792	121527.0	121245.0
-1791	121855.0	121483.0
-1790	121493.0	120694.0
-1789	121224.0	120835.0
-1788	121400.0	120998.0
-1787	122059.0	120753.0
-1786	121034.0	120998.0
-1785	121697.0	121290.0
-1784	121849.0	120838.0
-1783	121467.0	121345.0
-1782	121480.0	120950.0
-1781	121958.0	121283.0
-1780	121845.0	120898.0
-1779	121491.0	121255.0
-1778	120978.0	121467.0
-1777	121137.0	120820.0
-1776	121706.0	121247.0
-1775	121234.0	120946.0
-1774	122129.0	120904.0
-1773	121952.0	120751.0
-1772	121864.0	120522.0
-1771	121975.0	120685.0
-1770	121814.0	121266.0
-1769	121290.0	121389.0
-1768	121622.0	121302.0
-1767	121846.0	121085.0
-1766	121569.0	120929.0
-1765	121440.0	121415.0
-1764	121770.0	121281.0
-1763	121700.0	121441.0
-1762	121661.0	121057.0
-1761	121991.0	121778.0
-1760	121335.0	121224.0
-1759	121788.0	121494.0
-1758	122118.0	120982.0
-1757	121893.0	120350.0
-1756	121656.0	120742.0
-1755	121698.0	121586.0
-1754	122079.0	121814.0
-1753	121162.0	120866.0
-1752	120887.0	121159.0
-1751	122131.0	121127.0
-1750	121226.0	121418.0
-1749	121575.0	121466.0
-1748	121464.0	121279.0
-1747	121259.0	121358.0
-1746	121640.0	121326.0
-1745	121398.0	121070.0
-1744	121841.0	121433.0
-1743	121742.0	121870.0
-1742	122391.0	120817.0
-1741	121989.0	121567.0
-1740	121685.0	121919.0
-1739	121748.0	122342.0
-1738	121468.0	122020.0
-1737	122053.0	121219.0
-1736	122386.0	121332.0
-1735	122184.0	121011.0
-1734	121717.0	121328.0
-1733	121874.0	121009.0
-1732	121581.0	121544.0
-1731	121864.0	121276.0
-1730	122099.0	122021.0
-1729	122121.0	121754.0
-1728	122189.0	120992.0
-1727	122107.0	121403.0
-1726	122229.0	121569.0
-1725	121783.0	121692.0
-1724	121771.0	121402.0
-1723	122386.0	121224.0
-1722	122216.0	121936.0
-1721	122267.0	121280.0
-1720	121752.0	121825.0
-1719	121985.0	121633.0
-1718	122316.0	121629.0
-1717	122642.0	120360.0
-1716	122280.0	121573.0
-1715	121593.0	121659.0
-1714	121992.0	121104.0
-1713	122122.0	121381.0
-1712	121774.0	121651.0
-1711	121876.0	121860.0
-1710	122524.0	121665.0
-1709	122356.0	121771.0
-1708	121603.0	121849.0
-1707	122214.0	122060.0
-1706	121912.0	121748.0
-1705	122186.0	121173.0
-1704	122558.0	121475.0
-1703	122659.0	121237.0
-1702	122471.0	121529.0
-1701	122738.0	121220.0
-1700	122120.0	121532.0
-1699	122469.0	121474.0
-1698	122596.0	121986.0
-1697	121991.0	121446.0
-1696	122200.0	122050.0
-1695	122246.0	121194.0
-1694	122171.0	121306.0
-1693	122176.0	121377.0
-1692	122344.0	121735.0
-1691	121674.0	121914.0
-1690	121846.0	121981.0
-1689	121700.0	121639.0
-1688	122654.0	121696.0
-1687	122319.0	121461.0
-1686	121422.0	121683.0
-1685	122130.0	121555.0
-1684	122402.0	121912.0
-1683	122146.0	121601.0
-1682	121461.0	121178.0
-1681	122411.0	121376.0
-1680	122236.0	121647.0
-1679	122473.0	121433.0
-1678	122033.0	121223.0
-1677	122364.0	121781.0
-1676	121941.0	121747.0
-1675	121551.0	121328.0
-1674	122018.0	121656.0
-1673	121816.0	121368.0
-1672	122362.0	122109.0
-1671	122483.0	121590.0
-1670	122550.0	122157.0
-1669	122505.0	121537.0
-1668	122596.0	121931.0
-1667	122626.0	121259.0
-1666	122875.0	121806.0
-1665	122635.0	121330.0
-1664	121403.0	122141.0
-1663	121419.0	121841.0
-1662	121793.0	122132.0
-1661	121675.0	122340.0
-1660	121820.0	121932.0
-1659	122373.0	121159.0
-1658	122280.0	121253.0
-1657	122009.0	121789.0
-1656	122356.0	121148.0
-1655	122141.0	121352.0
-1654	121859.0	121329.0
-1653	122495.0	121517.0
-1652	121893.0	121647.0
-1651	122094.0	120842.0
-1650	122753.0	121770.0
-1649	121903.0	121778.0
-1648	122227.0	121781.0
-1647	121884.0	121179.0
-1646	121646.0	121689.0
-1645	121820.0	121254.0
-1644	121717.0	121065.0
-1643	121919.0	121483.0
-1642	121391.0	121268.0
-1641	121580.0	121298.0
-1640	121729.0	121535.0
-1639	121934.0	121233.0
-1638	122481.0	122000.0
-1637	122099.0	121429.0
-1636	122153.0	121032.0
-1635	122378.0	121268.0
-1634	121932.0	122021.0
-1633	121735.0	121688.0
-1632	121940.0	121636.0
-1631	122377.0	121925.0
-1630	121946.0	121859.0
-1629	121845.0	121550.0
-1628	121178.0	121745.0
-1627	121988.0	121784.0
-1626	121976.0	121520.0
-1625	121929.0	122111.0
-1624	121781.0	121367.0
-1623	122440.0	122381.0
-1622	121569.0	121654.0
-1621	121818.0	121391.0
-1620	122585.0	121888.0
-1619	121742.0	121363.0
-1618	122229.0	121575.0
-1617	122328.0	121673.0
-1616	121710.0	120918.0
-1615	122139.0	121409.0
-1614	121873.0	121380.0
-1613	122009.0	121656.0
-1612	122064.0	121405.0
-1611	122136.0	121844.0
-1610	122022.0	121786.0
-1609	122237.0	121823.0
-1608	122049.0	121467.0
-1607	121626.0	121440.0
-1606	122199.0	121446.0
-1605	122579.0	121878.0
-1604	121913.0	121280.0
-1603	121555.0	121686.0
-1602	122167.0	121492.0
-1601	122179.0	120496.0
-1600	122279.0	120965.0
-1599	122045.0	121554.0
-1598	122185.0	121367.0
-1597	122317.0	121373.0
-1596	122010.0	120855.0
-1595	121387.0	121632.0
-1594	121741.0	122347.0
-1593	122287.0	121679.0
-1592	121281.0	121479.0
-1591	122128.0	121921.0
-1590	121984.0	121563.0
-1589	122331.0	121054.0
-1588	121845.0	121596.0
-1587	121644.0	122148.0
-1586	122093.0	122254.0
-1585	122349.0	121401.0
-1584	121523.0	121453.0
-1583	122275.0	121433.0
-1582	121979.0	121830.0
-1581	122135.0	121889.0
-1580	122753.0	121589.0
-1579	122470.0	121472.0
-1578	122025.0	122161.0
-1577	122005.0	121448.0
-1576	121927.0	121280.0
-1575	122136.0	121275.0
-1574	122151.0	121753.0
-1573	121601.0	121260.0
-1572	121827.0	121810.0
-1571	122017.0	122155.0
-1570	121586.0	122480.0
-1569	122164.0	122205.0
-1568	122211.0	122074.0
-1567	121467.0	122002.0
-1566	121741.0	122115.0
-1565	121565.0	121953.0
-1564	121527.0	121936.0
-1563	122368.0	122320.0
-1562	122370.0	121972.0
-1561	122148.0	121684.0
-1560	122479.0	122068.0
-1559	122609.0	122138.0
-1558	123011.0	121609.0
-1557	122435.0	121720.0
-1556	122201.0	122056.0
-1555	122698.0	122189.0
-1554	122354.0	122323.0
-1553	121972.0	121749.0
-1552	122465.0	122470.0
-1551	122581.0	122211.0
-1550	122611.0	122264.0
-1549	123060.0	121910.0
-1548	122578.0	121371.0
-1547	122586.0	121839.0
-1546	122027.0	121913.0
-1545	122457.0	121954.0
-1544	122666.0	121802.0
-1543	122233.0	121945.0
-1542	121803.0	122380.0
-1541	122597.0	122676.0
-1540	122691.0	121965.0
-1539	122254.0	122916.0
-1538	122483.0	122212.0
-1537	122416.0	122478.0
-1536	122586.0	121998.0
-1535	122458.0	121756.0
-1534	122091.0	122679.0
-1533	122863.0	122502.0
-1532	122930.0	121684.0
-1531	122353.0	121973.0
-1530	122337.0	122434.0
-1529	122369.0	121808.0
-1528	122622.0	122632.0
-1527	122879.0	122173.0
-1526	123106.0	121948.0
-1525	122202.0	122102.0
-1524	122464.0	122134.0
-1523	122762.0	122205.0
-1522	122901.0	122426.0
-1521	122993.0	122022.0
-1520	123028.0	121648.0
-1519	122329.0	121899.0
-1518	122936.0	121730.0
-1517	122819.0	121894.0
-1516	122650.0	122120.0
-1515	123061.0	122999.0
-1514	123211.0	122365.0
-1513	122992.0	122619.0
-1512	123137.0	122370.0
-1511	123166.0	122177.0
-1510	123101.0	122611.0
-1509	122608.0	122262.0
-1508	123173.0	122075.0
-1507	122930.0	122435.0
-1506	123234.0	122366.0
-1505	122347.0	122124.0
-1504	123036.0	122278.0
-1503	123409.0	122155.0
-1502	122702.0	121757.0
-1501	122673.0	122857.0
-1500	122811.0	122149.0
-1499	123112.0	121778.0
-1498	123100.0	122296.0
-1497	123013.0	122519.0
-1496	122397.0	122813.0
-1495	122763.0	122457.0
-1494	122785.0	122854.0
-1493	122752.0	122034.0
-1492	122853.0	122290.0
-1491	122831.0	122234.0
-1490	122508.0	121619.0
-1489	122988.0	121765.0
-1488	123142.0	121903.0
-1487	123505.0	122217.0
-1486	122518.0	122132.0
-1485	122954.0	121720.0
-1484	123021.0	122395.0
-1483	122970.0	122734.0
-1482	123478.0	122304.0
-1481	122539.0	122354.0
-1480	122450.0	121981.0
-1479	123090.0	121846.0
-1478	122875.0	122057.0
-1477	122802.0	122020.0
-1476	122726.0	121987.0
-1475	122794.0	122080.0
-1474	122567.0	122145.0
-1473	122935.0	122342.0
-1472	123021.0	121868.0
-1471	122504.0	121795.0
-1470	122920.0	122639.0
-1469	122685.0	121850.0
-1468	122814.0	121947.0
-1467	122509.0	121690.0
-1466	122585.0	121870.0
-1465	123103.0	122599.0
-1464	122448.0	122217.0
-1463	122284.0	122050.0
-1462	122639.0	122169.0
-1461	122796.0	122226.0
-1460	122879.0	122091.0
-1459	122090.0	122107.0
-1458	122335.0	122358.0
-1457	122288.0	122503.0
-1456	122205.0	121999.0
-1455	122660.0	122101.0
-1454	122203.0	122023.0
-1453	122300.0	122231.0
-1452	122410.0	122102.0
-1451	122101.0	121749.0
-1450	123000.0	121969.0
-1449	122605.0	121751.0
-1448	122680.0	121909.0
-1447	122499.0	122207.0
-1446	122481.0	122081.0
-1445	122811.0	121790.0
-1444	122691.0	122191.0
-1443	122712.0	121916.0
-1442	122472.0	122180.0
-1441	122038.0	121835.0
-1440	122652.0	121597.0
-1439	122651.0	121364.0
-1438	122028.0	121536.0
-1437	122384.0	122136.0
-1436	122474.0	122375.0
-1435	122693.0	121643.0
-1434	122408.0	122179.0
-1433	122798.0	121858.0
-1432	122203.0	122543.0
-1431	122663.0	122329.0
-1430	122369.0	121735.0
-1429	122663.0	122300.0
-1428	122290.0	121702.0
-1427	122509.0	121805.0
-1426	122310.0	122057.0
-1425	122376.0	122694.0
-1424	122503.0	122007.0
-1423	121925.0	122079.0
-1422	122797.0	121379.0
-1421	122697.0	121537.0
-1420	122797.0	121480.0
-1419	122602.0	121490.0
-1418	122956.0	122056.0
-1417	122176.0	122199.0
-1416	122552.0	122236.0
-1415	122370.0	121948.0
-1414	122226.0	121956.0
-1413	123113.0	121501.0
-1412	122339.0	121257.0
-1411	122374.0	122934.0
-1410	122783.0	122410.0
-1409	122346.0	122415.0
-1408	122021.0	121794.0
-1407	122481.0	121896.0
-1406	122183.0	122211.0
-1405	122719.0	122379.0
-1404	122006.0	122446.0
-1403	122881.0	122441.0
-1402	123016.0	122349.0
-1401	123141.0	122028.0
-1400	122645.0	121831.0
-1399	122862.0	122189.0
-1398	122628.0	121665.0
-1397	122740.0	121531.0
-1396	122156.0	122127.0
-1395	122537.0	122512.0
-1394	123046.0	122345.0
-1393	122618.0	122500.0
-1392	123055.0	122536.0
-1391	122678.0	122498.0
-1390	122734.0	122633.0
-1389	122479.0	122178.0
-1388	122077.0	122640.0
-1387	122169.0	122486.0
-1386	122402.0	122636.0
-1385	122725.0	122714.0
-1384	123725.0	123041.0
-1383	123011.0	122000.0
-1382	122160.0	122193.0
-1381	122691.0	122400.0
-1380	122276.0	122144.0
-1379	121768.0	122263.0
-1378	122159.0	122679.0
-1377	123102.0	122545.0
-1376	122883.0	121735.0
-1375	122900.0	122892.0
-1374	123190.0	122579.0
-1373	122965.0	122883.0
-1372	122650.0	122703.0
-1371	122736.0	122421.0
-1370	122744.0	122207.0
-1369	122711.0	122652.0
-1368	123104.0	122694.0
-1367	122954.0	122693.0
-1366	123423.0	122825.0
-1365	122904.0	122855.0
-1364	122912.0	122834.0
-1363	122859.0	122405.0
-1362	122872.0	122375.0
-1361	122708.0	122588.0
-1360	122725.0	122935.0
-1359	123164.0	122813.0
-1358	123332.0	123143.0
-1357	122914.0	122981.0
-1356	122953.0	122471.0
-1355	122849.0	122711.0
-1354	122908.0	123049.0
-1353	123266.0	122758.0
-1352	123148.0	122486.0
-1351	123455.0	122741.0
-1350	123185.0	123028.0
-1349	122675.0	122675.0
-1348	123377.0	123065.0
-1347	123216.0	122684.0
-1346	122760.0	123087.0
-1345	123618.0	123160.0
-1344	123583.0	123149.0
-1343	123065.0	122423.0
-1342	122700.0	123337.0
-1341	123570.0	122804.0
-1340	123043.0	123052.0
-1339	123189.0	123004.0
-1338	123603.0	123371.0
-1337	123657.0	123014.0
-1336	123721.0	123434.0
-1335	123239.0	123420.0
-1334	123860.0	122743.0
-1333	123326.0	122923.0
-1332	123224.0	122706.0
-1331	123815.0	122857.0
-1330	122950.0	123066.0
-1329	123957.0	123109.0
-1328	123522.0	123157.0
-1327	123855.0	123028.0
-1326	123514.0	122365.0
-1325	124028.0	122564.0
-1324	123570.0	122384.0
-1323	123293.0	122364.0
-1322	123353.0	122720.0
-1321	123228.0	122964.0
-1320	123378.0	123045.0
-1319	124055.0	122478.0
-1318	123873.0	122562.0
-1317	122997.0	122575.0
-1316	123313.0	122415.0
-1315	123034.0	122167.0
-1314	123053.0	122676.0
-1313	123417.0	122055.0
-1312	123330.0	122927.0
-1311	123776.0	122963.0
-1310	123021.0	123285.0
-1309	123827.0	122725.0
-1308	123783.0	122533.0
-1307	123799.0	122543.0
-1306	123193.0	122955.0
-1305	123775.0	122408.0
-1304	123101.0	122784.0
-1303	123031.0	122908.0
-1302	123445.0	122395.0
-1301	123620.0	122300.0
-1300	123590.0	122530.0
-1299	122934.0	122703.0
-1298	123268.0	121885.0
-1297	123508.0	122730.0
-1296	123119.0	122903.0
-1295	123070.0	122676.0
-1294	123658.0	122971.0
-1293	123489.0	122530.0
-1292	122864.0	121951.0
-1291	122498.0	122331.0
-1290	123004.0	122949.0
-1289	123439.0	122642.0
-1288	123346.0	122423.0
-1287	123563.0	122441.0
-1286	122915.0	122378.0
-1285	122874.0	122264.0
-1284	123198.0	122293.0
-1283	122929.0	122134.0
-1282	123122.0	122512.0
-1281	122737.0	122498.0
-1280	123318.0	122457.0
-1279	123594.0	122549.0
-1278	123508.0	122286.0
-1277	123235.0	122246.0
-1276	123607.0	122760.0
-1275	123594.0	122563.0
-1274	123564.0	122287.0
-1273	122873.0	122075.0
-1272	123940.0	122486.0
-1271	123418.0	122276.0
-1270	123122.0	122352.0
-1269	123341.0	121711.0
-1268	123199.0	122461.0
-1267	122858.0	122457.0
-1266	122646.0	122479.0
-1265	122920.0	122034.0
-1264	123137.0	122546.0
-1263	122745.0	121845.0
-1262	122809.0	122364.0
-1261	123040.0	122814.0
-1260	123252.0	122467.0
-1259	122118.0	122491.0
-1258	122796.0	122593.0
-1257	122774.0	122993.0
-1256	122521.0	122428.0
-1255	122572.0	122740.0
-1254	123174.0	122640.0
-1253	122818.0	121949.0
-1252	122997.0	122468.0
-1251	122935.0	122858.0
-1250	122479.0	122391.0
-1249	122695.0	122330.0
-1248	123155.0	122466.0
-1247	122936.0	122353.0
-1246	122854.0	122056.0
-1245	123232.0	122750.0
-1244	122937.0	122139.0
-1243	122050.0	122308.0
-1242	123347.0	122488.0
-1241	122585.0	122088.0
-1240	122617.0	122181.0
-1239	122034.0	122721.0
-1238	123429.0	122535.0
-1237	122501.0	123072.0
-1236	122410.0	122384.0
-1235	122436.0	122674.0
-1234	122613.0	123084.0
-1233	122854.0	122665.0
-1232	122593.0	122300.0
-1231	123375.0	122648.0
-1230	123146.0	122970.0
-1229	123241.0	122798.0
-1228	122893.0	123930.0
-1227	122834.0	123286.0
-1226	122267.0	122660.0
-1225	122703.0	122328.0
-1224	123275.0	122324.0
-1223	122739.0	122760.0
-1222	122134.0	122554.0
-1221	123020.0	123056.0
-1220	122673.0	122627.0
-1219	123319.0	122950.0
-1218	123267.0	123045.0
-1217	122600.0	122957.0
-1216	122504.0	122786.0
-1215	122671.0	122713.0
-1214	123010.0	122846.0
-1213	122622.0	122910.0
-1212	123448.0	122753.0
-1211	123207.0	122163.0
-1210	123280.0	122708.0
-1209	123061.0	123061.0
-1208	123813.0	122808.0
-1207	123499.0	122663.0
-1206	123842.0	122795.0
-1205	123472.0	123045.0
-1204	123545.0	123106.0
-1203	123317.0	122700.0
-1202	122896.0	123395.0
-1201	123192.0	123759.0
-1200	123458.0	123291.0
-1199	123248.0	123437.0
-1198	123342.0	123124.0
-1197	123267.0	122971.0
-1196	123068.0	122873.0
-1195	123560.0	123502.0
-1194	123454.0	123312.0
-1193	123204.0	123125.0
-1192	123571.0	123856.0
-1191	122979.0	122997.0
-1190	123355.0	124039.0
-1189	123526.0	123596.0
-1188	123939.0	123171.0
-1187	123857.0	123642.0
-1186	123519.0	123648.0
-1185	124115.0	123305.0
-1184	123425.0	123433.0
-1183	123667.0	123834.0
-1182	123784.0	123280.0
-1181	123604.0	123019.0
-1180	124041.0	123704.0
-1179	123637.0	123023.0
-1178	124011.0	123382.0
-1177	123352.0	122756.0
-1176	123625.0	122973.0
-1175	123661.0	123690.0
-1174	123642.0	123687.0
-1173	124065.0	124121.0
-1172	123628.0	123545.0
-1171	123795.0	123855.0
-1170	124340.0	123496.0
-1169	123853.0	122566.0
-1168	124424.0	123477.0
-1167	124187.0	123587.0
-1166	124303.0	123849.0
-1165	124235.0	123324.0
-1164	124178.0	123528.0
-1163	123883.0	123634.0
-1162	123784.0	122888.0
-1161	124103.0	123992.0
-1160	124263.0	123000.0
-1159	123694.0	123889.0
-1158	124457.0	123605.0
-1157	124184.0	123279.0
-1156	124457.0	123236.0
-1155	123802.0	123658.0
-1154	124236.0	123515.0
-1153	124117.0	123174.0
-1152	124476.0	123978.0
-1151	124035.0	123168.0
-1150	124021.0	123218.0
-1149	124164.0	123065.0
-1148	124171.0	123010.0
-1147	123972.0	123456.0
-1146	123496.0	123306.0
-1145	123958.0	123795.0
-1144	123769.0	123393.0
-1143	123939.0	123834.0
-1142	124096.0	124091.0
-1141	123891.0	123312.0
-1140	124272.0	123385.0
-1139	124238.0	123588.0
-1138	124297.0	123767.0
-1137	124279.0	123182.0
-1136	123919.0	123049.0
-1135	124572.0	123212.0
-1134	123712.0	122515.0
-1133	123993.0	123447.0
-1132	124244.0	123650.0
-1131	123962.0	123380.0
-1130	123698.0	123584.0
-1129	123880.0	123024.0
-1128	124195.0	122911.0
-1127	124172.0	122879.0
-1126	124301.0	123608.0
-1125	123878.0	122898.0
-1124	123457.0	123146.0
-1123	124235.0	123431.0
-1122	124424.0	122961.0
-1121	123776.0	122915.0
-1120	123719.0	123257.0
-1119	123719.0	122967.0
-1118	124079.0	122600.0
-1117	124395.0	123540.0
-1116	124404.0	122871.0
-1115	123823.0	123274.0
-1114	123799.0	123112.0
-1113	124426.0	123072.0
-1112	124620.0	122756.0
-1111	123569.0	122574.0
-1110	124221.0	123359.0
-1109	123494.0	122202.0
-1108	123682.0	122797.0
-1107	124260.0	123149.0
-1106	123470.0	122645.0
-1105	123964.0	122736.0
-1104	123957.0	122591.0
-1103	123869.0	122997.0
-1102	124305.0	122957.0
-1101	123992.0	121900.0
-1100	124135.0	122616.0
-1099	123917.0	122664.0
-1098	123921.0	122802.0
-1097	123564.0	122430.0
-1096	123503.0	123047.0
-1095	123646.0	123086.0
-1094	124308.0	123222.0
-1093	123853.0	123045.0
-1092	124084.0	122720.0
-1091	123961.0	122996.0
-1090	123551.0	123153.0
-1089	124070.0	122766.0
-1088	123774.0	122793.0
-1087	124206.0	123318.0
-1086	123825.0	123471.0
-1085	123892.0	123431.0
-1084	123299.0	122906.0
-1083	124023.0	122819.0
-1082	123105.0	122832.0
-1081	123942.0	122975.0
-1080	123315.0	123016.0
-1079	123705.0	122648.0
-1078	123999.0	122714.0
-1077	124397.0	122993.0
-1076	123777.0	123041.0
-1075	124114.0	122867.0
-1074	124054.0	123030.0
-1073	123571.0	122667.0
-1072	123743.0	123105.0
-1071	123644.0	123460.0
-1070	123921.0	122885.0
-1069	123684.0	122932.0
-1068	124015.0	123057.0
-1067	123788.0	122639.0
-1066	123752.0	123306.0
-1065	124477.0	123215.0
-1064	123686.0	123312.0
-1063	123631.0	123483.0
-1062	123411.0	122612.0
-1061	123381.0	122477.0
-1060	123466.0	123095.0
-1059	123804.0	123511.0
-1058	123401.0	122777.0
-1057	123761.0	123580.0
-1056	123621.0	123101.0
-1055	123510.0	123664.0
-1054	123111.0	123981.0
-1053	124014.0	123301.0
-1052	124265.0	123063.0
-1051	123827.0	123015.0
-1050	123188.0	123464.0
-1049	123745.0	123487.0
-1048	123319.0	123669.0
-1047	124456.0	123454.0
-1046	124067.0	123099.0
-1045	124280.0	123010.0
-1044	124692.0	123250.0
-1043	124269.0	123070.0
-1042	123579.0	123850.0
-1041	124083.0	123848.0
-1040	123912.0	123756.0
-1039	123829.0	123505.0
-1038	123526.0	123694.0
-1037	123944.0	123552.0
-1036	123937.0	123376.0
-1035	124278.0	124416.0
-1034	124397.0	123657.0
-1033	124006.0	124249.0
-1032	123872.0	123655.0
-1031	123045.0	123690.0
-1030	123972.0	123575.0
-1029	124697.0	123568.0
-1028	123650.0	123176.0
-1027	123885.0	123689.0
-1026	124337.0	123241.0
-1025	123383.0	123720.0
-1024	123743.0	123806.0
-1023	124695.0	124669.0
-1022	123955.0	123718.0
-1021	123955.0	123499.0
-1020	123933.0	124054.0
-1019	124075.0	123832.0
-1018	123347.0	124216.0
-1017	124201.0	124347.0
-1016	124138.0	123899.0
-1015	124647.0	123896.0
-1014	124242.0	123763.0
-1013	124376.0	123420.0
-1012	123722.0	123859.0
-1011	124272.0	123796.0
-1010	124313.0	123815.0
-1009	124111.0	124105.0
-1008	124207.0	123991.0
-1007	124229.0	123763.0
-1006	124506.0	124231.0
-1005	124909.0	124766.0
-1004	124257.0	123547.0
-1003	124109.0	124168.0
-1002	124874.0	123961.0
-1001	124333.0	124389.0
-1000	124610.0	124801.0
-999	124411.0	123397.0
-998	124230.0	123395.0
-997	124625.0	124243.0
-996	124717.0	123865.0
-995	124350.0	123784.0
-994	124459.0	124257.0
-993	124553.0	123800.0
-992	123907.0	123723.0
-991	124777.0	124122.0
-990	124807.0	124342.0
-989	123450.0	124159.0
-988	124349.0	124128.0
-987	124183.0	123341.0
-986	124811.0	123478.0
-985	124286.0	123874.0
-984	124986.0	124338.0
-983	124501.0	124219.0
-982	124700.0	124138.0
-981	124680.0	124193.0
-980	124712.0	124853.0
-979	124602.0	123361.0
-978	125006.0	123321.0
-977	124467.0	123589.0
-976	124221.0	124134.0
-975	124194.0	123562.0
-974	124580.0	123643.0
-973	124606.0	124163.0
-972	124149.0	123839.0
-971	124991.0	123834.0
-970	124517.0	124293.0
-969	124509.0	124616.0
-968	124289.0	124174.0
-967	124958.0	124222.0
-966	124468.0	125059.0
-965	124910.0	124488.0
-964	124989.0	123733.0
-963	124958.0	123994.0
-962	124958.0	123550.0
-961	124576.0	123480.0
-960	124438.0	124236.0
-959	124147.0	124000.0
-958	125130.0	123823.0
-957	124774.0	123912.0
-956	125305.0	123546.0
-955	124505.0	124268.0
-954	124740.0	123978.0
-953	124602.0	123658.0
-952	124306.0	124417.0
-951	125141.0	124694.0
-950	124564.0	124099.0
-949	124770.0	124287.0
-948	125048.0	124032.0
-947	124422.0	123643.0
-946	124630.0	124257.0
-945	124734.0	124491.0
-944	124690.0	123390.0
-943	124549.0	124638.0
-942	124810.0	124778.0
-941	124981.0	123921.0
-940	124498.0	124052.0
-939	124890.0	124155.0
-938	124548.0	123133.0
-937	124623.0	124178.0
-936	125154.0	123812.0
-935	124792.0	123659.0
-934	124484.0	123951.0
-933	125122.0	123887.0
-932	124256.0	123802.0
-931	124946.0	123613.0
-930	124522.0	123742.0
-929	124917.0	123897.0
-928	125073.0	124403.0
-927	124818.0	124142.0
-926	124619.0	123440.0
-925	124516.0	123630.0
-924	125245.0	123928.0
-923	124639.0	123726.0
-922	124349.0	123531.0
-921	124952.0	123447.0
-920	125042.0	123616.0
-919	124200.0	124209.0
-918	124873.0	124173.0
-917	124416.0	123596.0
-916	124313.0	124229.0
-915	124697.0	124231.0
-914	125145.0	123337.0
-913	124893.0	123795.0
-912	124764.0	123722.0
-911	124809.0	123867.0
-910	124599.0	123913.0
-909	124768.0	124191.0
-908	124615.0	124303.0
-907	125329.0	124039.0
-906	124171.0	123876.0
-905	125008.0	123453.0
-904	124792.0	123572.0
-903	125171.0	123729.0
-902	124454.0	123156.0
-901	124952.0	123584.0
-900	125123.0	123850.0
-899	124829.0	123916.0
-898	124430.0	123770.0
-897	125017.0	123716.0
-896	124667.0	124358.0
-895	124915.0	124068.0
-894	125268.0	124439.0
-893	124492.0	124041.0
-892	124067.0	124398.0
-891	124608.0	123793.0
-890	124781.0	123988.0
-889	123967.0	123722.0
-888	125195.0	123948.0
-887	124591.0	123632.0
-886	125236.0	123727.0
-885	125258.0	123818.0
-884	124768.0	123809.0
-883	124722.0	123964.0
-882	124779.0	124040.0
-881	124736.0	123615.0
-880	124737.0	123851.0
-879	124433.0	124353.0
-878	124415.0	123882.0
-877	124732.0	124370.0
-876	124752.0	123683.0
-875	124673.0	123506.0
-874	124527.0	123782.0
-873	124859.0	124227.0
-872	124674.0	124172.0
-871	124076.0	123927.0
-870	125065.0	124454.0
-869	125419.0	124542.0
-868	124714.0	124206.0
-867	125076.0	124202.0
-866	124480.0	124320.0
-865	124891.0	124680.0
-864	124995.0	124899.0
-863	124756.0	123968.0
-862	124271.0	123979.0
-861	124788.0	124005.0
-860	124848.0	123885.0
-859	124345.0	124831.0
-858	125040.0	124677.0
-857	125315.0	124255.0
-856	125067.0	124567.0
-855	124817.0	124477.0
-854	125232.0	124144.0
-853	124871.0	124971.0
-852	125103.0	124119.0
-851	125004.0	123824.0
-850	125078.0	124421.0
-849	125064.0	124615.0
-848	125119.0	124390.0
-847	124771.0	124073.0
-846	124627.0	124554.0
-845	124353.0	124061.0
-844	124902.0	124997.0
-843	124395.0	124502.0
-842	124505.0	124296.0
-841	124409.0	124286.0
-840	124499.0	124507.0
-839	125149.0	124407.0
-838	124804.0	124425.0
-837	124795.0	124536.0
-836	125422.0	124295.0
-835	124406.0	124879.0
-834	124708.0	124579.0
-833	124551.0	124563.0
-832	125019.0	125168.0
-831	125144.0	124614.0
-830	124350.0	124499.0
-829	124937.0	124312.0
-828	124784.0	124154.0
-827	125598.0	124469.0
-826	124709.0	124249.0
-825	124777.0	125001.0
-824	124469.0	124489.0
-823	124566.0	125067.0
-822	124467.0	124342.0
-821	124194.0	124278.0
-820	124312.0	125037.0
-819	124412.0	124653.0
-818	124827.0	124873.0
-817	124782.0	125236.0
-816	125636.0	124643.0
-815	124472.0	124351.0
-814	124318.0	124260.0
-813	125111.0	124522.0
-812	124630.0	124576.0
-811	124688.0	124843.0
-810	125324.0	124910.0
-809	124457.0	124658.0
-808	124656.0	124894.0
-807	124653.0	125075.0
-806	124688.0	123910.0
-805	125513.0	124572.0
-804	124607.0	125052.0
-803	124751.0	125282.0
-802	124549.0	124865.0
-801	124947.0	124707.0
-800	124860.0	124652.0
-799	124666.0	124808.0
-798	125301.0	124699.0
-797	124702.0	124431.0
-796	124430.0	124701.0
-795	124541.0	124960.0
-794	125102.0	124928.0
-793	124599.0	124970.0
-792	125124.0	124377.0
-791	125706.0	124210.0
-790	125269.0	124388.0
-789	125344.0	124510.0
-788	125009.0	124696.0
-787	125045.0	124238.0
-786	125062.0	124530.0
-785	124627.0	124697.0
-784	124863.0	124529.0
-783	124616.0	124758.0
-782	125397.0	124584.0
-781	124607.0	124404.0
-780	125046.0	124658.0
-779	124366.0	125069.0
-778	125263.0	125039.0
-777	124839.0	125055.0
-776	124719.0	124720.0
-775	125382.0	125264.0
-774	125603.0	124940.0
-773	125381.0	124608.0
-772	124460.0	124879.0
-771	125448.0	124975.0
-770	125240.0	125073.0
-769	124916.0	125031.0
-768	126162.0	124738.0
-767	124777.0	124160.0
-766	125601.0	125101.0
-765	126041.0	124733.0
-764	125396.0	124309.0
-763	125263.0	125147.0
-762	125350.0	125113.0
-761	125107.0	125225.0
-760	125207.0	124392.0
-759	125554.0	124882.0
-758	125523.0	124813.0
-757	125635.0	125047.0
-756	125580.0	124349.0
-755	126114.0	124285.0
-754	125573.0	125157.0
-753	125981.0	124810.0
-752	125769.0	124910.0
-751	125672.0	125100.0
-750	125422.0	124465.0
-749	125250.0	124548.0
-748	125864.0	124936.0
-747	126424.0	124580.0
-746	125395.0	124433.0
-745	126002.0	124923.0
-744	125735.0	124821.0
-743	125429.0	124814.0
-742	125906.0	125311.0
-741	126423.0	124754.0
-740	125533.0	124677.0
-739	125788.0	125267.0
-738	125445.0	124841.0
-737	125055.0	124638.0
-736	125513.0	125243.0
-735	125828.0	125889.0
-734	125498.0	125441.0
-733	126280.0	125354.0
-732	126381.0	125085.0
-731	125761.0	125161.0
-730	125486.0	124484.0
-729	126317.0	124891.0
-728	125708.0	124887.0
-727	126508.0	125390.0
-726	126132.0	125536.0
-725	126388.0	124416.0
-724	125895.0	125151.0
-723	126026.0	125051.0
-722	126081.0	124991.0
-721	125519.0	125786.0
-720	126306.0	125343.0
-719	125861.0	124474.0
-718	125629.0	124879.0
-717	126187.0	125490.0
-716	126032.0	124733.0
-715	125654.0	124756.0
-714	126495.0	124608.0
-713	126103.0	124384.0
-712	126048.0	125327.0
-711	126281.0	124945.0
-710	126065.0	125079.0
-709	125688.0	125113.0
-708	126264.0	125049.0
-707	126262.0	125107.0
-706	126190.0	125141.0
-705	126480.0	125290.0
-704	125934.0	124398.0
-703	126193.0	124798.0
-702	126400.0	125396.0
-701	126348.0	124400.0
-700	125119.0	125034.0
-699	126480.0	125101.0
-698	126089.0	125003.0
-697	125729.0	124559.0
-696	126059.0	124978.0
-695	125243.0	124955.0
-694	125614.0	124660.0
-693	126616.0	125025.0
-692	126405.0	124610.0
-691	125734.0	124850.0
-690	126576.0	125286.0
-689	125463.0	124538.0
-688	125813.0	125115.0
-687	126471.0	125571.0
-686	126056.0	125184.0
-685	125547.0	124447.0
-684	125847.0	124950.0
-683	125897.0	125088.0
-682	126007.0	125310.0
-681	126085.0	124504.0
-680	125960.0	124280.0
-679	126220.0	125161.0
-678	125946.0	124639.0
-677	125709.0	124633.0
-676	125249.0	124861.0
-675	125801.0	124530.0
-674	125394.0	124223.0
-673	125623.0	124628.0
-672	126024.0	125176.0
-671	125722.0	124623.0
-670	125089.0	125181.0
-669	125347.0	124785.0
-668	125560.0	124710.0
-667	125292.0	124209.0
-666	125947.0	124807.0
-665	125747.0	123986.0
-664	125512.0	124489.0
-663	126111.0	124305.0
-662	125312.0	123831.0
-661	125033.0	124789.0
-660	126062.0	124614.0
-659	124465.0	124676.0
-658	124681.0	124786.0
-657	125155.0	124769.0
-656	124899.0	124622.0
-655	125012.0	124481.0
-654	125071.0	124942.0
-653	125080.0	124047.0
-652	125109.0	124736.0
-651	125687.0	124467.0
-650	124862.0	124446.0
-649	124807.0	125127.0
-648	125534.0	124732.0
-647	124973.0	124704.0
-646	125370.0	125190.0
-645	124958.0	124801.0
-644	125249.0	124336.0
-643	125655.0	124540.0
-642	125445.0	125121.0
-641	124925.0	123912.0
-640	125067.0	124467.0
-639	124830.0	124360.0
-638	124019.0	124720.0
-637	123994.0	124978.0
-636	125523.0	124998.0
-635	124560.0	124452.0
-634	124146.0	125245.0
-633	124682.0	124939.0
-632	124863.0	125026.0
-631	124615.0	125291.0
-630	125024.0	125338.0
-629	124581.0	124862.0
-628	123764.0	124734.0
-627	124594.0	125104.0
-626	124356.0	124625.0
-625	124535.0	125169.0
-624	125273.0	125082.0
-623	124526.0	125083.0
-622	124922.0	125472.0
-621	125323.0	125437.0
-620	123911.0	124838.0
-619	124028.0	125367.0
-618	125123.0	125489.0
-617	125140.0	125142.0
-616	124803.0	125485.0
-615	125108.0	125316.0
-614	125220.0	125125.0
-613	124146.0	125153.0
-612	124962.0	125904.0
-611	124751.0	125539.0
-610	124383.0	125765.0
-609	124551.0	125648.0
-608	124754.0	124997.0
-607	124902.0	125729.0
-606	124893.0	125892.0
-605	124459.0	125299.0
-604	124735.0	126236.0
-603	125254.0	125668.0
-602	125066.0	125662.0
-601	124522.0	125656.0
-600	125280.0	126013.0
-599	124899.0	125554.0
-598	124672.0	126597.0
-597	125091.0	125861.0
-596	124893.0	125591.0
-595	125046.0	126321.0
-594	125478.0	126358.0
-593	124821.0	126351.0
-592	126129.0	126569.0
-591	125523.0	126273.0
-590	125129.0	125743.0
-589	125260.0	126455.0
-588	125653.0	126210.0
-587	125456.0	125840.0
-586	125404.0	126192.0
-585	125826.0	126117.0
-584	125403.0	126208.0
-583	125284.0	126467.0
-582	125834.0	126675.0
-581	125431.0	126051.0
-580	126573.0	126708.0
-579	126461.0	126596.0
-578	125522.0	126104.0
-577	126116.0	126395.0
-576	127195.0	126818.0
-575	126156.0	126445.0
-574	126381.0	126969.0
-573	127132.0	126328.0
-572	126780.0	127028.0
-571	126235.0	127030.0
-570	127471.0	126882.0
-569	126570.0	126218.0
-568	126493.0	126576.0
-567	127516.0	127058.0
-566	126993.0	126727.0
-565	126698.0	126924.0
-564	127171.0	127141.0
-563	126448.0	127153.0
-562	127139.0	126335.0
-561	127569.0	126894.0
-560	127294.0	126326.0
-559	127001.0	126425.0
-558	127150.0	126038.0
-557	127027.0	126326.0
-556	127133.0	126800.0
-555	127812.0	126373.0
-554	127354.0	126055.0
-553	127615.0	127263.0
-552	127819.0	126460.0
-551	127130.0	126032.0
-550	127142.0	126644.0
-549	127956.0	126075.0
-548	127681.0	126267.0
-547	127893.0	127224.0
-546	128009.0	126932.0
-545	127660.0	126109.0
-544	127781.0	126735.0
-543	128089.0	126494.0
-542	128340.0	126013.0
-541	127613.0	126567.0
-540	129195.0	126040.0
-539	128081.0	125362.0
-538	127175.0	126360.0
-537	128378.0	126595.0
-536	127863.0	126340.0
-535	127499.0	126421.0
-534	128567.0	126588.0
-533	127524.0	125878.0
-532	128294.0	127091.0
-531	128909.0	126239.0
-530	127906.0	125481.0
-529	127593.0	126524.0
-528	127941.0	126180.0
-527	127391.0	125773.0
-526	127589.0	126559.0
-525	129066.0	126186.0
-524	127949.0	125793.0
-523	128206.0	126096.0
-522	128626.0	126456.0
-521	127770.0	125345.0
-520	127668.0	125592.0
-519	128239.0	125853.0
-518	127922.0	125438.0
-517	127923.0	125816.0
-516	127892.0	125298.0
-515	127624.0	125361.0
-514	127474.0	125000.0
-513	127868.0	125289.0
-512	127222.0	125556.0
-511	127604.0	125188.0
-510	127924.0	125614.0
-509	127813.0	125349.0
-508	127482.0	125746.0
-507	128554.0	125333.0
-506	127781.0	125150.0
-505	127851.0	125421.0
-504	128111.0	125715.0
-503	126876.0	125203.0
-502	127498.0	125093.0
-501	127512.0	125380.0
-500	127205.0	125153.0
-499	126978.0	124561.0
-498	127362.0	124805.0
-497	126848.0	124426.0
-496	126863.0	125227.0
-495	127517.0	124590.0
-494	127089.0	124317.0
-493	126419.0	124502.0
-492	126991.0	124745.0
-491	126444.0	124144.0
-490	126734.0	124323.0
-489	126945.0	124810.0
-488	126150.0	124189.0
-487	126063.0	124230.0
-486	126541.0	124328.0
-485	125853.0	123862.0
-484	125888.0	124356.0
-483	126588.0	124577.0
-482	125803.0	123770.0
-481	125659.0	124077.0
-480	126085.0	124347.0
-479	125656.0	123568.0
-478	125406.0	123967.0
-477	125803.0	123954.0
-476	125156.0	123143.0
-475	125858.0	124038.0
-474	125509.0	123968.0
-473	124496.0	124048.0
-472	125052.0	124164.0
-471	125368.0	124004.0
-470	124663.0	123604.0
-469	124803.0	124055.0
-468	125165.0	124221.0
-467	124907.0	123729.0
-466	124771.0	124072.0
-465	125224.0	124489.0
-464	124742.0	123678.0
-463	124479.0	125366.0
-462	125375.0	124443.0
-461	124859.0	123797.0
-460	124170.0	124142.0
-459	124746.0	124334.0
-458	124141.0	123813.0
-457	124077.0	124412.0
-456	123953.0	123978.0
-455	124383.0	124313.0
-454	124117.0	124191.0
-453	124005.0	124528.0
-452	123783.0	124520.0
-451	123681.0	124537.0
-450	124666.0	124771.0
-449	123540.0	123929.0
-448	123347.0	125178.0
-447	124074.0	124251.0
-446	123063.0	124026.0
-445	123226.0	125010.0
-444	124468.0	125303.0
-443	123193.0	125654.0
-442	123586.0	125462.0
-441	124338.0	125226.0
-440	123352.0	124893.0
-439	123081.0	125490.0
-438	124013.0	125702.0
-437	123457.0	125342.0
-436	123573.0	125828.0
-435	124571.0	125545.0
-434	123815.0	125548.0
-433	123427.0	126136.0
-432	124804.0	126305.0
-431	123677.0	125386.0
-430	123755.0	126355.0
-429	124426.0	126421.0
-428	123903.0	126112.0
-427	123930.0	126575.0
-426	123884.0	126791.0
-425	123434.0	126633.0
-424	124132.0	127532.0
-423	125206.0	127355.0
-422	124492.0	126761.0
-421	124622.0	127157.0
-420	125002.0	127193.0
-419	124888.0	126124.0
-418	124942.0	127203.0
-417	125448.0	127482.0
-416	124324.0	126443.0
-415	124875.0	127708.0
-414	126035.0	127157.0
-413	125185.0	127002.0
-412	124997.0	128101.0
-411	125852.0	127469.0
-410	125177.0	127221.0
-409	125778.0	128638.0
-408	126301.0	128181.0
-407	126210.0	127137.0
-406	125970.0	127537.0
-405	126785.0	128118.0
-404	126275.0	127692.0
-403	126543.0	128675.0
-402	127143.0	128468.0
-401	126765.0	127747.0
-400	126309.0	128297.0
-399	127735.0	128656.0
-398	127268.0	128158.0
-397	127468.0	128856.0
-396	128270.0	128195.0
-395	127250.0	128330.0
-394	127871.0	128381.0
-393	128212.0	128730.0
-392	128380.0	128102.0
-391	127458.0	129226.0
-390	128670.0	129078.0
-389	128460.0	128423.0
-388	128284.0	128963.0
-387	129111.0	128665.0
-386	128867.0	128082.0
-385	129193.0	129012.0
-384	129252.0	129673.0
-383	128846.0	129090.0
-382	129534.0	129276.0
-381	129577.0	129058.0
-380	129461.0	128905.0
-379	130101.0	129679.0
-378	129795.0	129548.0
-377	130041.0	128254.0
-376	129796.0	129059.0
-375	130372.0	128771.0
-374	130110.0	127936.0
-373	130758.0	129549.0
-372	130887.0	129107.0
-371	130822.0	128180.0
-370	130479.0	129150.0
-369	131019.0	129332.0
-368	130553.0	128847.0
-367	130902.0	129340.0
-366	131350.0	129012.0
-365	130764.0	128443.0
-364	130811.0	129150.0
-363	131346.0	128944.0
-362	130778.0	127820.0
-361	131238.0	128785.0
-360	132053.0	128234.0
-359	131089.0	128353.0
-358	131445.0	128641.0
-357	131895.0	128651.0
-356	131580.0	127344.0
-355	131320.0	128497.0
-354	132389.0	128400.0
-353	131598.0	127454.0
-352	131314.0	127837.0
-351	132325.0	127748.0
-350	131134.0	127251.0
-349	130641.0	128389.0
-348	131272.0	127970.0
-347	130792.0	126697.0
-346	131089.0	127310.0
-345	132300.0	127706.0
-344	131006.0	126567.0
-343	131296.0	127060.0
-342	132147.0	127301.0
-341	130462.0	126124.0
-340	130575.0	127165.0
-339	131557.0	126725.0
-338	130666.0	126155.0
-337	130419.0	126714.0
-336	131399.0	126977.0
-335	130694.0	125235.0
-334	130236.0	126130.0
-333	131027.0	126157.0
-332	130126.0	124966.0
-331	130359.0	125684.0
-330	130929.0	125904.0
-329	129285.0	124350.0
-328	129499.0	125768.0
-327	129913.0	124677.0
-326	129118.0	124857.0
-325	129284.0	125326.0
-324	130145.0	125225.0
-323	129430.0	124703.0
-322	129543.0	125106.0
-321	129879.0	125014.0
-320	129775.0	123971.0
-319	128761.0	124740.0
-318	129791.0	124620.0
-317	128710.0	123628.0
-316	128500.0	124258.0
-315	128919.0	124037.0
-314	127515.0	123001.0
-313	128105.0	124250.0
-312	128456.0	124304.0
-311	126608.0	123212.0
-310	127330.0	123708.0
-309	127847.0	124000.0
-308	127389.0	122966.0
-307	126543.0	123829.0
-306	127765.0	123866.0
-305	126013.0	122671.0
-304	126658.0	123523.0
-303	127642.0	123417.0
-302	126484.0	122432.0
-301	126288.0	123391.0
-300	126683.0	122900.0
-299	125678.0	122552.0
-298	125950.0	123483.0
-297	126299.0	123736.0
-296	125055.0	122786.0
-295	124810.0	123300.0
-294	125936.0	123401.0
-293	125063.0	122763.0
-292	124992.0	123451.0
-291	125588.0	122951.0
-290	124506.0	122420.0
-289	124745.0	123136.0
-288	125724.0	123505.0
-287	124512.0	122434.0
-286	123869.0	123312.0
-285	125150.0	123373.0
-284	123568.0	122529.0
-283	123174.0	123774.0
-282	124794.0	123456.0
-281	123156.0	123492.0
-280	123677.0	124077.0
-279	124054.0	123685.0
-278	123564.0	123017.0
-277	123452.0	124198.0
-276	124071.0	124505.0
-275	122315.0	123243.0
-274	122974.0	123803.0
-273	123896.0	124362.0
-272	123098.0	123206.0
-271	122944.0	124635.0
-270	123858.0	124497.0
-269	123179.0	123643.0
-268	122857.0	124782.0
-267	123684.0	124936.0
-266	122712.0	123948.0
-265	123312.0	125465.0
-264	123880.0	124953.0
-263	122057.0	124073.0
-262	122770.0	125952.0
-261	123346.0	125405.0
-260	122643.0	124557.0
-259	123098.0	126214.0
-258	123661.0	126742.0
-257	122446.0	125197.0
-256	122769.0	126327.0
-255	123682.0	126375.0
-254	123119.0	126076.0
-253	122557.0	126899.0
-252	123111.0	127345.0
-251	122895.0	126311.0
-250	122568.0	127419.0
-249	124435.0	127770.0
-248	123153.0	127236.0
-247	123518.0	127921.0
-246	124596.0	128167.0
-245	123429.0	126662.0
-244	124016.0	128755.0
-243	125305.0	128526.0
-242	124228.0	127762.0
-241	124500.0	128752.0
-240	125640.0	129319.0
-239	124774.0	128366.0
-238	124877.0	129532.0
-237	126611.0	129565.0
-236	124962.0	129064.0
-235	125475.0	129930.0
-234	126518.0	130094.0
-233	126001.0	129300.0
-232	126182.0	130598.0
-231	127357.0	130946.0
-230	126554.0	130068.0
-229	126932.0	131399.0
-228	128011.0	131681.0
-227	126997.0	130532.0
-226	127484.0	131462.0
-225	129015.0	132015.0
-224	128545.0	130751.0
-223	128305.0	131494.0
-222	130007.0	132412.0
-221	128352.0	131283.0
-220	128985.0	132355.0
-219	130715.0	132216.0
-218	129319.0	131261.0
-217	129807.0	132917.0
-216	131328.0	132914.0
-215	130323.0	131577.0
-214	131050.0	132825.0
-213	132124.0	133086.0
-212	130825.0	132378.0
-211	131317.0	133435.0
-210	133204.0	132740.0
-209	132222.0	132074.0
-208	132425.0	133921.0
-207	133797.0	133468.0
-206	132664.0	132243.0
-205	133565.0	132775.0
-204	135094.0	133029.0
-203	133500.0	131529.0
-202	133010.0	133218.0
-201	135503.0	133206.0
-200	134316.0	132343.0
-199	134398.0	133622.0
-198	135634.0	133579.0
-197	134844.0	131929.0
-196	135010.0	133322.0
-195	136676.0	132936.0
-194	135024.0	131645.0
-193	135307.0	133213.0
-192	136644.0	133032.0
-191	136242.0	131496.0
-190	136529.0	133131.0
-189	137442.0	132871.0
-188	137023.0	131174.0
-187	136615.0	132339.0
-186	138315.0	132281.0
-185	136462.0	130958.0
-184	136812.0	132399.0
-183	137573.0	131624.0
-182	136992.0	130503.0
-181	136690.0	131458.0
-180	138424.0	131379.0
-179	137200.0	129997.0
-178	137582.0	132123.0
-177	138617.0	131106.0
-176	137183.0	129574.0
-175	137074.0	130110.0
-174	138673.0	130458.0
-173	137055.0	129282.0
-172	136474.0	130227.0
-171	137927.0	130045.0
-170	137044.0	128759.0
-169	136661.0	129274.0
-168	138225.0	129534.0
-167	137012.0	128069.0
-166	136119.0	128403.0
-165	137806.0	128660.0
-164	135929.0	127902.0
-163	135735.0	128790.0
-162	136756.0	128110.0
-161	135443.0	126665.0
-160	135180.0	127783.0
-159	137410.0	128023.0
-158	135356.0	126678.0
-157	135143.0	127798.0
-156	135842.0	127083.0
-155	134627.0	125664.0
-154	134144.0	127642.0
-153	135291.0	127127.0
-152	133815.0	125708.0
-151	133495.0	126495.0
-150	134518.0	125913.0
-149	132839.0	124557.0
-148	132423.0	125904.0
-147	133122.0	125781.0
-146	131403.0	124442.0
-145	131026.0	125768.0
-144	133324.0	125719.0
-143	130969.0	123956.0
-142	131194.0	124861.0
-141	131873.0	125683.0
-140	129309.0	123871.0
-139	129089.0	125556.0
-138	129569.0	124485.0
-137	127299.0	123313.0
-136	126948.0	124758.0
-135	128482.0	124320.0
-134	127214.0	123501.0
-133	128007.0	124126.0
-132	129844.0	123811.0
-131	127289.0	122959.0
-130	126529.0	123435.0
-129	127671.0	123700.0
-128	125127.0	122850.0
-127	124225.0	124178.0
-126	125816.0	124339.0
-125	123914.0	122544.0
-124	124620.0	123711.0
-123	126983.0	123520.0
-122	126056.0	121957.0
-121	125647.0	123110.0
-120	126500.0	123024.0
-119	124245.0	121103.0
-118	123009.0	123318.0
-117	122981.0	124044.0
-116	122179.0	122811.0
-115	121805.0	123746.0
-114	124474.0	124183.0
-113	123215.0	121923.0
-112	123803.0	123403.0
-111	125943.0	123175.0
-110	124375.0	121827.0
-109	123803.0	123277.0
-108	124495.0	123264.0
-107	121815.0	122709.0
-106	121096.0	124620.0
-105	123070.0	124288.0
-104	121988.0	122777.0
-103	122765.0	124564.0
-102	125627.0	123885.0
-101	123784.0	122717.0
-100	124155.0	124104.0
-99	125214.0	123694.0
-98	122608.0	122830.0
-97	122516.0	125377.0
-96	123678.0	125498.0
-95	122573.0	123408.0
-94	122952.0	125777.0
-93	124897.0	125482.0
-92	124001.0	123828.0
-91	123759.0	125907.0
-90	125756.0	125949.0
-89	124076.0	124442.0
-88	123779.0	126203.0
-87	124777.0	125953.0
-86	122933.0	125467.0
-85	122318.0	127471.0
-84	123841.0	127653.0
-83	123927.0	125365.0
-82	123760.0	126907.0
-81	126013.0	127274.0
-80	123887.0	125827.0
-79	123703.0	127510.0
-78	126203.0	128226.0
-77	124554.0	127421.0
-76	125032.0	129348.0
-75	126482.0	129651.0
-74	124395.0	128253.0
-73	125495.0	130420.0
-72	126973.0	130081.0
-71	125639.0	128097.0
-70	126874.0	130345.0
-69	128968.0	130334.0
-68	125786.0	128623.0
-67	126775.0	131807.0
-66	127700.0	132059.0
-65	126754.0	130776.0
-64	127634.0	132625.0
-63	129003.0	132843.0
-62	127923.0	131402.0
-61	128292.0	133016.0
-60	130888.0	133539.0
-59	129001.0	131897.0
-58	129390.0	133904.0
-57	130305.0	134868.0
-56	127962.0	133081.0
-55	128654.0	134966.0
-54	130997.0	134706.0
-53	130480.0	133605.0
-52	131259.0	136797.0
-51	134531.0	136834.0
-50	132872.0	134689.0
-49	133671.0	137434.0
-48	135954.0	136177.0
-47	133668.0	135532.0
-46	132968.0	138351.0
-45	135517.0	137449.0
-44	133561.0	136509.0
-43	134518.0	138659.0
-42	138619.0	138941.0
-41	137460.0	136563.0
-40	138496.0	138985.0
-39	142023.0	139901.0
-38	139234.0	137947.0
-37	139637.0	139814.0
-36	141213.0	140144.0
-35	138288.0	138034.0
-34	139029.0	140191.0
-33	142421.0	140438.0
-32	141402.0	138534.0
-31	143081.0	140729.0
-30	146604.0	140954.0
-29	144686.0	138407.0
-28	145194.0	141046.0
-27	147962.0	142012.0
-26	144956.0	139357.0
-25	144354.0	141945.0
-24	146652.0	142675.0
-23	144350.0	140376.0
-22	145399.0	142514.0
-21	149574.0	143098.0
-20	148354.0	141333.0
-19	149359.0	144280.0
-18	152697.0	144645.0
-17	149626.0	142219.0
-16	149094.0	145654.0
-15	151429.0	146250.0
-14	148159.0	144137.0
-13	148089.0	147494.0
-12	154522.0	148202.0
-11	151957.0	145274.0
-10	152477.0	149526.0
-9	156486.0	151196.0
-8	153711.0	151872.0
-7	151453.0	159126.0
-6	150886.0	162071.0
-5	143544.0	159274.0
-4	141081.0	162327.0
-3	156600.0	170609.0
-2	174657.0	164678.0
-1	266718.0	160541.0
0	2405.0	111827.0
1	266804.0	33884.0
2	174041.0	67245.0
3	156067.0	91117.0
4	141034.0	117942.0
5	143198.0	134791.0
6	150781.0	129397.0
7	150785.0	118606.0
8	153911.0	118672.0
9	156003.0	117521.0
10	152689.0	115032.0
11	152178.0	118943.0
12	153964.0	122249.0
13	148920.0	120770.0
14	147713.0	123926.0
15	150684.0	124801.0
16	148584.0	122467.0
17	149179.0	123269.0
18	152912.0	123362.0
19	149806.0	119924.0
20	147961.0	123170.0
21	148454.0	123664.0
22	144669.0	123777.0
23	143524.0	128676.0
24	146214.0	129632.0
25	144054.0	126965.0
26	143824.0	127915.0
27	146904.0	126650.0
28	145116.0	122955.0
29	144565.0	123498.0
30	146298.0	124125.0
31	143326.0	121923.0
32	140856.0	126665.0
33	141777.0	128291.0
34	138343.0	126774.0
35	138236.0	129247.0
36	140429.0	129426.0
37	138654.0	126569.0
38	138944.0	127151.0
39	141698.0	125591.0
40	137976.0	123149.0
41	136717.0	125026.0
42	137808.0	126091.0
43	133902.0	126614.0
44	133056.0	129926.0
45	134954.0	131004.0
46	132939.0	128502.0
47	132781.0	129534.0
48	134694.0	128840.0
49	132643.0	126619.0
50	132777.0	128045.0
51	134252.0	127564.0
52	131073.0	125442.0
53	130382.0	128668.0
54	131375.0	128903.0
55	128933.0	128041.0
56	128744.0	130609.0
57	130666.0	130292.0
58	128747.0	127593.0
59	129283.0	128074.0
60	130755.0	127341.0
61	128335.0	125652.0
62	127969.0	127926.0
63	128947.0	128692.0
64	127069.0	127310.0
65	126298.0	128478.0
66	128027.0	128423.0
67	126075.0	126404.0
68	125818.0	128304.0
69	127949.0	127535.0
70	126635.0	126106.0
71	126399.0	127517.0
72	127513.0	128025.0
73	124598.0	127587.0
74	124493.0	129728.0
75	126483.0	129629.0
76	124603.0	127238.0
77	124289.0	128302.0
78	125917.0	128128.0
79	123755.0	127693.0
80	124428.0	129978.0
81	125599.0	129714.0
82	123205.0	129112.0
83	122811.0	131460.0
84	124102.0	132155.0
85	122275.0	131150.0
86	122900.0	132587.0
87	125065.0	131073.0
88	124326.0	128206.0
89	123483.0	129718.0
90	125577.0	129867.0
91	123691.0	128849.0
92	123328.0	131027.0
93	124749.0	132602.0
94	122347.0	132681.0
95	121993.0	135382.0
96	123267.0	135833.0
97	122463.0	133600.0
98	123564.0	135250.0
99	125065.0	134241.0
100	123604.0	131914.0
101	123473.0	132985.0
102	125279.0	133558.0
103	123288.0	133650.0
104	121403.0	137333.0
105	123117.0	139140.0
106	121320.0	138957.0
107	121616.0	140805.0
108	124655.0	140329.0
109	123380.0	137733.0
110	123484.0	139126.0
111	125416.0	139207.0
112	123953.0	137466.0
113	123624.0	140863.0
114	124109.0	142280.0
115	122377.0	143256.0
116	121397.0	146580.0
117	123153.0	147709.0
118	122857.0	147116.0
119	123702.0	147677.0
120	125861.0	147363.0
121	125223.0	145426.0
122	125681.0	147203.0
123	126700.0	147807.0
124	124185.0	147706.0
125	123948.0	151483.0
126	125695.0	153613.0
127	124174.0	152627.0
128	125370.0	154726.0
129	127485.0	153793.0
130	125905.0	151307.0
131	126893.0	151844.0
132	128801.0	151983.0
133	126976.0	151460.0
134	127057.0	153715.0
135	128703.0	156022.0
136	126914.0	155802.0
137	127279.0	158461.0
138	129127.0	158964.0
139	128413.0	157240.0
140	129196.0	157371.0
141	131350.0	156847.0
142	130764.0	155784.0
143	131063.0	157518.0
144	133082.0	157651.0
145	131513.0	156355.0
146	132069.0	158524.0
147	133525.0	157542.0
148	132454.0	155849.0
149	133272.0	157094.0
150	135138.0	155828.0
151	133080.0	153985.0
152	134127.0	155565.0
153	135162.0	155785.0
154	133575.0	153790.0
155	133869.0	154546.0
156	135834.0	154980.0
157	134552.0	152728.0
158	134847.0	152772.0
159	136498.0	153083.0
160	135597.0	151086.0
161	135575.0	151573.0
162	137251.0	150632.0
163	136406.0	148470.0
164	136235.0	150245.0
165	137675.0	149909.0
166	136543.0	148409.0
167	136472.0	148565.0
168	137690.0	147914.0
169	136879.0	145967.0
170	136399.0	147063.0
171	138780.0	146255.0
172	136854.0	145171.0
173	136996.0	145499.0
174	138107.0	144953.0
175	136809.0	143542.0
176	136681.0	144191.0
177	138098.0	143378.0
178	136900.0	141975.0
179	136767.0	142529.0
180	138079.0	141534.0
181	136840.0	139552.0
182	136674.0	140308.0
183	138142.0	140030.0
184	136685.0	138607.0
185	136206.0	138716.0
186	138032.0	138957.0
187	135785.0	136652.0
188	136498.0	137600.0
189	137908.0	136805.0
190	136288.0	135360.0
191	135664.0	136424.0
192	137195.0	134855.0
193	135470.0	133532.0
194	135429.0	134497.0
195	135622.0	134254.0
196	134772.0	132772.0
197	134362.0	132751.0
198	135953.0	131821.0
199	134288.0	130459.0
200	134121.0	131121.0
201	134588.0	131036.0
202	133237.0	129156.0
203	133521.0	130857.0
204	134096.0	129808.0
205	132856.0	128969.0
206	132068.0	129392.0
207	133305.0	129180.0
208	131860.0	127355.0
209	131593.0	128937.0
210	132641.0	127943.0
211	130414.0	126707.0
212	130486.0	126909.0
213	131869.0	126766.0
214	130285.0	125497.0
215	129882.0	126926.0
216	130988.0	126369.0
217	129422.0	125929.0
218	128672.0	126184.0
219	129867.0	125438.0
220	128709.0	124194.0
221	128221.0	125700.0
222	129842.0	125272.0
223	128038.0	124363.0
224	127494.0	125507.0
225	128592.0	124814.0
226	127661.0	124480.0
227	126976.0	125065.0
228	127475.0	124656.0
229	126458.0	123687.0
230	126426.0	124907.0
231	127380.0	124215.0
232	126092.0	123658.0
233	125260.0	124116.0
234	126467.0	123754.0
235	125268.0	123413.0
236	125308.0	124447.0
237	126454.0	124172.0
238	124982.0	123614.0
239	124321.0	124256.0
240	125161.0	124383.0
241	124351.0	123191.0
242	124073.0	123589.0
243	124990.0	123583.0
244	123501.0	122859.0
245	122834.0	124659.0
246	123655.0	124536.0
247	122931.0	123691.0
248	122746.0	124948.0
249	124150.0	125061.0
250	123350.0	123632.0
251	123227.0	125051.0
252	124174.0	124877.0
253	122714.0	124064.0
254	122727.0	125136.0
255	123181.0	125960.0
256	123147.0	124416.0
257	122820.0	125938.0
258	123944.0	125588.0
259	122340.0	124259.0
260	122360.0	126115.0
261	123398.0	126622.0
262	122232.0	124944.0
263	122137.0	126514.0
264	123423.0	126615.0
265	122270.0	126233.0
266	122387.0	127525.0
267	123503.0	127514.0
268	123080.0	126153.0
269	123211.0	127549.0
270	123660.0	127966.0
271	122544.0	127429.0
272	122714.0	128771.0
273	123597.0	128247.0
274	122565.0	127592.0
275	122850.0	128611.0
276	124206.0	129180.0
277	122769.0	128223.0
278	122669.0	129341.0
279	124079.0	129728.0
280	122954.0	129544.0
281	123529.0	130345.0
282	124720.0	130221.0
283	123945.0	129839.0
284	123242.0	130775.0
285	125020.0	131367.0
286	124370.0	130654.0
287	123828.0	131711.0
288	124900.0	131542.0
289	124350.0	130706.0
290	123999.0	131812.0
291	126123.0	132380.0
292	124737.0	130771.0
293	124597.0	132284.0
294	125539.0	132611.0
295	125136.0	132051.0
296	125763.0	132973.0
297	126364.0	133203.0
298	125432.0	132408.0
299	125778.0	133723.0
300	126889.0	133487.0
301	125822.0	132930.0
302	126206.0	133900.0
303	126824.0	134099.0
304	126284.0	133866.0
305	126545.0	134453.0
306	127475.0	134884.0
307	126357.0	134235.0
308	127038.0	134988.0
309	128080.0	135405.0
310	127727.0	133984.0
311	127259.0	134748.0
312	128041.0	135323.0
313	128069.0	134474.0
314	127771.0	136121.0
315	129150.0	135643.0
316	127993.0	135156.0
317	128380.0	136069.0
318	129398.0	136066.0
319	128502.0	134896.0
320	128797.0	135699.0
321	129624.0	135375.0
322	128744.0	135057.0
323	129030.0	135877.0
324	130167.0	136385.0
325	129413.0	135569.0
326	129560.0	136111.0
327	130403.0	136152.0
328	129594.0	135248.0
329	130055.0	136801.0
330	131177.0	135873.0
331	129961.0	135061.0
332	130077.0	135416.0
333	130882.0	135897.0
334	130172.0	134845.0
335	130806.0	135389.0
336	131108.0	135130.0
337	130393.0	134379.0
338	130294.0	135423.0
339	130891.0	134828.0
340	130621.0	134337.0
341	130087.0	135008.0
342	131041.0	134183.0
343	130679.0	133257.0
344	131111.0	134040.0
345	131338.0	134023.0
346	131149.0	132804.0
347	131166.0	133913.0
348	132426.0	134128.0
349	130874.0	132650.0
350	130792.0	132950.0
351	132703.0	133605.0
352	131278.0	132170.0
353	131181.0	132285.0
354	132022.0	132330.0
355	131253.0	131589.0
356	131683.0	132012.0
357	131893.0	131714.0
358	130586.0	130710.0
359	131153.0	130418.0
360	131919.0	130595.0
361	130756.0	130404.0
362	131083.0	130691.0
363	131791.0	130430.0
364	130285.0	129246.0
365	130034.0	129609.0
366	131373.0	129272.0
367	130258.0	128827.0
368	130741.0	128856.0
369	130952.0	128484.0
370	130335.0	127833.0
371	130098.0	127562.0
372	130915.0	127409.0
373	129529.0	126563.0
374	129787.0	127912.0
375	130897.0	127174.0
376	129621.0	126898.0
377	128956.0	127143.0
378	130033.0	126644.0
379	128775.0	126013.0
380	129483.0	127139.0
381	129378.0	126721.0
382	128656.0	125648.0
383	128415.0	125962.0
384	128712.0	125915.0
385	128126.0	125276.0
386	128390.0	125567.0
387	128639.0	124922.0
388	128238.0	124043.0
389	128495.0	125326.0
390	128578.0	125189.0
391	127769.0	123966.0
392	126895.0	124581.0
393	127873.0	124086.0
394	126987.0	123685.0
395	127284.0	124228.0
396	127347.0	124215.0
397	126745.0	123882.0
398	126915.0	124272.0
399	127333.0	124072.0
400	126380.0	123178.0
401	126433.0	123649.0
402	126969.0	123931.0
403	126282.0	123239.0
404	125957.0	123380.0
405	126523.0	123025.0
406	125651.0	122927.0
407	125101.0	123601.0
408	125952.0	123257.0
409	125259.0	122856.0
410	124692.0	123342.0
411	125374.0	123843.0
412	124763.0	122834.0
413	124748.0	122845.0
414	124894.0	123648.0
415	124476.0	122639.0
416	124425.0	123017.0
417	125662.0	123513.0
418	124380.0	123421.0
419	124135.0	123442.0
420	124936.0	123685.0
421	124402.0	122823.0
422	124431.0	123186.0
423	124971.0	123819.0
424	124056.0	123601.0
425	123160.0	123883.0
426	124228.0	123884.0
427	123580.0	123563.0
428	123324.0	124244.0
429	124127.0	124392.0
430	123149.0	123870.0
431	122799.0	124510.0
432	123415.0	124336.0
433	123574.0	123906.0
434	123376.0	124504.0
435	123800.0	124551.0
436	122839.0	123585.0
437	123457.0	124750.0
438	123984.0	124511.0
439	123394.0	125062.0
440	123295.0	125231.0
441	123785.0	125530.0
442	123556.0	124666.0
443	122553.0	125656.0
444	124119.0	125362.0
445	123067.0	125293.0
446	123910.0	126246.0
447	123580.0	125864.0
448	123821.0	125655.0
449	123484.0	126812.0
450	124227.0	126003.0
451	123416.0	126057.0
452	123480.0	126653.0
453	123752.0	126383.0
454	123609.0	126442.0
455	123324.0	127119.0
456	124096.0	127589.0
457	123975.0	126823.0
458	123551.0	127017.0
459	124469.0	127050.0
460	123432.0	127335.0
461	124372.0	127920.0
462	125284.0	127380.0
463	123803.0	127454.0
464	124052.0	128297.0
465	125053.0	128491.0
466	124327.0	127736.0
467	123906.0	128461.0
468	125076.0	128013.0
469	124609.0	128511.0
470	124868.0	128083.0
471	125170.0	128283.0
472	124681.0	128452.0
473	124436.0	128454.0
474	125647.0	129219.0
475	124797.0	128857.0
476	125009.0	129694.0
477	126172.0	129170.0
478	125293.0	128345.0
479	126357.0	129087.0
480	125997.0	128768.0
481	125152.0	128519.0
482	125309.0	129566.0
483	125802.0	129597.0
484	125553.0	129574.0
485	125357.0	129698.0
486	126332.0	129794.0
487	125595.0	129406.0
488	125935.0	130409.0
489	126989.0	129818.0
490	126150.0	129437.0
491	125836.0	129972.0
492	127139.0	129962.0
493	126491.0	129105.0
494	126229.0	130205.0
495	127118.0	130025.0
496	126336.0	129653.0
497	126953.0	130413.0
498	127865.0	130452.0
499	126798.0	129390.0
500	126295.0	130355.0
501	127703.0	129849.0
502	127119.0	130111.0
503	126890.0	130096.0
504	127639.0	130170.0
505	127153.0	129104.0
506	127021.0	130174.0
507	127805.0	129872.0
508	127173.0	129372.0
509	126823.0	130361.0
510	127659.0	130336.0
511	126723.0	129771.0
512	126728.0	130487.0
513	127624.0	130131.0
514	127712.0	129394.0
515	127133.0	130039.0
516	128585.0	129856.0
517	127077.0	129593.0
518	128030.0	129863.0
519	128198.0	129894.0
520	128268.0	129335.0
521	127215.0	129401.0
522	127573.0	128987.0
523	127059.0	128422.0
524	128128.0	128974.0
525	127998.0	129119.0
526	127372.0	127784.0
527	127511.0	129526.0
528	128041.0	129644.0
529	127552.0	128949.0
530	127474.0	128673.0
531	128043.0	128975.0
532	127974.0	128341.0
533	127676.0	128714.0
534	127857.0	128351.0
535	126985.0	127986.0
536	127071.0	128719.0
537	127877.0	128243.0
538	127009.0	127704.0
539	127474.0	128065.0
540	128444.0	128066.0
541	127160.0	127111.0
542	127563.0	127205.0
543	127462.0	126759.0
544	127604.0	127320.0
545	127378.0	127549.0
546	127674.0	127410.0
547	127589.0	126813.0
548	127108.0	127111.0
549	126973.0	127063.0
550	127436.0	126507.0
551	126788.0	126806.0
552	127034.0	127033.0
553	127062.0	125713.0
554	126882.0	126906.0
555	127281.0	126094.0
556	127255.0	125630.0
557	126547.0	126162.0
558	126496.0	125625.0
559	126695.0	125457.0
560	127124.0	126232.0
561	126765.0	125615.0
562	126487.0	125244.0
563	126705.0	125240.0
564	126942.0	125154.0
565	126317.0	124776.0
566	125690.0	125174.0
567	126475.0	125443.0
568	125719.0	124589.0
569	126377.0	125021.0
570	126249.0	124622.0
571	126021.0	124610.0
572	125657.0	124942.0
573	126333.0	124699.0
574	126011.0	124282.0
575	125368.0	123973.0
576	126182.0	124417.0
577	125369.0	123646.0
578	124965.0	123740.0
579	125988.0	124248.0
580	125142.0	124296.0
581	125217.0	124341.0
582	125528.0	124847.0
583	124787.0	123844.0
584	125223.0	124441.0
585	125969.0	124419.0
586	125342.0	124421.0
587	125423.0	124807.0
588	125294.0	124224.0
589	124899.0	123661.0
590	125746.0	123629.0
591	125825.0	124292.0
592	125411.0	123650.0
593	124516.0	123922.0
594	125067.0	124444.0
595	124414.0	124002.0
596	124793.0	124401.0
597	124811.0	124576.0
598	124363.0	123611.0
599	124939.0	124350.0
600	125217.0	124345.0
601	124904.0	123632.0
602	124131.0	124652.0
603	124922.0	123946.0
604	124460.0	123818.0
605	123766.0	124820.0
606	124660.0	123910.0
607	124213.0	124420.0
608	124657.0	124734.0
609	124969.0	125014.0
610	123797.0	124739.0
611	123821.0	124770.0
612	124691.0	125022.0
613	123342.0	124426.0
614	124272.0	124600.0
615	124652.0	125164.0
616	124479.0	124353.0
617	124925.0	125058.0
618	124436.0	124798.0
619	123839.0	124177.0
620	124165.0	125090.0
621	124860.0	125582.0
622	123638.0	124727.0
623	124423.0	125492.0
624	125125.0	124887.0
625	124289.0	125290.0
626	124297.0	125393.0
627	125005.0	125588.0
628	124402.0	125285.0
629	124600.0	125496.0
630	125244.0	125521.0
631	124362.0	125143.0
632	124317.0	125430.0
633	123858.0	125623.0
634	124067.0	125866.0
635	123930.0	126531.0
636	124710.0	126200.0
637	124561.0	125139.0
638	123905.0	126610.0
639	125304.0	126418.0
640	124791.0	125928.0
641	124878.0	126440.0
642	125281.0	126038.0
643	124490.0	126123.0
644	124754.0	126233.0
645	125211.0	126552.0
646	124437.0	126110.0
647	125213.0	126559.0
648	125123.0	126683.0
649	123763.0	126141.0
650	124686.0	126511.0
651	124312.0	126715.0
652	124548.0	126821.0
653	124783.0	126957.0
654	125671.0	127811.0
655	125270.0	126162.0
656	125028.0	126660.0
657	125006.0	127230.0
658	124737.0	127019.0
659	125144.0	127424.0
660	125367.0	127207.0
661	125176.0	126611.0
662	125029.0	127387.0
663	126030.0	127206.0
664	125632.0	126441.0
665	125419.0	127515.0
666	125552.0	126968.0
667	124922.0	126653.0
668	125203.0	127039.0
669	125517.0	127668.0
670	125216.0	126630.0
671	125886.0	127203.0
672	125654.0	127508.0
673	125578.0	126409.0
674	125006.0	126885.0
675	125968.0	126997.0
676	125434.0	126542.0
677	125798.0	127337.0
678	126008.0	126720.0
679	125220.0	127029.0
680	125163.0	126684.0
681	125677.0	126804.0
682	125502.0	126510.0
683	124989.0	127154.0
684	125888.0	126847.0
685	125871.0	126787.0
686	125782.0	126756.0
687	126007.0	126828.0
688	124759.0	126744.0
689	125216.0	127097.0
690	125785.0	126857.0
691	125897.0	126196.0
692	125253.0	126860.0
693	125772.0	126955.0
694	125756.0	126707.0
695	125263.0	127188.0
696	126510.0	128040.0
697	126209.0	127258.0
698	125440.0	127081.0
699	125662.0	126890.0
700	125432.0	126567.0
701	125844.0	126524.0
702	125614.0	127145.0
703	125036.0	126880.0
704	125720.0	127382.0
705	125614.0	126086.0
706	125367.0	126023.0
707	125228.0	126176.0
708	126113.0	126205.0
709	125655.0	125697.0
710	125172.0	126698.0
711	125766.0	126387.0
712	124980.0	126434.0
713	125525.0	126419.0
714	125833.0	126689.0
715	126014.0	126948.0
716	125535.0	127094.0
717	125711.0	126305.0
718	126019.0	125966.0
719	125926.0	126008.0
720	126117.0	126100.0
721	125655.0	126050.0
722	125739.0	125867.0
723	126116.0	125666.0
724	125857.0	125616.0
725	125444.0	125544.0
726	126012.0	126031.0
727	125365.0	125814.0
728	125499.0	125728.0
729	125569.0	126078.0
730	125871.0	125520.0
731	126385.0	125826.0
732	126191.0	125818.0
733	125271.0	125078.0
734	125780.0	125760.0
735	125464.0	126097.0
736	125293.0	125698.0
737	125090.0	125825.0
738	125706.0	125505.0
739	125382.0	124931.0
740	125723.0	125217.0
741	125682.0	125661.0
742	125437.0	124622.0
743	124799.0	125270.0
744	125416.0	124848.0
745	125842.0	124344.0
746	125569.0	125019.0
747	125621.0	125111.0
748	124657.0	124780.0
749	125036.0	125511.0
750	124784.0	125148.0
751	125051.0	125166.0
752	124850.0	124710.0
753	125579.0	124973.0
754	124967.0	124245.0
755	124706.0	125126.0
756	125022.0	124972.0
757	125144.0	125046.0
758	124814.0	124877.0
759	125403.0	125122.0
760	124337.0	124907.0
761	125092.0	124517.0
762	125409.0	125508.0
763	124574.0	124560.0
764	125327.0	124634.0
765	125541.0	124876.0
766	124695.0	124569.0
767	124689.0	125146.0
768	124640.0	124928.0
769	124742.0	124504.0
770	124951.0	124625.0
771	125215.0	125143.0
772	124775.0	124593.0
773	124646.0	124985.0
774	125029.0	124651.0
775	125249.0	124283.0
776	124933.0	124676.0
777	124802.0	124719.0
778	125149.0	124731.0
779	124809.0	125597.0
780	125250.0	125074.0
781	124656.0	125024.0
782	124250.0	125182.0
783	124905.0	125037.0
784	124184.0	124221.0
785	124235.0	125061.0
786	124761.0	124882.0
787	124052.0	124650.0
788	124124.0	124962.0
789	125240.0	124884.0
790	124768.0	124547.0
791	124819.0	124774.0
792	125463.0	125561.0
793	124777.0	125081.0
794	125012.0	124888.0
795	124920.0	124790.0
796	124593.0	124989.0
797	124311.0	125311.0
798	124883.0	125109.0
799	124712.0	124937.0
800	124822.0	125061.0
801	125073.0	124679.0
802	124270.0	124743.0
803	123816.0	125093.0
804	124893.0	125035.0
805	124486.0	124816.0
806	124825.0	125387.0
807	124612.0	125508.0
808	124795.0	124402.0
809	124552.0	124825.0
810	125000.0	125470.0
811	125010.0	124950.0
812	124383.0	124536.0
813	124812.0	124832.0
814	124566.0	125274.0
815	125030.0	125120.0
816	124567.0	125389.0
817	125382.0	125031.0
818	124763.0	125151.0
819	124989.0	125624.0
820	124343.0	124674.0
821	124326.0	125539.0
822	124620.0	125288.0
823	124320.0	125053.0
824	124966.0	125411.0
825	124982.0	125370.0
826	124848.0	124893.0
827	124413.0	125342.0
828	124957.0	125579.0
829	124529.0	124913.0
830	124273.0	125563.0
831	125502.0	125339.0
832	124171.0	125367.0
833	124567.0	125278.0
834	124925.0	125675.0
835	124355.0	124727.0
836	124618.0	125403.0
837	124763.0	125565.0
838	124335.0	124876.0
839	124016.0	125619.0
840	124845.0	125138.0
841	124292.0	125342.0
842	124184.0	125257.0
843	124447.0	125204.0
844	123910.0	125036.0
845	124421.0	125387.0
846	124818.0	125339.0
847	124681.0	124907.0
848	124210.0	125390.0
849	124750.0	125392.0
850	124319.0	125092.0
851	124540.0	125200.0
852	124282.0	125749.0
853	124749.0	124941.0
854	124653.0	125450.0
855	124467.0	125191.0
856	123896.0	125017.0
857	123774.0	125513.0
858	124618.0	124993.0
859	123687.0	125181.0
860	124208.0	125410.0
861	124236.0	125281.0
862	124097.0	124864.0
863	124119.0	124858.0
864	124368.0	124915.0
865	124489.0	124821.0
866	124074.0	125495.0
867	124167.0	125157.0
868	124402.0	124992.0
869	124392.0	125495.0
870	124796.0	124673.0
871	124135.0	124480.0
872	124448.0	125304.0
873	124644.0	125610.0
874	123551.0	125367.0
875	123746.0	125672.0
876	124721.0	125549.0
877	124187.0	125725.0
878	124711.0	125047.0
879	124360.0	125176.0
880	124078.0	125582.0
881	123912.0	125736.0
882	124218.0	125839.0
883	124014.0	125079.0
884	124407.0	125966.0
885	124465.0	124599.0
886	124355.0	125030.0
887	124537.0	125277.0
888	125259.0	124957.0
889	124559.0	124865.0
890	124558.0	125786.0
891	124306.0	125353.0
892	124624.0	125208.0
893	124088.0	125160.0
894	124346.0	125488.0
895	124310.0	124934.0
896	124109.0	124929.0
897	124580.0	126154.0
898	123931.0	125547.0
899	124460.0	125348.0
900	124765.0	125095.0
901	124107.0	124961.0
902	124539.0	126027.0
903	124888.0	125132.0
904	124168.0	125163.0
905	124772.0	125071.0
906	124690.0	125262.0
907	124312.0	124811.0
908	123881.0	124956.0
909	124435.0	124968.0
910	124107.0	125271.0
911	124459.0	125688.0
912	124279.0	125568.0
913	124393.0	124976.0
914	123903.0	124755.0
915	124790.0	125315.0
916	124317.0	125300.0
917	124411.0	125104.0
918	123845.0	125235.0
919	124047.0	125589.0
920	124221.0	124918.0
921	124933.0	125143.0
922	124402.0	124909.0
923	124484.0	124268.0
924	124451.0	125245.0
925	124580.0	125131.0
926	124628.0	124937.0
927	124265.0	124942.0
928	123948.0	125137.0
929	123930.0	125437.0
930	124437.0	125507.0
931	124344.0	125085.0
932	124538.0	125085.0
933	124168.0	125115.0
934	124779.0	125072.0
935	124574.0	125222.0
936	124401.0	124878.0
937	124047.0	124185.0
938	124287.0	125032.0
939	124483.0	124772.0
940	124645.0	125024.0
941	124496.0	124331.0
942	124809.0	124730.0
943	124236.0	124956.0
944	124497.0	124442.0
945	124961.0	125453.0
946	124439.0	124783.0
947	124431.0	125042.0
948	124269.0	125620.0
949	124334.0	124713.0
950	124951.0	124481.0
951	124902.0	124929.0
952	124654.0	124498.0
953	124099.0	124895.0
954	124640.0	125413.0
955	124295.0	124936.0
956	124806.0	124284.0
957	124977.0	125004.0
958	124331.0	124707.0
959	124798.0	125069.0
960	124375.0	124988.0
961	124399.0	124410.0
962	124586.0	125035.0
963	124372.0	124877.0
964	125042.0	124375.0
965	124917.0	124776.0
966	124539.0	124795.0
967	125118.0	124506.0
968	124180.0	124877.0
969	124471.0	124586.0
970	124464.0	124344.0
971	124173.0	125012.0
972	124686.0	124511.0
973	125233.0	124545.0
974	124396.0	125215.0
975	124343.0	124411.0
976	124302.0	124436.0
977	124475.0	123827.0
978	125439.0	124887.0
979	124294.0	124264.0
980	124669.0	124025.0
981	124485.0	124387.0
982	124288.0	124059.0
983	124947.0	124786.0
984	125118.0	124482.0
985	123961.0	124182.0
986	123596.0	124397.0
987	124868.0	123937.0
988	124547.0	124131.0
989	124047.0	125005.0
990	124459.0	125071.0
991	123875.0	124396.0
992	124318.0	124566.0
993	124508.0	124629.0
994	124497.0	124374.0
995	124092.0	124989.0
996	124234.0	124489.0
997	124412.0	124356.0
998	124005.0	124228.0
999	124627.0	124099.0
1000	123839.0	124648.0
1001	123764.0	124344.0
1002	123602.0	124318.0
1003	124297.0	124583.0
1004	124012.0	124293.0
1005	124497.0	124010.0
1006	123618.0	123935.0
1007	124040.0	124425.0
1008	124403.0	123869.0
1009	124319.0	123996.0
1010	123874.0	124251.0
1011	123713.0	123801.0
1012	123754.0	124751.0
1013	123700.0	124594.0
1014	123969.0	124557.0
1015	123653.0	123564.0
1016	123239.0	124324.0
1017	123946.0	123991.0
1018	123072.0	124390.0
1019	123408.0	123762.0
1020	123267.0	124270.0
1021	123481.0	124117.0
1022	123928.0	124297.0
1023	123553.0	124434.0
1024	123297.0	123769.0
1025	123673.0	124433.0
1026	123864.0	124283.0
1027	123216.0	124115.0
1028	123448.0	124187.0
1029	123527.0	124076.0
1030	122916.0	123742.0
1031	123249.0	124008.0
1032	123768.0	124138.0
1033	123748.0	123955.0
1034	123029.0	124314.0
1035	123646.0	124119.0
1036	123463.0	124283.0
1037	123759.0	124016.0
1038	122912.0	123729.0
1039	123133.0	124158.0
1040	123848.0	124334.0
1041	123722.0	123718.0
1042	123378.0	123736.0
1043	123446.0	124436.0
1044	123476.0	124585.0
1045	123362.0	123872.0
1046	123651.0	124237.0
1047	123629.0	124310.0
1048	122649.0	124143.0
1049	123345.0	124443.0
1050	123398.0	124214.0
1051	122857.0	124348.0
1052	124045.0	124190.0
1053	123879.0	124295.0
1054	123459.0	123628.0
1055	123073.0	124340.0
1056	123243.0	124063.0
1057	122968.0	124019.0
1058	123070.0	124793.0
1059	123226.0	124754.0
1060	122858.0	123800.0
1061	123173.0	123782.0
1062	123144.0	124765.0
1063	122968.0	124460.0
1064	123030.0	124438.0
1065	123426.0	124102.0
1066	123198.0	124214.0
1067	123868.0	124420.0
1068	124217.0	124349.0
1069	123665.0	123911.0
1070	123514.0	124255.0
1071	124160.0	124115.0
1072	123327.0	124341.0
1073	123281.0	124588.0
1074	123439.0	124523.0
1075	123206.0	124494.0
1076	123053.0	124462.0
1077	123615.0	124292.0
1078	123753.0	124373.0
1079	123172.0	124507.0
1080	123662.0	124083.0
1081	124040.0	124312.0
1082	123051.0	123734.0
1083	123691.0	124298.0
1084	123193.0	124017.0
1085	123200.0	124493.0
1086	123556.0	124430.0
1087	123643.0	123953.0
1088	124002.0	124748.0
1089	123250.0	124804.0
1090	123038.0	124428.0
1091	123710.0	124226.0
1092	123298.0	124431.0
1093	123692.0	124606.0
1094	123041.0	124726.0
1095	123248.0	124720.0
1096	122968.0	124702.0
1097	123374.0	124559.0
1098	123982.0	124952.0
1099	123553.0	124474.0
1100	124047.0	124201.0
1101	123231.0	125038.0
1102	123451.0	124715.0
1103	123418.0	124349.0
1104	123695.0	124588.0
1105	123299.0	124576.0
1106	123754.0	124563.0
1107	123574.0	124860.0
1108	124129.0	124956.0
1109	123685.0	125328.0
1110	123929.0	124481.0
1111	124552.0	124443.0
1112	123985.0	125029.0
1113	123689.0	124304.0
1114	123905.0	124383.0
1115	124198.0	124637.0
1116	123691.0	124614.0
1117	123343.0	124702.0
1118	123726.0	124972.0
1119	123825.0	124147.0
1120	123651.0	124332.0
1121	123752.0	124083.0
1122	123684.0	124622.0
1123	123491.0	124651.0
1124	122940.0	124828.0
1125	123719.0	124682.0
1126	123783.0	124638.0
1127	124206.0	124450.0
1128	124367.0	124590.0
1129	124315.0	124132.0
1130	123409.0	124556.0
1131	123700.0	125211.0
1132	123391.0	124706.0
1133	123917.0	124998.0
1134	123997.0	124511.0
1135	123887.0	124120.0
1136	123923.0	124231.0
1137	124608.0	124093.0
1138	123933.0	124038.0
1139	124033.0	124632.0
1140	123991.0	124660.0
1141	123789.0	123872.0
1142	123832.0	124673.0
1143	123949.0	124241.0
1144	123990.0	124502.0
1145	123300.0	124355.0
1146	123904.0	124312.0
1147	124023.0	124564.0
1148	123669.0	123971.0
1149	123904.0	124014.0
1150	124016.0	123676.0
1151	123769.0	123908.0
1152	123788.0	123947.0
1153	123481.0	124134.0
1154	123894.0	124378.0
1155	123682.0	123792.0
1156	123052.0	124018.0
1157	124093.0	124497.0
1158	123845.0	124213.0
1159	123752.0	123936.0
1160	123857.0	124213.0
1161	123381.0	124465.0
1162	123539.0	123295.0
1163	124108.0	124188.0
1164	123447.0	124098.0
1165	123414.0	123740.0
1166	123889.0	124396.0
1167	123840.0	123623.0
1168	123545.0	123426.0
1169	124032.0	123800.0
1170	123737.0	123845.0
1171	123929.0	123799.0
1172	123522.0	123246.0
1173	123716.0	123256.0
1174	123701.0	123310.0
1175	123399.0	123491.0
1176	123254.0	123321.0
1177	123395.0	123723.0
1178	123277.0	123891.0
1179	123568.0	123569.0
1180	123377.0	123080.0
1181	123443.0	123601.0
1182	123244.0	123847.0
1183	123918.0	123280.0
1184	123600.0	123695.0
1185	123236.0	123155.0
1186	123307.0	123656.0
1187	123225.0	123308.0
1188	123568.0	123010.0
1189	123068.0	122674.0
1190	123483.0	123722.0
1191	123175.0	122902.0
1192	122804.0	123249.0
1193	122763.0	123138.0
1194	123091.0	123542.0
1195	122354.0	123948.0
1196	123184.0	123456.0
1197	123337.0	123152.0
1198	123179.0	122826.0
1199	122762.0	123745.0
1200	123105.0	123130.0
1201	122828.0	123065.0
1202	122844.0	123176.0
1203	123030.0	123824.0
1204	122498.0	122466.0
1205	122144.0	122997.0
1206	122659.0	122669.0
1207	122701.0	123497.0
1208	123039.0	123646.0
1209	123295.0	123542.0
1210	123008.0	123043.0
1211	123423.0	123443.0
1212	123286.0	123449.0
1213	123128.0	123099.0
1214	122528.0	123308.0
1215	122867.0	123801.0
1216	122966.0	123086.0
1217	122579.0	123745.0
1218	122977.0	122997.0
1219	122265.0	123793.0
1220	122993.0	122813.0
1221	122659.0	123210.0
1222	122569.0	123342.0
1223	122757.0	122826.0
1224	123231.0	123424.0
1225	122450.0	123129.0
1226	123307.0	122853.0
1227	122671.0	124008.0
1228	122855.0	123630.0
1229	122865.0	123328.0
1230	122761.0	123292.0
1231	122612.0	123546.0
1232	122317.0	123325.0
1233	122749.0	123727.0
1234	122120.0	123153.0
1235	121627.0	123152.0
1236	122749.0	123900.0
1237	123011.0	123423.0
1238	122734.0	124102.0
1239	122842.0	123460.0
1240	121664.0	123469.0
1241	121954.0	123970.0
1242	122504.0	123443.0
1243	122462.0	122946.0
1244	122573.0	123586.0
1245	122239.0	123514.0
1246	122062.0	123706.0
1247	123127.0	123508.0
1248	122667.0	123122.0
1249	123134.0	123728.0
1250	122741.0	123158.0
1251	122675.0	123045.0
1252	122692.0	123313.0
1253	122478.0	123425.0
1254	122380.0	123348.0
1255	122241.0	123460.0
1256	123036.0	123757.0
1257	122377.0	124246.0
1258	121950.0	123788.0
1259	122135.0	123445.0
1260	122880.0	123620.0
1261	122543.0	123870.0
1262	123049.0	123661.0
1263	122574.0	123215.0
1264	122736.0	123879.0
1265	122990.0	124160.0
1266	122818.0	123304.0
1267	122985.0	123708.0
1268	122871.0	123537.0
1269	123086.0	124042.0
1270	122831.0	123743.0
1271	122448.0	123448.0
1272	123043.0	123668.0
1273	123126.0	123370.0
1274	122829.0	123722.0
1275	122883.0	124612.0
1276	122520.0	124482.0
1277	123174.0	123855.0
1278	123256.0	123661.0
1279	123361.0	123875.0
1280	123506.0	123186.0
1281	123550.0	123833.0
1282	122808.0	123723.0
1283	123251.0	123610.0
1284	123434.0	123959.0
1285	123165.0	124039.0
1286	123715.0	123568.0
1287	123161.0	124309.0
1288	122772.0	123605.0
1289	122637.0	124065.0
1290	123274.0	124388.0
1291	122873.0	123856.0
1292	122774.0	124445.0
1293	123023.0	123550.0
1294	123546.0	123914.0
1295	123481.0	123995.0
1296	123474.0	124190.0
1297	123035.0	123474.0
1298	123187.0	124244.0
1299	123174.0	123425.0
1300	123368.0	123899.0
1301	123408.0	124016.0
1302	123257.0	123630.0
1303	123706.0	123586.0
1304	123552.0	122975.0
1305	123262.0	123655.0
1306	123192.0	123672.0
1307	123403.0	123714.0
1308	122860.0	123693.0
1309	122846.0	123118.0
1310	122774.0	124058.0
1311	123153.0	123967.0
1312	123458.0	123430.0
1313	122940.0	123752.0
1314	123401.0	123768.0
1315	123367.0	123478.0
1316	123384.0	124001.0
1317	123724.0	123797.0
1318	123350.0	123404.0
1319	123546.0	123883.0
1320	123175.0	123567.0
1321	123564.0	123053.0
1322	123236.0	123621.0
1323	124107.0	123393.0
1324	122855.0	123472.0
1325	122759.0	123861.0
1326	123383.0	123805.0
1327	123089.0	123596.0
1328	123283.0	123178.0
1329	122514.0	123316.0
1330	122994.0	122985.0
1331	122961.0	123332.0
1332	123044.0	123006.0
1333	122447.0	122763.0
1334	122707.0	123569.0
1335	123104.0	123726.0
1336	122734.0	123327.0
1337	122828.0	122991.0
1338	123429.0	122696.0
1339	123006.0	123579.0
1340	123125.0	122997.0
1341	123056.0	123181.0
1342	123208.0	123076.0
1343	122659.0	123554.0
1344	123140.0	123575.0
1345	122932.0	123315.0
1346	122296.0	123357.0
1347	122891.0	123293.0
1348	122800.0	122846.0
1349	122468.0	123042.0
1350	123051.0	123487.0
1351	123504.0	123065.0
1352	122464.0	122862.0
1353	122561.0	123205.0
1354	122693.0	122623.0
1355	122569.0	123194.0
1356	122554.0	122633.0
1357	122970.0	122585.0
1358	122216.0	123142.0
1359	122409.0	123577.0
1360	122658.0	122557.0
1361	122026.0	122521.0
1362	122942.0	123048.0
1363	122574.0	122696.0
1364	123200.0	122626.0
1365	123042.0	122721.0
1366	122735.0	122887.0
1367	122142.0	122852.0
1368	122026.0	123086.0
1369	122308.0	122919.0
1370	122346.0	123137.0
1371	122020.0	123028.0
1372	122581.0	122236.0
1373	122906.0	122584.0
1374	122685.0	122417.0
1375	122123.0	122521.0
1376	122065.0	122643.0
1377	122196.0	122912.0
1378	122200.0	123674.0
1379	122399.0	122700.0
1380	122666.0	122742.0
1381	122320.0	122423.0
1382	122633.0	122733.0
1383	122325.0	122856.0
1384	122375.0	122378.0
1385	122204.0	122870.0
1386	122491.0	122621.0
1387	122375.0	122248.0
1388	122163.0	122827.0
1389	122168.0	123335.0
1390	122517.0	122437.0
1391	123028.0	122369.0
1392	122234.0	122722.0
1393	122276.0	122563.0
1394	122495.0	122172.0
1395	122165.0	122334.0
1396	121830.0	122878.0
1397	122338.0	122598.0
1398	122286.0	122499.0
1399	122208.0	122041.0
1400	122031.0	122899.0
1401	121866.0	122746.0
1402	122496.0	123088.0
1403	122341.0	122966.0
1404	122279.0	123280.0
1405	122452.0	123300.0
1406	121726.0	122427.0
1407	122161.0	122935.0
1408	122391.0	123354.0
1409	122202.0	123240.0
1410	122259.0	122582.0
1411	122060.0	122744.0
1412	122166.0	122241.0
1413	122450.0	122749.0
1414	122051.0	122497.0
1415	122566.0	122898.0
1416	122249.0	122664.0
1417	122133.0	123066.0
1418	121844.0	122724.0
1419	121997.0	123060.0
1420	122254.0	123208.0
1421	122082.0	122813.0
1422	122273.0	122843.0
1423	122042.0	123333.0
1424	122541.0	123397.0
1425	122505.0	122852.0
1426	121950.0	122944.0
1427	122252.0	122957.0
1428	122342.0	123439.0
1429	122371.0	122589.0
1430	122237.0	123043.0
1431	122779.0	123070.0
1432	122748.0	123013.0
1433	122329.0	123519.0
1434	121970.0	123139.0
1435	122761.0	122783.0
1436	122371.0	122343.0
1437	122280.0	123192.0
1438	122108.0	122482.0
1439	122036.0	123071.0
1440	122161.0	123568.0
1441	122462.0	123050.0
1442	122490.0	122771.0
1443	122229.0	122655.0
1444	122790.0	122962.0
1445	121972.0	123127.0
1446	122615.0	123890.0
1447	122908.0	123642.0
1448	122336.0	123293.0
1449	122146.0	123312.0
1450	122475.0	123587.0
1451	122531.0	123261.0
1452	122501.0	123349.0
1453	122385.0	123287.0
1454	122694.0	123645.0
1455	122719.0	123236.0
1456	122245.0	123348.0
1457	122162.0	123678.0
1458	122722.0	123245.0
1459	122820.0	123168.0
1460	122924.0	122874.0
1461	122900.0	123009.0
1462	122650.0	122919.0
1463	123110.0	123178.0
1464	122595.0	122947.0
1465	122226.0	123031.0
1466	122112.0	122963.0
1467	122678.0	123778.0
1468	122361.0	123568.0
1469	122503.0	123400.0
1470	122276.0	123456.0
1471	122384.0	123322.0
1472	122410.0	123265.0
1473	122787.0	123030.0
1474	122781.0	123313.0
1475	122684.0	122944.0
1476	122547.0	122822.0
1477	122726.0	122518.0
1478	122612.0	123327.0
1479	122049.0	123370.0
1480	123500.0	123758.0
1481	122617.0	123439.0
1482	122697.0	123059.0
1483	121819.0	122465.0
1484	122351.0	123386.0
1485	122643.0	122845.0
1486	122713.0	123328.0
1487	122257.0	122839.0
1488	122385.0	122894.0
1489	122566.0	123104.0
1490	122674.0	122979.0
1491	122636.0	123099.0
1492	122282.0	123145.0
1493	122302.0	123332.0
1494	122280.0	122511.0
1495	122317.0	123044.0
1496	122148.0	123286.0
1497	122654.0	123557.0
1498	123091.0	123068.0
1499	123101.0	122305.0
1500	123171.0	122677.0
1501	122283.0	122696.0
1502	122170.0	122403.0
1503	122059.0	123246.0
1504	122225.0	123318.0
1505	122955.0	123335.0
1506	122725.0	122894.0
1507	122883.0	123077.0
1508	122734.0	122766.0
1509	122567.0	122385.0
1510	122437.0	122770.0
1511	122083.0	122881.0
1512	122484.0	122889.0
1513	122627.0	122936.0
1514	122140.0	122258.0
1515	122346.0	121828.0
1516	122576.0	122506.0
1517	122113.0	122299.0
1518	121873.0	122248.0
1519	122011.0	122851.0
1520	122131.0	122442.0
1521	122225.0	122532.0
1522	122409.0	122304.0
1523	122283.0	122674.0
1524	122712.0	123133.0
1525	122567.0	122280.0
1526	122237.0	121968.0
1527	122034.0	122387.0
1528	121759.0	122136.0
1529	121622.0	122330.0
1530	122119.0	122217.0
1531	121579.0	122915.0
1532	122210.0	122813.0
1533	122040.0	122484.0
1534	121934.0	121779.0
1535	122332.0	122386.0
1536	122359.0	122514.0
1537	122139.0	122652.0
1538	122300.0	122905.0
1539	121885.0	122674.0
1540	121738.0	122486.0
1541	121956.0	122679.0
1542	121805.0	122472.0
1543	122527.0	122097.0
1544	122937.0	122210.0
1545	122068.0	121689.0
1546	122275.0	122399.0
1547	121790.0	122398.0
1548	121871.0	122642.0
1549	122464.0	122434.0
1550	121704.0	122217.0
1551	122153.0	122628.0
1552	121804.0	122855.0
1553	121597.0	122375.0
1554	121938.0	122642.0
1555	122118.0	122102.0
1556	121609.0	122113.0
1557	122010.0	122332.0
1558	121909.0	122138.0
1559	122518.0	122477.0
1560	121997.0	122569.0
1561	121839.0	122649.0
1562	121479.0	122116.0
1563	121619.0	122190.0
1564	121852.0	122059.0
1565	121913.0	121848.0
1566	122205.0	121789.0
1567	121611.0	122164.0
1568	122018.0	122905.0
1569	122576.0	122844.0
1570	121674.0	121723.0
1571	121455.0	122355.0
1572	121548.0	122957.0
1573	121848.0	122498.0
1574	121871.0	122639.0
1575	121545.0	122814.0
1576	121609.0	122477.0
1577	121811.0	122265.0
1578	122091.0	122363.0
1579	122218.0	123016.0
1580	121977.0	122291.0
1581	122371.0	122213.0
1582	122265.0	122308.0
1583	122151.0	123239.0
1584	121926.0	122518.0
1585	122026.0	122886.0
1586	121809.0	122302.0
1587	122191.0	122561.0
1588	121486.0	122728.0
1589	121257.0	122683.0
1590	122107.0	122906.0
1591	121742.0	122614.0
1592	122128.0	122508.0
1593	121526.0	122517.0
1594	121667.0	122931.0
1595	122218.0	122685.0
1596	122360.0	122413.0
1597	121661.0	122988.0
1598	121616.0	122678.0
1599	121882.0	122725.0
1600	121606.0	122215.0
1601	121961.0	122478.0
1602	121492.0	122395.0
1603	122024.0	122093.0
1604	121900.0	123277.0
1605	122584.0	122719.0
1606	121585.0	122320.0
1607	122028.0	122632.0
1608	121958.0	122148.0
1609	122119.0	122388.0
1610	122143.0	122545.0
1611	121903.0	122698.0
1612	121743.0	121823.0
1613	121833.0	122515.0
1614	122033.0	122460.0
1615	121854.0	122263.0
1616	121506.0	123144.0
1617	122418.0	122702.0
1618	121903.0	122433.0
1619	121189.0	122092.0
1620	121806.0	122593.0
1621	121989.0	122756.0
1622	121988.0	122571.0
1623	122083.0	122273.0
1624	121298.0	122057.0
1625	122165.0	122258.0
1626	121913.0	122227.0
1627	122014.0	122107.0
1628	121822.0	122782.0
1629	121883.0	122327.0
1630	122136.0	122425.0
1631	122268.0	123175.0
1632	122145.0	122670.0
1633	121697.0	122865.0
1634	122167.0	121786.0
1635	121574.0	122436.0
1636	121790.0	122229.0
1637	121183.0	122719.0
1638	121830.0	122607.0
1639	121648.0	122435.0
1640	121820.0	122928.0
1641	121975.0	122793.0
1642	122081.0	122094.0
1643	122181.0	122531.0
1644	121983.0	122253.0
1645	122432.0	121935.0
1646	122519.0	122089.0
1647	121909.0	122326.0
1648	122085.0	122532.0
1649	122004.0	122899.0
1650	121419.0	122864.0
1651	121914.0	122717.0
1652	122514.0	122316.0
1653	122044.0	122015.0
1654	121861.0	122020.0
1655	121465.0	122650.0
1656	121868.0	122876.0
1657	121462.0	122412.0
1658	122537.0	122476.0
1659	121262.0	122631.0
1660	121704.0	122433.0
1661	121977.0	122274.0
1662	121764.0	123146.0
1663	121526.0	122859.0
1664	121655.0	123173.0
1665	121697.0	122862.0
1666	121851.0	122222.0
1667	122149.0	122500.0
1668	122225.0	122523.0
1669	121967.0	122252.0
1670	122225.0	122336.0
1671	121909.0	122638.0
1672	121425.0	122151.0
1673	121234.0	122037.0
1674	121991.0	122496.0
1675	121519.0	122473.0
1676	121277.0	122591.0
1677	121406.0	122026.0
1678	122115.0	122421.0
1679	121758.0	122633.0
1680	121712.0	122434.0
1681	121631.0	122558.0
1682	121816.0	121901.0
1683	122057.0	121940.0
1684	121528.0	122221.0
1685	121809.0	122090.0
1686	121901.0	122185.0
1687	121872.0	122413.0
1688	121857.0	121809.0
1689	122512.0	122512.0
1690	121333.0	122202.0
1691	121957.0	122506.0
1692	121785.0	122287.0
1693	121851.0	121917.0
1694	121615.0	122298.0
1695	121920.0	122324.0
1696	121897.0	121807.0
1697	121833.0	122211.0
1698	121796.0	121938.0
1699	121310.0	121235.0
1700	122019.0	122339.0
1701	121647.0	122461.0
1702	122477.0	122121.0
1703	121439.0	122157.0
1704	121434.0	122515.0
1705	122095.0	122172.0
1706	121930.0	121810.0
1707	121589.0	122169.0
1708	122000.0	122430.0
1709	121337.0	122283.0
1710	121084.0	121825.0
1711	121558.0	121698.0
1712	122020.0	121579.0
1713	121659.0	121873.0
1714	120957.0	121831.0
1715	121842.0	122205.0
1716	121615.0	122248.0
1717	121368.0	121936.0
1718	121953.0	121659.0
1719	121328.0	121927.0
1720	121369.0	122018.0
1721	121760.0	122625.0
1722	121559.0	122091.0
1723	121415.0	121922.0
1724	120656.0	121928.0
1725	121170.0	122847.0
1726	121385.0	121235.0
1727	121326.0	122014.0
1728	121392.0	121814.0
1729	121191.0	121852.0
1730	121240.0	121823.0
1731	121387.0	121603.0
1732	121775.0	122291.0
1733	121413.0	121533.0
1734	121112.0	121656.0
1735	120534.0	121902.0
1736	120834.0	121929.0
1737	121287.0	121764.0
1738	121361.0	121728.0
1739	121679.0	121469.0
1740	121360.0	121758.0
1741	121726.0	122038.0
1742	120756.0	121777.0
1743	121049.0	121971.0
1744	121282.0	121682.0
1745	121828.0	121569.0
1746	121199.0	121170.0
1747	120957.0	121116.0
1748	121378.0	121729.0
1749	120786.0	121628.0
1750	120340.0	122461.0
1751	121147.0	122881.0
1752	121484.0	122264.0
1753	120783.0	121967.0
1754	120540.0	121782.0
1755	120702.0	121345.0
1756	120982.0	121532.0
1757	121075.0	121740.0
1758	120549.0	121748.0
1759	121438.0	121915.0
1760	121368.0	121982.0
1761	121478.0	122063.0
1762	121048.0	121824.0
1763	121422.0	121942.0
1764	121117.0	122140.0
1765	121181.0	121823.0
1766	120998.0	122287.0
1767	121016.0	122003.0
1768	121248.0	121949.0
1769	121228.0	121749.0
1770	121460.0	122077.0
1771	120991.0	121788.0
1772	121044.0	121956.0
1773	121236.0	121600.0
1774	120679.0	122064.0
1775	121420.0	121766.0
1776	120674.0	121892.0
1777	121189.0	121734.0
1778	120998.0	122076.0
1779	121352.0	121621.0
1780	122147.0	121235.0
1781	121458.0	121694.0
1782	121197.0	121545.0
1783	121262.0	121476.0
1784	120928.0	122144.0
1785	120576.0	121796.0
1786	121436.0	121415.0
1787	121622.0	121625.0
1788	121183.0	121818.0
1789	120431.0	121744.0
1790	120918.0	122344.0
1791	121303.0	121896.0
1792	120715.0	121888.0
1793	121135.0	122083.0
1794	120982.0	121587.0
1795	121921.0	122060.0
1796	121571.0	121973.0
1797	121511.0	122121.0
1798	121138.0	121720.0
1799	121758.0	121633.0
1800	121565.0	121473.0
1801	121596.0	122020.0
1802	120830.0	122086.0
1803	121970.0	122455.0
1804	121808.0	121710.0
1805	122023.0	121563.0
1806	121611.0	121535.0
1807	122023.0	121765.0
1808	121382.0	121904.0
1809	122017.0	121604.0
1810	121607.0	121989.0
1811	121139.0	121744.0
1812	121888.0	122228.0
1813	121386.0	121659.0
1814	121155.0	122166.0
1815	121394.0	121927.0
1816	121280.0	121554.0
1817	121320.0	121790.0
1818	121525.0	121821.0
1819	121051.0	121448.0
1820	121189.0	121843.0
1821	121553.0	121373.0
1822	121282.0	121378.0
1823	121071.0	121950.0
1824	121685.0	121598.0
1825	121633.0	122061.0
1826	121047.0	121522.0
1827	121673.0	121368.0
1828	121257.0	121551.0
1829	120907.0	122521.0
1830	121055.0	122098.0
1831	121226.0	121606.0
1832	121577.0	121571.0
1833	121246.0	121820.0
1834	121210.0	121364.0
1835	120943.0	121807.0
1836	120798.0	122063.0
1837	121136.0	121906.0
1838	120770.0	121961.0
1839	120918.0	121839.0
1840	121115.0	121756.0
1841	120893.0	121934.0
1842	120896.0	121061.0
1843	121429.0	121794.0
1844	121131.0	121643.0
1845	121528.0	121553.0
1846	121203.0	122083.0
1847	121176.0	122057.0
1848	121472.0	121640.0
1849	121132.0	121614.0
1850	121588.0	121470.0
1851	121570.0	121457.0
1852	121342.0	121592.0
1853	121227.0	121573.0
1854	121092.0	121778.0
1855	121340.0	121939.0
1856	121640.0	122417.0
1857	120765.0	121794.0
1858	121210.0	121893.0
1859	121477.0	122079.0
1860	121595.0	121294.0
1861	121132.0	121490.0
1862	121197.0	121432.0
1863	121248.0	122114.0
1864	121610.0	121444.0
1865	121197.0	121378.0
1866	121864.0	121245.0
1867	121130.0	121531.0
1868	121701.0	121664.0
1869	121507.0	121501.0
1870	121317.0	121681.0
1871	121861.0	120626.0
1872	120883.0	121539.0
1873	121145.0	121544.0
1874	121309.0	121086.0
1875	121076.0	121270.0
1876	121946.0	120882.0
1877	121139.0	121740.0
1878	121197.0	121328.0
1879	121111.0	121400.0
1880	120819.0	121794.0
1881	121009.0	121641.0
1882	120930.0	121649.0
1883	120847.0	121903.0
1884	121063.0	120998.0
1885	120964.0	121507.0
1886	121021.0	121371.0
1887	121187.0	121387.0
1888	121339.0	121857.0
1889	120720.0	121260.0
1890	121368.0	120615.0
1891	120664.0	121774.0
1892	121222.0	121559.0
1893	121039.0	121926.0
1894	120978.0	121560.0
1895	120663.0	121578.0
1896	120917.0	121292.0
1897	121052.0	120808.0
1898	121098.0	121333.0
1899	121444.0	121292.0
1900	121184.0	121074.0
1901	121080.0	121277.0
1902	121362.0	121526.0
1903	120699.0	121829.0
1904	120987.0	121069.0
1905	121576.0	121275.0
1906	121084.0	121323.0
1907	120723.0	121231.0
1908	120986.0	121496.0
1909	121088.0	121540.0
1910	120527.0	121018.0
1911	119928.0	120813.0
1912	120281.0	121084.0
1913	121015.0	121135.0
1914	120954.0	121527.0
1915	121006.0	121493.0
1916	120409.0	121071.0
1917	120547.0	121396.0
1918	120799.0	121677.0
1919	120623.0	121081.0
1920	120645.0	120687.0
1921	120721.0	121021.0
1922	120825.0	121266.0
1923	120212.0	121502.0
1924	120678.0	121623.0
1925	121163.0	121517.0
1926	120609.0	121449.0
1927	120506.0	121133.0
1928	120566.0	121620.0
1929	121073.0	121153.0
1930	120500.0	121275.0
1931	120603.0	121076.0
1932	120492.0	121186.0
1933	120826.0	120675.0
1934	120670.0	121279.0
1935	120305.0	121453.0
1936	120772.0	121760.0
1937	120293.0	121230.0
1938	119813.0	121155.0
1939	120091.0	121675.0
1940	121118.0	122062.0
1941	121341.0	121479.0
1942	120691.0	121093.0
1943	120600.0	121148.0
1944	120828.0	121186.0
1945	120909.0	120748.0
1946	120617.0	121273.0
1947	120139.0	121618.0
1948	120604.0	121183.0
1949	120364.0	120955.0
1950	120972.0	121068.0
1951	120512.0	121551.0
1952	120928.0	121617.0
1953	121132.0	121865.0
1954	120431.0	121285.0
1955	120909.0	121224.0
1956	121031.0	120996.0
1957	120845.0	121365.0
1958	121093.0	121090.0
1959	120700.0	121487.0
1960	120770.0	121160.0
1961	120921.0	121021.0
1962	120683.0	121163.0
1963	120616.0	121515.0
1964	120953.0	121017.0
1965	121100.0	120985.0
1966	121415.0	120768.0
1967	121094.0	121236.0
1968	120862.0	121099.0
1969	119984.0	121244.0
1970	120833.0	121484.0
1971	120415.0	121326.0
1972	120548.0	121105.0
1973	120911.0	121068.0
1974	120824.0	121145.0
1975	121039.0	121240.0
1976	120769.0	121255.0
1977	121466.0	120977.0
1978	121381.0	121346.0
1979	121081.0	121450.0
1980	120857.0	121421.0
1981	120395.0	121381.0
1982	120215.0	121687.0
1983	120387.0	121722.0
1984	120426.0	121158.0
1985	120891.0	121446.0
1986	120859.0	120957.0
1987	120160.0	120917.0
1988	121026.0	121583.0
1989	120488.0	121767.0
1990	120585.0	120958.0
1991	121061.0	121221.0
1992	119905.0	121909.0
1993	120341.0	121394.0
1994	120906.0	121344.0
1995	120946.0	121570.0
1996	120876.0	121124.0
1997	120729.0	120794.0
1998	121222.0	121280.0
1999	120259.0	121426.0
