Distance in bp(Fragment Length Estimate: 700)(Peak Width Estimate: 700)	Same Strand (+ for Watson strand, - for Crick)	Opposite Strand
-2000	122553.0	122302.0
-1999	122833.0	122378.0
-1998	122655.0	122224.0
-1997	122859.0	122945.0
-1996	122701.0	123257.0
-1995	123006.0	122313.0
-1994	123180.0	121991.0
-1993	122892.0	122583.0
-1992	123005.0	122621.0
-1991	123168.0	122021.0
-1990	122342.0	122638.0
-1989	123127.0	122265.0
-1988	122972.0	122565.0
-1987	123128.0	122005.0
-1986	123267.0	122755.0
-1985	122459.0	122382.0
-1984	122708.0	122310.0
-1983	123569.0	122563.0
-1982	122951.0	122328.0
-1981	122735.0	122399.0
-1980	122924.0	122689.0
-1979	122702.0	122127.0
-1978	122659.0	122569.0
-1977	122672.0	122297.0
-1976	123127.0	122005.0
-1975	122837.0	122621.0
-1974	122755.0	122385.0
-1973	122568.0	122863.0
-1972	122384.0	122561.0
-1971	122665.0	122799.0
-1970	122891.0	122920.0
-1969	122764.0	122369.0
-1968	122999.0	122312.0
-1967	122574.0	122788.0
-1966	123191.0	123133.0
-1965	122893.0	122643.0
-1964	123060.0	122280.0
-1963	122635.0	122891.0
-1962	122919.0	122353.0
-1961	123141.0	121596.0
-1960	122996.0	121880.0
-1959	123152.0	122933.0
-1958	123352.0	122938.0
-1957	122933.0	122676.0
-1956	122871.0	122264.0
-1955	122700.0	122127.0
-1954	122849.0	122428.0
-1953	122639.0	122742.0
-1952	122866.0	122548.0
-1951	122914.0	122794.0
-1950	123091.0	122412.0
-1949	122274.0	122243.0
-1948	122824.0	122617.0
-1947	122550.0	122730.0
-1946	122830.0	122470.0
-1945	122695.0	122445.0
-1944	122878.0	122384.0
-1943	122835.0	123050.0
-1942	123142.0	122557.0
-1941	122920.0	122302.0
-1940	122809.0	122548.0
-1939	122471.0	122589.0
-1938	122456.0	122686.0
-1937	122852.0	122772.0
-1936	122418.0	122587.0
-1935	122800.0	122519.0
-1934	123218.0	122514.0
-1933	122667.0	122689.0
-1932	122843.0	123399.0
-1931	123701.0	122546.0
-1930	123164.0	123189.0
-1929	122214.0	123184.0
-1928	122797.0	122557.0
-1927	123275.0	123020.0
-1926	122690.0	123091.0
-1925	122474.0	123020.0
-1924	122478.0	122553.0
-1923	123392.0	122572.0
-1922	122842.0	122426.0
-1921	122378.0	122374.0
-1920	122247.0	122954.0
-1919	123089.0	122387.0
-1918	122607.0	122501.0
-1917	123022.0	122963.0
-1916	123271.0	122431.0
-1915	122967.0	122463.0
-1914	123453.0	122950.0
-1913	122704.0	122278.0
-1912	123088.0	122245.0
-1911	123015.0	122827.0
-1910	122942.0	122977.0
-1909	123273.0	122938.0
-1908	122402.0	122805.0
-1907	123310.0	122514.0
-1906	122703.0	122036.0
-1905	123533.0	122705.0
-1904	122547.0	122629.0
-1903	123162.0	122977.0
-1902	123666.0	122732.0
-1901	123783.0	123258.0
-1900	122524.0	122268.0
-1899	123510.0	122986.0
-1898	122847.0	122454.0
-1897	122586.0	123117.0
-1896	122930.0	122655.0
-1895	123246.0	123204.0
-1894	122988.0	122835.0
-1893	122928.0	122643.0
-1892	123194.0	123151.0
-1891	123013.0	123055.0
-1890	122583.0	122592.0
-1889	122844.0	122736.0
-1888	123251.0	122803.0
-1887	123131.0	123208.0
-1886	123159.0	122817.0
-1885	122519.0	122472.0
-1884	123053.0	122926.0
-1883	123356.0	122667.0
-1882	122738.0	122376.0
-1881	122997.0	122575.0
-1880	123241.0	122756.0
-1879	122816.0	122692.0
-1878	123270.0	122679.0
-1877	122748.0	122813.0
-1876	123017.0	122878.0
-1875	123163.0	123223.0
-1874	123109.0	122899.0
-1873	123049.0	123108.0
-1872	123215.0	123157.0
-1871	123076.0	122437.0
-1870	122965.0	123014.0
-1869	123344.0	122897.0
-1868	123378.0	123185.0
-1867	123763.0	122431.0
-1866	123443.0	122753.0
-1865	122824.0	122783.0
-1864	122724.0	122553.0
-1863	122908.0	123133.0
-1862	123453.0	122817.0
-1861	123556.0	122585.0
-1860	123429.0	122433.0
-1859	123494.0	123017.0
-1858	123608.0	122574.0
-1857	123947.0	122567.0
-1856	123319.0	122884.0
-1855	122818.0	122860.0
-1854	123651.0	122837.0
-1853	123309.0	122613.0
-1852	123320.0	122497.0
-1851	123039.0	122807.0
-1850	123405.0	122957.0
-1849	122980.0	122590.0
-1848	123290.0	122497.0
-1847	123104.0	122755.0
-1846	123418.0	122939.0
-1845	122994.0	123500.0
-1844	123112.0	122848.0
-1843	122866.0	123004.0
-1842	123110.0	123357.0
-1841	122438.0	122618.0
-1840	123794.0	123004.0
-1839	123359.0	122153.0
-1838	123024.0	122438.0
-1837	122827.0	122371.0
-1836	123641.0	123421.0
-1835	123253.0	121960.0
-1834	123186.0	122395.0
-1833	124032.0	122580.0
-1832	123344.0	122432.0
-1831	122834.0	122965.0
-1830	123122.0	122843.0
-1829	123440.0	122561.0
-1828	123402.0	122769.0
-1827	122959.0	122766.0
-1826	123388.0	122772.0
-1825	123129.0	122516.0
-1824	123914.0	122638.0
-1823	123328.0	122221.0
-1822	122917.0	122298.0
-1821	122507.0	123690.0
-1820	123150.0	123119.0
-1819	122808.0	123141.0
-1818	122763.0	122490.0
-1817	122558.0	122364.0
-1816	123003.0	122892.0
-1815	122642.0	123400.0
-1814	122957.0	122462.0
-1813	122973.0	123210.0
-1812	122878.0	122334.0
-1811	123591.0	122490.0
-1810	122623.0	122136.0
-1809	122398.0	123029.0
-1808	122426.0	122876.0
-1807	122930.0	122776.0
-1806	123336.0	122882.0
-1805	123333.0	122575.0
-1804	123233.0	122801.0
-1803	123039.0	122996.0
-1802	122815.0	123006.0
-1801	123177.0	122625.0
-1800	122914.0	122733.0
-1799	122992.0	122891.0
-1798	123620.0	122620.0
-1797	123624.0	122225.0
-1796	122979.0	122429.0
-1795	122866.0	122843.0
-1794	122697.0	123322.0
-1793	122977.0	122678.0
-1792	123454.0	122595.0
-1791	123376.0	122669.0
-1790	123471.0	122344.0
-1789	123635.0	122527.0
-1788	122731.0	123084.0
-1787	122762.0	123050.0
-1786	123248.0	122307.0
-1785	123131.0	122766.0
-1784	123160.0	122094.0
-1783	123340.0	122305.0
-1782	123369.0	122459.0
-1781	123337.0	122977.0
-1780	122731.0	122989.0
-1779	122826.0	122970.0
-1778	123020.0	122606.0
-1777	123383.0	123243.0
-1776	122671.0	123280.0
-1775	123357.0	123343.0
-1774	122979.0	122590.0
-1773	122838.0	122869.0
-1772	122785.0	123640.0
-1771	123398.0	123221.0
-1770	122722.0	122816.0
-1769	123298.0	122789.0
-1768	123071.0	122691.0
-1767	123265.0	122841.0
-1766	123068.0	123105.0
-1765	123749.0	122868.0
-1764	123596.0	122905.0
-1763	123496.0	122742.0
-1762	123196.0	123383.0
-1761	123150.0	123002.0
-1760	123052.0	122787.0
-1759	123409.0	122684.0
-1758	123323.0	122848.0
-1757	123245.0	122902.0
-1756	122781.0	122933.0
-1755	123901.0	123113.0
-1754	123454.0	122923.0
-1753	123491.0	122820.0
-1752	123694.0	122843.0
-1751	123308.0	123142.0
-1750	122916.0	122921.0
-1749	122779.0	123420.0
-1748	123373.0	123122.0
-1747	123391.0	123109.0
-1746	123656.0	123084.0
-1745	123119.0	122717.0
-1744	123091.0	122883.0
-1743	123213.0	123661.0
-1742	122776.0	123359.0
-1741	122957.0	123620.0
-1740	123165.0	122966.0
-1739	123426.0	122341.0
-1738	123155.0	122853.0
-1737	123451.0	123215.0
-1736	123831.0	123416.0
-1735	123743.0	122616.0
-1734	123780.0	122639.0
-1733	123419.0	123357.0
-1732	123848.0	122593.0
-1731	123717.0	123003.0
-1730	123235.0	122778.0
-1729	123581.0	123353.0
-1728	123258.0	123620.0
-1727	123300.0	123158.0
-1726	123404.0	123445.0
-1725	124296.0	123590.0
-1724	123155.0	122934.0
-1723	122835.0	122329.0
-1722	123575.0	123540.0
-1721	123650.0	123241.0
-1720	123689.0	123476.0
-1719	123463.0	123181.0
-1718	123313.0	123311.0
-1717	123288.0	123105.0
-1716	123635.0	123313.0
-1715	124175.0	122932.0
-1714	124416.0	122924.0
-1713	124037.0	123232.0
-1712	124321.0	123502.0
-1711	123914.0	123055.0
-1710	123795.0	122981.0
-1709	123516.0	122924.0
-1708	123176.0	122952.0
-1707	123517.0	123140.0
-1706	123466.0	123029.0
-1705	123705.0	123596.0
-1704	123048.0	123176.0
-1703	123307.0	123311.0
-1702	123689.0	123056.0
-1701	123731.0	122999.0
-1700	123088.0	123142.0
-1699	124092.0	123284.0
-1698	123933.0	123699.0
-1697	123477.0	123262.0
-1696	123622.0	123442.0
-1695	124035.0	123477.0
-1694	123685.0	123514.0
-1693	123541.0	123087.0
-1692	123842.0	123550.0
-1691	123981.0	123303.0
-1690	123563.0	123132.0
-1689	123751.0	122976.0
-1688	123503.0	122496.0
-1687	123324.0	122214.0
-1686	123611.0	123056.0
-1685	123399.0	123030.0
-1684	123371.0	123427.0
-1683	123554.0	122634.0
-1682	123974.0	122577.0
-1681	123917.0	122939.0
-1680	124487.0	123027.0
-1679	123611.0	122834.0
-1678	123098.0	122904.0
-1677	123818.0	123227.0
-1676	123601.0	122459.0
-1675	123679.0	123655.0
-1674	123211.0	122747.0
-1673	123323.0	123279.0
-1672	123374.0	123466.0
-1671	123485.0	123346.0
-1670	123370.0	123353.0
-1669	123689.0	123239.0
-1668	123408.0	122066.0
-1667	123704.0	122365.0
-1666	123840.0	122742.0
-1665	123563.0	122970.0
-1664	123045.0	122922.0
-1663	122998.0	122780.0
-1662	123814.0	123073.0
-1661	123332.0	123203.0
-1660	123136.0	123062.0
-1659	122886.0	123061.0
-1658	123357.0	122813.0
-1657	122855.0	122558.0
-1656	122950.0	123048.0
-1655	122828.0	122924.0
-1654	123044.0	122956.0
-1653	122644.0	123171.0
-1652	123704.0	122976.0
-1651	123035.0	122780.0
-1650	123480.0	123242.0
-1649	123359.0	122494.0
-1648	123593.0	123240.0
-1647	123320.0	123003.0
-1646	122779.0	123714.0
-1645	123276.0	123039.0
-1644	123178.0	122641.0
-1643	122676.0	123120.0
-1642	123653.0	123033.0
-1641	123130.0	123269.0
-1640	123165.0	123177.0
-1639	123453.0	122475.0
-1638	123477.0	123547.0
-1637	123452.0	123115.0
-1636	122874.0	123508.0
-1635	123421.0	122733.0
-1634	123292.0	122573.0
-1633	123607.0	123581.0
-1632	123552.0	123043.0
-1631	123875.0	123487.0
-1630	123077.0	122849.0
-1629	122852.0	123380.0
-1628	123584.0	122788.0
-1627	122925.0	122928.0
-1626	123643.0	123282.0
-1625	123311.0	123355.0
-1624	123602.0	123402.0
-1623	123351.0	123103.0
-1622	123025.0	123626.0
-1621	123295.0	123340.0
-1620	123337.0	123542.0
-1619	123368.0	123056.0
-1618	123741.0	122956.0
-1617	123414.0	123057.0
-1616	123411.0	122993.0
-1615	123131.0	122937.0
-1614	123180.0	123326.0
-1613	123366.0	122810.0
-1612	123259.0	123257.0
-1611	123387.0	122810.0
-1610	123288.0	123709.0
-1609	123368.0	122696.0
-1608	123115.0	123727.0
-1607	123253.0	122994.0
-1606	122918.0	123031.0
-1605	123263.0	123060.0
-1604	123607.0	123019.0
-1603	122820.0	122868.0
-1602	123323.0	123493.0
-1601	123032.0	123190.0
-1600	123095.0	123038.0
-1599	123587.0	123423.0
-1598	122697.0	122699.0
-1597	122596.0	123544.0
-1596	122657.0	124007.0
-1595	123195.0	123375.0
-1594	123314.0	123154.0
-1593	123682.0	123023.0
-1592	123297.0	123157.0
-1591	123680.0	122799.0
-1590	123095.0	123244.0
-1589	123162.0	122649.0
-1588	122849.0	122882.0
-1587	123277.0	122915.0
-1586	123336.0	123109.0
-1585	123141.0	123074.0
-1584	122634.0	123189.0
-1583	123524.0	123912.0
-1582	123128.0	122903.0
-1581	123856.0	124058.0
-1580	123490.0	123111.0
-1579	123647.0	123284.0
-1578	122974.0	123708.0
-1577	123063.0	122765.0
-1576	123503.0	123702.0
-1575	123818.0	123567.0
-1574	123265.0	123243.0
-1573	123412.0	123364.0
-1572	123486.0	123540.0
-1571	122947.0	122582.0
-1570	122979.0	123386.0
-1569	123395.0	123618.0
-1568	122986.0	122872.0
-1567	123020.0	123509.0
-1566	123533.0	122999.0
-1565	123179.0	123366.0
-1564	122965.0	123935.0
-1563	123815.0	123473.0
-1562	123628.0	123903.0
-1561	122916.0	123943.0
-1560	123782.0	124135.0
-1559	123399.0	123508.0
-1558	123788.0	123283.0
-1557	123628.0	123780.0
-1556	123202.0	123716.0
-1555	123637.0	124237.0
-1554	123459.0	124012.0
-1553	123217.0	123652.0
-1552	123264.0	123133.0
-1551	124244.0	123106.0
-1550	123820.0	122919.0
-1549	123590.0	123531.0
-1548	123700.0	123507.0
-1547	123186.0	123548.0
-1546	123702.0	123104.0
-1545	123306.0	123607.0
-1544	123207.0	123785.0
-1543	123109.0	123377.0
-1542	124115.0	123478.0
-1541	122819.0	124051.0
-1540	124005.0	123561.0
-1539	123550.0	123824.0
-1538	123914.0	123736.0
-1537	124106.0	123631.0
-1536	124252.0	123852.0
-1535	123625.0	123549.0
-1534	123712.0	123614.0
-1533	123763.0	123864.0
-1532	123588.0	123427.0
-1531	124087.0	123734.0
-1530	123938.0	123836.0
-1529	123929.0	123483.0
-1528	123536.0	123383.0
-1527	124188.0	123453.0
-1526	123829.0	123533.0
-1525	123735.0	123132.0
-1524	123367.0	123260.0
-1523	124303.0	122809.0
-1522	123305.0	123886.0
-1521	123942.0	123723.0
-1520	123843.0	123464.0
-1519	124024.0	122572.0
-1518	123538.0	123131.0
-1517	123220.0	123426.0
-1516	123493.0	123429.0
-1515	124251.0	124077.0
-1514	124308.0	123058.0
-1513	124068.0	123323.0
-1512	123717.0	122970.0
-1511	124092.0	122894.0
-1510	123805.0	124000.0
-1509	124087.0	123287.0
-1508	123992.0	123468.0
-1507	123596.0	123381.0
-1506	124128.0	123439.0
-1505	124169.0	123299.0
-1504	123458.0	123639.0
-1503	123834.0	123519.0
-1502	123471.0	123230.0
-1501	123529.0	123656.0
-1500	124215.0	123532.0
-1499	123610.0	123925.0
-1498	124057.0	123623.0
-1497	124301.0	123338.0
-1496	123959.0	123459.0
-1495	123757.0	123266.0
-1494	123846.0	123193.0
-1493	123692.0	123402.0
-1492	123900.0	123204.0
-1491	124100.0	123076.0
-1490	123790.0	123435.0
-1489	123436.0	123404.0
-1488	123672.0	123402.0
-1487	123311.0	122921.0
-1486	123393.0	123151.0
-1485	123640.0	123902.0
-1484	124237.0	123442.0
-1483	123341.0	123669.0
-1482	123619.0	123173.0
-1481	123758.0	123468.0
-1480	123780.0	123581.0
-1479	124265.0	123076.0
-1478	123340.0	123286.0
-1477	124417.0	123250.0
-1476	123224.0	123331.0
-1475	123847.0	122982.0
-1474	123167.0	123395.0
-1473	124437.0	122527.0
-1472	123570.0	123337.0
-1471	124102.0	123451.0
-1470	123396.0	123165.0
-1469	123203.0	123851.0
-1468	123743.0	123078.0
-1467	123893.0	122936.0
-1466	123521.0	122904.0
-1465	123862.0	123131.0
-1464	123925.0	123809.0
-1463	123122.0	124243.0
-1462	124022.0	123765.0
-1461	123497.0	123149.0
-1460	123291.0	123469.0
-1459	123891.0	123189.0
-1458	123357.0	123573.0
-1457	123205.0	123711.0
-1456	123661.0	123675.0
-1455	123918.0	123528.0
-1454	124108.0	123021.0
-1453	122954.0	123070.0
-1452	124116.0	122855.0
-1451	123912.0	122835.0
-1450	123230.0	123395.0
-1449	123738.0	123509.0
-1448	123405.0	122825.0
-1447	123712.0	123110.0
-1446	124375.0	123580.0
-1445	123586.0	122939.0
-1444	123538.0	123270.0
-1443	123450.0	122910.0
-1442	123961.0	123404.0
-1441	122972.0	123489.0
-1440	123200.0	123103.0
-1439	123670.0	123064.0
-1438	124094.0	123316.0
-1437	123860.0	123115.0
-1436	123499.0	122919.0
-1435	123357.0	123298.0
-1434	123807.0	123203.0
-1433	123226.0	123188.0
-1432	122947.0	123249.0
-1431	123569.0	123169.0
-1430	123123.0	123075.0
-1429	123716.0	123320.0
-1428	123407.0	123934.0
-1427	123945.0	123621.0
-1426	123314.0	123361.0
-1425	123560.0	123453.0
-1424	123498.0	122869.0
-1423	122837.0	122951.0
-1422	123156.0	123196.0
-1421	124031.0	123326.0
-1420	122972.0	123169.0
-1419	123220.0	123485.0
-1418	123227.0	123358.0
-1417	122948.0	123702.0
-1416	122583.0	123147.0
-1415	123472.0	124051.0
-1414	123959.0	123616.0
-1413	123466.0	123501.0
-1412	123339.0	122911.0
-1411	123148.0	123409.0
-1410	123551.0	122847.0
-1409	123854.0	122952.0
-1408	123022.0	123554.0
-1407	123356.0	123313.0
-1406	122861.0	123878.0
-1405	123104.0	124198.0
-1404	123555.0	124158.0
-1403	123294.0	124083.0
-1402	124265.0	124311.0
-1401	123519.0	124116.0
-1400	123132.0	123560.0
-1399	123922.0	123773.0
-1398	123822.0	123200.0
-1397	123785.0	124404.0
-1396	123406.0	123522.0
-1395	124023.0	123713.0
-1394	123564.0	123498.0
-1393	123478.0	123925.0
-1392	123489.0	123895.0
-1391	123134.0	123781.0
-1390	123805.0	124161.0
-1389	123913.0	124061.0
-1388	123623.0	123426.0
-1387	123657.0	123813.0
-1386	123739.0	123173.0
-1385	123497.0	123504.0
-1384	123709.0	123871.0
-1383	124179.0	124066.0
-1382	123646.0	123406.0
-1381	123274.0	123707.0
-1380	123471.0	123606.0
-1379	123223.0	123543.0
-1378	123773.0	123687.0
-1377	123794.0	123200.0
-1376	123701.0	123439.0
-1375	123637.0	123565.0
-1374	124291.0	123417.0
-1373	123463.0	123517.0
-1372	123118.0	123972.0
-1371	123545.0	123339.0
-1370	123925.0	124320.0
-1369	123679.0	123827.0
-1368	123973.0	124046.0
-1367	123547.0	124043.0
-1366	124132.0	123468.0
-1365	124328.0	123205.0
-1364	124041.0	123637.0
-1363	124005.0	123608.0
-1362	124166.0	123346.0
-1361	124204.0	123863.0
-1360	123725.0	123484.0
-1359	124278.0	123840.0
-1358	123739.0	123776.0
-1357	123974.0	123793.0
-1356	123865.0	123771.0
-1355	124474.0	123660.0
-1354	123620.0	123633.0
-1353	124306.0	124128.0
-1352	123933.0	123422.0
-1351	123672.0	124304.0
-1350	124595.0	124173.0
-1349	124139.0	123792.0
-1348	124421.0	123567.0
-1347	124388.0	123682.0
-1346	124144.0	123121.0
-1345	123600.0	124328.0
-1344	123992.0	124674.0
-1343	123693.0	124477.0
-1342	123929.0	124149.0
-1341	124355.0	123895.0
-1340	124245.0	123608.0
-1339	123953.0	123640.0
-1338	125063.0	124140.0
-1337	124790.0	123855.0
-1336	123941.0	124068.0
-1335	123989.0	123759.0
-1334	123918.0	123763.0
-1333	124254.0	123884.0
-1332	124304.0	123524.0
-1331	123933.0	123698.0
-1330	123992.0	123676.0
-1329	124190.0	123744.0
-1328	124071.0	123428.0
-1327	124529.0	124374.0
-1326	124677.0	123905.0
-1325	124831.0	123112.0
-1324	124973.0	123966.0
-1323	124501.0	124203.0
-1322	124425.0	123258.0
-1321	124904.0	123259.0
-1320	124478.0	123674.0
-1319	124350.0	123847.0
-1318	123836.0	123274.0
-1317	124636.0	124140.0
-1316	124637.0	123786.0
-1315	124229.0	123488.0
-1314	124635.0	123490.0
-1313	123751.0	123131.0
-1312	124414.0	123284.0
-1311	124443.0	123897.0
-1310	123729.0	123485.0
-1309	124249.0	123535.0
-1308	124694.0	123936.0
-1307	124347.0	123773.0
-1306	124314.0	123616.0
-1305	124104.0	123282.0
-1304	124259.0	123516.0
-1303	124452.0	123679.0
-1302	124275.0	123357.0
-1301	123799.0	123020.0
-1300	123762.0	123928.0
-1299	124690.0	124069.0
-1298	123796.0	122811.0
-1297	123641.0	123624.0
-1296	124612.0	123582.0
-1295	123790.0	123791.0
-1294	123989.0	123785.0
-1293	124052.0	123911.0
-1292	123818.0	123911.0
-1291	123564.0	123768.0
-1290	123993.0	123551.0
-1289	124722.0	123468.0
-1288	123607.0	123621.0
-1287	123684.0	122899.0
-1286	124098.0	122927.0
-1285	124110.0	123809.0
-1284	124297.0	123484.0
-1283	123594.0	123476.0
-1282	124203.0	123755.0
-1281	124285.0	123103.0
-1280	124347.0	122816.0
-1279	123551.0	123311.0
-1278	123776.0	123491.0
-1277	123475.0	123736.0
-1276	123493.0	123278.0
-1275	124827.0	123100.0
-1274	123932.0	123099.0
-1273	124507.0	123285.0
-1272	124425.0	123569.0
-1271	123538.0	123290.0
-1270	123520.0	123991.0
-1269	123746.0	123798.0
-1268	123346.0	123013.0
-1267	123550.0	123235.0
-1266	123868.0	123343.0
-1265	123847.0	123004.0
-1264	123479.0	123371.0
-1263	123709.0	123379.0
-1262	123544.0	123420.0
-1261	123553.0	123902.0
-1260	123998.0	123536.0
-1259	123178.0	123157.0
-1258	124119.0	123641.0
-1257	123300.0	123466.0
-1256	123437.0	123211.0
-1255	124133.0	123179.0
-1254	123996.0	123523.0
-1253	123698.0	123260.0
-1252	123998.0	123480.0
-1251	123747.0	123651.0
-1250	123875.0	123355.0
-1249	123453.0	123517.0
-1248	123813.0	123586.0
-1247	123521.0	123185.0
-1246	123504.0	123715.0
-1245	123619.0	123806.0
-1244	123667.0	123185.0
-1243	123883.0	123823.0
-1242	123723.0	123554.0
-1241	123656.0	123072.0
-1240	123577.0	123715.0
-1239	122889.0	123784.0
-1238	123618.0	124329.0
-1237	123828.0	123242.0
-1236	123856.0	123644.0
-1235	123259.0	123591.0
-1234	122939.0	124353.0
-1233	123492.0	123838.0
-1232	123062.0	123394.0
-1231	123543.0	123475.0
-1230	124102.0	123645.0
-1229	123249.0	123856.0
-1228	123435.0	124060.0
-1227	123709.0	123735.0
-1226	123659.0	123173.0
-1225	123440.0	124514.0
-1224	124059.0	124035.0
-1223	123733.0	123672.0
-1222	123686.0	124250.0
-1221	123575.0	123893.0
-1220	123697.0	124098.0
-1219	123277.0	124039.0
-1218	124248.0	123953.0
-1217	124016.0	124285.0
-1216	123542.0	123413.0
-1215	123552.0	123692.0
-1214	123681.0	123172.0
-1213	123763.0	124227.0
-1212	124143.0	124087.0
-1211	124444.0	123880.0
-1210	123448.0	123239.0
-1209	123719.0	123596.0
-1208	123856.0	123206.0
-1207	123349.0	124125.0
-1206	123832.0	123424.0
-1205	123508.0	123112.0
-1204	123665.0	124050.0
-1203	123895.0	123616.0
-1202	124057.0	123743.0
-1201	123846.0	124586.0
-1200	124096.0	124004.0
-1199	124178.0	124498.0
-1198	124175.0	123875.0
-1197	123704.0	124239.0
-1196	123318.0	123794.0
-1195	123668.0	124074.0
-1194	124218.0	124135.0
-1193	123460.0	124114.0
-1192	123838.0	124193.0
-1191	123994.0	124487.0
-1190	123734.0	123795.0
-1189	124133.0	124335.0
-1188	123958.0	124622.0
-1187	123909.0	124708.0
-1186	124206.0	124077.0
-1185	124275.0	123604.0
-1184	124113.0	124520.0
-1183	124856.0	124413.0
-1182	124029.0	124398.0
-1181	123902.0	123791.0
-1180	124406.0	124470.0
-1179	124754.0	124118.0
-1178	124224.0	123984.0
-1177	124297.0	124543.0
-1176	124155.0	124304.0
-1175	124652.0	123820.0
-1174	124877.0	124585.0
-1173	124462.0	124060.0
-1172	123915.0	124389.0
-1171	124373.0	124299.0
-1170	125062.0	124273.0
-1169	124559.0	123951.0
-1168	124359.0	124473.0
-1167	124534.0	124575.0
-1166	124411.0	124493.0
-1165	124080.0	124291.0
-1164	125150.0	124911.0
-1163	125557.0	123791.0
-1162	124981.0	124674.0
-1161	124691.0	124295.0
-1160	124036.0	124654.0
-1159	124625.0	125028.0
-1158	125413.0	124127.0
-1157	124418.0	124484.0
-1156	124549.0	124050.0
-1155	124976.0	124486.0
-1154	124538.0	124570.0
-1153	125217.0	124473.0
-1152	124846.0	124466.0
-1151	124694.0	123440.0
-1150	125033.0	124595.0
-1149	124809.0	124472.0
-1148	125410.0	124496.0
-1147	124694.0	123959.0
-1146	124949.0	123935.0
-1145	124543.0	124502.0
-1144	124658.0	124714.0
-1143	124868.0	123977.0
-1142	124730.0	124367.0
-1141	124886.0	124919.0
-1140	125088.0	124290.0
-1139	124634.0	124169.0
-1138	124677.0	124200.0
-1137	125200.0	123997.0
-1136	124519.0	124622.0
-1135	124548.0	124335.0
-1134	124978.0	124948.0
-1133	125022.0	123499.0
-1132	124926.0	124332.0
-1131	124997.0	124187.0
-1130	124318.0	124217.0
-1129	124721.0	124317.0
-1128	125361.0	124332.0
-1127	124817.0	123735.0
-1126	124704.0	124210.0
-1125	124951.0	124239.0
-1124	124605.0	124268.0
-1123	125221.0	123847.0
-1122	124981.0	124026.0
-1121	125153.0	123608.0
-1120	124447.0	123917.0
-1119	125052.0	123597.0
-1118	124470.0	124505.0
-1117	124446.0	124147.0
-1116	124628.0	124198.0
-1115	124023.0	123973.0
-1114	124659.0	123963.0
-1113	124754.0	123363.0
-1112	125295.0	123700.0
-1111	124398.0	123986.0
-1110	125255.0	123730.0
-1109	124393.0	123657.0
-1108	124797.0	124392.0
-1107	125451.0	123707.0
-1106	124836.0	123480.0
-1105	124792.0	123862.0
-1104	124789.0	123959.0
-1103	125088.0	123714.0
-1102	125107.0	123569.0
-1101	124553.0	123743.0
-1100	125235.0	123447.0
-1099	124350.0	124010.0
-1098	124624.0	123276.0
-1097	124342.0	123760.0
-1096	124753.0	123989.0
-1095	125625.0	123944.0
-1094	124623.0	122612.0
-1093	124295.0	123842.0
-1092	124972.0	123969.0
-1091	124188.0	123902.0
-1090	124674.0	123367.0
-1089	124199.0	123478.0
-1088	124454.0	123259.0
-1087	124653.0	123421.0
-1086	124695.0	123556.0
-1085	124384.0	122861.0
-1084	124579.0	123250.0
-1083	124357.0	123480.0
-1082	123977.0	123735.0
-1081	124373.0	123466.0
-1080	124163.0	123493.0
-1079	123893.0	123752.0
-1078	124614.0	123568.0
-1077	124268.0	123583.0
-1076	124729.0	123406.0
-1075	124451.0	123926.0
-1074	124406.0	123949.0
-1073	124363.0	123714.0
-1072	124274.0	123788.0
-1071	123646.0	123685.0
-1070	124491.0	124187.0
-1069	124515.0	123902.0
-1068	123850.0	123625.0
-1067	123793.0	123852.0
-1066	124344.0	124026.0
-1065	124122.0	123767.0
-1064	124183.0	123629.0
-1063	124249.0	123475.0
-1062	124311.0	123293.0
-1061	123798.0	123334.0
-1060	123685.0	123672.0
-1059	124290.0	123054.0
-1058	124217.0	123421.0
-1057	124096.0	124205.0
-1056	124054.0	124054.0
-1055	124216.0	123497.0
-1054	124010.0	124100.0
-1053	124245.0	123802.0
-1052	123509.0	123664.0
-1051	124314.0	123303.0
-1050	124552.0	123826.0
-1049	123913.0	124084.0
-1048	124294.0	123798.0
-1047	124527.0	124108.0
-1046	123623.0	123961.0
-1045	124418.0	123510.0
-1044	123460.0	124066.0
-1043	123919.0	123699.0
-1042	123913.0	124039.0
-1041	124432.0	124350.0
-1040	123488.0	124303.0
-1039	123748.0	124279.0
-1038	124397.0	124475.0
-1037	123929.0	123937.0
-1036	123951.0	123750.0
-1035	124198.0	124059.0
-1034	123852.0	123965.0
-1033	123364.0	124663.0
-1032	124345.0	124497.0
-1031	123757.0	124386.0
-1030	124483.0	124581.0
-1029	124226.0	123778.0
-1028	123643.0	123958.0
-1027	123000.0	124071.0
-1026	123770.0	124364.0
-1025	123842.0	124144.0
-1024	123931.0	124477.0
-1023	123586.0	123661.0
-1022	123735.0	124687.0
-1021	124209.0	124713.0
-1020	124514.0	125046.0
-1019	124334.0	124399.0
-1018	124828.0	124337.0
-1017	124814.0	124611.0
-1016	124392.0	124624.0
-1015	123422.0	124974.0
-1014	124246.0	124650.0
-1013	124260.0	124550.0
-1012	124787.0	124500.0
-1011	124198.0	124644.0
-1010	124029.0	124141.0
-1009	124601.0	124399.0
-1008	124192.0	125053.0
-1007	123753.0	124707.0
-1006	124312.0	125074.0
-1005	124375.0	125550.0
-1004	124469.0	124326.0
-1003	124152.0	124685.0
-1002	124363.0	124459.0
-1001	124591.0	124286.0
-1000	124345.0	125528.0
-999	124756.0	125527.0
-998	124766.0	124040.0
-997	124467.0	124617.0
-996	124326.0	125288.0
-995	123788.0	124967.0
-994	124683.0	124837.0
-993	124772.0	125171.0
-992	123958.0	125028.0
-991	124409.0	125356.0
-990	124417.0	124631.0
-989	124627.0	124985.0
-988	124339.0	125033.0
-987	125178.0	124637.0
-986	124959.0	124962.0
-985	125057.0	124385.0
-984	125376.0	125194.0
-983	125305.0	124980.0
-982	125162.0	124677.0
-981	125080.0	125022.0
-980	124617.0	124618.0
-979	124927.0	124384.0
-978	125079.0	125251.0
-977	125051.0	124845.0
-976	124641.0	124789.0
-975	125261.0	124537.0
-974	125303.0	124529.0
-973	124986.0	124856.0
-972	125306.0	124749.0
-971	124603.0	124592.0
-970	124989.0	124710.0
-969	124938.0	124866.0
-968	124459.0	124550.0
-967	124767.0	125300.0
-966	124848.0	125124.0
-965	125878.0	125171.0
-964	124861.0	125236.0
-963	125562.0	124411.0
-962	125799.0	124498.0
-961	125255.0	125048.0
-960	125310.0	125497.0
-959	124646.0	125361.0
-958	125022.0	124661.0
-957	125506.0	124802.0
-956	124788.0	124608.0
-955	125344.0	124851.0
-954	125677.0	124976.0
-953	125142.0	124323.0
-952	125449.0	124729.0
-951	125193.0	124908.0
-950	125591.0	125531.0
-949	125443.0	124787.0
-948	125906.0	124764.0
-947	125069.0	124585.0
-946	125692.0	124616.0
-945	125623.0	123851.0
-944	126018.0	124497.0
-943	125044.0	125046.0
-942	125511.0	125088.0
-941	125061.0	124519.0
-940	124670.0	124892.0
-939	125681.0	124720.0
-938	125568.0	124357.0
-937	125706.0	124669.0
-936	125568.0	124575.0
-935	125692.0	124173.0
-934	125743.0	123959.0
-933	126077.0	124366.0
-932	125008.0	124392.0
-931	124746.0	124878.0
-930	125123.0	124350.0
-929	125043.0	124390.0
-928	124995.0	124243.0
-927	125874.0	124303.0
-926	124467.0	124305.0
-925	125051.0	124851.0
-924	125652.0	124443.0
-923	125296.0	124426.0
-922	125403.0	124931.0
-921	125925.0	124873.0
-920	125584.0	124257.0
-919	125429.0	124084.0
-918	125806.0	124490.0
-917	125202.0	124094.0
-916	125465.0	124117.0
-915	125535.0	123883.0
-914	125277.0	124008.0
-913	125594.0	124310.0
-912	125105.0	124404.0
-911	125184.0	124055.0
-910	125101.0	124330.0
-909	124868.0	124215.0
-908	125321.0	124518.0
-907	125292.0	123751.0
-906	125255.0	123601.0
-905	124904.0	123819.0
-904	125287.0	124585.0
-903	125113.0	124384.0
-902	124749.0	123742.0
-901	124645.0	124048.0
-900	125481.0	123921.0
-899	125674.0	124226.0
-898	124831.0	124409.0
-897	125171.0	123888.0
-896	124764.0	124142.0
-895	124952.0	124197.0
-894	125225.0	124231.0
-893	124546.0	124126.0
-892	124929.0	123670.0
-891	124981.0	123960.0
-890	124701.0	123894.0
-889	125003.0	123910.0
-888	124894.0	123615.0
-887	125477.0	123672.0
-886	125103.0	124039.0
-885	124975.0	124356.0
-884	124580.0	123133.0
-883	125102.0	123772.0
-882	124836.0	124199.0
-881	124984.0	123672.0
-880	125050.0	123951.0
-879	125095.0	123988.0
-878	124377.0	123966.0
-877	124732.0	124066.0
-876	124513.0	124176.0
-875	124365.0	124157.0
-874	124694.0	123959.0
-873	124840.0	123909.0
-872	123738.0	123638.0
-871	124323.0	124617.0
-870	124141.0	124369.0
-869	124523.0	123910.0
-868	124709.0	124018.0
-867	124461.0	124250.0
-866	124362.0	124278.0
-865	124544.0	124148.0
-864	124681.0	123707.0
-863	124268.0	124153.0
-862	124706.0	123660.0
-861	124635.0	123674.0
-860	124510.0	124342.0
-859	124224.0	124586.0
-858	124199.0	124053.0
-857	124630.0	123775.0
-856	123647.0	124851.0
-855	124783.0	124145.0
-854	124515.0	124741.0
-853	123789.0	123854.0
-852	124297.0	124428.0
-851	124360.0	124994.0
-850	124219.0	125072.0
-849	123948.0	124629.0
-848	124279.0	123748.0
-847	124038.0	124016.0
-846	124163.0	124634.0
-845	123945.0	124653.0
-844	123895.0	124643.0
-843	124372.0	124908.0
-842	124115.0	124336.0
-841	124098.0	124391.0
-840	124692.0	125429.0
-839	123762.0	124984.0
-838	124586.0	124775.0
-837	124701.0	124756.0
-836	124268.0	124626.0
-835	123851.0	124644.0
-834	124086.0	124465.0
-833	124364.0	125025.0
-832	124479.0	125104.0
-831	124618.0	125072.0
-830	123595.0	125073.0
-829	123829.0	125284.0
-828	124074.0	125452.0
-827	124125.0	124854.0
-826	124678.0	124841.0
-825	124678.0	124886.0
-824	124038.0	124175.0
-823	124933.0	124886.0
-822	124499.0	125174.0
-821	124026.0	124811.0
-820	124605.0	125163.0
-819	124436.0	125649.0
-818	124594.0	125255.0
-817	124923.0	125538.0
-816	124697.0	125080.0
-815	124660.0	124595.0
-814	124283.0	125636.0
-813	124739.0	125237.0
-812	124831.0	125359.0
-811	124527.0	125680.0
-810	124076.0	125258.0
-809	124956.0	125706.0
-808	124479.0	126103.0
-807	125038.0	126157.0
-806	124518.0	125110.0
-805	124410.0	125587.0
-804	125163.0	125695.0
-803	124129.0	124833.0
-802	124839.0	125630.0
-801	125525.0	125819.0
-800	124430.0	125813.0
-799	125503.0	125820.0
-798	125175.0	125389.0
-797	124972.0	125013.0
-796	125313.0	125190.0
-795	125503.0	125778.0
-794	125288.0	125748.0
-793	124846.0	125455.0
-792	125952.0	125860.0
-791	125197.0	125717.0
-790	124967.0	125626.0
-789	125340.0	125772.0
-788	125519.0	125882.0
-787	125467.0	125926.0
-786	126483.0	126125.0
-785	125838.0	125680.0
-784	125555.0	125874.0
-783	126146.0	125560.0
-782	126245.0	125239.0
-781	125401.0	125994.0
-780	125777.0	125791.0
-779	125325.0	125206.0
-778	125392.0	125138.0
-777	126212.0	125732.0
-776	125416.0	125352.0
-775	125765.0	125479.0
-774	125690.0	125827.0
-773	125539.0	125944.0
-772	125279.0	125883.0
-771	125879.0	125734.0
-770	125848.0	125843.0
-769	126126.0	125857.0
-768	126631.0	125655.0
-767	126214.0	125337.0
-766	126364.0	125436.0
-765	126671.0	125931.0
-764	126281.0	125936.0
-763	125997.0	126262.0
-762	125851.0	125782.0
-761	125541.0	126045.0
-760	125953.0	126098.0
-759	126975.0	125567.0
-758	126306.0	125201.0
-757	126795.0	125626.0
-756	126811.0	125070.0
-755	126292.0	125020.0
-754	125794.0	125647.0
-753	127081.0	125308.0
-752	126340.0	125221.0
-751	125728.0	125496.0
-750	126379.0	125321.0
-749	126532.0	125150.0
-748	126094.0	125085.0
-747	126845.0	125240.0
-746	126092.0	124475.0
-745	126434.0	125005.0
-744	126414.0	125043.0
-743	126772.0	124808.0
-742	126751.0	124777.0
-741	126374.0	125127.0
-740	126643.0	124170.0
-739	126798.0	124914.0
-738	126751.0	125090.0
-737	126561.0	124953.0
-736	125947.0	125172.0
-735	127042.0	124840.0
-734	126983.0	124647.0
-733	126498.0	124869.0
-732	126634.0	124686.0
-731	126259.0	124511.0
-730	125967.0	125044.0
-729	126547.0	125120.0
-728	127102.0	124611.0
-727	126793.0	124701.0
-726	126465.0	124632.0
-725	126248.0	124620.0
-724	126511.0	124586.0
-723	126408.0	124562.0
-722	126004.0	124076.0
-721	126122.0	124337.0
-720	125998.0	123960.0
-719	125980.0	123968.0
-718	125922.0	124712.0
-717	126301.0	124592.0
-716	126145.0	124548.0
-715	126155.0	124586.0
-714	126563.0	125046.0
-713	126586.0	124444.0
-712	126145.0	124566.0
-711	126586.0	124654.0
-710	125759.0	124027.0
-709	125897.0	123937.0
-708	126741.0	124540.0
-707	126037.0	123972.0
-706	125610.0	124610.0
-705	125860.0	124417.0
-704	125818.0	123970.0
-703	125734.0	124229.0
-702	126481.0	123712.0
-701	125863.0	123461.0
-700	124980.0	123968.0
-699	125615.0	124110.0
-698	124960.0	123943.0
-697	125437.0	124031.0
-696	125906.0	124042.0
-695	125104.0	124208.0
-694	124873.0	124539.0
-693	125716.0	124239.0
-692	125173.0	124037.0
-691	125056.0	124359.0
-690	125202.0	124181.0
-689	125747.0	123992.0
-688	125117.0	124157.0
-687	125976.0	124501.0
-686	125261.0	123908.0
-685	124983.0	124438.0
-684	125519.0	124133.0
-683	124795.0	124038.0
-682	124250.0	124515.0
-681	125386.0	123738.0
-680	125182.0	123771.0
-679	124662.0	124217.0
-678	125026.0	124254.0
-677	125108.0	123925.0
-676	125352.0	124274.0
-675	125148.0	124618.0
-674	124538.0	124382.0
-673	124442.0	124712.0
-672	125054.0	124676.0
-671	123956.0	124430.0
-670	125260.0	124742.0
-669	124324.0	124247.0
-668	124142.0	124243.0
-667	124240.0	124485.0
-666	124508.0	124621.0
-665	123883.0	124317.0
-664	124541.0	124827.0
-663	124566.0	125049.0
-662	124816.0	124192.0
-661	124669.0	124291.0
-660	124793.0	124737.0
-659	124417.0	124376.0
-658	124207.0	124541.0
-657	124990.0	124433.0
-656	124617.0	124247.0
-655	124694.0	124409.0
-654	124051.0	125245.0
-653	123367.0	124508.0
-652	123757.0	124435.0
-651	124202.0	125193.0
-650	124187.0	125300.0
-649	123514.0	124869.0
-648	124013.0	125217.0
-647	124585.0	124637.0
-646	124486.0	125032.0
-645	124847.0	125521.0
-644	124036.0	124716.0
-643	124093.0	124703.0
-642	124266.0	125235.0
-641	123875.0	125057.0
-640	124196.0	125373.0
-639	124654.0	125620.0
-638	124200.0	125449.0
-637	124381.0	125629.0
-636	124276.0	125515.0
-635	123581.0	125539.0
-634	124028.0	125997.0
-633	124384.0	126394.0
-632	124461.0	125761.0
-631	123396.0	126173.0
-630	124715.0	125777.0
-629	124521.0	125020.0
-628	124095.0	125285.0
-627	124548.0	125816.0
-626	124719.0	126056.0
-625	123850.0	126627.0
-624	124455.0	125467.0
-623	124196.0	126330.0
-622	124341.0	126107.0
-621	125019.0	126674.0
-620	123895.0	125742.0
-619	124764.0	126544.0
-618	125816.0	126314.0
-617	125004.0	126091.0
-616	124735.0	126427.0
-615	125116.0	126435.0
-614	124674.0	126700.0
-613	125019.0	126500.0
-612	125086.0	126656.0
-611	125192.0	126725.0
-610	125143.0	126882.0
-609	124993.0	126265.0
-608	125570.0	125744.0
-607	124898.0	127000.0
-606	126360.0	126945.0
-605	125595.0	126426.0
-604	125141.0	126548.0
-603	126193.0	126569.0
-602	125183.0	126595.0
-601	125352.0	126529.0
-600	125856.0	126702.0
-599	126024.0	126621.0
-598	125552.0	126851.0
-597	126279.0	126436.0
-596	126307.0	126439.0
-595	125508.0	127435.0
-594	126589.0	126842.0
-593	126365.0	126958.0
-592	126021.0	126653.0
-591	126288.0	127430.0
-590	126129.0	127135.0
-589	126432.0	127457.0
-588	126761.0	126965.0
-587	126231.0	126105.0
-586	126017.0	127258.0
-585	127423.0	127395.0
-584	126595.0	126704.0
-583	127039.0	126680.0
-582	127137.0	126924.0
-581	127062.0	126668.0
-580	126440.0	126495.0
-579	127382.0	127034.0
-578	127212.0	126552.0
-577	127691.0	126867.0
-576	127591.0	126822.0
-575	127124.0	126221.0
-574	126965.0	126660.0
-573	128370.0	126174.0
-572	127368.0	126779.0
-571	127136.0	126583.0
-570	127677.0	126561.0
-569	127182.0	126690.0
-568	127568.0	126704.0
-567	127513.0	126840.0
-566	126961.0	126157.0
-565	127347.0	126723.0
-564	127987.0	125864.0
-563	127856.0	125993.0
-562	127952.0	126860.0
-561	128275.0	126438.0
-560	128165.0	126055.0
-559	126977.0	126339.0
-558	128623.0	126498.0
-557	127745.0	126113.0
-556	128276.0	126562.0
-555	128412.0	126337.0
-554	127565.0	125645.0
-553	127267.0	126145.0
-552	128545.0	125567.0
-551	127805.0	125575.0
-550	127544.0	125601.0
-549	128074.0	126052.0
-548	127533.0	125037.0
-547	127504.0	125106.0
-546	127611.0	125829.0
-545	128173.0	125918.0
-544	127431.0	125618.0
-543	128779.0	125885.0
-542	127420.0	125205.0
-541	127609.0	125621.0
-540	128523.0	124955.0
-539	127503.0	124708.0
-538	127540.0	125737.0
-537	128458.0	125078.0
-536	127751.0	124428.0
-535	126606.0	125526.0
-534	127446.0	124998.0
-533	127330.0	124860.0
-532	126951.0	125347.0
-531	127949.0	125199.0
-530	127275.0	124743.0
-529	127120.0	124409.0
-528	127367.0	124167.0
-527	127115.0	124349.0
-526	126860.0	124782.0
-525	127476.0	124539.0
-524	127748.0	124333.0
-523	126805.0	124842.0
-522	127225.0	124687.0
-521	127210.0	123828.0
-520	126759.0	124007.0
-519	126867.0	124617.0
-518	127289.0	124064.0
-517	126842.0	123809.0
-516	127118.0	124149.0
-515	126580.0	123598.0
-514	126418.0	124392.0
-513	126823.0	124582.0
-512	125467.0	123770.0
-511	125985.0	125203.0
-510	126820.0	123863.0
-509	126248.0	123805.0
-508	126493.0	124372.0
-507	126629.0	123213.0
-506	125835.0	123609.0
-505	125482.0	124102.0
-504	126103.0	124278.0
-503	125059.0	123297.0
-502	125277.0	124412.0
-501	126118.0	124218.0
-500	125405.0	123590.0
-499	125599.0	123758.0
-498	126027.0	124305.0
-497	125475.0	122964.0
-496	125770.0	124369.0
-495	125578.0	124166.0
-494	125298.0	123287.0
-493	125001.0	123847.0
-492	125168.0	124518.0
-491	124808.0	123170.0
-490	124905.0	123791.0
-489	125317.0	123735.0
-488	124344.0	123811.0
-487	124393.0	123462.0
-486	124625.0	124056.0
-485	124204.0	124090.0
-484	124777.0	124578.0
-483	124921.0	123288.0
-482	124445.0	123306.0
-481	123478.0	124077.0
-480	124571.0	123847.0
-479	124240.0	123558.0
-478	124190.0	124185.0
-477	124787.0	123981.0
-476	123833.0	123611.0
-475	123972.0	124191.0
-474	124812.0	124606.0
-473	123853.0	124529.0
-472	122908.0	124214.0
-471	123940.0	124488.0
-470	123780.0	125021.0
-469	124026.0	124763.0
-468	124283.0	124313.0
-467	123275.0	124623.0
-466	123240.0	124863.0
-465	124087.0	125068.0
-464	123055.0	124122.0
-463	123836.0	124409.0
-462	124027.0	125290.0
-461	123292.0	124674.0
-460	123142.0	125334.0
-459	123403.0	125189.0
-458	123367.0	124929.0
-457	122714.0	125738.0
-456	124073.0	124818.0
-455	123015.0	125328.0
-454	123291.0	125891.0
-453	124180.0	125465.0
-452	123587.0	125332.0
-451	123748.0	125507.0
-450	124128.0	126114.0
-449	123692.0	124812.0
-448	123628.0	126089.0
-447	123814.0	126091.0
-446	122866.0	125809.0
-445	122584.0	126446.0
-444	124230.0	126681.0
-443	123243.0	126160.0
-442	123369.0	126601.0
-441	124176.0	126333.0
-440	123107.0	125676.0
-439	123320.0	127404.0
-438	124177.0	127173.0
-437	123724.0	126519.0
-436	123746.0	127435.0
-435	124540.0	127083.0
-434	124370.0	126116.0
-433	123854.0	126759.0
-432	124406.0	127045.0
-431	124355.0	126932.0
-430	124349.0	127509.0
-429	124245.0	127383.0
-428	124653.0	127653.0
-427	124319.0	128033.0
-426	125682.0	128382.0
-425	124757.0	127389.0
-424	124809.0	127948.0
-423	125558.0	127350.0
-422	124785.0	127302.0
-421	125420.0	127669.0
-420	125533.0	128154.0
-419	124839.0	127154.0
-418	125503.0	128182.0
-417	126120.0	128272.0
-416	125466.0	128029.0
-415	125977.0	128372.0
-414	126673.0	127918.0
-413	126302.0	128102.0
-412	125804.0	128468.0
-411	125950.0	128582.0
-410	125745.0	127666.0
-409	126088.0	128819.0
-408	126267.0	128837.0
-407	126496.0	127836.0
-406	127169.0	128613.0
-405	126904.0	128107.0
-404	126456.0	128138.0
-403	127021.0	129005.0
-402	127383.0	128630.0
-401	127332.0	127802.0
-400	127420.0	128754.0
-399	128147.0	128468.0
-398	127487.0	128219.0
-397	127423.0	129013.0
-396	128076.0	129248.0
-395	127313.0	128130.0
-394	128563.0	128642.0
-393	128960.0	129200.0
-392	128151.0	128545.0
-391	128674.0	128693.0
-390	129832.0	128403.0
-389	128545.0	127552.0
-388	128287.0	128852.0
-387	129057.0	128553.0
-386	128512.0	127268.0
-385	129057.0	128136.0
-384	130070.0	128277.0
-383	129071.0	128043.0
-382	129710.0	128321.0
-381	130316.0	128197.0
-380	129273.0	127501.0
-379	129719.0	128631.0
-378	130043.0	128594.0
-377	129872.0	127469.0
-376	129704.0	128212.0
-375	129979.0	127635.0
-374	129536.0	127028.0
-373	130477.0	127815.0
-372	130811.0	127593.0
-371	129912.0	127096.0
-370	129834.0	127773.0
-369	130648.0	127794.0
-368	129286.0	126315.0
-367	129450.0	127387.0
-366	130164.0	127476.0
-365	130089.0	127531.0
-364	130384.0	127325.0
-363	130327.0	126803.0
-362	129121.0	126079.0
-361	129564.0	126743.0
-360	130443.0	126423.0
-359	129415.0	125788.0
-358	129337.0	127063.0
-357	130683.0	127158.0
-356	130314.0	125692.0
-355	129784.0	126901.0
-354	130875.0	126070.0
-353	129717.0	125094.0
-352	129524.0	126024.0
-351	130177.0	125651.0
-350	129607.0	124871.0
-349	129285.0	125551.0
-348	130174.0	125678.0
-347	128922.0	125207.0
-346	129124.0	126135.0
-345	129758.0	125317.0
-344	129085.0	124618.0
-343	129374.0	125785.0
-342	129715.0	125642.0
-341	128470.0	124796.0
-340	128683.0	125417.0
-339	129189.0	125086.0
-338	128037.0	124002.0
-337	127626.0	124811.0
-336	128499.0	124798.0
-335	128490.0	124410.0
-334	127938.0	124387.0
-333	128822.0	124161.0
-332	127463.0	123771.0
-331	127124.0	123848.0
-330	127751.0	124546.0
-329	126984.0	124137.0
-328	126906.0	123804.0
-327	127324.0	124259.0
-326	126851.0	123237.0
-325	126504.0	124158.0
-324	127252.0	124216.0
-323	126508.0	123100.0
-322	126152.0	123687.0
-321	127198.0	123917.0
-320	126534.0	123599.0
-319	126338.0	123963.0
-318	126501.0	123838.0
-317	126101.0	122951.0
-316	125688.0	123605.0
-315	126178.0	123698.0
-314	125584.0	123161.0
-313	125798.0	123891.0
-312	125978.0	123358.0
-311	124820.0	122633.0
-310	124672.0	123266.0
-309	125288.0	122819.0
-308	124573.0	122770.0
-307	124712.0	123524.0
-306	124753.0	123943.0
-305	124482.0	123103.0
-304	124615.0	123548.0
-303	125037.0	123524.0
-302	123734.0	122232.0
-301	123911.0	123545.0
-300	124615.0	123624.0
-299	124026.0	122937.0
-298	124031.0	124095.0
-297	124870.0	124220.0
-296	123076.0	123583.0
-295	123340.0	124614.0
-294	124093.0	123945.0
-293	124227.0	123652.0
-292	123844.0	123711.0
-291	124541.0	123554.0
-290	122939.0	123268.0
-289	122916.0	123964.0
-288	124062.0	123965.0
-287	123120.0	123208.0
-286	123030.0	123714.0
-285	123817.0	123976.0
-284	122832.0	123243.0
-283	122439.0	124176.0
-282	123518.0	124813.0
-281	123103.0	123906.0
-280	122640.0	124823.0
-279	123321.0	124905.0
-278	122609.0	124414.0
-277	122898.0	124788.0
-276	123191.0	124929.0
-275	121678.0	124836.0
-274	122724.0	125251.0
-273	123510.0	125418.0
-272	122372.0	124153.0
-271	122426.0	125053.0
-270	122875.0	126115.0
-269	122237.0	124829.0
-268	122375.0	125586.0
-267	123550.0	125912.0
-266	122213.0	124771.0
-265	122132.0	125534.0
-264	123621.0	126146.0
-263	122709.0	125816.0
-262	122863.0	126306.0
-261	123019.0	126623.0
-260	123023.0	125665.0
-259	122853.0	127123.0
-258	123277.0	127794.0
-257	123180.0	126436.0
-256	122398.0	127366.0
-255	124234.0	127273.0
-254	122824.0	127065.0
-253	123679.0	127778.0
-252	124034.0	128015.0
-251	123935.0	127264.0
-250	123521.0	128071.0
-249	123848.0	128800.0
-248	122856.0	127393.0
-247	123517.0	129406.0
-246	124476.0	128894.0
-245	123894.0	127828.0
-244	124362.0	129032.0
-243	125375.0	129064.0
-242	124533.0	128638.0
-241	124326.0	129605.0
-240	125280.0	129600.0
-239	124354.0	128775.0
-238	124297.0	130200.0
-237	125729.0	129788.0
-236	125119.0	128831.0
-235	125329.0	129978.0
-234	126831.0	130812.0
-233	125401.0	129334.0
-232	125070.0	130805.0
-231	126556.0	130471.0
-230	125479.0	129489.0
-229	126463.0	130421.0
-228	127610.0	130527.0
-227	126812.0	129934.0
-226	126711.0	130774.0
-225	127950.0	130617.0
-224	126702.0	130190.0
-223	127693.0	130938.0
-222	128175.0	130888.0
-221	127156.0	130120.0
-220	127864.0	131536.0
-219	128743.0	131130.0
-218	127884.0	130474.0
-217	127832.0	131413.0
-216	129606.0	131646.0
-215	129183.0	130346.0
-214	129063.0	131338.0
-213	130030.0	131513.0
-212	129201.0	130099.0
-211	129152.0	131427.0
-210	130831.0	131412.0
-209	129976.0	130672.0
-208	130507.0	131139.0
-207	131180.0	131501.0
-206	131138.0	129874.0
-205	130604.0	130697.0
-204	132063.0	131006.0
-203	131102.0	130188.0
-202	131112.0	131189.0
-201	132327.0	130805.0
-200	131640.0	130170.0
-199	131933.0	130746.0
-198	133544.0	131021.0
-197	131801.0	129309.0
-196	132548.0	130732.0
-195	132872.0	130815.0
-194	132245.0	129383.0
-193	132879.0	130413.0
-192	133357.0	129784.0
-191	133076.0	128796.0
-190	132770.0	130394.0
-189	134510.0	129632.0
-188	133285.0	129074.0
-187	132856.0	129187.0
-186	134066.0	129009.0
-185	132356.0	127865.0
-184	132958.0	128442.0
-183	134549.0	128717.0
-182	132837.0	127029.0
-181	133335.0	128733.0
-180	133933.0	128734.0
-179	132911.0	127415.0
-178	132691.0	128718.0
-177	133935.0	127900.0
-176	133432.0	126904.0
-175	132835.0	127820.0
-174	134205.0	127340.0
-173	132614.0	126201.0
-172	132498.0	127245.0
-171	134028.0	127459.0
-170	132219.0	125700.0
-169	131791.0	126993.0
-168	133544.0	126629.0
-167	132639.0	125606.0
-166	131829.0	125624.0
-165	132836.0	125786.0
-164	130876.0	125452.0
-163	131668.0	126492.0
-162	132566.0	125625.0
-161	130730.0	123774.0
-160	130726.0	125407.0
-159	132294.0	125336.0
-158	130097.0	123816.0
-157	130551.0	125351.0
-156	131339.0	124571.0
-155	130043.0	123593.0
-154	129645.0	124763.0
-153	131151.0	124514.0
-152	129749.0	123548.0
-151	129486.0	124502.0
-150	130627.0	124205.0
-149	128715.0	123239.0
-148	128144.0	124323.0
-147	129633.0	124474.0
-146	127899.0	122695.0
-145	128254.0	123841.0
-144	129316.0	123436.0
-143	128664.0	122283.0
-142	127441.0	123365.0
-141	127807.0	124017.0
-140	126271.0	121926.0
-139	126087.0	123893.0
-138	126119.0	123517.0
-137	123829.0	122751.0
-136	124348.0	123803.0
-135	126472.0	122984.0
-134	125443.0	123026.0
-133	126188.0	123316.0
-132	127146.0	123557.0
-131	125796.0	122159.0
-130	125566.0	123086.0
-129	125550.0	124027.0
-128	123828.0	122610.0
-127	123835.0	124090.0
-126	125181.0	123917.0
-125	123811.0	122169.0
-124	124416.0	123561.0
-123	126647.0	122864.0
-122	125350.0	122075.0
-121	126601.0	122091.0
-120	126710.0	123180.0
-119	123755.0	121884.0
-118	123394.0	123233.0
-117	124076.0	123672.0
-116	122219.0	122238.0
-115	122913.0	123323.0
-114	124489.0	124171.0
-113	124555.0	121832.0
-112	124760.0	122686.0
-111	126157.0	123518.0
-110	124989.0	121950.0
-109	124654.0	123510.0
-108	124520.0	123469.0
-107	122475.0	122741.0
-106	121773.0	123954.0
-105	123142.0	124345.0
-104	122432.0	123120.0
-103	123891.0	124212.0
-102	126261.0	124293.0
-101	125364.0	123167.0
-100	125315.0	123928.0
-99	126598.0	124454.0
-98	124337.0	123404.0
-97	123566.0	124622.0
-96	124511.0	124981.0
-95	122888.0	123931.0
-94	123761.0	125004.0
-93	125278.0	124653.0
-92	124298.0	122762.0
-91	125430.0	124978.0
-90	126710.0	124937.0
-89	125486.0	123721.0
-88	124380.0	125093.0
-87	125916.0	125539.0
-86	123911.0	124489.0
-85	123169.0	126056.0
-84	124528.0	126349.0
-83	123510.0	124505.0
-82	124402.0	125771.0
-81	125300.0	126135.0
-80	123942.0	125052.0
-79	124507.0	126922.0
-78	126120.0	126232.0
-77	124747.0	126113.0
-76	123964.0	127666.0
-75	125770.0	127722.0
-74	124588.0	126587.0
-73	124594.0	127996.0
-72	126414.0	127810.0
-71	124615.0	126318.0
-70	125417.0	127921.0
-69	127245.0	128190.0
-68	124951.0	127455.0
-67	125006.0	129663.0
-66	126894.0	129761.0
-65	125181.0	128506.0
-64	125334.0	129450.0
-63	127064.0	130139.0
-62	125791.0	128905.0
-61	125639.0	130489.0
-60	127767.0	130754.0
-59	125878.0	129348.0
-58	125678.0	131058.0
-57	126489.0	131354.0
-56	124414.0	130558.0
-55	124819.0	132458.0
-54	126937.0	132164.0
-53	126764.0	130883.0
-52	127521.0	133394.0
-51	130315.0	133230.0
-50	128315.0	132097.0
-49	128807.0	134099.0
-48	130215.0	133908.0
-47	127760.0	132420.0
-46	127365.0	133781.0
-45	128768.0	134558.0
-44	127557.0	133603.0
-43	128269.0	134394.0
-42	131719.0	135156.0
-41	130034.0	133300.0
-40	131516.0	135078.0
-39	134014.0	135210.0
-38	131893.0	133945.0
-37	131330.0	136469.0
-36	132528.0	136730.0
-35	129796.0	134352.0
-34	130370.0	136531.0
-33	134225.0	136041.0
-32	132445.0	134094.0
-31	133926.0	136021.0
-30	137293.0	136014.0
-29	135504.0	135031.0
-28	135189.0	136403.0
-27	137136.0	137576.0
-26	134797.0	135539.0
-25	133851.0	137547.0
-24	135534.0	137381.0
-23	133636.0	135125.0
-22	134422.0	137824.0
-21	138265.0	138938.0
-20	137316.0	136763.0
-19	138713.0	139422.0
-18	140856.0	139093.0
-17	137863.0	137347.0
-16	136869.0	140832.0
-15	139075.0	140638.0
-14	136607.0	137911.0
-13	136995.0	141482.0
-12	142076.0	142153.0
-11	140870.0	138950.0
-10	141051.0	143199.0
-9	145070.0	144973.0
-8	142848.0	145314.0
-7	139099.0	151466.0
-6	136107.0	153134.0
-5	128565.0	150281.0
-4	126864.0	153160.0
-3	143385.0	160124.0
-2	158352.0	149738.0
-1	238201.0	149315.0
0	2896.0	102562.0
1	237910.0	31829.0
2	157760.0	65984.0
3	142749.0	94860.0
4	126911.0	125751.0
5	128580.0	139266.0
6	135923.0	132092.0
7	138754.0	118881.0
8	142227.0	116124.0
9	145146.0	112544.0
10	141363.0	110736.0
11	140000.0	114933.0
12	141306.0	118959.0
13	136266.0	117879.0
14	135990.0	122444.0
15	138284.0	123830.0
16	136928.0	122129.0
17	137807.0	123033.0
18	140730.0	123025.0
19	137997.0	120603.0
20	136755.0	123908.0
21	137170.0	125074.0
22	133791.0	126679.0
23	133202.0	130682.0
24	135505.0	132347.0
25	133446.0	129162.0
26	134102.0	129224.0
27	136517.0	127923.0
28	135335.0	123961.0
29	134913.0	124900.0
30	136929.0	124999.0
31	134040.0	123923.0
32	132583.0	127512.0
33	133899.0	128782.0
34	130574.0	128738.0
35	130019.0	131175.0
36	132165.0	131623.0
37	130486.0	128763.0
38	131734.0	128109.0
39	133363.0	126275.0
40	131074.0	125026.0
41	129969.0	126537.0
42	130841.0	128233.0
43	127500.0	128871.0
44	126926.0	132326.0
45	128906.0	132911.0
46	126854.0	130550.0
47	127700.0	132050.0
48	129158.0	130306.0
49	127942.0	127667.0
50	128112.0	128874.0
51	128871.0	128746.0
52	127190.0	128087.0
53	125936.0	129807.0
54	126936.0	131619.0
55	124808.0	130263.0
56	124622.0	132714.0
57	126134.0	132549.0
58	125068.0	129307.0
59	125850.0	129462.0
60	127810.0	128453.0
61	125431.0	127070.0
62	125576.0	128588.0
63	126948.0	129137.0
64	124810.0	126893.0
65	124482.0	127776.0
66	126182.0	127969.0
67	124565.0	126242.0
68	124800.0	127485.0
69	127137.0	127494.0
70	125398.0	124719.0
71	125191.0	125962.0
72	125982.0	126551.0
73	123937.0	126319.0
74	123448.0	127617.0
75	125539.0	127407.0
76	124379.0	125719.0
77	124125.0	126216.0
78	125188.0	126184.0
79	124492.0	124610.0
80	124056.0	126620.0
81	126040.0	127108.0
82	123992.0	125975.0
83	123724.0	127539.0
84	123639.0	128328.0
85	122734.0	127221.0
86	123248.0	127789.0
87	125752.0	126601.0
88	124175.0	123186.0
89	124986.0	123907.0
90	126279.0	124031.0
91	124801.0	123455.0
92	124663.0	125431.0
93	124739.0	126479.0
94	123297.0	126186.0
95	122820.0	128388.0
96	124202.0	128959.0
97	123756.0	126678.0
98	123787.0	126951.0
99	126124.0	125877.0
100	125384.0	123274.0
101	125158.0	124900.0
102	126003.0	125504.0
103	124203.0	124587.0
104	122628.0	127787.0
105	123494.0	129329.0
106	122213.0	128622.0
107	122947.0	130675.0
108	124558.0	129376.0
109	124558.0	127310.0
110	124307.0	127080.0
111	126010.0	126671.0
112	124743.0	125936.0
113	123642.0	128741.0
114	124647.0	130950.0
115	122367.0	130529.0
116	122249.0	133342.0
117	124298.0	135245.0
118	122494.0	132726.0
119	124440.0	133642.0
120	126314.0	132567.0
121	125376.0	130204.0
122	125869.0	131810.0
123	126638.0	132480.0
124	124104.0	132700.0
125	123323.0	135654.0
126	124645.0	137992.0
127	122987.0	136987.0
128	123676.0	137606.0
129	125951.0	137580.0
130	125033.0	134354.0
131	125903.0	135118.0
132	127433.0	135246.0
133	125603.0	134299.0
134	125321.0	137445.0
135	125568.0	140157.0
136	123899.0	139504.0
137	123949.0	142743.0
138	125864.0	143099.0
139	125064.0	141153.0
140	125707.0	142019.0
141	128147.0	141144.0
142	127194.0	140328.0
143	127864.0	141909.0
144	129323.0	141891.0
145	127226.0	142135.0
146	127776.0	143228.0
147	129190.0	143954.0
148	128145.0	142457.0
149	128851.0	143317.0
150	130470.0	143271.0
151	129008.0	141375.0
152	129308.0	142832.0
153	130111.0	142695.0
154	128845.0	141568.0
155	130569.0	142890.0
156	131302.0	143043.0
157	130594.0	140993.0
158	129924.0	141540.0
159	132058.0	140400.0
160	130581.0	138994.0
161	130561.0	139582.0
162	132850.0	139752.0
163	130801.0	138166.0
164	131919.0	139812.0
165	132603.0	139004.0
166	131214.0	138188.0
167	132259.0	139262.0
168	133396.0	137525.0
169	132302.0	136595.0
170	131692.0	138030.0
171	133254.0	136514.0
172	132890.0	135958.0
173	132714.0	136829.0
174	133947.0	136419.0
175	132389.0	135376.0
176	132196.0	136224.0
177	133638.0	135279.0
178	132790.0	133973.0
179	132907.0	134772.0
180	133785.0	133829.0
181	132409.0	132514.0
182	133002.0	133553.0
183	133927.0	133226.0
184	132621.0	131831.0
185	132882.0	132790.0
186	133807.0	132474.0
187	132727.0	131613.0
188	132918.0	132493.0
189	133465.0	130550.0
190	132487.0	129515.0
191	132556.0	130921.0
192	134413.0	129496.0
193	132020.0	129246.0
194	132720.0	129279.0
195	132648.0	130131.0
196	131724.0	128368.0
197	131129.0	129277.0
198	132659.0	128719.0
199	131624.0	127901.0
200	131117.0	128502.0
201	131919.0	127394.0
202	130878.0	126658.0
203	130690.0	127536.0
204	131359.0	127538.0
205	130543.0	126639.0
206	130110.0	127532.0
207	130995.0	127015.0
208	129100.0	126146.0
209	129180.0	126249.0
210	130593.0	126568.0
211	129056.0	125834.0
212	129139.0	125940.0
213	130201.0	125770.0
214	128919.0	125022.0
215	129002.0	125738.0
216	129429.0	125763.0
217	127746.0	124806.0
218	127168.0	125616.0
219	128265.0	126008.0
220	127427.0	124281.0
221	127254.0	125489.0
222	127792.0	124853.0
223	126833.0	123873.0
224	126947.0	124825.0
225	127178.0	124848.0
226	126700.0	123543.0
227	126096.0	125222.0
228	126991.0	125038.0
229	125901.0	123321.0
230	125850.0	124860.0
231	126160.0	124752.0
232	125320.0	123972.0
233	125222.0	124893.0
234	125925.0	124653.0
235	125030.0	124104.0
236	124488.0	124948.0
237	125439.0	124847.0
238	124638.0	124087.0
239	123681.0	124495.0
240	125244.0	124980.0
241	123980.0	123598.0
242	123947.0	124679.0
243	124629.0	124224.0
244	123422.0	124109.0
245	123408.0	124753.0
246	124000.0	124348.0
247	123138.0	124426.0
248	123215.0	125540.0
249	124313.0	125214.0
250	122330.0	125042.0
251	122951.0	124945.0
252	124435.0	124933.0
253	122676.0	124073.0
254	122567.0	125470.0
255	123615.0	124973.0
256	122174.0	124483.0
257	123064.0	125533.0
258	123365.0	126005.0
259	122231.0	125270.0
260	122573.0	125878.0
261	123571.0	125248.0
262	122785.0	124950.0
263	122811.0	124930.0
264	123377.0	125894.0
265	121898.0	125019.0
266	122267.0	126446.0
267	123196.0	126449.0
268	122589.0	125857.0
269	122581.0	126263.0
270	123457.0	126493.0
271	121844.0	125466.0
272	122471.0	126829.0
273	123428.0	126835.0
274	123090.0	126425.0
275	122537.0	126853.0
276	122731.0	127550.0
277	122665.0	126177.0
278	122791.0	126939.0
279	123724.0	127671.0
280	122165.0	126838.0
281	122606.0	127832.0
282	123582.0	128149.0
283	122624.0	127262.0
284	123035.0	128496.0
285	123691.0	127982.0
286	123186.0	127668.0
287	122918.0	128489.0
288	124084.0	128624.0
289	123066.0	127506.0
290	122491.0	129423.0
291	123613.0	129675.0
292	123012.0	128146.0
293	122974.0	128898.0
294	123740.0	129096.0
295	123209.0	128263.0
296	123245.0	129254.0
297	124331.0	129838.0
298	123122.0	129985.0
299	123727.0	130688.0
300	124640.0	129566.0
301	123667.0	129555.0
302	123626.0	130630.0
303	125096.0	130648.0
304	123613.0	129626.0
305	124147.0	130728.0
306	125055.0	131795.0
307	124470.0	130539.0
308	124560.0	131900.0
309	125535.0	131055.0
310	124795.0	130908.0
311	125046.0	131995.0
312	125998.0	131924.0
313	124540.0	131106.0
314	125627.0	132189.0
315	126277.0	132234.0
316	125030.0	131740.0
317	124883.0	132913.0
318	126362.0	132643.0
319	125311.0	132144.0
320	125878.0	133193.0
321	127488.0	133315.0
322	126266.0	132007.0
323	126316.0	132885.0
324	127000.0	132654.0
325	126001.0	131982.0
326	126923.0	132957.0
327	127331.0	133179.0
328	126857.0	132519.0
329	126829.0	132872.0
330	128280.0	132839.0
331	126795.0	132292.0
332	127102.0	133110.0
333	128537.0	133289.0
334	128062.0	132218.0
335	127600.0	132488.0
336	128254.0	132911.0
337	127858.0	132302.0
338	127935.0	132983.0
339	129046.0	132963.0
340	128335.0	131539.0
341	128230.0	132614.0
342	128819.0	132304.0
343	128334.0	131912.0
344	128854.0	132257.0
345	129394.0	132559.0
346	128461.0	131181.0
347	128885.0	132489.0
348	129579.0	131984.0
349	128979.0	130806.0
350	129006.0	131528.0
351	129208.0	131389.0
352	128738.0	130941.0
353	129040.0	131136.0
354	129935.0	131565.0
355	128912.0	130150.0
356	129267.0	130396.0
357	129938.0	130420.0
358	129610.0	129648.0
359	128861.0	130102.0
360	129924.0	129667.0
361	129359.0	129033.0
362	130007.0	129670.0
363	130186.0	129495.0
364	129330.0	128094.0
365	129265.0	129175.0
366	130667.0	128962.0
367	129802.0	128010.0
368	129665.0	128283.0
369	130197.0	128878.0
370	129257.0	127518.0
371	129259.0	127563.0
372	129363.0	127917.0
373	129686.0	126889.0
374	129274.0	127514.0
375	130395.0	127265.0
376	129534.0	126557.0
377	128930.0	126894.0
378	129866.0	126810.0
379	128606.0	125650.0
380	128149.0	127398.0
381	129086.0	126463.0
382	129020.0	125622.0
383	128191.0	126170.0
384	129576.0	125770.0
385	128689.0	124800.0
386	128542.0	125390.0
387	129331.0	124936.0
388	128614.0	124378.0
389	128488.0	124815.0
390	128991.0	125246.0
391	127965.0	124476.0
392	127731.0	124985.0
393	128307.0	125146.0
394	127577.0	124082.0
395	127284.0	124261.0
396	127783.0	124617.0
397	127413.0	124716.0
398	127568.0	124199.0
399	128213.0	124100.0
400	127219.0	123552.0
401	127131.0	124141.0
402	127570.0	123871.0
403	126061.0	123611.0
404	126278.0	123937.0
405	126617.0	123345.0
406	126097.0	123271.0
407	126146.0	123631.0
408	126910.0	123670.0
409	125844.0	123108.0
410	126209.0	123570.0
411	126152.0	123569.0
412	125281.0	122799.0
413	125780.0	123904.0
414	125977.0	123719.0
415	125441.0	122710.0
416	125477.0	123094.0
417	125797.0	123065.0
418	125087.0	122301.0
419	125005.0	123494.0
420	125500.0	123054.0
421	124526.0	121869.0
422	124676.0	123066.0
423	124824.0	123467.0
424	124898.0	122836.0
425	124430.0	123617.0
426	124316.0	123408.0
427	124200.0	122662.0
428	123817.0	123506.0
429	124768.0	123270.0
430	124033.0	123608.0
431	123808.0	123483.0
432	124783.0	124136.0
433	123657.0	123318.0
434	123574.0	123727.0
435	124080.0	123357.0
436	123383.0	123457.0
437	123518.0	124350.0
438	124611.0	123789.0
439	123267.0	123509.0
440	123186.0	124297.0
441	123903.0	124523.0
442	122947.0	123156.0
443	123187.0	124266.0
444	123567.0	124827.0
445	123254.0	124188.0
446	123580.0	124693.0
447	122985.0	124915.0
448	123429.0	125233.0
449	122881.0	124805.0
450	124200.0	125141.0
451	123702.0	124355.0
452	123666.0	125373.0
453	123518.0	125017.0
454	123651.0	124503.0
455	123297.0	125470.0
456	124031.0	125738.0
457	122877.0	125029.0
458	122959.0	125271.0
459	123130.0	125674.0
460	123496.0	125478.0
461	123618.0	125918.0
462	124151.0	125599.0
463	123191.0	125377.0
464	123587.0	126122.0
465	123957.0	126389.0
466	123423.0	126149.0
467	122566.0	126349.0
468	124058.0	126012.0
469	122792.0	126270.0
470	123540.0	127184.0
471	123402.0	126749.0
472	123002.0	126259.0
473	123765.0	126967.0
474	124622.0	126578.0
475	122762.0	126433.0
476	123615.0	127694.0
477	123939.0	127587.0
478	123310.0	126979.0
479	123702.0	127384.0
480	124214.0	127668.0
481	124073.0	128083.0
482	124615.0	127572.0
483	124163.0	127370.0
484	123563.0	127389.0
485	124174.0	127595.0
486	123952.0	127802.0
487	123305.0	127562.0
488	124093.0	128249.0
489	124676.0	127949.0
490	124104.0	127831.0
491	125031.0	128765.0
492	125855.0	128826.0
493	124865.0	127825.0
494	124905.0	128140.0
495	125393.0	128243.0
496	124812.0	128281.0
497	124921.0	128343.0
498	125326.0	128611.0
499	125034.0	128072.0
500	125318.0	128930.0
501	126113.0	129245.0
502	125000.0	127475.0
503	125323.0	129087.0
504	125645.0	129023.0
505	125255.0	127935.0
506	125951.0	129092.0
507	126470.0	129199.0
508	126222.0	128678.0
509	125589.0	129713.0
510	126045.0	129500.0
511	125969.0	128711.0
512	125608.0	129472.0
513	126249.0	129059.0
514	126437.0	128889.0
515	126839.0	129703.0
516	126614.0	129070.0
517	126359.0	128634.0
518	127352.0	129376.0
519	127320.0	129350.0
520	126358.0	128486.0
521	125947.0	129541.0
522	127382.0	129186.0
523	126442.0	128121.0
524	126687.0	128988.0
525	126690.0	128747.0
526	126820.0	128717.0
527	126485.0	128666.0
528	127776.0	128835.0
529	126828.0	128405.0
530	126835.0	128445.0
531	126990.0	129086.0
532	126857.0	128082.0
533	127138.0	128519.0
534	127122.0	128525.0
535	127546.0	127623.0
536	127010.0	128435.0
537	128028.0	128618.0
538	127008.0	127884.0
539	127275.0	128769.0
540	127869.0	127926.0
541	127350.0	127823.0
542	127694.0	127396.0
543	127438.0	128715.0
544	127131.0	127253.0
545	127233.0	127362.0
546	127402.0	127823.0
547	127783.0	127271.0
548	127329.0	127521.0
549	127888.0	127476.0
550	127530.0	127264.0
551	126807.0	127181.0
552	127681.0	127112.0
553	127822.0	126342.0
554	128001.0	126698.0
555	127819.0	126887.0
556	127833.0	126465.0
557	127395.0	126554.0
558	127666.0	126095.0
559	127443.0	125755.0
560	127598.0	126419.0
561	127700.0	125787.0
562	127054.0	125050.0
563	127508.0	125430.0
564	127931.0	125127.0
565	127062.0	125289.0
566	127110.0	124743.0
567	127379.0	125758.0
568	126756.0	124743.0
569	127334.0	125502.0
570	127313.0	125707.0
571	126787.0	124681.0
572	127065.0	125580.0
573	127543.0	125219.0
574	126611.0	124343.0
575	126997.0	124959.0
576	127148.0	124494.0
577	127045.0	124042.0
578	126381.0	125169.0
579	127159.0	124824.0
580	126928.0	124009.0
581	126737.0	124628.0
582	127054.0	124291.0
583	126773.0	123952.0
584	126427.0	124675.0
585	126742.0	123988.0
586	126219.0	123208.0
587	125730.0	124123.0
588	126520.0	123756.0
589	125997.0	124240.0
590	125781.0	123826.0
591	125990.0	123725.0
592	125929.0	123385.0
593	126297.0	123154.0
594	125936.0	124222.0
595	126296.0	123282.0
596	125575.0	123116.0
597	125657.0	123666.0
598	124853.0	123500.0
599	125093.0	123479.0
600	125945.0	124025.0
601	125389.0	123563.0
602	125643.0	123715.0
603	125376.0	123084.0
604	124760.0	123206.0
605	124753.0	123454.0
606	124913.0	123874.0
607	124491.0	122878.0
608	124761.0	123879.0
609	125413.0	123462.0
610	124528.0	123802.0
611	124437.0	123566.0
612	124728.0	124116.0
613	124473.0	123962.0
614	123683.0	123706.0
615	124617.0	123648.0
616	124139.0	124135.0
617	124386.0	123753.0
618	124933.0	124070.0
619	123985.0	123377.0
620	124154.0	124090.0
621	124363.0	124174.0
622	124036.0	123470.0
623	123629.0	123678.0
624	124101.0	124235.0
625	123838.0	123370.0
626	123864.0	123794.0
627	124868.0	124534.0
628	124091.0	123491.0
629	124309.0	124285.0
630	124018.0	123793.0
631	124123.0	124327.0
632	123488.0	125063.0
633	124493.0	124248.0
634	123911.0	124377.0
635	124240.0	124853.0
636	124205.0	124716.0
637	124613.0	124900.0
638	124141.0	124964.0
639	124413.0	124626.0
640	123807.0	124168.0
641	123922.0	124711.0
642	123905.0	124243.0
643	123880.0	123731.0
644	124234.0	124675.0
645	124463.0	124776.0
646	124369.0	124577.0
647	124595.0	125091.0
648	124188.0	124931.0
649	124188.0	125171.0
650	123663.0	125307.0
651	124266.0	125608.0
652	123617.0	124949.0
653	123645.0	125845.0
654	124271.0	126121.0
655	124034.0	125428.0
656	124248.0	125360.0
657	124781.0	125463.0
658	123998.0	125237.0
659	123507.0	125866.0
660	124282.0	125760.0
661	123548.0	125994.0
662	123831.0	126456.0
663	124722.0	125634.0
664	124237.0	125584.0
665	123785.0	126020.0
666	124115.0	126490.0
667	123356.0	125937.0
668	124360.0	125711.0
669	124567.0	125959.0
670	124329.0	125731.0
671	124161.0	126346.0
672	124910.0	126684.0
673	124453.0	126150.0
674	124517.0	126880.0
675	124404.0	126548.0
676	124271.0	126207.0
677	124417.0	127155.0
678	124920.0	126870.0
679	124600.0	126144.0
680	124590.0	126761.0
681	124880.0	126673.0
682	124457.0	126519.0
683	124528.0	126859.0
684	124344.0	126826.0
685	124845.0	126659.0
686	125203.0	126691.0
687	124899.0	127412.0
688	124707.0	127057.0
689	124918.0	127255.0
690	124677.0	126577.0
691	124536.0	126885.0
692	125309.0	126798.0
693	125633.0	127881.0
694	125029.0	127223.0
695	125314.0	127586.0
696	125798.0	127822.0
697	125360.0	126773.0
698	124683.0	126969.0
699	126029.0	126903.0
700	125531.0	126631.0
701	125160.0	127304.0
702	124607.0	127088.0
703	125296.0	126984.0
704	125712.0	126982.0
705	125743.0	127328.0
706	124774.0	127348.0
707	125148.0	127560.0
708	125756.0	127110.0
709	125649.0	127061.0
710	125262.0	126712.0
711	125294.0	126915.0
712	125209.0	126109.0
713	125071.0	126449.0
714	125597.0	127494.0
715	125029.0	127016.0
716	125484.0	127190.0
717	125927.0	126787.0
718	125865.0	126993.0
719	125928.0	126379.0
720	125850.0	126855.0
721	125571.0	126783.0
722	125783.0	126521.0
723	126753.0	127246.0
724	125953.0	125971.0
725	125813.0	126024.0
726	125920.0	126215.0
727	125428.0	126271.0
728	126159.0	126269.0
729	125738.0	126200.0
730	125804.0	126124.0
731	125962.0	126427.0
732	125888.0	126274.0
733	125765.0	126412.0
734	126032.0	126581.0
735	126176.0	126256.0
736	125690.0	125368.0
737	126373.0	126406.0
738	126099.0	126240.0
739	126306.0	125625.0
740	126156.0	125838.0
741	125825.0	125871.0
742	125973.0	124971.0
743	125896.0	125837.0
744	126312.0	125824.0
745	126030.0	125090.0
746	125991.0	125701.0
747	126242.0	126192.0
748	125637.0	125319.0
749	126199.0	125574.0
750	126370.0	125735.0
751	126066.0	124732.0
752	125957.0	125189.0
753	125498.0	125266.0
754	125952.0	124647.0
755	125736.0	125221.0
756	125899.0	124985.0
757	125788.0	124677.0
758	126116.0	124975.0
759	126070.0	125117.0
760	125801.0	124761.0
761	125750.0	124736.0
762	126173.0	124894.0
763	125498.0	124355.0
764	125541.0	124839.0
765	125783.0	124846.0
766	125602.0	123658.0
767	125384.0	124519.0
768	126553.0	124536.0
769	125757.0	124333.0
770	125605.0	124333.0
771	125825.0	124692.0
772	124724.0	124043.0
773	125213.0	124699.0
774	125580.0	124832.0
775	125165.0	123829.0
776	125298.0	124100.0
777	125750.0	123970.0
778	125092.0	123992.0
779	125346.0	124387.0
780	125049.0	124285.0
781	125115.0	124301.0
782	124960.0	124670.0
783	125191.0	124452.0
784	124939.0	123632.0
785	125134.0	124219.0
786	125075.0	124568.0
787	125294.0	123620.0
788	124847.0	123549.0
789	125887.0	124114.0
790	124963.0	124814.0
791	125217.0	124406.0
792	125202.0	123880.0
793	125556.0	123873.0
794	124949.0	123680.0
795	124647.0	124030.0
796	124869.0	124437.0
797	124577.0	124224.0
798	124694.0	123962.0
799	125006.0	124430.0
800	124922.0	124561.0
801	124810.0	123736.0
802	124252.0	123958.0
803	124382.0	123494.0
804	125048.0	123907.0
805	124588.0	123698.0
806	124261.0	124302.0
807	124464.0	123580.0
808	123986.0	124030.0
809	124403.0	124326.0
810	124311.0	124382.0
811	124011.0	123899.0
812	123886.0	124026.0
813	124209.0	124224.0
814	125120.0	124141.0
815	124360.0	124391.0
816	124311.0	123805.0
817	124876.0	124432.0
818	123815.0	124083.0
819	123881.0	124094.0
820	123412.0	124649.0
821	124455.0	124609.0
822	124026.0	124383.0
823	123578.0	124595.0
824	123868.0	124660.0
825	123954.0	124609.0
826	124955.0	123355.0
827	123958.0	124725.0
828	124206.0	124580.0
829	124024.0	124275.0
830	124554.0	124755.0
831	124000.0	124769.0
832	123866.0	124524.0
833	123817.0	124823.0
834	124032.0	124879.0
835	123837.0	124462.0
836	123934.0	125068.0
837	124351.0	124833.0
838	123690.0	124699.0
839	124305.0	125031.0
840	124500.0	124784.0
841	123437.0	124283.0
842	124063.0	125061.0
843	124298.0	125169.0
844	124145.0	125441.0
845	124007.0	125317.0
846	123843.0	125138.0
847	123911.0	124803.0
848	123795.0	125637.0
849	123611.0	125568.0
850	123816.0	125261.0
851	124048.0	125086.0
852	123853.0	124906.0
853	123705.0	124800.0
854	123902.0	125442.0
855	124479.0	124729.0
856	123819.0	125119.0
857	123977.0	125157.0
858	124665.0	124912.0
859	123212.0	124947.0
860	124097.0	125668.0
861	124086.0	125189.0
862	124431.0	125171.0
863	123947.0	125713.0
864	124166.0	125569.0
865	124664.0	125352.0
866	124433.0	125481.0
867	124097.0	125575.0
868	124000.0	125294.0
869	124521.0	125884.0
870	124573.0	125639.0
871	124226.0	125507.0
872	124219.0	125962.0
873	124741.0	125782.0
874	124584.0	125712.0
875	123996.0	125579.0
876	123950.0	125656.0
877	124029.0	125546.0
878	124196.0	125920.0
879	124784.0	125773.0
880	124680.0	125314.0
881	124014.0	125176.0
882	124895.0	125940.0
883	124618.0	126118.0
884	124466.0	125868.0
885	125045.0	125777.0
886	124052.0	124966.0
887	124427.0	125664.0
888	124759.0	125885.0
889	124912.0	125650.0
890	124443.0	126010.0
891	124798.0	125624.0
892	124976.0	125470.0
893	124933.0	125598.0
894	124979.0	125520.0
895	124965.0	125368.0
896	124462.0	126069.0
897	124658.0	126212.0
898	124636.0	126036.0
899	124514.0	126598.0
900	124349.0	125703.0
901	124396.0	125289.0
902	125019.0	125841.0
903	124023.0	125657.0
904	124400.0	125300.0
905	125176.0	126491.0
906	125052.0	126353.0
907	124801.0	126230.0
908	124756.0	125587.0
909	124484.0	125623.0
910	124768.0	126065.0
911	125342.0	126085.0
912	125027.0	126060.0
913	124825.0	125819.0
914	124762.0	125607.0
915	124943.0	125857.0
916	124652.0	125569.0
917	124931.0	125511.0
918	125216.0	125490.0
919	124957.0	125783.0
920	125316.0	125011.0
921	125264.0	125280.0
922	125068.0	125538.0
923	125191.0	124899.0
924	125638.0	125844.0
925	124764.0	125074.0
926	124904.0	125867.0
927	125063.0	125448.0
928	124816.0	125256.0
929	125193.0	125288.0
930	125530.0	124806.0
931	124719.0	125763.0
932	125052.0	125526.0
933	125269.0	124710.0
934	124979.0	124770.0
935	124941.0	125081.0
936	125533.0	124650.0
937	124666.0	124679.0
938	124525.0	125385.0
939	124735.0	125132.0
940	124862.0	125259.0
941	125211.0	125484.0
942	125143.0	124867.0
943	125232.0	125304.0
944	125179.0	124217.0
945	125498.0	125588.0
946	125171.0	124791.0
947	124922.0	125156.0
948	125226.0	125053.0
949	124689.0	125016.0
950	125736.0	124733.0
951	125837.0	125105.0
952	125035.0	124296.0
953	124669.0	124427.0
954	124786.0	124962.0
955	124929.0	124601.0
956	125463.0	124767.0
957	125278.0	124354.0
958	125377.0	124204.0
959	125090.0	124476.0
960	125260.0	125170.0
961	124413.0	124461.0
962	124948.0	124962.0
963	125340.0	124215.0
964	124573.0	123958.0
965	125173.0	124906.0
966	125222.0	124200.0
967	124749.0	124131.0
968	125242.0	123961.0
969	125177.0	123878.0
970	124889.0	124070.0
971	125373.0	124397.0
972	124781.0	124137.0
973	124790.0	124133.0
974	124960.0	124263.0
975	125232.0	124508.0
976	124178.0	124171.0
977	125172.0	123791.0
978	124407.0	124196.0
979	124369.0	123951.0
980	124757.0	124228.0
981	124371.0	123750.0
982	124548.0	124296.0
983	124969.0	123484.0
984	124932.0	124312.0
985	123968.0	123950.0
986	124610.0	124284.0
987	124887.0	123841.0
988	124557.0	123746.0
989	124612.0	124077.0
990	124237.0	124030.0
991	124216.0	124278.0
992	124202.0	124056.0
993	125538.0	124685.0
994	123911.0	123836.0
995	123985.0	124263.0
996	124449.0	123982.0
997	124049.0	123743.0
998	124080.0	124303.0
999	124420.0	124148.0
1000	124380.0	123722.0
1001	124132.0	123975.0
1002	123979.0	124365.0
1003	124246.0	123978.0
1004	123683.0	124059.0
1005	124246.0	124284.0
1006	123825.0	124340.0
1007	123702.0	124296.0
1008	124216.0	123853.0
1009	123746.0	123885.0
1010	124448.0	124101.0
1011	124096.0	124133.0
1012	124245.0	123432.0
1013	123613.0	124222.0
1014	124343.0	124201.0
1015	124169.0	124296.0
1016	123916.0	123841.0
1017	123736.0	123889.0
1018	123931.0	123987.0
1019	124052.0	124664.0
1020	123662.0	123909.0
1021	123570.0	123589.0
1022	123734.0	124069.0
1023	123859.0	124478.0
1024	123981.0	124203.0
1025	123202.0	124596.0
1026	123279.0	124182.0
1027	123261.0	124773.0
1028	123300.0	125058.0
1029	123193.0	125200.0
1030	123538.0	124243.0
1031	123521.0	124380.0
1032	123462.0	124868.0
1033	124162.0	123789.0
1034	123430.0	124235.0
1035	123769.0	124385.0
1036	123795.0	125177.0
1037	123723.0	124597.0
1038	123610.0	124882.0
1039	123897.0	124138.0
1040	124260.0	124531.0
1041	124284.0	124517.0
1042	123808.0	124759.0
1043	123511.0	125191.0
1044	123759.0	124365.0
1045	123918.0	124951.0
1046	123216.0	124546.0
1047	123821.0	125201.0
1048	124118.0	124001.0
1049	123655.0	124096.0
1050	123787.0	125301.0
1051	124066.0	124343.0
1052	123719.0	124841.0
1053	124279.0	124550.0
1054	123665.0	124812.0
1055	124228.0	124790.0
1056	123763.0	124714.0
1057	123135.0	124688.0
1058	123011.0	124905.0
1059	124109.0	124821.0
1060	124404.0	125020.0
1061	123751.0	124596.0
1062	124039.0	125076.0
1063	123872.0	124581.0
1064	124063.0	124670.0
1065	124124.0	124889.0
1066	124045.0	124310.0
1067	124838.0	124796.0
1068	124122.0	124809.0
1069	123884.0	124935.0
1070	123295.0	124880.0
1071	124518.0	124975.0
1072	123109.0	125245.0
1073	123251.0	125382.0
1074	123802.0	124926.0
1075	123690.0	125054.0
1076	124018.0	125472.0
1077	124938.0	124742.0
1078	124302.0	124418.0
1079	124620.0	124352.0
1080	124356.0	124405.0
1081	123530.0	124763.0
1082	123998.0	125726.0
1083	123957.0	125112.0
1084	123752.0	124963.0
1085	124025.0	124812.0
1086	124677.0	125291.0
1087	124544.0	125055.0
1088	123964.0	124593.0
1089	124400.0	125550.0
1090	123514.0	125195.0
1091	123807.0	125691.0
1092	124297.0	125409.0
1093	124325.0	125295.0
1094	124278.0	125303.0
1095	124484.0	125249.0
1096	124472.0	124731.0
1097	124362.0	124820.0
1098	124458.0	125308.0
1099	124117.0	125419.0
1100	123792.0	125322.0
1101	124285.0	125371.0
1102	124298.0	125092.0
1103	124473.0	124560.0
1104	124283.0	124623.0
1105	124021.0	124368.0
1106	124411.0	124898.0
1107	124584.0	125260.0
1108	124597.0	125164.0
1109	124318.0	124817.0
1110	124716.0	125160.0
1111	124350.0	124418.0
1112	124292.0	125297.0
1113	124386.0	124430.0
1114	124068.0	124825.0
1115	124493.0	124493.0
1116	124261.0	124969.0
1117	124387.0	124919.0
1118	124357.0	124646.0
1119	124527.0	125169.0
1120	123888.0	124494.0
1121	123994.0	125060.0
1122	124989.0	125234.0
1123	124905.0	124910.0
1124	124447.0	125219.0
1125	124386.0	125170.0
1126	124273.0	124197.0
1127	124683.0	124593.0
1128	124308.0	124800.0
1129	124308.0	124724.0
1130	124384.0	124381.0
1131	124493.0	124704.0
1132	124028.0	124745.0
1133	124490.0	124743.0
1134	124703.0	124283.0
1135	124193.0	125151.0
1136	124581.0	124630.0
1137	124499.0	124770.0
1138	124371.0	124749.0
1139	124373.0	124868.0
1140	124838.0	124703.0
1141	125342.0	123741.0
1142	124548.0	124528.0
1143	124185.0	124715.0
1144	123721.0	124332.0
1145	124078.0	124432.0
1146	124086.0	124648.0
1147	125034.0	124157.0
1148	124653.0	124329.0
1149	124683.0	123687.0
1150	124277.0	123560.0
1151	124722.0	124262.0
1152	124305.0	124478.0
1153	123963.0	124199.0
1154	124127.0	124285.0
1155	124231.0	123977.0
1156	124581.0	124115.0
1157	124307.0	123798.0
1158	123949.0	123747.0
1159	124105.0	123939.0
1160	124486.0	123917.0
1161	124859.0	123433.0
1162	123840.0	124223.0
1163	124588.0	124195.0
1164	124267.0	124041.0
1165	123925.0	123946.0
1166	124404.0	124348.0
1167	123759.0	123839.0
1168	123878.0	123927.0
1169	123892.0	124065.0
1170	124179.0	124190.0
1171	124198.0	123478.0
1172	123834.0	123943.0
1173	123817.0	123590.0
1174	123866.0	123958.0
1175	124155.0	124113.0
1176	123705.0	123309.0
1177	123898.0	123136.0
1178	123897.0	123359.0
1179	123696.0	124116.0
1180	123816.0	123721.0
1181	124162.0	123569.0
1182	124416.0	124470.0
1183	123929.0	124074.0
1184	124435.0	123871.0
1185	123777.0	123983.0
1186	123841.0	122712.0
1187	123656.0	123815.0
1188	123750.0	124084.0
1189	123730.0	123624.0
1190	123939.0	123461.0
1191	123449.0	123008.0
1192	123562.0	122919.0
1193	124019.0	123724.0
1194	123963.0	124231.0
1195	123704.0	123853.0
1196	123711.0	124035.0
1197	123940.0	124480.0
1198	123452.0	123607.0
1199	122910.0	123502.0
1200	123700.0	123557.0
1201	123653.0	123987.0
1202	123433.0	123906.0
1203	123663.0	124105.0
1204	123529.0	123872.0
1205	123666.0	124331.0
1206	123785.0	123613.0
1207	123416.0	123081.0
1208	123851.0	123984.0
1209	123658.0	123875.0
1210	123743.0	123851.0
1211	123333.0	123683.0
1212	122975.0	123680.0
1213	122484.0	123567.0
1214	123685.0	123497.0
1215	123189.0	124279.0
1216	123440.0	124077.0
1217	123409.0	123980.0
1218	123545.0	123724.0
1219	123577.0	124685.0
1220	123392.0	124062.0
1221	123591.0	123493.0
1222	123016.0	123226.0
1223	123596.0	123877.0
1224	123409.0	123881.0
1225	123303.0	123216.0
1226	122981.0	124100.0
1227	123119.0	124526.0
1228	123678.0	123637.0
1229	123503.0	124128.0
1230	123507.0	123807.0
1231	123452.0	124157.0
1232	122992.0	124367.0
1233	123131.0	124380.0
1234	122785.0	124236.0
1235	123465.0	124636.0
1236	123836.0	123583.0
1237	123203.0	124002.0
1238	122801.0	123721.0
1239	123276.0	124390.0
1240	122954.0	124193.0
1241	123399.0	124509.0
1242	122937.0	123914.0
1243	123280.0	123298.0
1244	123300.0	124148.0
1245	123522.0	124049.0
1246	122867.0	124692.0
1247	123715.0	124633.0
1248	123261.0	124436.0
1249	123036.0	124170.0
1250	123288.0	124111.0
1251	123480.0	124591.0
1252	123857.0	124562.0
1253	123741.0	124163.0
1254	124034.0	124157.0
1255	123044.0	124209.0
1256	123230.0	123940.0
1257	123529.0	124341.0
1258	123443.0	124708.0
1259	123569.0	124358.0
1260	123557.0	124559.0
1261	123342.0	124047.0
1262	123782.0	123962.0
1263	124259.0	124644.0
1264	123487.0	124327.0
1265	122818.0	124842.0
1266	123334.0	124177.0
1267	123408.0	124240.0
1268	123173.0	124273.0
1269	124285.0	124127.0
1270	123105.0	124362.0
1271	123392.0	124297.0
1272	123621.0	124181.0
1273	123648.0	123955.0
1274	123213.0	124523.0
1275	123542.0	124502.0
1276	123785.0	124377.0
1277	123411.0	124361.0
1278	124213.0	124586.0
1279	123733.0	124460.0
1280	123756.0	124033.0
1281	124170.0	124968.0
1282	124158.0	124300.0
1283	123537.0	123966.0
1284	124099.0	124628.0
1285	123798.0	124314.0
1286	124201.0	124088.0
1287	123629.0	124166.0
1288	123235.0	124020.0
1289	124090.0	124183.0
1290	124157.0	124448.0
1291	123754.0	124226.0
1292	123849.0	123651.0
1293	123492.0	124793.0
1294	123589.0	124223.0
1295	124051.0	123992.0
1296	124009.0	124307.0
1297	123425.0	124079.0
1298	123671.0	124067.0
1299	124173.0	124064.0
1300	123771.0	124318.0
1301	123288.0	124710.0
1302	123996.0	124626.0
1303	123771.0	124084.0
1304	124088.0	123949.0
1305	123757.0	124972.0
1306	123709.0	124758.0
1307	123533.0	123791.0
1308	123399.0	124434.0
1309	123288.0	124618.0
1310	123882.0	124478.0
1311	123674.0	125008.0
1312	123924.0	124133.0
1313	123912.0	124231.0
1314	124027.0	124449.0
1315	123717.0	124167.0
1316	124282.0	124124.0
1317	124117.0	124498.0
1318	123787.0	124146.0
1319	123742.0	123819.0
1320	123803.0	123893.0
1321	123543.0	124105.0
1322	123824.0	124101.0
1323	123973.0	124094.0
1324	123973.0	123807.0
1325	123619.0	124191.0
1326	123955.0	123995.0
1327	123886.0	123825.0
1328	123628.0	123871.0
1329	124270.0	123501.0
1330	123594.0	123355.0
1331	123866.0	123593.0
1332	123664.0	124104.0
1333	124253.0	124029.0
1334	123839.0	123159.0
1335	123527.0	123614.0
1336	123620.0	123794.0
1337	123417.0	123058.0
1338	124059.0	123465.0
1339	123338.0	123688.0
1340	123761.0	123521.0
1341	123719.0	123752.0
1342	123924.0	123403.0
1343	123835.0	123716.0
1344	124093.0	123636.0
1345	123937.0	123950.0
1346	123255.0	123653.0
1347	123391.0	122982.0
1348	123517.0	123512.0
1349	123763.0	123260.0
1350	124121.0	123726.0
1351	123648.0	123445.0
1352	123597.0	124292.0
1353	123839.0	123632.0
1354	123362.0	123433.0
1355	123489.0	123580.0
1356	123388.0	123026.0
1357	123268.0	122567.0
1358	123350.0	123014.0
1359	123393.0	123980.0
1360	123238.0	123394.0
1361	124061.0	123375.0
1362	123293.0	123747.0
1363	123510.0	123631.0
1364	123232.0	123560.0
1365	123937.0	123407.0
1366	123473.0	123193.0
1367	123205.0	123181.0
1368	123718.0	123405.0
1369	123105.0	123028.0
1370	123601.0	123858.0
1371	123909.0	123303.0
1372	123706.0	123492.0
1373	124151.0	124073.0
1374	123791.0	123703.0
1375	123280.0	123554.0
1376	123411.0	123152.0
1377	123482.0	123230.0
1378	123526.0	123464.0
1379	123839.0	123616.0
1380	123943.0	123080.0
1381	123273.0	123558.0
1382	123430.0	123814.0
1383	123485.0	123622.0
1384	123184.0	123264.0
1385	123249.0	123421.0
1386	123429.0	123202.0
1387	123383.0	123341.0
1388	123185.0	123914.0
1389	123532.0	124015.0
1390	122950.0	123381.0
1391	123017.0	123359.0
1392	123245.0	123482.0
1393	123248.0	123466.0
1394	122690.0	123887.0
1395	123263.0	123284.0
1396	122652.0	123015.0
1397	123925.0	123414.0
1398	123305.0	122875.0
1399	123424.0	123386.0
1400	122818.0	123497.0
1401	123582.0	123115.0
1402	123174.0	123044.0
1403	122886.0	122960.0
1404	122672.0	123432.0
1405	123339.0	123397.0
1406	122677.0	122931.0
1407	123251.0	123417.0
1408	122818.0	123395.0
1409	123510.0	122963.0
1410	122869.0	123275.0
1411	122847.0	123769.0
1412	122666.0	124191.0
1413	123258.0	123616.0
1414	123685.0	123713.0
1415	123242.0	123398.0
1416	123154.0	123290.0
1417	123416.0	123456.0
1418	122838.0	123649.0
1419	122508.0	123749.0
1420	122966.0	123824.0
1421	122631.0	123842.0
1422	123301.0	123666.0
1423	122756.0	123644.0
1424	123609.0	123519.0
1425	123477.0	123654.0
1426	123282.0	123305.0
1427	122645.0	123521.0
1428	122477.0	123617.0
1429	123569.0	124678.0
1430	123236.0	123775.0
1431	122472.0	123370.0
1432	123208.0	123634.0
1433	123451.0	123420.0
1434	123400.0	123299.0
1435	123175.0	123914.0
1436	123562.0	123921.0
1437	123543.0	123140.0
1438	122881.0	123510.0
1439	123008.0	123558.0
1440	122437.0	123312.0
1441	122959.0	123730.0
1442	122775.0	124077.0
1443	122945.0	123987.0
1444	123097.0	123646.0
1445	123604.0	123694.0
1446	123338.0	123444.0
1447	123616.0	123871.0
1448	122967.0	123720.0
1449	123930.0	123862.0
1450	123404.0	123717.0
1451	123189.0	123622.0
1452	123549.0	123685.0
1453	123597.0	123964.0
1454	123763.0	124240.0
1455	123398.0	123247.0
1456	123211.0	123838.0
1457	122977.0	124223.0
1458	123140.0	123564.0
1459	123208.0	123952.0
1460	123780.0	124095.0
1461	123905.0	123919.0
1462	123980.0	123466.0
1463	123290.0	123506.0
1464	123214.0	124766.0
1465	122898.0	123672.0
1466	122903.0	123960.0
1467	123011.0	123988.0
1468	123730.0	123006.0
1469	123222.0	123943.0
1470	123061.0	123431.0
1471	123803.0	123769.0
1472	123125.0	123511.0
1473	122941.0	124233.0
1474	123530.0	123979.0
1475	123808.0	123666.0
1476	123475.0	123744.0
1477	123412.0	123555.0
1478	123368.0	124197.0
1479	123187.0	123649.0
1480	123548.0	123469.0
1481	122890.0	123727.0
1482	123193.0	124079.0
1483	123757.0	124403.0
1484	123449.0	123945.0
1485	123033.0	123877.0
1486	122843.0	123919.0
1487	123396.0	124598.0
1488	123503.0	124591.0
1489	123808.0	123863.0
1490	123388.0	123882.0
1491	123592.0	124200.0
1492	123665.0	123928.0
1493	123386.0	123809.0
1494	123126.0	123440.0
1495	123184.0	124052.0
1496	123720.0	123967.0
1497	122891.0	123366.0
1498	123643.0	124002.0
1499	123404.0	123957.0
1500	123742.0	123319.0
1501	122888.0	123276.0
1502	123026.0	123840.0
1503	123411.0	124208.0
1504	123245.0	123835.0
1505	123120.0	124068.0
1506	122978.0	124302.0
1507	123967.0	123795.0
1508	123153.0	124081.0
1509	123543.0	123528.0
1510	123308.0	123323.0
1511	122887.0	122887.0
1512	123677.0	123701.0
1513	123422.0	123580.0
1514	123181.0	123419.0
1515	123751.0	123951.0
1516	123768.0	123833.0
1517	123150.0	123012.0
1518	123328.0	123709.0
1519	123720.0	123472.0
1520	124154.0	123541.0
1521	123479.0	123452.0
1522	124050.0	123863.0
1523	123208.0	124495.0
1524	124511.0	122693.0
1525	124001.0	122582.0
1526	123607.0	123930.0
1527	122875.0	123318.0
1528	123296.0	122625.0
1529	122402.0	123888.0
1530	123764.0	123507.0
1531	123530.0	123357.0
1532	123112.0	123239.0
1533	123149.0	123581.0
1534	123323.0	123783.0
1535	123148.0	123293.0
1536	122307.0	123764.0
1537	123225.0	123441.0
1538	122815.0	123346.0
1539	123702.0	122993.0
1540	123043.0	122822.0
1541	123368.0	123955.0
1542	123441.0	123704.0
1543	123052.0	123112.0
1544	123589.0	123665.0
1545	123534.0	123318.0
1546	123380.0	123727.0
1547	122758.0	123396.0
1548	123725.0	122725.0
1549	123564.0	123128.0
1550	123533.0	123329.0
1551	123688.0	123119.0
1552	122974.0	123622.0
1553	123430.0	123371.0
1554	123244.0	123702.0
1555	123199.0	123727.0
1556	122924.0	123479.0
1557	123039.0	123890.0
1558	123207.0	123192.0
1559	123063.0	123090.0
1560	123238.0	123194.0
1561	123011.0	123022.0
1562	123425.0	123324.0
1563	122816.0	124016.0
1564	123277.0	123288.0
1565	122967.0	123232.0
1566	122879.0	123004.0
1567	123367.0	123800.0
1568	122917.0	122984.0
1569	123256.0	123137.0
1570	123179.0	123622.0
1571	122644.0	123878.0
1572	123585.0	123062.0
1573	123137.0	123392.0
1574	122989.0	123589.0
1575	122778.0	123276.0
1576	123485.0	123344.0
1577	123010.0	123379.0
1578	123023.0	123749.0
1579	123014.0	123045.0
1580	122573.0	122955.0
1581	123574.0	123114.0
1582	123212.0	122497.0
1583	122890.0	122819.0
1584	122628.0	123078.0
1585	123168.0	123311.0
1586	123017.0	123380.0
1587	123598.0	123581.0
1588	123821.0	122989.0
1589	122790.0	122826.0
1590	122864.0	123466.0
1591	123332.0	123645.0
1592	123645.0	123261.0
1593	123289.0	123450.0
1594	123247.0	122465.0
1595	122779.0	123703.0
1596	123054.0	123400.0
1597	122223.0	122840.0
1598	123083.0	122521.0
1599	122456.0	122744.0
1600	122817.0	123121.0
1601	122654.0	123108.0
1602	122404.0	123525.0
1603	122590.0	123327.0
1604	122629.0	122626.0
1605	122798.0	123341.0
1606	122873.0	123783.0
1607	123038.0	122770.0
1608	122942.0	123567.0
1609	122660.0	123514.0
1610	122998.0	123432.0
1611	123241.0	123349.0
1612	123005.0	122799.0
1613	123094.0	123408.0
1614	122836.0	122760.0
1615	123417.0	123317.0
1616	122932.0	123713.0
1617	123158.0	123723.0
1618	122939.0	123124.0
1619	123037.0	122848.0
1620	123202.0	123112.0
1621	123205.0	123247.0
1622	123052.0	123421.0
1623	123635.0	123442.0
1624	122845.0	123360.0
1625	123391.0	122931.0
1626	123486.0	122946.0
1627	123133.0	123080.0
1628	123473.0	123074.0
1629	123598.0	123214.0
1630	122911.0	123693.0
1631	122615.0	123154.0
1632	122970.0	123722.0
1633	123126.0	123145.0
1634	123238.0	123221.0
1635	123139.0	123209.0
1636	123005.0	123092.0
1637	122777.0	123264.0
1638	122854.0	123493.0
1639	122595.0	123348.0
1640	123260.0	123694.0
1641	122944.0	123520.0
1642	122799.0	123638.0
1643	122582.0	123548.0
1644	123358.0	123176.0
1645	123589.0	123198.0
1646	123069.0	123152.0
1647	123036.0	123470.0
1648	123146.0	123651.0
1649	123125.0	124095.0
1650	122773.0	123330.0
1651	122591.0	123627.0
1652	122667.0	124018.0
1653	123272.0	123910.0
1654	123146.0	123424.0
1655	122786.0	123118.0
1656	122549.0	123155.0
1657	122423.0	123697.0
1658	122755.0	124264.0
1659	123151.0	123719.0
1660	122622.0	123798.0
1661	122874.0	123834.0
1662	123161.0	123369.0
1663	123349.0	123386.0
1664	123050.0	123603.0
1665	123450.0	123817.0
1666	123596.0	123419.0
1667	123426.0	123505.0
1668	123775.0	123461.0
1669	123253.0	123715.0
1670	123187.0	123703.0
1671	123212.0	123320.0
1672	123080.0	123694.0
1673	122859.0	122767.0
1674	123257.0	123023.0
1675	122593.0	123826.0
1676	122902.0	123239.0
1677	123608.0	123464.0
1678	122957.0	123651.0
1679	123140.0	124058.0
1680	123481.0	123624.0
1681	123153.0	123316.0
1682	123555.0	122774.0
1683	123222.0	122920.0
1684	122837.0	123586.0
1685	122754.0	123763.0
1686	123499.0	123578.0
1687	123589.0	123463.0
1688	123429.0	123105.0
1689	123265.0	123726.0
1690	123599.0	123375.0
1691	123442.0	123519.0
1692	123182.0	123653.0
1693	122924.0	123266.0
1694	122773.0	123169.0
1695	122982.0	123022.0
1696	122925.0	123096.0
1697	122776.0	122767.0
1698	122981.0	123550.0
1699	123351.0	122906.0
1700	122521.0	123121.0
1701	122913.0	123170.0
1702	123599.0	122809.0
1703	123473.0	123623.0
1704	123270.0	123251.0
1705	122576.0	123706.0
1706	123379.0	123450.0
1707	123787.0	123407.0
1708	123268.0	123299.0
1709	122953.0	123096.0
1710	122865.0	123147.0
1711	122965.0	123130.0
1712	123646.0	122618.0
1713	123174.0	123099.0
1714	122815.0	123429.0
1715	122957.0	123218.0
1716	123402.0	123194.0
1717	123061.0	122908.0
1718	123002.0	123155.0
1719	122755.0	123176.0
1720	122883.0	122949.0
1721	123426.0	122760.0
1722	123070.0	123414.0
1723	122837.0	123057.0
1724	123353.0	123054.0
1725	122858.0	122411.0
1726	122376.0	123082.0
1727	122735.0	122776.0
1728	123071.0	123209.0
1729	122853.0	123062.0
1730	122856.0	123385.0
1731	122668.0	122801.0
1732	123097.0	123192.0
1733	123214.0	123178.0
1734	122639.0	123164.0
1735	122885.0	122517.0
1736	123472.0	123228.0
1737	123237.0	123074.0
1738	122865.0	123141.0
1739	122404.0	123358.0
1740	123033.0	123110.0
1741	122408.0	122467.0
1742	122730.0	122659.0
1743	123067.0	122410.0
1744	122967.0	122334.0
1745	122903.0	123163.0
1746	123335.0	123234.0
1747	122884.0	122890.0
1748	122887.0	122816.0
1749	123096.0	122814.0
1750	123027.0	123045.0
1751	122550.0	123019.0
1752	122020.0	122792.0
1753	122856.0	123004.0
1754	122874.0	122284.0
1755	122871.0	122989.0
1756	123007.0	122710.0
1757	123205.0	123243.0
1758	122506.0	122837.0
1759	122847.0	122164.0
1760	123622.0	123225.0
1761	123038.0	123322.0
1762	122634.0	123550.0
1763	122807.0	123217.0
1764	122706.0	122901.0
1765	122447.0	122547.0
1766	122169.0	122998.0
1767	122676.0	122242.0
1768	121899.0	122893.0
1769	122744.0	123077.0
1770	123221.0	123096.0
1771	122712.0	122623.0
1772	123057.0	123471.0
1773	122636.0	123169.0
1774	122463.0	123177.0
1775	122317.0	123150.0
1776	123127.0	123201.0
1777	122208.0	122809.0
1778	122499.0	121999.0
1779	122593.0	122913.0
1780	122876.0	123293.0
1781	122918.0	123021.0
1782	122242.0	122717.0
1783	122673.0	122741.0
1784	121724.0	122970.0
1785	122842.0	123081.0
1786	122378.0	123309.0
1787	122976.0	123119.0
1788	123104.0	122954.0
1789	123069.0	122640.0
1790	122774.0	122967.0
1791	123426.0	123361.0
1792	122429.0	122811.0
1793	122665.0	123023.0
1794	122865.0	123840.0
1795	122602.0	123243.0
1796	122767.0	123642.0
1797	122770.0	122846.0
1798	121539.0	122436.0
1799	122798.0	122914.0
1800	122414.0	123260.0
1801	123093.0	122728.0
1802	122829.0	123047.0
1803	123027.0	123462.0
1804	123005.0	123058.0
1805	122426.0	122323.0
1806	122266.0	123720.0
1807	122437.0	123395.0
1808	123089.0	123561.0
1809	122510.0	123501.0
1810	122301.0	123089.0
1811	122917.0	122452.0
1812	123487.0	123183.0
1813	123256.0	122321.0
1814	122658.0	122855.0
1815	122587.0	122635.0
1816	122730.0	123155.0
1817	123468.0	123264.0
1818	123021.0	122284.0
1819	122959.0	122819.0
1820	122744.0	123436.0
1821	122674.0	122546.0
1822	122421.0	122726.0
1823	123039.0	123424.0
1824	122465.0	123625.0
1825	123046.0	123493.0
1826	122735.0	123317.0
1827	122710.0	123229.0
1828	122483.0	123225.0
1829	122933.0	123404.0
1830	122936.0	123394.0
1831	122924.0	122776.0
1832	123026.0	123452.0
1833	123307.0	123451.0
1834	122881.0	122612.0
1835	122888.0	123209.0
1836	122858.0	123620.0
1837	123403.0	123137.0
1838	123119.0	123167.0
1839	123088.0	123032.0
1840	122599.0	123220.0
1841	122884.0	122922.0
1842	122857.0	122938.0
1843	122846.0	123005.0
1844	122898.0	123191.0
1845	123096.0	122933.0
1846	122493.0	123661.0
1847	122917.0	123456.0
1848	122765.0	122712.0
1849	123289.0	123389.0
1850	122967.0	122920.0
1851	123173.0	122948.0
1852	122194.0	123307.0
1853	122913.0	123901.0
1854	122732.0	123081.0
1855	123052.0	123271.0
1856	122884.0	123490.0
1857	122722.0	123446.0
1858	123423.0	122939.0
1859	123045.0	123164.0
1860	123003.0	123066.0
1861	123199.0	123128.0
1862	122204.0	123311.0
1863	123473.0	123217.0
1864	122705.0	123585.0
1865	122844.0	123633.0
1866	122728.0	122894.0
1867	122788.0	122817.0
1868	122832.0	122848.0
1869	122710.0	122618.0
1870	122577.0	123141.0
1871	122884.0	122920.0
1872	122155.0	122812.0
1873	122463.0	123378.0
1874	122763.0	123353.0
1875	122538.0	122630.0
1876	123007.0	123148.0
1877	122801.0	123214.0
1878	122415.0	123194.0
1879	122798.0	122994.0
1880	123096.0	124154.0
1881	123125.0	123065.0
1882	122812.0	123280.0
1883	123061.0	123164.0
1884	123142.0	122329.0
1885	123136.0	122371.0
1886	122351.0	122366.0
1887	122177.0	123011.0
1888	122887.0	122786.0
1889	123561.0	122479.0
1890	122756.0	123007.0
1891	122531.0	123090.0
1892	122807.0	123376.0
1893	122854.0	123229.0
1894	122606.0	123416.0
1895	123094.0	123364.0
1896	122436.0	122784.0
1897	122440.0	122711.0
1898	122744.0	122889.0
1899	122959.0	122902.0
1900	123114.0	122923.0
1901	123024.0	122928.0
1902	122932.0	122144.0
1903	122911.0	122358.0
1904	122598.0	122778.0
1905	122453.0	122923.0
1906	122085.0	123034.0
1907	122505.0	122757.0
1908	123015.0	122813.0
1909	122414.0	122427.0
1910	122770.0	122190.0
1911	123214.0	123019.0
1912	122791.0	122560.0
1913	122520.0	122821.0
1914	122587.0	122249.0
1915	122860.0	122606.0
1916	122667.0	122660.0
1917	122632.0	122602.0
1918	122592.0	122452.0
1919	122663.0	122316.0
1920	122055.0	122927.0
1921	122637.0	122875.0
1922	122911.0	122795.0
1923	123233.0	122744.0
1924	123081.0	122873.0
1925	123262.0	122572.0
1926	122860.0	122423.0
1927	122406.0	122709.0
1928	122440.0	122456.0
1929	122782.0	123457.0
1930	122179.0	123600.0
1931	122364.0	122400.0
1932	122793.0	122249.0
1933	122701.0	123082.0
1934	123295.0	122090.0
1935	122057.0	122487.0
1936	122372.0	122850.0
1937	122667.0	122516.0
1938	122433.0	122297.0
1939	122306.0	122787.0
1940	122670.0	122537.0
1941	122879.0	122229.0
1942	123237.0	122799.0
1943	121928.0	123222.0
1944	122894.0	122316.0
1945	122864.0	122739.0
1946	122021.0	122805.0
1947	123008.0	122233.0
1948	122177.0	122446.0
1949	122495.0	123067.0
1950	122718.0	122905.0
1951	122898.0	122714.0
1952	122877.0	122285.0
1953	123235.0	122574.0
1954	122345.0	122478.0
1955	122721.0	122758.0
1956	122767.0	122167.0
1957	121948.0	122929.0
1958	122736.0	123070.0
1959	122685.0	123053.0
1960	122920.0	122335.0
1961	122904.0	122477.0
1962	122990.0	122225.0
1963	122837.0	122482.0
1964	122870.0	122218.0
1965	122468.0	122736.0
1966	122297.0	122432.0
1967	122484.0	122524.0
1968	122300.0	122884.0
1969	121872.0	122930.0
1970	122200.0	122890.0
1971	122788.0	122495.0
1972	122953.0	122903.0
1973	122619.0	122614.0
1974	122428.0	123139.0
1975	122201.0	122727.0
1976	121677.0	123216.0
1977	122455.0	122827.0
1978	122753.0	122336.0
1979	122416.0	122631.0
1980	122660.0	121912.0
1981	122928.0	122440.0
1982	122256.0	122972.0
1983	122234.0	122803.0
1984	121892.0	123345.0
1985	122177.0	123012.0
1986	122601.0	122381.0
1987	122000.0	122542.0
1988	121815.0	123071.0
1989	123034.0	123039.0
1990	122359.0	122888.0
1991	122526.0	122822.0
1992	122294.0	122739.0
1993	121547.0	122680.0
1994	122815.0	122734.0
1995	122185.0	122749.0
1996	122864.0	122727.0
1997	122837.0	123166.0
1998	122117.0	122820.0
1999	122737.0	123001.0
