Distance in bp(Fragment Length Estimate: 144)(Peak Width Estimate: 144)	Same Strand (+ for Watson strand, - for Crick)	Opposite Strand
-2000	121879.0	121596.0
-1999	121545.0	121198.0
-1998	121972.0	121826.0
-1997	122045.0	121281.0
-1996	121831.0	121533.0
-1995	122582.0	121319.0
-1994	122061.0	121269.0
-1993	121517.0	121178.0
-1992	122139.0	121457.0
-1991	122476.0	120964.0
-1990	122380.0	121560.0
-1989	122170.0	121539.0
-1988	121987.0	121409.0
-1987	122204.0	121927.0
-1986	121997.0	121907.0
-1985	122284.0	121228.0
-1984	121884.0	121218.0
-1983	122307.0	121659.0
-1982	122182.0	121678.0
-1981	122162.0	120981.0
-1980	122240.0	121410.0
-1979	121931.0	121736.0
-1978	121224.0	121487.0
-1977	121858.0	121651.0
-1976	121700.0	121486.0
-1975	122319.0	121287.0
-1974	122010.0	121678.0
-1973	121778.0	121618.0
-1972	121960.0	121113.0
-1971	121786.0	121559.0
-1970	121795.0	121237.0
-1969	121658.0	121712.0
-1968	121972.0	121531.0
-1967	122164.0	121474.0
-1966	121979.0	121501.0
-1965	121797.0	121214.0
-1964	122084.0	121885.0
-1963	122311.0	121023.0
-1962	122329.0	121714.0
-1961	121744.0	122014.0
-1960	121858.0	121406.0
-1959	121787.0	121383.0
-1958	121810.0	121525.0
-1957	121850.0	121129.0
-1956	121910.0	121572.0
-1955	121807.0	121742.0
-1954	121771.0	121258.0
-1953	122058.0	121519.0
-1952	122169.0	121593.0
-1951	121538.0	121533.0
-1950	121631.0	121122.0
-1949	122037.0	121668.0
-1948	122057.0	122099.0
-1947	121566.0	121317.0
-1946	122152.0	121683.0
-1945	121903.0	121886.0
-1944	121753.0	121970.0
-1943	121341.0	121446.0
-1942	122354.0	121862.0
-1941	122180.0	121669.0
-1940	122234.0	121137.0
-1939	122516.0	121898.0
-1938	122441.0	121354.0
-1937	121979.0	121215.0
-1936	121970.0	121690.0
-1935	121165.0	121725.0
-1934	122152.0	121413.0
-1933	122114.0	122184.0
-1932	122174.0	121599.0
-1931	122581.0	121899.0
-1930	121907.0	121571.0
-1929	122651.0	121708.0
-1928	121936.0	121482.0
-1927	121842.0	122032.0
-1926	122133.0	121601.0
-1925	122353.0	121525.0
-1924	121869.0	121936.0
-1923	121859.0	121871.0
-1922	122182.0	121948.0
-1921	122106.0	121745.0
-1920	122190.0	121281.0
-1919	122205.0	121209.0
-1918	122475.0	121613.0
-1917	122317.0	122297.0
-1916	122004.0	121665.0
-1915	121887.0	121769.0
-1914	122451.0	121493.0
-1913	122287.0	121013.0
-1912	122033.0	121745.0
-1911	122050.0	121534.0
-1910	122291.0	121431.0
-1909	122226.0	122369.0
-1908	122398.0	121657.0
-1907	122314.0	121703.0
-1906	121369.0	121824.0
-1905	122696.0	122140.0
-1904	122298.0	121607.0
-1903	122433.0	121744.0
-1902	122908.0	121858.0
-1901	122456.0	121419.0
-1900	122504.0	121908.0
-1899	122511.0	121092.0
-1898	122355.0	121781.0
-1897	122091.0	121868.0
-1896	122600.0	121953.0
-1895	121968.0	121984.0
-1894	122985.0	121858.0
-1893	122761.0	121512.0
-1892	122353.0	122114.0
-1891	123003.0	121787.0
-1890	122389.0	121797.0
-1889	122702.0	121241.0
-1888	122060.0	121690.0
-1887	122161.0	121959.0
-1886	122355.0	122040.0
-1885	122705.0	122213.0
-1884	122974.0	122228.0
-1883	122935.0	122518.0
-1882	122337.0	121935.0
-1881	122323.0	122385.0
-1880	122258.0	121493.0
-1879	122406.0	121692.0
-1878	122433.0	121819.0
-1877	122365.0	122216.0
-1876	122470.0	121808.0
-1875	122480.0	121827.0
-1874	122546.0	121929.0
-1873	121949.0	121558.0
-1872	122447.0	121870.0
-1871	122376.0	121019.0
-1870	122428.0	121896.0
-1869	122447.0	122031.0
-1868	122116.0	121942.0
-1867	122207.0	121647.0
-1866	121835.0	121612.0
-1865	122430.0	121524.0
-1864	122369.0	121343.0
-1863	122692.0	121795.0
-1862	122645.0	121308.0
-1861	123009.0	121643.0
-1860	122861.0	121556.0
-1859	122524.0	121914.0
-1858	122097.0	121882.0
-1857	122539.0	122466.0
-1856	121799.0	121624.0
-1855	122842.0	122068.0
-1854	122370.0	122077.0
-1853	122293.0	122105.0
-1852	123163.0	121716.0
-1851	122751.0	121869.0
-1850	122110.0	122423.0
-1849	122362.0	122041.0
-1848	122233.0	122152.0
-1847	122261.0	122394.0
-1846	122145.0	121920.0
-1845	121678.0	122630.0
-1844	122307.0	121802.0
-1843	121947.0	121622.0
-1842	122434.0	121896.0
-1841	122496.0	122224.0
-1840	122729.0	122101.0
-1839	122968.0	121889.0
-1838	122622.0	122204.0
-1837	122589.0	122084.0
-1836	122238.0	122026.0
-1835	122596.0	121428.0
-1834	122733.0	121532.0
-1833	122463.0	121744.0
-1832	123013.0	121797.0
-1831	122750.0	121650.0
-1830	122544.0	121810.0
-1829	122896.0	121480.0
-1828	122592.0	121846.0
-1827	122667.0	122124.0
-1826	122989.0	121294.0
-1825	122364.0	121523.0
-1824	122765.0	121851.0
-1823	122590.0	121559.0
-1822	122849.0	122114.0
-1821	123194.0	121875.0
-1820	122661.0	120904.0
-1819	122720.0	121508.0
-1818	122765.0	121623.0
-1817	122552.0	121013.0
-1816	122096.0	121753.0
-1815	122369.0	122220.0
-1814	122212.0	122084.0
-1813	122483.0	121876.0
-1812	122892.0	122072.0
-1811	122321.0	121826.0
-1810	122401.0	121525.0
-1809	122421.0	121708.0
-1808	121986.0	121684.0
-1807	122032.0	121620.0
-1806	122238.0	121845.0
-1805	123129.0	121418.0
-1804	122415.0	121433.0
-1803	122529.0	121922.0
-1802	122819.0	121528.0
-1801	122120.0	121712.0
-1800	122918.0	121175.0
-1799	122420.0	122029.0
-1798	122296.0	121572.0
-1797	122894.0	122304.0
-1796	122310.0	121894.0
-1795	121910.0	121871.0
-1794	121547.0	121485.0
-1793	122592.0	121950.0
-1792	123090.0	121661.0
-1791	122812.0	122004.0
-1790	122356.0	121382.0
-1789	122211.0	121549.0
-1788	122976.0	122049.0
-1787	122307.0	120880.0
-1786	122464.0	121948.0
-1785	122456.0	121884.0
-1784	122420.0	121711.0
-1783	122071.0	122121.0
-1782	122441.0	121989.0
-1781	122895.0	121757.0
-1780	122307.0	122221.0
-1779	122456.0	122361.0
-1778	122337.0	121716.0
-1777	122184.0	121955.0
-1776	122710.0	121838.0
-1775	121668.0	121737.0
-1774	122399.0	122068.0
-1773	123055.0	122111.0
-1772	122352.0	122194.0
-1771	122730.0	121936.0
-1770	122719.0	122367.0
-1769	122385.0	122059.0
-1768	122196.0	122195.0
-1767	122934.0	122392.0
-1766	122457.0	122039.0
-1765	122306.0	122246.0
-1764	122306.0	122012.0
-1763	122369.0	121569.0
-1762	122406.0	121892.0
-1761	122860.0	122149.0
-1760	121897.0	122189.0
-1759	122564.0	122260.0
-1758	122645.0	121950.0
-1757	122278.0	122426.0
-1756	122614.0	122562.0
-1755	122715.0	121995.0
-1754	121938.0	121727.0
-1753	122146.0	122229.0
-1752	122400.0	121827.0
-1751	122348.0	121898.0
-1750	122537.0	122273.0
-1749	123027.0	122020.0
-1748	122451.0	122367.0
-1747	122246.0	122387.0
-1746	122348.0	123255.0
-1745	122271.0	122426.0
-1744	122154.0	122048.0
-1743	122347.0	122458.0
-1742	122129.0	121810.0
-1741	122261.0	122661.0
-1740	123242.0	121962.0
-1739	122507.0	122087.0
-1738	122863.0	122412.0
-1737	122500.0	122739.0
-1736	122676.0	122493.0
-1735	122343.0	122164.0
-1734	123389.0	121910.0
-1733	122422.0	122243.0
-1732	123306.0	122426.0
-1731	122369.0	122574.0
-1730	122248.0	122347.0
-1729	122629.0	122500.0
-1728	122923.0	122204.0
-1727	122640.0	122477.0
-1726	122884.0	122083.0
-1725	122457.0	121735.0
-1724	123148.0	122141.0
-1723	123200.0	122353.0
-1722	122033.0	122690.0
-1721	122892.0	122080.0
-1720	122983.0	122615.0
-1719	122185.0	122517.0
-1718	122999.0	122069.0
-1717	122955.0	121950.0
-1716	122930.0	122083.0
-1715	122690.0	122012.0
-1714	122583.0	122433.0
-1713	122555.0	122112.0
-1712	122494.0	122326.0
-1711	123003.0	122683.0
-1710	123076.0	122337.0
-1709	122901.0	122203.0
-1708	123047.0	122609.0
-1707	123269.0	122584.0
-1706	123325.0	122736.0
-1705	123366.0	123077.0
-1704	123506.0	122007.0
-1703	122842.0	121951.0
-1702	122566.0	122622.0
-1701	123546.0	123046.0
-1700	122991.0	122845.0
-1699	122685.0	123067.0
-1698	123891.0	122655.0
-1697	123183.0	122423.0
-1696	123029.0	122438.0
-1695	122844.0	122346.0
-1694	122757.0	121968.0
-1693	122691.0	121799.0
-1692	123614.0	122368.0
-1691	122682.0	122391.0
-1690	122723.0	123015.0
-1689	123599.0	122216.0
-1688	123721.0	122144.0
-1687	123293.0	122294.0
-1686	123232.0	122517.0
-1685	123664.0	122303.0
-1684	123043.0	122595.0
-1683	123654.0	122337.0
-1682	122882.0	122230.0
-1681	122948.0	122723.0
-1680	122751.0	121994.0
-1679	122847.0	122373.0
-1678	122558.0	122423.0
-1677	123002.0	122709.0
-1676	123206.0	122148.0
-1675	123064.0	122122.0
-1674	123386.0	122228.0
-1673	122596.0	122110.0
-1672	122816.0	122875.0
-1671	123155.0	122631.0
-1670	123399.0	122706.0
-1669	122837.0	122527.0
-1668	123062.0	122509.0
-1667	123518.0	122386.0
-1666	123176.0	122158.0
-1665	123050.0	122602.0
-1664	122318.0	122168.0
-1663	122312.0	121876.0
-1662	122588.0	122013.0
-1661	122228.0	122652.0
-1660	122970.0	121817.0
-1659	123173.0	122185.0
-1658	122180.0	122081.0
-1657	122450.0	122487.0
-1656	122688.0	122717.0
-1655	123573.0	121881.0
-1654	122390.0	122899.0
-1653	122516.0	122076.0
-1652	122880.0	122032.0
-1651	122775.0	121976.0
-1650	123329.0	122061.0
-1649	123306.0	122032.0
-1648	122804.0	121969.0
-1647	123115.0	122215.0
-1646	122879.0	122691.0
-1645	123310.0	123079.0
-1644	123629.0	122569.0
-1643	123317.0	122634.0
-1642	122723.0	122034.0
-1641	123048.0	122134.0
-1640	122661.0	122363.0
-1639	123438.0	122066.0
-1638	123562.0	122785.0
-1637	123348.0	122633.0
-1636	122575.0	122501.0
-1635	122844.0	122319.0
-1634	122783.0	121811.0
-1633	122767.0	122076.0
-1632	123130.0	121945.0
-1631	122178.0	121643.0
-1630	123221.0	122352.0
-1629	122620.0	122206.0
-1628	122068.0	122147.0
-1627	122288.0	122522.0
-1626	122035.0	122410.0
-1625	122622.0	122419.0
-1624	122975.0	122189.0
-1623	122415.0	122300.0
-1622	122584.0	122329.0
-1621	122688.0	122065.0
-1620	122480.0	122294.0
-1619	122432.0	122566.0
-1618	122441.0	122050.0
-1617	122575.0	122727.0
-1616	122113.0	121863.0
-1615	122057.0	122690.0
-1614	122809.0	122914.0
-1613	122609.0	122379.0
-1612	122732.0	122342.0
-1611	122661.0	121874.0
-1610	122975.0	122136.0
-1609	122675.0	122599.0
-1608	122546.0	122171.0
-1607	122975.0	122981.0
-1606	122728.0	122904.0
-1605	122623.0	122206.0
-1604	122436.0	122086.0
-1603	122933.0	122608.0
-1602	123122.0	122602.0
-1601	122011.0	122572.0
-1600	122964.0	122299.0
-1599	122638.0	122468.0
-1598	122704.0	122218.0
-1597	123183.0	122402.0
-1596	122959.0	122224.0
-1595	122699.0	121864.0
-1594	122570.0	122787.0
-1593	122886.0	122280.0
-1592	122939.0	121956.0
-1591	122426.0	122686.0
-1590	123202.0	123044.0
-1589	122955.0	122251.0
-1588	122796.0	123064.0
-1587	123045.0	122757.0
-1586	122670.0	122504.0
-1585	123493.0	122737.0
-1584	122718.0	122571.0
-1583	122870.0	122362.0
-1582	122672.0	122285.0
-1581	122594.0	122499.0
-1580	122356.0	122477.0
-1579	123489.0	122613.0
-1578	123074.0	122627.0
-1577	123073.0	122271.0
-1576	122100.0	122957.0
-1575	123824.0	122700.0
-1574	123430.0	122764.0
-1573	123303.0	122332.0
-1572	123652.0	122639.0
-1571	122785.0	122949.0
-1570	122486.0	123176.0
-1569	123341.0	122556.0
-1568	123105.0	122345.0
-1567	122245.0	122718.0
-1566	123242.0	122794.0
-1565	123284.0	122791.0
-1564	122887.0	122476.0
-1563	122948.0	122785.0
-1562	122209.0	122496.0
-1561	123164.0	122921.0
-1560	122529.0	123026.0
-1559	123025.0	122724.0
-1558	122999.0	122922.0
-1557	123900.0	123374.0
-1556	123237.0	122882.0
-1555	123249.0	123085.0
-1554	122873.0	123664.0
-1553	123136.0	122682.0
-1552	123440.0	122642.0
-1551	123577.0	123169.0
-1550	123395.0	122881.0
-1549	123311.0	122657.0
-1548	123004.0	122455.0
-1547	123071.0	122467.0
-1546	122749.0	122899.0
-1545	123200.0	123276.0
-1544	122673.0	122774.0
-1543	122910.0	122983.0
-1542	123836.0	123529.0
-1541	123219.0	123217.0
-1540	123150.0	123026.0
-1539	123533.0	123334.0
-1538	123629.0	122981.0
-1537	123373.0	122838.0
-1536	123866.0	123312.0
-1535	123191.0	123159.0
-1534	123345.0	123074.0
-1533	123574.0	123115.0
-1532	122905.0	122789.0
-1531	123050.0	123070.0
-1530	123693.0	123224.0
-1529	123707.0	123283.0
-1528	123439.0	122752.0
-1527	123945.0	122749.0
-1526	123695.0	122510.0
-1525	123465.0	122983.0
-1524	123234.0	123139.0
-1523	123581.0	122663.0
-1522	123595.0	122859.0
-1521	123955.0	122664.0
-1520	123698.0	123266.0
-1519	123502.0	122799.0
-1518	123242.0	122956.0
-1517	123403.0	122914.0
-1516	123162.0	122858.0
-1515	123771.0	123342.0
-1514	123266.0	123026.0
-1513	122993.0	122902.0
-1512	123170.0	122435.0
-1511	123344.0	122533.0
-1510	123872.0	123039.0
-1509	123708.0	122628.0
-1508	123229.0	123399.0
-1507	124024.0	123391.0
-1506	123774.0	123607.0
-1505	123425.0	123311.0
-1504	123051.0	122943.0
-1503	123769.0	123673.0
-1502	124494.0	123226.0
-1501	124052.0	123289.0
-1500	124204.0	122951.0
-1499	123902.0	122617.0
-1498	123710.0	122234.0
-1497	123511.0	123025.0
-1496	123595.0	122960.0
-1495	124030.0	122965.0
-1494	123899.0	122626.0
-1493	124143.0	122218.0
-1492	123282.0	122605.0
-1491	124228.0	122758.0
-1490	123646.0	122051.0
-1489	123689.0	121805.0
-1488	123983.0	122731.0
-1487	123201.0	122009.0
-1486	123473.0	122907.0
-1485	124136.0	122594.0
-1484	123973.0	123028.0
-1483	123363.0	122975.0
-1482	123629.0	122705.0
-1481	123313.0	122681.0
-1480	123833.0	122490.0
-1479	124037.0	122827.0
-1478	123228.0	122275.0
-1477	123314.0	123047.0
-1476	123510.0	122727.0
-1475	123808.0	123176.0
-1474	123621.0	122780.0
-1473	123000.0	122643.0
-1472	123640.0	122027.0
-1471	123112.0	122650.0
-1470	123468.0	122752.0
-1469	123362.0	122190.0
-1468	122455.0	122409.0
-1467	123978.0	122904.0
-1466	123765.0	122639.0
-1465	123093.0	122900.0
-1464	123203.0	122372.0
-1463	123571.0	122485.0
-1462	123482.0	122413.0
-1461	123138.0	122899.0
-1460	123238.0	122446.0
-1459	123151.0	122299.0
-1458	123209.0	122449.0
-1457	123361.0	122396.0
-1456	123104.0	122971.0
-1455	123475.0	122339.0
-1454	123192.0	122167.0
-1453	123039.0	122796.0
-1452	123084.0	122458.0
-1451	122443.0	122492.0
-1450	122794.0	123187.0
-1449	123294.0	122562.0
-1448	123203.0	122663.0
-1447	123206.0	122988.0
-1446	123054.0	122340.0
-1445	123071.0	122752.0
-1444	122718.0	122810.0
-1443	123474.0	122520.0
-1442	122926.0	122740.0
-1441	122951.0	122068.0
-1440	123388.0	122299.0
-1439	123568.0	122358.0
-1438	123015.0	122595.0
-1437	123524.0	122622.0
-1436	123703.0	121925.0
-1435	123404.0	122749.0
-1434	123085.0	122495.0
-1433	123034.0	122208.0
-1432	123328.0	123362.0
-1431	123179.0	123111.0
-1430	123491.0	122751.0
-1429	123083.0	122904.0
-1428	123608.0	122824.0
-1427	122799.0	121870.0
-1426	123534.0	122601.0
-1425	123624.0	123191.0
-1424	123239.0	122338.0
-1423	123043.0	122427.0
-1422	123498.0	122285.0
-1421	123257.0	122192.0
-1420	123819.0	123125.0
-1419	123144.0	122552.0
-1418	123119.0	122303.0
-1417	122733.0	123536.0
-1416	123486.0	123078.0
-1415	123369.0	122888.0
-1414	123682.0	122557.0
-1413	123183.0	123275.0
-1412	122703.0	122579.0
-1411	122647.0	122040.0
-1410	123492.0	122585.0
-1409	123096.0	122322.0
-1408	122900.0	122482.0
-1407	123279.0	123145.0
-1406	123599.0	122995.0
-1405	123074.0	122889.0
-1404	123457.0	123015.0
-1403	123526.0	123573.0
-1402	123864.0	123221.0
-1401	123887.0	123311.0
-1400	123360.0	122377.0
-1399	123404.0	123100.0
-1398	124016.0	123149.0
-1397	123572.0	122668.0
-1396	123547.0	123312.0
-1395	124104.0	122774.0
-1394	122762.0	122969.0
-1393	123597.0	122876.0
-1392	123239.0	123626.0
-1391	123029.0	123572.0
-1390	123297.0	123310.0
-1389	123827.0	124122.0
-1388	123182.0	123145.0
-1387	123260.0	123340.0
-1386	123462.0	123009.0
-1385	124171.0	123299.0
-1384	123966.0	123608.0
-1383	123373.0	123259.0
-1382	123863.0	122744.0
-1381	123389.0	123090.0
-1380	123185.0	124224.0
-1379	123133.0	123258.0
-1378	123373.0	123709.0
-1377	123448.0	123272.0
-1376	123622.0	123477.0
-1375	123544.0	123451.0
-1374	123738.0	123004.0
-1373	123891.0	123600.0
-1372	123158.0	123834.0
-1371	123643.0	123966.0
-1370	123699.0	123115.0
-1369	123789.0	124067.0
-1368	123906.0	123181.0
-1367	123843.0	123038.0
-1366	123671.0	123169.0
-1365	124198.0	123417.0
-1364	123526.0	123428.0
-1363	124063.0	123529.0
-1362	124283.0	123026.0
-1361	123584.0	123410.0
-1360	123955.0	124025.0
-1359	124223.0	123594.0
-1358	123771.0	123986.0
-1357	123866.0	123048.0
-1356	123829.0	123454.0
-1355	123711.0	122778.0
-1354	123466.0	124235.0
-1353	123611.0	123862.0
-1352	123883.0	123495.0
-1351	123771.0	123640.0
-1350	124326.0	123286.0
-1349	123547.0	123070.0
-1348	124417.0	123399.0
-1347	124230.0	123948.0
-1346	123916.0	122837.0
-1345	124077.0	123817.0
-1344	124118.0	123594.0
-1343	124279.0	123400.0
-1342	124029.0	123317.0
-1341	123738.0	123717.0
-1340	123905.0	123540.0
-1339	124285.0	123283.0
-1338	124411.0	124039.0
-1337	124481.0	122655.0
-1336	124270.0	124020.0
-1335	123554.0	123773.0
-1334	124020.0	123054.0
-1333	124810.0	123400.0
-1332	124483.0	122998.0
-1331	124327.0	123302.0
-1330	124188.0	123416.0
-1329	124304.0	122869.0
-1328	124109.0	123550.0
-1327	123968.0	123200.0
-1326	124087.0	122895.0
-1325	124012.0	123002.0
-1324	124608.0	123372.0
-1323	124410.0	123372.0
-1322	124586.0	123333.0
-1321	124159.0	123477.0
-1320	124234.0	123191.0
-1319	124047.0	123205.0
-1318	124048.0	123065.0
-1317	123480.0	123345.0
-1316	124332.0	123729.0
-1315	123442.0	122418.0
-1314	124084.0	123099.0
-1313	123875.0	123015.0
-1312	123860.0	123280.0
-1311	123913.0	123523.0
-1310	123779.0	122880.0
-1309	124206.0	123233.0
-1308	124533.0	122916.0
-1307	123944.0	123060.0
-1306	123915.0	123543.0
-1305	124080.0	123295.0
-1304	123700.0	123038.0
-1303	123443.0	123082.0
-1302	123831.0	123107.0
-1301	123935.0	123072.0
-1300	122982.0	123467.0
-1299	124055.0	122775.0
-1298	123368.0	123459.0
-1297	124278.0	123152.0
-1296	124246.0	123168.0
-1295	123444.0	122711.0
-1294	123918.0	123119.0
-1293	124297.0	122510.0
-1292	123115.0	122913.0
-1291	123339.0	122432.0
-1290	123907.0	123162.0
-1289	123538.0	122550.0
-1288	123833.0	123073.0
-1287	124106.0	123267.0
-1286	123522.0	122843.0
-1285	123313.0	123269.0
-1284	123972.0	122682.0
-1283	122665.0	122210.0
-1282	124204.0	122926.0
-1281	123982.0	123056.0
-1280	123796.0	122324.0
-1279	123474.0	122664.0
-1278	123656.0	123187.0
-1277	123677.0	123123.0
-1276	124191.0	122707.0
-1275	124131.0	122878.0
-1274	124012.0	122341.0
-1273	123292.0	123106.0
-1272	123877.0	122421.0
-1271	123618.0	122129.0
-1270	123334.0	123427.0
-1269	123876.0	123513.0
-1268	123824.0	122840.0
-1267	123553.0	123075.0
-1266	123989.0	123639.0
-1265	124020.0	123377.0
-1264	123461.0	122995.0
-1263	124045.0	123227.0
-1262	122942.0	122936.0
-1261	122807.0	123701.0
-1260	123634.0	123188.0
-1259	123566.0	123084.0
-1258	123397.0	123415.0
-1257	123657.0	123086.0
-1256	123282.0	123287.0
-1255	123446.0	123499.0
-1254	123669.0	123220.0
-1253	123625.0	123453.0
-1252	123351.0	122892.0
-1251	123519.0	123011.0
-1250	123079.0	123585.0
-1249	123348.0	123295.0
-1248	123698.0	123300.0
-1247	123230.0	123690.0
-1246	123993.0	124096.0
-1245	123699.0	123311.0
-1244	124104.0	123212.0
-1243	123379.0	123067.0
-1242	123795.0	123426.0
-1241	123717.0	122690.0
-1240	123856.0	124087.0
-1239	123327.0	124357.0
-1238	123282.0	123468.0
-1237	123298.0	123513.0
-1236	123821.0	122695.0
-1235	123445.0	122944.0
-1234	123529.0	123472.0
-1233	124070.0	123617.0
-1232	123025.0	123279.0
-1231	123588.0	123456.0
-1230	124107.0	123616.0
-1229	123752.0	123527.0
-1228	123427.0	123441.0
-1227	123757.0	123520.0
-1226	123556.0	123788.0
-1225	123164.0	124033.0
-1224	123722.0	123857.0
-1223	123162.0	123591.0
-1222	123749.0	123546.0
-1221	123867.0	123976.0
-1220	123344.0	123835.0
-1219	123561.0	124141.0
-1218	123631.0	124423.0
-1217	123693.0	123241.0
-1216	124323.0	123462.0
-1215	124051.0	123703.0
-1214	123766.0	123578.0
-1213	124259.0	124107.0
-1212	124013.0	123835.0
-1211	123893.0	123158.0
-1210	123659.0	124107.0
-1209	124945.0	123939.0
-1208	124454.0	123731.0
-1207	124406.0	124495.0
-1206	123722.0	124134.0
-1205	123956.0	123301.0
-1204	123810.0	124290.0
-1203	124245.0	124056.0
-1202	124399.0	123482.0
-1201	124289.0	124328.0
-1200	123957.0	124240.0
-1199	124243.0	123778.0
-1198	124228.0	123610.0
-1197	124227.0	124427.0
-1196	123678.0	123617.0
-1195	123673.0	124357.0
-1194	124203.0	124144.0
-1193	123877.0	123915.0
-1192	123600.0	124485.0
-1191	124553.0	124237.0
-1190	124079.0	124219.0
-1189	124299.0	124254.0
-1188	124682.0	123877.0
-1187	123945.0	124295.0
-1186	124474.0	123541.0
-1185	124228.0	123836.0
-1184	124647.0	123713.0
-1183	124119.0	124442.0
-1182	124335.0	124038.0
-1181	124409.0	124027.0
-1180	124228.0	124507.0
-1179	124102.0	124361.0
-1178	123853.0	123803.0
-1177	124055.0	124195.0
-1176	125178.0	124527.0
-1175	124562.0	124274.0
-1174	124390.0	123751.0
-1173	124778.0	123731.0
-1172	125076.0	123911.0
-1171	124534.0	124318.0
-1170	124679.0	124066.0
-1169	124240.0	123692.0
-1168	124354.0	123604.0
-1167	124372.0	123743.0
-1166	124039.0	123852.0
-1165	125085.0	124351.0
-1164	124386.0	124157.0
-1163	125063.0	123903.0
-1162	124155.0	123755.0
-1161	125099.0	123994.0
-1160	124237.0	124172.0
-1159	124576.0	124356.0
-1158	124718.0	123791.0
-1157	123988.0	123645.0
-1156	124352.0	123909.0
-1155	125127.0	123356.0
-1154	124164.0	123234.0
-1153	124148.0	123554.0
-1152	125067.0	123849.0
-1151	124526.0	123312.0
-1150	124164.0	123872.0
-1149	124169.0	123520.0
-1148	124210.0	123829.0
-1147	124662.0	123367.0
-1146	125965.0	124233.0
-1145	124209.0	123543.0
-1144	124160.0	124008.0
-1143	124371.0	123919.0
-1142	124061.0	123376.0
-1141	124460.0	123469.0
-1140	124625.0	123653.0
-1139	124414.0	123235.0
-1138	124746.0	124239.0
-1137	124833.0	123436.0
-1136	124557.0	123724.0
-1135	124175.0	123458.0
-1134	124748.0	123362.0
-1133	124352.0	122376.0
-1132	124781.0	123326.0
-1131	125104.0	123143.0
-1130	124116.0	122496.0
-1129	124268.0	123683.0
-1128	124774.0	124029.0
-1127	124733.0	123715.0
-1126	124720.0	124082.0
-1125	124652.0	124172.0
-1124	124187.0	123114.0
-1123	124460.0	123353.0
-1122	124440.0	123560.0
-1121	123605.0	123037.0
-1120	123809.0	123938.0
-1119	124325.0	123557.0
-1118	124061.0	123226.0
-1117	123922.0	124121.0
-1116	124645.0	123311.0
-1115	124116.0	124084.0
-1114	123881.0	124018.0
-1113	124843.0	123394.0
-1112	124654.0	123541.0
-1111	124118.0	123432.0
-1110	124089.0	123391.0
-1109	124078.0	122903.0
-1108	124120.0	124509.0
-1107	124065.0	123935.0
-1106	124222.0	122911.0
-1105	123801.0	123408.0
-1104	123924.0	123869.0
-1103	124003.0	123140.0
-1102	123457.0	123425.0
-1101	124670.0	123733.0
-1100	124156.0	122945.0
-1099	123924.0	123494.0
-1098	124359.0	123149.0
-1097	124756.0	123550.0
-1096	124084.0	123983.0
-1095	123618.0	123812.0
-1094	123506.0	123663.0
-1093	123147.0	123831.0
-1092	124046.0	123538.0
-1091	123320.0	123016.0
-1090	124189.0	123932.0
-1089	124385.0	123431.0
-1088	123903.0	122703.0
-1087	123621.0	123956.0
-1086	124037.0	122979.0
-1085	123412.0	123675.0
-1084	123575.0	124041.0
-1083	124512.0	123605.0
-1082	123956.0	123174.0
-1081	124200.0	123598.0
-1080	124350.0	122857.0
-1079	123406.0	123873.0
-1078	123688.0	123851.0
-1077	124463.0	124068.0
-1076	123800.0	123499.0
-1075	123695.0	123744.0
-1074	124183.0	123683.0
-1073	123665.0	123055.0
-1072	123674.0	124232.0
-1071	123926.0	124110.0
-1070	123967.0	123033.0
-1069	123395.0	123314.0
-1068	123658.0	123750.0
-1067	123620.0	123290.0
-1066	124063.0	124048.0
-1065	124231.0	124309.0
-1064	124167.0	123915.0
-1063	123834.0	123227.0
-1062	124240.0	123401.0
-1061	123572.0	124037.0
-1060	123338.0	124245.0
-1059	124350.0	123740.0
-1058	123937.0	123514.0
-1057	123931.0	123826.0
-1056	124115.0	124067.0
-1055	124463.0	123722.0
-1054	123552.0	124204.0
-1053	124382.0	124648.0
-1052	123635.0	123523.0
-1051	123778.0	124342.0
-1050	124800.0	124285.0
-1049	123819.0	124073.0
-1048	124237.0	124051.0
-1047	124557.0	124122.0
-1046	124297.0	124044.0
-1045	124673.0	124967.0
-1044	124372.0	124576.0
-1043	123882.0	124130.0
-1042	124364.0	123917.0
-1041	124509.0	124547.0
-1040	124314.0	124136.0
-1039	124283.0	123867.0
-1038	124597.0	123758.0
-1037	124434.0	124254.0
-1036	123929.0	124059.0
-1035	124575.0	124769.0
-1034	124413.0	124338.0
-1033	124544.0	124313.0
-1032	124500.0	124392.0
-1031	124547.0	124588.0
-1030	124154.0	124998.0
-1029	124841.0	124945.0
-1028	124838.0	124128.0
-1027	124537.0	124029.0
-1026	124731.0	123931.0
-1025	124553.0	124402.0
-1024	124450.0	124317.0
-1023	124399.0	124603.0
-1022	124870.0	123990.0
-1021	125188.0	124540.0
-1020	125479.0	124559.0
-1019	124924.0	124192.0
-1018	124664.0	124305.0
-1017	125097.0	124521.0
-1016	124586.0	124412.0
-1015	124217.0	124938.0
-1014	124782.0	125340.0
-1013	124588.0	124575.0
-1012	124437.0	124713.0
-1011	125700.0	124626.0
-1010	124885.0	124070.0
-1009	124573.0	123869.0
-1008	124894.0	124357.0
-1007	124389.0	124672.0
-1006	124828.0	124844.0
-1005	124424.0	124844.0
-1004	124646.0	124681.0
-1003	124287.0	124198.0
-1002	125579.0	124412.0
-1001	125535.0	124296.0
-1000	124721.0	124502.0
-999	125260.0	124599.0
-998	124227.0	123812.0
-997	124662.0	123995.0
-996	124725.0	124587.0
-995	124506.0	124107.0
-994	124710.0	124445.0
-993	124967.0	124369.0
-992	124352.0	123934.0
-991	124904.0	124259.0
-990	124939.0	124455.0
-989	124860.0	124508.0
-988	124852.0	125043.0
-987	124851.0	124154.0
-986	124877.0	123879.0
-985	125302.0	123922.0
-984	125346.0	123594.0
-983	124509.0	124218.0
-982	123937.0	124660.0
-981	125523.0	123879.0
-980	124672.0	123288.0
-979	124939.0	124388.0
-978	124814.0	124251.0
-977	124579.0	124610.0
-976	124949.0	123886.0
-975	125395.0	124924.0
-974	124126.0	123605.0
-973	125148.0	124002.0
-972	125186.0	124355.0
-971	125165.0	124044.0
-970	124997.0	123829.0
-969	124527.0	124405.0
-968	124638.0	123430.0
-967	124112.0	123980.0
-966	125127.0	124262.0
-965	124285.0	124405.0
-964	124497.0	124271.0
-963	124880.0	124129.0
-962	123989.0	124017.0
-961	123638.0	123894.0
-960	124614.0	124244.0
-959	123721.0	123510.0
-958	124344.0	124039.0
-957	124903.0	124217.0
-956	123953.0	123674.0
-955	124570.0	124025.0
-954	124258.0	124408.0
-953	123987.0	123514.0
-952	124643.0	124107.0
-951	124776.0	123623.0
-950	124211.0	123874.0
-949	124442.0	123834.0
-948	124512.0	123979.0
-947	123799.0	123066.0
-946	124189.0	123709.0
-945	125004.0	124259.0
-944	124251.0	124291.0
-943	124032.0	124576.0
-942	125092.0	124078.0
-941	123774.0	123086.0
-940	124352.0	124554.0
-939	124851.0	123827.0
-938	124369.0	123802.0
-937	123781.0	123663.0
-936	124724.0	124080.0
-935	124307.0	123368.0
-934	123977.0	123314.0
-933	124720.0	124107.0
-932	123989.0	124053.0
-931	124816.0	123929.0
-930	124128.0	123740.0
-929	123647.0	123405.0
-928	124849.0	124004.0
-927	124441.0	123499.0
-926	124096.0	123524.0
-925	123806.0	124046.0
-924	124726.0	123881.0
-923	124129.0	124111.0
-922	124423.0	124237.0
-921	124988.0	124002.0
-920	124206.0	123509.0
-919	124164.0	124244.0
-918	124578.0	123551.0
-917	124095.0	123772.0
-916	123526.0	124608.0
-915	124567.0	124552.0
-914	125044.0	124245.0
-913	124015.0	124960.0
-912	124521.0	124136.0
-911	124000.0	123828.0
-910	124265.0	124506.0
-909	124601.0	124096.0
-908	124089.0	123645.0
-907	124955.0	124083.0
-906	124592.0	123989.0
-905	124256.0	123908.0
-904	124525.0	124715.0
-903	124455.0	124049.0
-902	124042.0	124293.0
-901	123740.0	124361.0
-900	124710.0	124101.0
-899	124158.0	123756.0
-898	124009.0	124463.0
-897	124570.0	124594.0
-896	124241.0	123753.0
-895	123998.0	124653.0
-894	124662.0	124615.0
-893	124180.0	123874.0
-892	124085.0	124643.0
-891	124856.0	124233.0
-890	124496.0	124653.0
-889	124912.0	124880.0
-888	124865.0	124815.0
-887	124409.0	123792.0
-886	124006.0	124371.0
-885	124877.0	124758.0
-884	124143.0	124018.0
-883	124527.0	125009.0
-882	124668.0	125431.0
-881	124407.0	124561.0
-880	124350.0	124532.0
-879	125672.0	124814.0
-878	124645.0	124111.0
-877	124491.0	124952.0
-876	125224.0	125112.0
-875	124870.0	124655.0
-874	124885.0	125002.0
-873	124747.0	124329.0
-872	124500.0	124368.0
-871	124497.0	124945.0
-870	125577.0	124461.0
-869	125217.0	124675.0
-868	125315.0	125616.0
-867	125529.0	124764.0
-866	124942.0	124465.0
-865	124670.0	125372.0
-864	125252.0	125458.0
-863	124298.0	125036.0
-862	124623.0	125158.0
-861	126052.0	125210.0
-860	124717.0	125145.0
-859	125151.0	124975.0
-858	126126.0	125245.0
-857	124927.0	124421.0
-856	125290.0	125081.0
-855	125576.0	124584.0
-854	125134.0	124332.0
-853	125603.0	124391.0
-852	125556.0	124888.0
-851	124852.0	124992.0
-850	124830.0	125321.0
-849	126018.0	125547.0
-848	125657.0	124417.0
-847	125424.0	124767.0
-846	125786.0	125184.0
-845	124626.0	124319.0
-844	124691.0	125613.0
-843	125061.0	125270.0
-842	125013.0	124793.0
-841	124700.0	124885.0
-840	126068.0	125123.0
-839	125404.0	123628.0
-838	124460.0	125190.0
-837	126201.0	125191.0
-836	124654.0	124669.0
-835	125377.0	124660.0
-834	126026.0	125026.0
-833	124780.0	124316.0
-832	125064.0	124327.0
-831	125253.0	124668.0
-830	124762.0	125001.0
-829	125053.0	124819.0
-828	125108.0	124926.0
-827	125159.0	124214.0
-826	125363.0	124898.0
-825	125975.0	124600.0
-824	125035.0	124019.0
-823	124754.0	125162.0
-822	125790.0	124710.0
-821	124691.0	123288.0
-820	124660.0	124850.0
-819	125493.0	125057.0
-818	124955.0	124065.0
-817	124668.0	124624.0
-816	125037.0	123950.0
-815	124855.0	124060.0
-814	125679.0	124453.0
-813	124986.0	124926.0
-812	124505.0	124217.0
-811	124952.0	124696.0
-810	124687.0	124685.0
-809	124722.0	124379.0
-808	124632.0	124401.0
-807	125036.0	124409.0
-806	123959.0	123893.0
-805	124635.0	124568.0
-804	124941.0	124495.0
-803	124329.0	123565.0
-802	124369.0	123880.0
-801	124735.0	124389.0
-800	124226.0	124026.0
-799	124386.0	124045.0
-798	124588.0	124286.0
-797	124496.0	123947.0
-796	124623.0	124542.0
-795	124879.0	123778.0
-794	124356.0	123239.0
-793	124159.0	124600.0
-792	125177.0	124514.0
-791	124772.0	124031.0
-790	123970.0	124791.0
-789	124847.0	124447.0
-788	124356.0	124076.0
-787	124140.0	124674.0
-786	125128.0	124177.0
-785	123781.0	124156.0
-784	124061.0	124204.0
-783	125173.0	124507.0
-782	124005.0	123635.0
-781	124328.0	123428.0
-780	124078.0	124035.0
-779	123192.0	123914.0
-778	123908.0	124790.0
-777	124382.0	124214.0
-776	123977.0	125049.0
-775	124315.0	125631.0
-774	124482.0	124863.0
-773	124417.0	124397.0
-772	123588.0	124612.0
-771	124919.0	124699.0
-770	124338.0	125061.0
-769	123536.0	125219.0
-768	124657.0	124757.0
-767	123886.0	123921.0
-766	124238.0	124620.0
-765	124611.0	124133.0
-764	123957.0	124347.0
-763	124186.0	124636.0
-762	124305.0	125373.0
-761	124350.0	125147.0
-760	124209.0	125167.0
-759	125095.0	125795.0
-758	124467.0	124419.0
-757	124211.0	125014.0
-756	124495.0	125242.0
-755	124187.0	124611.0
-754	124524.0	124916.0
-753	124495.0	125082.0
-752	124354.0	124931.0
-751	124809.0	125336.0
-750	125027.0	124927.0
-749	123948.0	124959.0
-748	124796.0	125365.0
-747	124980.0	124696.0
-746	124501.0	123993.0
-745	124740.0	125414.0
-744	125199.0	125635.0
-743	124041.0	125055.0
-742	124745.0	125611.0
-741	126017.0	125462.0
-740	124567.0	124642.0
-739	125081.0	125242.0
-738	125572.0	125545.0
-737	125454.0	125220.0
-736	124885.0	125307.0
-735	125665.0	125707.0
-734	125107.0	125087.0
-733	124942.0	125804.0
-732	125343.0	125765.0
-731	124960.0	124782.0
-730	124888.0	125674.0
-729	125810.0	126057.0
-728	125448.0	124427.0
-727	125550.0	125680.0
-726	125239.0	125220.0
-725	125215.0	124897.0
-724	125350.0	126195.0
-723	126019.0	126423.0
-722	125361.0	125017.0
-721	125022.0	125476.0
-720	126503.0	125843.0
-719	125490.0	124832.0
-718	125541.0	125528.0
-717	126369.0	125525.0
-716	125424.0	125504.0
-715	125197.0	125750.0
-714	126698.0	126064.0
-713	125576.0	125068.0
-712	125682.0	125548.0
-711	126446.0	125270.0
-710	125810.0	125242.0
-709	125644.0	125288.0
-708	126259.0	125517.0
-707	125979.0	124742.0
-706	125570.0	125886.0
-705	126542.0	125947.0
-704	125449.0	125262.0
-703	125737.0	125792.0
-702	126249.0	125896.0
-701	125237.0	125518.0
-700	125578.0	126133.0
-699	126470.0	125646.0
-698	125999.0	124480.0
-697	125119.0	125824.0
-696	126864.0	126203.0
-695	125839.0	125042.0
-694	126197.0	125545.0
-693	126315.0	125442.0
-692	125721.0	124816.0
-691	126133.0	125663.0
-690	126669.0	126199.0
-689	125573.0	124433.0
-688	125882.0	125423.0
-687	126465.0	125624.0
-686	126229.0	124769.0
-685	125841.0	125173.0
-684	126683.0	125187.0
-683	126015.0	124646.0
-682	125737.0	125571.0
-681	126775.0	124899.0
-680	125892.0	124659.0
-679	125807.0	125102.0
-678	127160.0	125075.0
-677	126251.0	123835.0
-676	125896.0	125208.0
-675	126517.0	124480.0
-674	125656.0	124856.0
-673	125207.0	125499.0
-672	126714.0	124993.0
-671	125762.0	123959.0
-670	126286.0	124380.0
-669	126749.0	124375.0
-668	125789.0	124541.0
-667	125700.0	124671.0
-666	126159.0	125074.0
-665	125491.0	123691.0
-664	125385.0	124569.0
-663	125964.0	124654.0
-662	125171.0	124374.0
-661	125702.0	124373.0
-660	125893.0	124685.0
-659	124713.0	123633.0
-658	124812.0	125372.0
-657	125624.0	124439.0
-656	125168.0	123929.0
-655	124989.0	124128.0
-654	125718.0	124177.0
-653	125117.0	123232.0
-652	124545.0	123971.0
-651	126079.0	124494.0
-650	124800.0	123416.0
-649	124876.0	124167.0
-648	125157.0	124069.0
-647	123926.0	123168.0
-646	124434.0	124484.0
-645	125124.0	124599.0
-644	123904.0	123604.0
-643	123791.0	124402.0
-642	125437.0	123744.0
-641	124685.0	123087.0
-640	124507.0	123926.0
-639	125212.0	123739.0
-638	123835.0	123154.0
-637	123837.0	123458.0
-636	124358.0	124152.0
-635	124012.0	123875.0
-634	123035.0	124463.0
-633	124832.0	123581.0
-632	123642.0	123935.0
-631	123746.0	124174.0
-630	124501.0	124147.0
-629	123252.0	123458.0
-628	123092.0	123868.0
-627	124443.0	124301.0
-626	123240.0	123496.0
-625	123177.0	124082.0
-624	123589.0	124303.0
-623	123146.0	123261.0
-622	123188.0	124690.0
-621	123538.0	123983.0
-620	122331.0	123734.0
-619	122026.0	124688.0
-618	122976.0	124879.0
-617	122866.0	123909.0
-616	122554.0	124652.0
-615	123420.0	124406.0
-614	123445.0	124003.0
-613	122865.0	124773.0
-612	123947.0	124663.0
-611	122892.0	124213.0
-610	122947.0	124726.0
-609	124141.0	124136.0
-608	123073.0	123940.0
-607	122652.0	124696.0
-606	123707.0	125203.0
-605	122592.0	124225.0
-604	122566.0	125572.0
-603	123478.0	125325.0
-602	123423.0	124662.0
-601	122690.0	125273.0
-600	123818.0	125642.0
-599	122687.0	124537.0
-598	122990.0	124989.0
-597	123691.0	125785.0
-596	122920.0	124357.0
-595	122450.0	125594.0
-594	123705.0	126271.0
-593	123027.0	124649.0
-592	123025.0	126002.0
-591	124195.0	125249.0
-590	123476.0	124601.0
-589	123295.0	125736.0
-588	123813.0	126006.0
-587	123518.0	124974.0
-586	123137.0	126287.0
-585	124362.0	126132.0
-584	124145.0	125437.0
-583	123332.0	126685.0
-582	124394.0	126381.0
-581	124000.0	125442.0
-580	123805.0	126075.0
-579	124539.0	126698.0
-578	124299.0	125626.0
-577	123624.0	125803.0
-576	124946.0	126167.0
-575	124194.0	126317.0
-574	124175.0	126990.0
-573	125670.0	126664.0
-572	124835.0	126071.0
-571	124439.0	127763.0
-570	125583.0	127175.0
-569	124539.0	126247.0
-568	124887.0	127069.0
-567	125234.0	126602.0
-566	125095.0	126000.0
-565	124655.0	126865.0
-564	125599.0	127198.0
-563	125119.0	126329.0
-562	124718.0	126945.0
-561	125734.0	126668.0
-560	125503.0	126335.0
-559	125030.0	127444.0
-558	126873.0	127166.0
-557	125941.0	126559.0
-556	126050.0	127448.0
-555	126899.0	127349.0
-554	126387.0	126258.0
-553	126261.0	127590.0
-552	127370.0	127280.0
-551	126217.0	126334.0
-550	126421.0	127036.0
-549	127013.0	127236.0
-548	126196.0	126028.0
-547	126501.0	127317.0
-546	127812.0	127766.0
-545	127018.0	126710.0
-544	127125.0	127259.0
-543	128224.0	127442.0
-542	126557.0	126337.0
-541	126905.0	127156.0
-540	128693.0	127428.0
-539	127300.0	126002.0
-538	127463.0	126828.0
-537	128209.0	126870.0
-536	126839.0	126152.0
-535	127442.0	126695.0
-534	128420.0	126594.0
-533	127110.0	125886.0
-532	127319.0	127504.0
-531	128221.0	126933.0
-530	127552.0	125200.0
-529	127921.0	126316.0
-528	129218.0	126453.0
-527	127352.0	125762.0
-526	127579.0	126903.0
-525	128427.0	126328.0
-524	128210.0	125898.0
-523	127295.0	126945.0
-522	128758.0	126699.0
-521	128398.0	125438.0
-520	128120.0	126681.0
-519	129676.0	126649.0
-518	128317.0	124446.0
-517	127830.0	126006.0
-516	129037.0	125402.0
-515	127930.0	125069.0
-514	127415.0	125339.0
-513	129356.0	125269.0
-512	128032.0	125142.0
-511	127978.0	125917.0
-510	128648.0	125691.0
-509	127796.0	124656.0
-508	127916.0	125244.0
-507	128891.0	124905.0
-506	127688.0	124124.0
-505	127376.0	124563.0
-504	128972.0	125253.0
-503	127609.0	123446.0
-502	126786.0	124486.0
-501	128742.0	124908.0
-500	127113.0	123471.0
-499	126911.0	124587.0
-498	127803.0	123935.0
-497	127205.0	123647.0
-496	127320.0	124036.0
-495	127909.0	124522.0
-494	126151.0	123740.0
-493	126960.0	124412.0
-492	127693.0	124366.0
-491	126834.0	123193.0
-490	126385.0	124224.0
-489	127311.0	123903.0
-488	126050.0	122974.0
-487	127251.0	123566.0
-486	127327.0	123057.0
-485	126674.0	122803.0
-484	125496.0	123500.0
-483	126862.0	123343.0
-482	125863.0	122536.0
-481	125451.0	122925.0
-480	126605.0	123694.0
-479	125305.0	121981.0
-478	125388.0	123221.0
-477	126195.0	122823.0
-476	124314.0	122273.0
-475	124601.0	123196.0
-474	125581.0	122969.0
-473	124339.0	121265.0
-472	124418.0	122685.0
-471	124534.0	122231.0
-470	123617.0	121571.0
-469	123518.0	122754.0
-468	124265.0	122215.0
-467	123966.0	121898.0
-466	124066.0	122265.0
-465	124320.0	122290.0
-464	123536.0	122192.0
-463	123128.0	123092.0
-462	124101.0	122308.0
-461	122979.0	121427.0
-460	122632.0	122688.0
-459	123821.0	122825.0
-458	121910.0	122126.0
-457	122041.0	122190.0
-456	123080.0	122504.0
-455	121944.0	122027.0
-454	122484.0	122673.0
-453	123308.0	123135.0
-452	121519.0	121850.0
-451	121620.0	122817.0
-450	123146.0	122840.0
-449	121752.0	121647.0
-448	121229.0	123467.0
-447	123123.0	123250.0
-446	121727.0	122251.0
-445	121716.0	123559.0
-444	122313.0	123888.0
-443	121843.0	123085.0
-442	121429.0	124216.0
-441	121967.0	123841.0
-440	121049.0	122475.0
-439	121285.0	123643.0
-438	121951.0	123892.0
-437	120874.0	122991.0
-436	120777.0	124207.0
-435	122759.0	124777.0
-434	121261.0	123584.0
-433	121148.0	124471.0
-432	121993.0	124981.0
-431	121067.0	124120.0
-430	120961.0	125107.0
-429	122102.0	125291.0
-428	120516.0	124512.0
-427	120535.0	125104.0
-426	122067.0	125758.0
-425	121700.0	125081.0
-424	120826.0	125635.0
-423	122035.0	125824.0
-422	120869.0	124822.0
-421	121494.0	125754.0
-420	123174.0	126389.0
-419	121962.0	125696.0
-418	121196.0	125805.0
-417	122585.0	126637.0
-416	122064.0	125795.0
-415	121359.0	127575.0
-414	123350.0	126983.0
-413	122392.0	125718.0
-412	122641.0	127514.0
-411	123970.0	127372.0
-410	122245.0	126460.0
-409	122603.0	127093.0
-408	124024.0	126847.0
-407	122903.0	126565.0
-406	123181.0	127962.0
-405	124372.0	128770.0
-404	123458.0	127005.0
-403	123371.0	128319.0
-402	124940.0	128587.0
-401	123649.0	126875.0
-400	123620.0	127998.0
-399	125635.0	128333.0
-398	124156.0	127715.0
-397	124367.0	129274.0
-396	126423.0	128705.0
-395	124786.0	128230.0
-394	124888.0	129680.0
-393	126417.0	129685.0
-392	125195.0	128078.0
-391	125012.0	129481.0
-390	127283.0	129571.0
-389	126421.0	128336.0
-388	125913.0	128927.0
-387	128083.0	129047.0
-386	127210.0	128239.0
-385	127083.0	129662.0
-384	127910.0	129130.0
-383	127206.0	128264.0
-382	126890.0	129598.0
-381	129010.0	130305.0
-380	127822.0	128404.0
-379	127671.0	130096.0
-378	129709.0	129651.0
-377	128439.0	128322.0
-376	128545.0	129655.0
-375	129782.0	129639.0
-374	129271.0	127773.0
-373	128766.0	129542.0
-372	130496.0	130227.0
-371	129004.0	128697.0
-370	129058.0	129944.0
-369	131125.0	129033.0
-368	129849.0	128209.0
-367	129799.0	129456.0
-366	131287.0	128952.0
-365	130665.0	128226.0
-364	130768.0	129044.0
-363	131443.0	129294.0
-362	130323.0	128398.0
-361	130203.0	128910.0
-360	132102.0	129109.0
-359	130611.0	128017.0
-358	130494.0	128840.0
-357	132158.0	129582.0
-356	130637.0	128096.0
-355	130766.0	128785.0
-354	132766.0	128533.0
-353	131240.0	126684.0
-352	131126.0	127980.0
-351	133200.0	127929.0
-350	131677.0	126799.0
-349	131086.0	127960.0
-348	132709.0	127269.0
-347	130829.0	126905.0
-346	130971.0	127838.0
-345	132890.0	127401.0
-344	132278.0	125879.0
-343	131364.0	127066.0
-342	132806.0	127008.0
-341	131517.0	125533.0
-340	131521.0	126416.0
-339	133856.0	127234.0
-338	131146.0	125112.0
-337	131255.0	126557.0
-336	132446.0	126273.0
-335	131003.0	124049.0
-334	130628.0	125987.0
-333	132100.0	125900.0
-332	130918.0	122610.0
-331	130444.0	125029.0
-330	131606.0	125078.0
-329	130051.0	123575.0
-328	129624.0	124657.0
-327	130845.0	124539.0
-326	130059.0	123305.0
-325	129516.0	124345.0
-324	131460.0	123622.0
-323	129881.0	121866.0
-322	129308.0	124076.0
-321	131082.0	123453.0
-320	128943.0	122415.0
-319	128583.0	122967.0
-318	129854.0	122758.0
-317	128736.0	122073.0
-316	128211.0	123193.0
-315	129802.0	122722.0
-314	127738.0	121676.0
-313	127955.0	122582.0
-312	128690.0	122076.0
-311	127296.0	120503.0
-310	126946.0	121695.0
-309	128018.0	121855.0
-308	126807.0	120603.0
-307	125938.0	121999.0
-306	127698.0	121424.0
-305	126012.0	120176.0
-304	126248.0	120988.0
-303	126837.0	121055.0
-302	125317.0	120047.0
-301	124500.0	120456.0
-300	126320.0	120955.0
-299	124585.0	120002.0
-298	124131.0	120717.0
-297	125860.0	120687.0
-296	124091.0	119502.0
-295	123134.0	121161.0
-294	125465.0	120633.0
-293	123493.0	119879.0
-292	123529.0	120201.0
-291	124810.0	120943.0
-290	122973.0	118769.0
-289	122021.0	120835.0
-288	123501.0	120802.0
-287	121937.0	119276.0
-286	121531.0	120915.0
-285	123374.0	121320.0
-284	122252.0	119649.0
-283	121448.0	121047.0
-282	122625.0	120651.0
-281	120782.0	119117.0
-280	121241.0	120994.0
-279	122186.0	121358.0
-278	120654.0	119567.0
-277	120204.0	121728.0
-276	122226.0	120599.0
-275	120731.0	120249.0
-274	120406.0	121677.0
-273	121339.0	120997.0
-272	119746.0	119962.0
-271	119219.0	122112.0
-270	121027.0	121837.0
-269	119722.0	120495.0
-268	119716.0	122532.0
-267	121303.0	122004.0
-266	119577.0	121213.0
-265	119468.0	122780.0
-264	121194.0	122426.0
-263	119630.0	121404.0
-262	119014.0	123020.0
-261	120750.0	123495.0
-260	118753.0	122265.0
-259	119475.0	123624.0
-258	121114.0	124007.0
-257	119864.0	122900.0
-256	118721.0	123708.0
-255	120522.0	124547.0
-254	119064.0	123557.0
-253	119235.0	125103.0
-252	121314.0	125002.0
-251	119912.0	124075.0
-250	120217.0	125673.0
-249	121609.0	125650.0
-248	120063.0	125043.0
-247	119721.0	126649.0
-246	121285.0	126922.0
-245	119934.0	125060.0
-244	120075.0	126917.0
-243	121663.0	127427.0
-242	120335.0	126019.0
-241	120967.0	128477.0
-240	122817.0	128313.0
-239	121817.0	127144.0
-238	120874.0	128808.0
-237	123212.0	129017.0
-236	121476.0	127218.0
-235	121937.0	129774.0
-234	124040.0	129037.0
-233	122407.0	128041.0
-232	123021.0	129741.0
-231	124427.0	129585.0
-230	123282.0	128295.0
-229	123545.0	130352.0
-228	125472.0	130436.0
-227	124326.0	128868.0
-226	124133.0	130614.0
-225	126861.0	131562.0
-224	125279.0	129715.0
-223	125222.0	131621.0
-222	126990.0	131428.0
-221	126444.0	130212.0
-220	126251.0	132396.0
-219	128522.0	132169.0
-218	126770.0	131413.0
-217	127610.0	133089.0
-216	129863.0	132784.0
-215	127894.0	130784.0
-214	128231.0	132989.0
-213	130583.0	133447.0
-212	129155.0	130989.0
-211	129769.0	133267.0
-210	132151.0	133208.0
-209	130897.0	131839.0
-208	130741.0	133318.0
-207	133657.0	133978.0
-206	131161.0	131208.0
-205	131495.0	133487.0
-204	133582.0	133378.0
-203	131856.0	132088.0
-202	132464.0	133578.0
-201	134868.0	133538.0
-200	133347.0	132041.0
-199	133366.0	133918.0
-198	136491.0	133571.0
-197	134208.0	131513.0
-196	134370.0	134240.0
-195	136959.0	133736.0
-194	135185.0	132038.0
-193	136059.0	133470.0
-192	138048.0	133552.0
-191	136145.0	131041.0
-190	135667.0	132938.0
-189	139318.0	133637.0
-188	136813.0	130536.0
-187	136199.0	132484.0
-186	139600.0	133316.0
-185	137050.0	129895.0
-184	137467.0	132390.0
-183	139511.0	131986.0
-182	137661.0	129317.0
-181	137026.0	132355.0
-180	140431.0	131369.0
-179	137765.0	128989.0
-178	137791.0	130724.0
-177	140112.0	130448.0
-176	137431.0	127934.0
-175	137517.0	129964.0
-174	140229.0	130602.0
-173	137669.0	127226.0
-172	137933.0	129548.0
-171	140256.0	128757.0
-170	137941.0	127101.0
-169	138034.0	128699.0
-168	139701.0	128522.0
-167	137337.0	125951.0
-166	136930.0	128383.0
-165	139754.0	127965.0
-164	136535.0	125029.0
-163	136659.0	126938.0
-162	138600.0	126509.0
-161	136953.0	124592.0
-160	136806.0	126198.0
-159	138617.0	126226.0
-158	135737.0	124108.0
-157	136032.0	125770.0
-156	137619.0	125349.0
-155	135247.0	122969.0
-154	134851.0	124968.0
-153	137429.0	124593.0
-152	134459.0	121519.0
-151	134027.0	124405.0
-150	136553.0	124014.0
-149	133186.0	121637.0
-148	132379.0	123936.0
-147	135836.0	122744.0
-146	132383.0	120591.0
-145	131568.0	123144.0
-144	134344.0	122658.0
-143	131846.0	119814.0
-142	131447.0	122351.0
-141	133738.0	121964.0
-140	129652.0	119322.0
-139	129084.0	121940.0
-138	131414.0	121504.0
-137	127951.0	119051.0
-136	126826.0	121680.0
-135	129492.0	121219.0
-134	126687.0	118895.0
-133	127519.0	120886.0
-132	130397.0	120149.0
-131	127161.0	118060.0
-130	127311.0	119866.0
-129	128676.0	120161.0
-128	124977.0	118221.0
-127	123322.0	120992.0
-126	126359.0	120559.0
-125	123951.0	118193.0
-124	124284.0	120286.0
-123	127605.0	119847.0
-122	125721.0	117609.0
-121	124997.0	120373.0
-120	127208.0	119583.0
-119	122963.0	117484.0
-118	122013.0	120644.0
-117	123629.0	119979.0
-116	120851.0	118277.0
-115	120975.0	120567.0
-114	123985.0	120142.0
-113	121555.0	118074.0
-112	122674.0	119577.0
-111	125986.0	119422.0
-110	122907.0	117700.0
-109	122098.0	120668.0
-108	123975.0	120643.0
-107	120256.0	117973.0
-106	119357.0	120839.0
-105	122163.0	120730.0
-104	119011.0	118321.0
-103	120747.0	120967.0
-102	124610.0	120873.0
-101	121150.0	118532.0
-100	121730.0	121440.0
-99	123466.0	121631.0
-98	120141.0	119375.0
-97	119852.0	122234.0
-96	122085.0	122660.0
-95	119740.0	120028.0
-94	119821.0	122511.0
-93	123225.0	122274.0
-92	120235.0	120418.0
-91	120937.0	123053.0
-90	123932.0	122845.0
-89	121796.0	121407.0
-88	120731.0	124118.0
-87	123591.0	123776.0
-86	120509.0	122336.0
-85	119438.0	125315.0
-84	122442.0	124667.0
-83	120515.0	122597.0
-82	120757.0	125807.0
-81	124013.0	125529.0
-80	120950.0	123807.0
-79	120320.0	126129.0
-78	123619.0	126650.0
-77	121425.0	124787.0
-76	121482.0	127674.0
-75	124919.0	127798.0
-74	121431.0	125166.0
-73	122208.0	129182.0
-72	125337.0	128645.0
-71	122897.0	126122.0
-70	123719.0	129410.0
-69	126249.0	129325.0
-68	123110.0	127604.0
-67	123590.0	130988.0
-66	126608.0	131557.0
-65	123759.0	128159.0
-64	123963.0	132793.0
-63	128004.0	132932.0
-62	125102.0	130521.0
-61	126040.0	132767.0
-60	129520.0	133526.0
-59	126316.0	130604.0
-58	126230.0	134265.0
-57	129088.0	134207.0
-56	125965.0	132015.0
-55	125898.0	135994.0
-54	130760.0	136021.0
-53	128169.0	133063.0
-52	128898.0	137190.0
-51	133086.0	137405.0
-50	131016.0	134550.0
-49	131586.0	139020.0
-48	134622.0	138031.0
-47	131620.0	134861.0
-46	131444.0	139573.0
-45	134741.0	139309.0
-44	131711.0	135937.0
-43	132992.0	139702.0
-42	137502.0	139692.0
-41	135748.0	136957.0
-40	137590.0	140230.0
-39	142089.0	140721.0
-38	138944.0	137064.0
-37	138817.0	142406.0
-36	141117.0	141797.0
-35	136809.0	138707.0
-34	138097.0	142896.0
-33	143151.0	142358.0
-32	140100.0	138790.0
-31	142191.0	142183.0
-30	148540.0	142092.0
-29	144570.0	138246.0
-28	145677.0	142992.0
-27	149378.0	143670.0
-26	145169.0	139648.0
-25	144352.0	143281.0
-24	148510.0	142978.0
-23	144207.0	139174.0
-22	145381.0	143598.0
-21	151034.0	143779.0
-20	148957.0	140400.0
-19	150331.0	144890.0
-18	155307.0	144748.0
-17	150354.0	141162.0
-16	149834.0	146128.0
-15	153424.0	146266.0
-14	149214.0	142490.0
-13	149290.0	146493.0
-12	157124.0	147062.0
-11	152680.0	142805.0
-10	152978.0	148345.0
-9	159421.0	150168.0
-8	155008.0	148721.0
-7	152433.0	158268.0
-6	153402.0	162105.0
-5	143032.0	158288.0
-4	140801.0	164806.0
-3	158605.0	175275.0
-2	176303.0	168955.0
-1	267510.0	167508.0
0	2158.0	115826.0
1	268021.0	31053.0
2	175553.0	65014.0
3	158880.0	87588.0
4	140640.0	111029.0
5	142906.0	127958.0
6	153172.0	124132.0
7	151373.0	112347.0
8	154235.0	114593.0
9	159101.0	113795.0
10	153111.0	110761.0
11	153005.0	115995.0
12	156409.0	118980.0
13	148728.0	115867.0
14	148420.0	121813.0
15	152387.0	122343.0
16	149407.0	118510.0
17	150044.0	121097.0
18	154156.0	120988.0
19	149418.0	116260.0
20	149110.0	120601.0
21	150962.0	120717.0
22	145288.0	119706.0
23	144386.0	126266.0
24	147742.0	126788.0
25	143774.0	122925.0
26	144739.0	125059.0
27	149173.0	122562.0
28	145259.0	118258.0
29	144528.0	120833.0
30	147802.0	120867.0
31	142582.0	118052.0
32	140180.0	122914.0
33	142651.0	123578.0
34	137478.0	121997.0
35	136593.0	126047.0
36	141303.0	126324.0
37	137584.0	122169.0
38	137911.0	122825.0
39	141397.0	121130.0
40	137072.0	117127.0
41	135433.0	120958.0
42	137158.0	121845.0
43	132028.0	121238.0
44	131339.0	125454.0
45	134436.0	125973.0
46	131211.0	123246.0
47	131547.0	125285.0
48	134025.0	123701.0
49	130199.0	120523.0
50	130515.0	122840.0
51	133026.0	122765.0
52	128967.0	120051.0
53	127735.0	123800.0
54	129410.0	124271.0
55	126050.0	121761.0
56	125827.0	126288.0
57	129236.0	125721.0
58	125009.0	122022.0
59	125718.0	124030.0
60	128944.0	122616.0
61	125178.0	120620.0
62	124062.0	124475.0
63	126870.0	123391.0
64	123962.0	121430.0
65	122969.0	123811.0
66	125677.0	124108.0
67	122382.0	121218.0
68	122960.0	124686.0
69	126081.0	123881.0
70	123111.0	120167.0
71	122317.0	123637.0
72	125219.0	124099.0
73	121724.0	122361.0
74	120989.0	126170.0
75	123568.0	124783.0
76	120882.0	122177.0
77	121166.0	124870.0
78	123710.0	124264.0
79	120050.0	122577.0
80	121061.0	126728.0
81	123516.0	126159.0
82	120724.0	124452.0
83	119793.0	127503.0
84	122273.0	128315.0
85	119989.0	126621.0
86	120081.0	129595.0
87	123223.0	127680.0
88	120631.0	124605.0
89	120779.0	126042.0
90	123693.0	125999.0
91	120341.0	124511.0
92	119638.0	128617.0
93	122380.0	128676.0
94	119542.0	128188.0
95	118994.0	132768.0
96	121990.0	133398.0
97	119874.0	130550.0
98	120265.0	132527.0
99	123236.0	131525.0
100	120948.0	128050.0
101	121414.0	131313.0
102	123419.0	131365.0
103	120699.0	129829.0
104	119195.0	135129.0
105	121281.0	137207.0
106	120045.0	135805.0
107	120247.0	138910.0
108	123015.0	138004.0
109	121184.0	134596.0
110	121809.0	136682.0
111	125240.0	136422.0
112	121969.0	133801.0
113	121774.0	138503.0
114	124035.0	139568.0
115	121364.0	139744.0
116	120637.0	144865.0
117	123081.0	145818.0
118	121370.0	143880.0
119	122588.0	146485.0
120	126286.0	145404.0
121	124906.0	141746.0
122	124684.0	144033.0
123	127781.0	145391.0
124	124763.0	143906.0
125	123769.0	148966.0
126	125811.0	150781.0
127	123739.0	149751.0
128	124601.0	152959.0
129	128524.0	151878.0
130	126525.0	147436.0
131	127858.0	150129.0
132	130477.0	149674.0
133	127439.0	148646.0
134	127300.0	152919.0
135	129142.0	154836.0
136	126107.0	154243.0
137	126941.0	157885.0
138	130307.0	158171.0
139	128564.0	155702.0
140	130262.0	157307.0
141	133258.0	155983.0
142	131646.0	153229.0
143	132229.0	156737.0
144	134105.0	156926.0
145	131805.0	154648.0
146	131734.0	158111.0
147	135154.0	158046.0
148	133122.0	153685.0
149	133180.0	156948.0
150	135944.0	155674.0
151	133457.0	152309.0
152	134508.0	155532.0
153	137017.0	155187.0
154	134588.0	152056.0
155	134684.0	154315.0
156	137075.0	154436.0
157	134641.0	151095.0
158	135654.0	153375.0
159	138404.0	151821.0
160	136181.0	148771.0
161	136608.0	150968.0
162	138866.0	150412.0
163	137056.0	147236.0
164	136485.0	149973.0
165	139454.0	149447.0
166	137096.0	146477.0
167	137165.0	149132.0
168	139805.0	148068.0
169	136989.0	144461.0
170	137368.0	146609.0
171	139588.0	145391.0
172	137595.0	142593.0
173	137782.0	144790.0
174	140347.0	143998.0
175	137736.0	141640.0
176	137585.0	143303.0
177	138937.0	142651.0
178	137398.0	139571.0
179	137594.0	141157.0
180	140283.0	139937.0
181	138220.0	137864.0
182	137539.0	139162.0
183	140142.0	138296.0
184	136890.0	136031.0
185	136789.0	137759.0
186	139839.0	137166.0
187	136777.0	134413.0
188	135885.0	135789.0
189	138839.0	134862.0
190	135826.0	132781.0
191	135481.0	134110.0
192	138323.0	133340.0
193	135649.0	130662.0
194	135546.0	133011.0
195	137254.0	131894.0
196	134681.0	129559.0
197	134132.0	131391.0
198	135686.0	130270.0
199	133968.0	127993.0
200	133015.0	128567.0
201	135094.0	127804.0
202	132547.0	126667.0
203	132084.0	128352.0
204	134338.0	127476.0
205	131487.0	125934.0
206	130871.0	127139.0
207	132448.0	126987.0
208	130587.0	124643.0
209	130172.0	126501.0
210	132040.0	126260.0
211	129106.0	123533.0
212	128837.0	125421.0
213	130104.0	125078.0
214	127970.0	123084.0
215	127440.0	124366.0
216	129191.0	124501.0
217	127001.0	122884.0
218	126559.0	124488.0
219	128127.0	123490.0
220	125491.0	121954.0
221	125870.0	123314.0
222	127476.0	123153.0
223	125704.0	121319.0
224	125148.0	123533.0
225	126664.0	123869.0
226	123675.0	121532.0
227	123952.0	123856.0
228	124402.0	123491.0
229	122784.0	120898.0
230	122736.0	123076.0
231	124412.0	123309.0
232	122554.0	121165.0
233	122031.0	123752.0
234	124227.0	123725.0
235	121751.0	122162.0
236	121696.0	124041.0
237	123690.0	123919.0
238	120957.0	122985.0
239	120798.0	124159.0
240	122195.0	123724.0
241	120107.0	122248.0
242	120403.0	124017.0
243	121692.0	124352.0
244	119829.0	122752.0
245	119925.0	124689.0
246	120788.0	124914.0
247	119745.0	123890.0
248	119586.0	126102.0
249	120775.0	125937.0
250	119289.0	123718.0
251	119127.0	125667.0
252	121062.0	125828.0
253	118796.0	124760.0
254	118785.0	126775.0
255	120512.0	126126.0
256	118722.0	125588.0
257	118634.0	127677.0
258	120203.0	128341.0
259	118873.0	126178.0
260	118947.0	128364.0
261	120450.0	128613.0
262	118958.0	127397.0
263	119143.0	129209.0
264	120853.0	129598.0
265	119142.0	128398.0
266	119352.0	130459.0
267	120967.0	131355.0
268	119218.0	129523.0
269	119064.0	131436.0
270	121745.0	131190.0
271	119837.0	130162.0
272	119798.0	132121.0
273	121171.0	132177.0
274	120444.0	130713.0
275	120255.0	132209.0
276	121828.0	132860.0
277	120298.0	131685.0
278	120636.0	133584.0
279	121776.0	133672.0
280	120980.0	132695.0
281	120257.0	134262.0
282	122565.0	134446.0
283	121620.0	132965.0
284	121381.0	134894.0
285	123012.0	135196.0
286	121399.0	133995.0
287	121995.0	136721.0
288	123709.0	136740.0
289	122601.0	135561.0
290	122037.0	137014.0
291	124170.0	137345.0
292	122811.0	135374.0
293	123450.0	137422.0
294	124871.0	137216.0
295	123273.0	136376.0
296	123695.0	137615.0
297	125546.0	138320.0
298	124414.0	136514.0
299	124740.0	138390.0
300	126639.0	138301.0
301	125089.0	136748.0
302	125076.0	138692.0
303	126983.0	139128.0
304	125726.0	137009.0
305	125206.0	139180.0
306	127402.0	138217.0
307	126016.0	137600.0
308	126810.0	139415.0
309	127792.0	139462.0
310	126868.0	138403.0
311	127587.0	139951.0
312	128261.0	139945.0
313	127560.0	137854.0
314	128067.0	139457.0
315	129785.0	139477.0
316	128252.0	138069.0
317	128096.0	140359.0
318	129674.0	139575.0
319	128877.0	138377.0
320	128834.0	139288.0
321	129827.0	139752.0
322	128577.0	137925.0
323	129280.0	139123.0
324	131132.0	139259.0
325	129767.0	136925.0
326	129658.0	138728.0
327	130797.0	139359.0
328	129829.0	136991.0
329	130672.0	138510.0
330	131871.0	138359.0
331	130319.0	136504.0
332	130311.0	138349.0
333	132223.0	137298.0
334	130778.0	135496.0
335	131135.0	136632.0
336	132631.0	137376.0
337	131273.0	135006.0
338	131122.0	137158.0
339	132737.0	136165.0
340	130542.0	134671.0
341	131278.0	135466.0
342	132866.0	134751.0
343	131165.0	132991.0
344	131204.0	135047.0
345	132990.0	134662.0
346	131287.0	132940.0
347	130939.0	134634.0
348	132381.0	133735.0
349	131925.0	131517.0
350	131695.0	133439.0
351	132008.0	132529.0
352	130973.0	131294.0
353	131237.0	132387.0
354	132445.0	131823.0
355	131618.0	129855.0
356	131209.0	130836.0
357	132390.0	130586.0
358	130221.0	129000.0
359	131025.0	130647.0
360	132251.0	130009.0
361	130449.0	128003.0
362	129895.0	130029.0
363	131377.0	128544.0
364	129480.0	127749.0
365	130528.0	128082.0
366	131205.0	127531.0
367	129761.0	126256.0
368	129832.0	127279.0
369	131115.0	126751.0
370	129208.0	124401.0
371	128876.0	126308.0
372	129999.0	125907.0
373	127964.0	124280.0
374	127902.0	125616.0
375	129171.0	125179.0
376	127559.0	123773.0
377	127624.0	125221.0
378	129374.0	124532.0
379	127394.0	123263.0
380	127717.0	123854.0
381	128614.0	123598.0
382	127041.0	122423.0
383	127445.0	122951.0
384	127661.0	122837.0
385	126735.0	121923.0
386	126930.0	122698.0
387	127417.0	122457.0
388	125992.0	121707.0
389	126813.0	123026.0
390	127008.0	121710.0
391	125786.0	120701.0
392	125097.0	121972.0
393	126205.0	121634.0
394	124828.0	120752.0
395	124411.0	122245.0
396	125329.0	122023.0
397	124605.0	121480.0
398	124111.0	121945.0
399	125155.0	121784.0
400	123569.0	120327.0
401	123892.0	121664.0
402	124769.0	121872.0
403	123175.0	120929.0
404	122956.0	121862.0
405	123742.0	121695.0
406	122404.0	120360.0
407	122346.0	121746.0
408	123329.0	121763.0
409	122067.0	120654.0
410	122076.0	121685.0
411	123284.0	121509.0
412	121637.0	120583.0
413	121857.0	122553.0
414	122566.0	122179.0
415	121095.0	121573.0
416	121437.0	122547.0
417	121706.0	122113.0
418	121071.0	121520.0
419	122219.0	122544.0
420	122504.0	123081.0
421	120490.0	121059.0
422	121219.0	123367.0
423	121455.0	122889.0
424	120494.0	122352.0
425	120496.0	123066.0
426	121961.0	123150.0
427	120244.0	123074.0
428	120581.0	125252.0
429	121249.0	124170.0
430	120158.0	123495.0
431	120878.0	125609.0
432	121917.0	125208.0
433	120308.0	124161.0
434	120708.0	125193.0
435	121836.0	125390.0
436	121035.0	124622.0
437	120699.0	125919.0
438	121810.0	126280.0
439	121481.0	125247.0
440	120694.0	126396.0
441	121964.0	125832.0
442	120891.0	125090.0
443	120994.0	126818.0
444	121821.0	126878.0
445	120986.0	126333.0
446	121034.0	128081.0
447	122462.0	127701.0
448	121799.0	126457.0
449	120946.0	128000.0
450	122311.0	128537.0
451	121325.0	127417.0
452	121530.0	128464.0
453	123032.0	129185.0
454	121716.0	128422.0
455	121846.0	129518.0
456	123101.0	128867.0
457	121895.0	128256.0
458	122477.0	129840.0
459	122907.0	129126.0
460	121801.0	128828.0
461	122053.0	130309.0
462	123769.0	130069.0
463	122627.0	129065.0
464	123305.0	131309.0
465	124098.0	130916.0
466	123039.0	129676.0
467	123813.0	130874.0
468	124684.0	130778.0
469	123119.0	130026.0
470	123745.0	130958.0
471	125035.0	131814.0
472	124466.0	130749.0
473	124573.0	131480.0
474	125567.0	131228.0
475	124265.0	130584.0
476	124825.0	132027.0
477	125712.0	131021.0
478	124465.0	130025.0
479	124603.0	131601.0
480	125592.0	131440.0
481	125179.0	130430.0
482	124776.0	131879.0
483	126798.0	131705.0
484	125469.0	130868.0
485	126309.0	131610.0
486	126890.0	131535.0
487	125501.0	130350.0
488	126228.0	131698.0
489	127112.0	131601.0
490	126333.0	130300.0
491	126509.0	132142.0
492	128213.0	131389.0
493	126440.0	130689.0
494	127235.0	132104.0
495	127142.0	131197.0
496	126530.0	130648.0
497	127065.0	131472.0
498	127894.0	131265.0
499	126880.0	130159.0
500	126934.0	131310.0
501	127956.0	130721.0
502	127097.0	129426.0
503	127136.0	130770.0
504	127714.0	130638.0
505	127662.0	129179.0
506	127132.0	130098.0
507	128087.0	130201.0
508	126873.0	129527.0
509	127499.0	130090.0
510	128619.0	129802.0
511	127367.0	129021.0
512	127177.0	130353.0
513	128005.0	129635.0
514	127702.0	128081.0
515	127843.0	129409.0
516	128329.0	129194.0
517	127589.0	127905.0
518	127270.0	128885.0
519	128346.0	128221.0
520	128238.0	127269.0
521	128199.0	128194.0
522	128755.0	127725.0
523	126833.0	127433.0
524	127258.0	127739.0
525	127711.0	127896.0
526	126808.0	126798.0
527	127384.0	127474.0
528	128167.0	127358.0
529	127702.0	127048.0
530	127198.0	127085.0
531	127912.0	126505.0
532	126782.0	125508.0
533	127421.0	126536.0
534	127771.0	126145.0
535	127168.0	126065.0
536	127155.0	126190.0
537	127820.0	125612.0
538	126946.0	124755.0
539	126846.0	125789.0
540	127803.0	126021.0
541	127216.0	125204.0
542	126900.0	125251.0
543	127223.0	125325.0
544	126635.0	124548.0
545	126551.0	124935.0
546	127521.0	124798.0
547	126416.0	123801.0
548	126051.0	125072.0
549	126681.0	124377.0
550	125671.0	123661.0
551	126283.0	124312.0
552	127039.0	123884.0
553	125147.0	123382.0
554	125446.0	124127.0
555	126635.0	123656.0
556	125024.0	123241.0
557	124859.0	123468.0
558	126176.0	123265.0
559	125603.0	122431.0
560	125466.0	123138.0
561	126105.0	123885.0
562	124947.0	122293.0
563	124602.0	122575.0
564	126035.0	122718.0
565	124389.0	122250.0
566	125047.0	123027.0
567	125571.0	122831.0
568	124506.0	121889.0
569	123751.0	122886.0
570	125408.0	123660.0
571	124263.0	122104.0
572	124465.0	123161.0
573	124466.0	122672.0
574	124066.0	121277.0
575	124342.0	122681.0
576	124689.0	123004.0
577	123366.0	121940.0
578	123894.0	122883.0
579	124607.0	122632.0
580	123565.0	122704.0
581	123415.0	122772.0
582	124244.0	122669.0
583	123479.0	121799.0
584	123329.0	123175.0
585	124136.0	123093.0
586	122897.0	122393.0
587	123270.0	123175.0
588	123739.0	123002.0
589	123225.0	122269.0
590	123377.0	122824.0
591	123498.0	123508.0
592	123328.0	122336.0
593	122905.0	122890.0
594	123193.0	123354.0
595	122642.0	122505.0
596	122528.0	123640.0
597	123348.0	123216.0
598	122633.0	123045.0
599	122389.0	123993.0
600	123489.0	124283.0
601	122448.0	123228.0
602	122173.0	123732.0
603	123518.0	123444.0
604	122054.0	123403.0
605	122507.0	124155.0
606	122743.0	124628.0
607	122244.0	123684.0
608	122677.0	124938.0
609	122826.0	124707.0
610	122746.0	124404.0
611	122594.0	125067.0
612	123694.0	125041.0
613	122239.0	124226.0
614	122281.0	125437.0
615	123573.0	125916.0
616	122729.0	125171.0
617	123161.0	125655.0
618	124204.0	125846.0
619	123649.0	124725.0
620	123683.0	125450.0
621	124243.0	125687.0
622	123395.0	125385.0
623	123598.0	125672.0
624	124072.0	125593.0
625	123358.0	125550.0
626	123056.0	126841.0
627	123560.0	126398.0
628	123291.0	125726.0
629	123334.0	126307.0
630	123636.0	126718.0
631	123918.0	125635.0
632	123541.0	127029.0
633	123993.0	127068.0
634	123302.0	126074.0
635	124145.0	127105.0
636	124693.0	127133.0
637	123869.0	125986.0
638	124490.0	126809.0
639	124493.0	127490.0
640	123873.0	126577.0
641	124208.0	127116.0
642	125012.0	127122.0
643	124087.0	127072.0
644	124317.0	127107.0
645	125123.0	127504.0
646	124255.0	126374.0
647	124492.0	126885.0
648	125225.0	126909.0
649	124293.0	126294.0
650	124001.0	127614.0
651	125696.0	127633.0
652	125036.0	126347.0
653	124908.0	127352.0
654	125167.0	127883.0
655	124485.0	127174.0
656	124875.0	127646.0
657	125986.0	127337.0
658	124807.0	127354.0
659	125211.0	128136.0
660	125992.0	127060.0
661	125098.0	126532.0
662	125548.0	127023.0
663	125971.0	127314.0
664	125014.0	126465.0
665	125876.0	127194.0
666	126016.0	127139.0
667	124702.0	126669.0
668	125063.0	127195.0
669	126269.0	127340.0
670	125764.0	126825.0
671	126215.0	127062.0
672	126786.0	126566.0
673	125761.0	126200.0
674	125589.0	127144.0
675	126235.0	127050.0
676	125551.0	126137.0
677	125875.0	126899.0
678	126789.0	126847.0
679	125426.0	125941.0
680	125519.0	127143.0
681	125939.0	126865.0
682	126237.0	126118.0
683	125707.0	126652.0
684	126670.0	126016.0
685	125922.0	126220.0
686	125728.0	126583.0
687	126371.0	126561.0
688	125500.0	125410.0
689	125528.0	126000.0
690	126147.0	125799.0
691	125311.0	125032.0
692	126277.0	126742.0
693	126420.0	125543.0
694	125961.0	125452.0
695	126039.0	126106.0
696	125815.0	125633.0
697	125705.0	125232.0
698	125473.0	126520.0
699	126415.0	125489.0
700	125815.0	125012.0
701	125632.0	125310.0
702	126298.0	125276.0
703	125217.0	123990.0
704	124930.0	125079.0
705	125726.0	124863.0
706	125296.0	124279.0
707	124923.0	125131.0
708	125871.0	125214.0
709	125426.0	124690.0
710	125596.0	125085.0
711	125987.0	124976.0
712	125272.0	123828.0
713	125733.0	124409.0
714	126319.0	124017.0
715	124891.0	123173.0
716	125243.0	124341.0
717	125745.0	124466.0
718	125235.0	124301.0
719	124887.0	123888.0
720	125519.0	123864.0
721	124502.0	123603.0
722	124884.0	123909.0
723	125998.0	123933.0
724	124995.0	123814.0
725	124553.0	123635.0
726	125359.0	123861.0
727	125019.0	122958.0
728	124880.0	123315.0
729	125428.0	123574.0
730	124657.0	123011.0
731	124097.0	123941.0
732	125695.0	123137.0
733	123315.0	122817.0
734	124967.0	123818.0
735	125268.0	123386.0
736	124532.0	123115.0
737	124562.0	123973.0
738	125042.0	123790.0
739	124745.0	123001.0
740	124858.0	122889.0
741	125335.0	122964.0
742	124402.0	122800.0
743	124340.0	123473.0
744	124391.0	124065.0
745	123820.0	122726.0
746	123992.0	123606.0
747	124530.0	123731.0
748	124852.0	122743.0
749	123567.0	123878.0
750	124447.0	123958.0
751	124159.0	122422.0
752	123940.0	124200.0
753	123954.0	122897.0
754	123535.0	123187.0
755	123310.0	123729.0
756	123841.0	123480.0
757	123397.0	123007.0
758	123862.0	123761.0
759	124407.0	123796.0
760	123470.0	122888.0
761	124058.0	124011.0
762	124435.0	123899.0
763	123624.0	123863.0
764	123740.0	123979.0
765	124134.0	124293.0
766	124151.0	123915.0
767	123388.0	124089.0
768	124061.0	124610.0
769	123983.0	123166.0
770	123658.0	123473.0
771	124318.0	123952.0
772	123294.0	123200.0
773	123505.0	124166.0
774	124200.0	124132.0
775	123536.0	123340.0
776	124072.0	124415.0
777	124434.0	124258.0
778	123578.0	124357.0
779	123774.0	124962.0
780	124001.0	124881.0
781	123469.0	123804.0
782	123944.0	124885.0
783	124931.0	124880.0
784	123752.0	124079.0
785	123504.0	124785.0
786	124535.0	124809.0
787	123710.0	124461.0
788	123762.0	124977.0
789	124923.0	124650.0
790	124192.0	123944.0
791	123495.0	124988.0
792	123913.0	125134.0
793	124153.0	124680.0
794	123599.0	125172.0
795	124860.0	125456.0
796	124455.0	124223.0
797	123993.0	125174.0
798	124254.0	125558.0
799	124421.0	125159.0
800	124345.0	125208.0
801	124791.0	125544.0
802	123912.0	124636.0
803	124392.0	124778.0
804	124672.0	125117.0
805	124491.0	124214.0
806	123818.0	125288.0
807	124915.0	125056.0
808	124360.0	125476.0
809	124300.0	125470.0
810	124847.0	125534.0
811	124595.0	125016.0
812	124461.0	125435.0
813	125141.0	125591.0
814	124125.0	124875.0
815	124099.0	125797.0
816	125238.0	126047.0
817	124372.0	124904.0
818	124284.0	125303.0
819	124986.0	125490.0
820	124178.0	124414.0
821	124795.0	125273.0
822	125092.0	125581.0
823	124078.0	125268.0
824	124871.0	126337.0
825	124879.0	125713.0
826	125253.0	124869.0
827	124873.0	125263.0
828	125117.0	125585.0
829	124371.0	124714.0
830	124400.0	125517.0
831	125200.0	125357.0
832	125175.0	125258.0
833	124533.0	125405.0
834	125067.0	125985.0
835	124987.0	125019.0
836	124762.0	126037.0
837	124925.0	125374.0
838	124356.0	124883.0
839	124738.0	125738.0
840	125507.0	125373.0
841	125404.0	125024.0
842	124543.0	125481.0
843	125443.0	125453.0
844	125526.0	124931.0
845	125289.0	125633.0
846	125487.0	125902.0
847	124938.0	124967.0
848	124920.0	125256.0
849	125856.0	125029.0
850	125013.0	124978.0
851	124775.0	125462.0
852	125275.0	125391.0
853	125015.0	124552.0
854	125282.0	124444.0
855	125464.0	125345.0
856	124879.0	124799.0
857	124586.0	124874.0
858	124889.0	125229.0
859	125307.0	124088.0
860	124995.0	124519.0
861	125330.0	125067.0
862	125214.0	124341.0
863	124905.0	125026.0
864	125598.0	124809.0
865	124682.0	124253.0
866	125145.0	125165.0
867	125183.0	124764.0
868	124908.0	123871.0
869	124854.0	125395.0
870	125180.0	124561.0
871	124472.0	124222.0
872	124436.0	124901.0
873	125044.0	124652.0
874	123950.0	124141.0
875	124472.0	124268.0
876	124964.0	125254.0
877	124877.0	123781.0
878	124748.0	124690.0
879	124815.0	124813.0
880	124301.0	124346.0
881	124277.0	125093.0
882	124209.0	124760.0
883	123719.0	124234.0
884	124757.0	124782.0
885	124776.0	124758.0
886	124641.0	123636.0
887	124455.0	124460.0
888	124996.0	124277.0
889	124072.0	124299.0
890	123968.0	124424.0
891	124891.0	124403.0
892	124542.0	123332.0
893	123660.0	124034.0
894	124780.0	124254.0
895	124355.0	123984.0
896	124177.0	124149.0
897	124218.0	123992.0
898	123400.0	123453.0
899	123515.0	124294.0
900	124318.0	124025.0
901	124090.0	123454.0
902	125111.0	123724.0
903	124965.0	124009.0
904	124008.0	123960.0
905	124455.0	124308.0
906	124067.0	124521.0
907	123245.0	123806.0
908	124156.0	124556.0
909	124775.0	124423.0
910	123677.0	123632.0
911	124266.0	124550.0
912	124069.0	124415.0
913	123831.0	124018.0
914	123731.0	124613.0
915	124024.0	124747.0
916	123250.0	124117.0
917	124360.0	124724.0
918	124285.0	124755.0
919	123909.0	123860.0
920	123909.0	123766.0
921	124007.0	124169.0
922	123788.0	123879.0
923	123736.0	124765.0
924	124159.0	124296.0
925	123190.0	124128.0
926	124038.0	124641.0
927	124474.0	124723.0
928	124242.0	124017.0
929	123751.0	124478.0
930	124172.0	124302.0
931	123622.0	123418.0
932	123963.0	124517.0
933	124012.0	124333.0
934	124713.0	124471.0
935	124167.0	124667.0
936	124601.0	124301.0
937	123623.0	124086.0
938	124187.0	124601.0
939	124370.0	124490.0
940	124361.0	123955.0
941	124192.0	124278.0
942	123840.0	124581.0
943	124268.0	124506.0
944	123979.0	125204.0
945	124013.0	124648.0
946	124177.0	124472.0
947	124114.0	124786.0
948	124266.0	124448.0
949	124891.0	124390.0
950	124328.0	123802.0
951	124864.0	124807.0
952	124155.0	124681.0
953	124175.0	124482.0
954	124319.0	124548.0
955	124119.0	124449.0
956	124732.0	125016.0
957	124654.0	125127.0
958	124523.0	124542.0
959	123989.0	124519.0
960	124903.0	125137.0
961	124441.0	124548.0
962	124161.0	125371.0
963	124271.0	124992.0
964	123861.0	124738.0
965	124620.0	125117.0
966	124555.0	125173.0
967	124474.0	123805.0
968	124835.0	125140.0
969	125140.0	125214.0
970	125032.0	124615.0
971	124519.0	124917.0
972	125004.0	125103.0
973	124338.0	124628.0
974	123864.0	124805.0
975	125110.0	125099.0
976	124513.0	124516.0
977	124820.0	125399.0
978	123701.0	124685.0
979	124021.0	124464.0
980	125034.0	124510.0
981	124355.0	125055.0
982	124607.0	124279.0
983	124663.0	125146.0
984	124645.0	125019.0
985	124781.0	124492.0
986	124950.0	124699.0
987	124693.0	125120.0
988	124474.0	124711.0
989	124510.0	125378.0
990	124781.0	124707.0
991	123757.0	125008.0
992	125063.0	125410.0
993	125115.0	124873.0
994	124948.0	124175.0
995	124689.0	124637.0
996	125181.0	124569.0
997	124482.0	124603.0
998	124942.0	124773.0
999	125064.0	124388.0
1000	123652.0	123979.0
1001	124559.0	124320.0
1002	125240.0	124769.0
1003	124860.0	124160.0
1004	124703.0	124606.0
1005	124681.0	124343.0
1006	123877.0	124324.0
1007	124257.0	124307.0
1008	124540.0	124600.0
1009	124587.0	124542.0
1010	124656.0	124347.0
1011	124959.0	124287.0
1012	125183.0	123529.0
1013	124133.0	124062.0
1014	124658.0	123752.0
1015	124070.0	123885.0
1016	124251.0	124068.0
1017	125382.0	124236.0
1018	124337.0	124319.0
1019	123974.0	124048.0
1020	124081.0	124162.0
1021	124073.0	123790.0
1022	124429.0	124126.0
1023	124405.0	123618.0
1024	124154.0	123758.0
1025	124617.0	123994.0
1026	124378.0	124092.0
1027	124779.0	123879.0
1028	123727.0	123638.0
1029	124773.0	124411.0
1030	123335.0	123408.0
1031	124373.0	124392.0
1032	124276.0	124286.0
1033	124295.0	123811.0
1034	123970.0	124076.0
1035	124652.0	124029.0
1036	123924.0	123491.0
1037	124237.0	124844.0
1038	124211.0	124121.0
1039	124042.0	123159.0
1040	123424.0	123646.0
1041	124574.0	123398.0
1042	123687.0	123240.0
1043	123603.0	124473.0
1044	124471.0	123960.0
1045	123472.0	123530.0
1046	123977.0	123732.0
1047	124357.0	124163.0
1048	123712.0	123739.0
1049	123767.0	124109.0
1050	124056.0	124160.0
1051	123388.0	123339.0
1052	123427.0	124443.0
1053	123947.0	123690.0
1054	123684.0	122971.0
1055	123359.0	123893.0
1056	123546.0	123228.0
1057	123313.0	123514.0
1058	123540.0	124594.0
1059	123974.0	124273.0
1060	123479.0	123918.0
1061	122910.0	123732.0
1062	123774.0	124261.0
1063	123189.0	123760.0
1064	123705.0	124095.0
1065	123923.0	124065.0
1066	123481.0	123581.0
1067	122998.0	124194.0
1068	123573.0	124569.0
1069	123571.0	123724.0
1070	123850.0	124235.0
1071	123817.0	124200.0
1072	123389.0	123639.0
1073	123608.0	123773.0
1074	123335.0	123741.0
1075	122925.0	124232.0
1076	123781.0	124590.0
1077	123756.0	124865.0
1078	123931.0	123422.0
1079	123953.0	123885.0
1080	123947.0	124193.0
1081	123291.0	123404.0
1082	123657.0	123930.0
1083	123489.0	123725.0
1084	123253.0	124160.0
1085	122958.0	124502.0
1086	123571.0	124166.0
1087	123672.0	123998.0
1088	123735.0	124394.0
1089	123475.0	123962.0
1090	123517.0	123739.0
1091	123713.0	124171.0
1092	123757.0	124529.0
1093	123590.0	123826.0
1094	124147.0	124938.0
1095	123274.0	124563.0
1096	123016.0	123728.0
1097	123120.0	124175.0
1098	123200.0	124811.0
1099	124002.0	124126.0
1100	123989.0	124580.0
1101	123687.0	124636.0
1102	123471.0	124341.0
1103	123642.0	124537.0
1104	123912.0	124820.0
1105	123529.0	123970.0
1106	123512.0	124861.0
1107	124144.0	124829.0
1108	123827.0	124297.0
1109	123108.0	124395.0
1110	123989.0	124886.0
1111	123717.0	124486.0
1112	123836.0	124674.0
1113	124386.0	124671.0
1114	124339.0	124113.0
1115	123797.0	124803.0
1116	124520.0	124223.0
1117	123787.0	124658.0
1118	123628.0	124519.0
1119	123758.0	124593.0
1120	123704.0	124573.0
1121	124017.0	124835.0
1122	124013.0	124967.0
1123	124073.0	124963.0
1124	123995.0	125113.0
1125	124093.0	124935.0
1126	124392.0	124310.0
1127	123942.0	124741.0
1128	124313.0	125169.0
1129	124060.0	124550.0
1130	123641.0	125049.0
1131	124777.0	124949.0
1132	124311.0	124452.0
1133	124322.0	124838.0
1134	124263.0	124108.0
1135	124268.0	124371.0
1136	123821.0	124842.0
1137	124090.0	124559.0
1138	124047.0	124684.0
1139	124268.0	124628.0
1140	124275.0	124796.0
1141	124393.0	123946.0
1142	124433.0	124206.0
1143	124289.0	124424.0
1144	123973.0	124281.0
1145	124404.0	124753.0
1146	124389.0	124355.0
1147	124118.0	124295.0
1148	123855.0	125157.0
1149	124682.0	125288.0
1150	123733.0	124869.0
1151	124202.0	125151.0
1152	124927.0	124394.0
1153	123965.0	124370.0
1154	124463.0	124779.0
1155	124226.0	124225.0
1156	124278.0	124236.0
1157	124341.0	124703.0
1158	124596.0	124167.0
1159	124080.0	124402.0
1160	124482.0	123861.0
1161	125045.0	124139.0
1162	124478.0	124672.0
1163	124316.0	124534.0
1164	123863.0	124406.0
1165	124044.0	124301.0
1166	123745.0	124494.0
1167	124120.0	124874.0
1168	124180.0	124394.0
1169	124487.0	124555.0
1170	124895.0	124322.0
1171	124507.0	123961.0
1172	124416.0	124662.0
1173	124374.0	124283.0
1174	123871.0	123419.0
1175	124286.0	123932.0
1176	124442.0	124066.0
1177	124300.0	123554.0
1178	124105.0	123988.0
1179	123458.0	123891.0
1180	123539.0	123595.0
1181	124471.0	123788.0
1182	124824.0	124439.0
1183	124209.0	123316.0
1184	124448.0	123645.0
1185	124599.0	123533.0
1186	124141.0	123351.0
1187	124302.0	123790.0
1188	124594.0	124022.0
1189	124284.0	123509.0
1190	123676.0	124070.0
1191	124343.0	124056.0
1192	124345.0	123577.0
1193	124299.0	123807.0
1194	123736.0	124345.0
1195	123418.0	123724.0
1196	124053.0	123943.0
1197	124098.0	123600.0
1198	123719.0	123851.0
1199	123944.0	123704.0
1200	123756.0	123984.0
1201	123885.0	123678.0
1202	123761.0	123475.0
1203	124085.0	123176.0
1204	123668.0	123048.0
1205	123586.0	123625.0
1206	124465.0	123618.0
1207	123383.0	123401.0
1208	123358.0	123594.0
1209	123304.0	123532.0
1210	123300.0	123668.0
1211	122890.0	123759.0
1212	123509.0	123522.0
1213	123162.0	123158.0
1214	123095.0	123619.0
1215	123902.0	123731.0
1216	123274.0	123167.0
1217	123898.0	123166.0
1218	123969.0	123253.0
1219	123403.0	123331.0
1220	123225.0	123311.0
1221	123765.0	124046.0
1222	123459.0	122969.0
1223	123452.0	123902.0
1224	124019.0	124239.0
1225	123436.0	123123.0
1226	123023.0	124046.0
1227	122723.0	123907.0
1228	123267.0	122955.0
1229	123543.0	123322.0
1230	123279.0	123156.0
1231	123014.0	123372.0
1232	123807.0	123741.0
1233	123310.0	124039.0
1234	123294.0	123154.0
1235	123103.0	123251.0
1236	123573.0	123719.0
1237	123469.0	123675.0
1238	123112.0	123776.0
1239	123752.0	123557.0
1240	123366.0	122936.0
1241	123251.0	123993.0
1242	123259.0	122888.0
1243	123212.0	123586.0
1244	122872.0	123621.0
1245	123544.0	123999.0
1246	122893.0	123108.0
1247	124204.0	123672.0
1248	123645.0	124174.0
1249	123003.0	123682.0
1250	123235.0	123701.0
1251	123383.0	123693.0
1252	122942.0	124128.0
1253	123296.0	123983.0
1254	123500.0	123396.0
1255	123323.0	123939.0
1256	123093.0	124009.0
1257	123402.0	124253.0
1258	123035.0	123607.0
1259	123044.0	123616.0
1260	123616.0	123929.0
1261	123527.0	124135.0
1262	123343.0	123802.0
1263	123915.0	124162.0
1264	122690.0	124003.0
1265	122735.0	124038.0
1266	123889.0	123521.0
1267	122879.0	123692.0
1268	123173.0	123912.0
1269	122913.0	123833.0
1270	122944.0	123933.0
1271	122967.0	124430.0
1272	123731.0	124681.0
1273	123364.0	123847.0
1274	123929.0	124033.0
1275	123482.0	124320.0
1276	123084.0	123915.0
1277	123348.0	124546.0
1278	123369.0	124867.0
1279	123611.0	124144.0
1280	123095.0	124143.0
1281	123533.0	124356.0
1282	124042.0	123532.0
1283	123355.0	124205.0
1284	123640.0	124684.0
1285	123723.0	124203.0
1286	124228.0	124900.0
1287	124307.0	123994.0
1288	123139.0	124196.0
1289	123408.0	123895.0
1290	123566.0	124220.0
1291	122560.0	123835.0
1292	123338.0	124742.0
1293	123793.0	125038.0
1294	123568.0	124610.0
1295	123597.0	123917.0
1296	123944.0	124437.0
1297	123337.0	123636.0
1298	123502.0	124317.0
1299	123820.0	124797.0
1300	123504.0	123942.0
1301	123585.0	125235.0
1302	123907.0	124480.0
1303	123534.0	124240.0
1304	123251.0	123914.0
1305	123655.0	123987.0
1306	123113.0	124473.0
1307	123647.0	124658.0
1308	124134.0	124655.0
1309	123118.0	124147.0
1310	123811.0	124767.0
1311	124196.0	124019.0
1312	123445.0	124161.0
1313	124281.0	124672.0
1314	123744.0	124672.0
1315	123956.0	123812.0
1316	123794.0	124090.0
1317	123961.0	124508.0
1318	123799.0	123794.0
1319	124142.0	124108.0
1320	123555.0	124489.0
1321	123648.0	124202.0
1322	124306.0	124065.0
1323	124163.0	124110.0
1324	123806.0	124282.0
1325	123392.0	123848.0
1326	124354.0	123990.0
1327	123944.0	123371.0
1328	123241.0	124239.0
1329	123918.0	124434.0
1330	123495.0	123984.0
1331	123504.0	123612.0
1332	123734.0	124562.0
1333	123386.0	124039.0
1334	123623.0	124408.0
1335	123696.0	124055.0
1336	124020.0	123285.0
1337	123589.0	124110.0
1338	124702.0	124204.0
1339	123423.0	123794.0
1340	123167.0	123793.0
1341	123830.0	123816.0
1342	123206.0	123651.0
1343	123221.0	123699.0
1344	124339.0	124203.0
1345	123782.0	124019.0
1346	124183.0	123950.0
1347	123781.0	123562.0
1348	123873.0	124105.0
1349	124489.0	124071.0
1350	123793.0	123596.0
1351	124076.0	123163.0
1352	123646.0	123871.0
1353	123627.0	124001.0
1354	123596.0	123553.0
1355	123317.0	124254.0
1356	123693.0	123511.0
1357	123710.0	123617.0
1358	123588.0	123570.0
1359	123685.0	123277.0
1360	123809.0	123435.0
1361	123889.0	123834.0
1362	123822.0	123865.0
1363	123993.0	123730.0
1364	123086.0	123251.0
1365	123260.0	123282.0
1366	123022.0	123163.0
1367	123212.0	123862.0
1368	124282.0	123643.0
1369	123318.0	123314.0
1370	122785.0	124057.0
1371	123148.0	123708.0
1372	123411.0	123507.0
1373	123277.0	123134.0
1374	123745.0	122913.0
1375	122710.0	123251.0
1376	123098.0	123643.0
1377	122380.0	123506.0
1378	122721.0	122988.0
1379	122961.0	123150.0
1380	123175.0	123506.0
1381	122887.0	123353.0
1382	124088.0	123928.0
1383	123566.0	123564.0
1384	123598.0	123439.0
1385	123324.0	123379.0
1386	123170.0	123298.0
1387	122972.0	123151.0
1388	123268.0	123202.0
1389	123534.0	123809.0
1390	122916.0	123213.0
1391	123512.0	123111.0
1392	123295.0	123014.0
1393	123075.0	122694.0
1394	123161.0	123517.0
1395	122692.0	123077.0
1396	122761.0	123048.0
1397	122848.0	123445.0
1398	123596.0	123878.0
1399	123032.0	123421.0
1400	122730.0	123212.0
1401	122808.0	122942.0
1402	122955.0	123182.0
1403	122318.0	123771.0
1404	122610.0	123484.0
1405	122414.0	123284.0
1406	122663.0	123686.0
1407	123518.0	123360.0
1408	123139.0	122932.0
1409	123046.0	123816.0
1410	122891.0	123666.0
1411	122749.0	123568.0
1412	122499.0	123706.0
1413	122707.0	123636.0
1414	122640.0	123189.0
1415	122874.0	123762.0
1416	122862.0	123061.0
1417	123165.0	123146.0
1418	122264.0	123731.0
1419	122491.0	123774.0
1420	122783.0	123732.0
1421	122299.0	124078.0
1422	123023.0	123328.0
1423	122401.0	123140.0
1424	122303.0	123382.0
1425	122744.0	123339.0
1426	122523.0	123400.0
1427	122620.0	123368.0
1428	123175.0	123863.0
1429	122804.0	123439.0
1430	122714.0	123350.0
1431	123340.0	123978.0
1432	122966.0	123741.0
1433	122592.0	123643.0
1434	122510.0	123479.0
1435	122922.0	124018.0
1436	122263.0	123177.0
1437	123032.0	124031.0
1438	122390.0	124090.0
1439	123272.0	123484.0
1440	122595.0	123513.0
1441	123077.0	123374.0
1442	122948.0	123821.0
1443	122625.0	123346.0
1444	122933.0	123660.0
1445	122689.0	124059.0
1446	123454.0	123511.0
1447	122591.0	123465.0
1448	123133.0	123666.0
1449	123072.0	124173.0
1450	123324.0	123407.0
1451	123084.0	123430.0
1452	122862.0	123540.0
1453	122939.0	123499.0
1454	122811.0	123256.0
1455	122974.0	124211.0
1456	122994.0	124043.0
1457	123001.0	124469.0
1458	123200.0	123932.0
1459	123187.0	124186.0
1460	123025.0	124327.0
1461	122808.0	123844.0
1462	122976.0	124035.0
1463	123067.0	124026.0
1464	123048.0	123793.0
1465	123566.0	124284.0
1466	122602.0	124464.0
1467	123035.0	123869.0
1468	122775.0	123581.0
1469	123638.0	123447.0
1470	123422.0	124120.0
1471	123346.0	124015.0
1472	122925.0	123920.0
1473	123803.0	123529.0
1474	122992.0	124102.0
1475	123137.0	123649.0
1476	123710.0	123455.0
1477	123854.0	123647.0
1478	123839.0	124278.0
1479	122980.0	123165.0
1480	123019.0	123225.0
1481	123504.0	123870.0
1482	123353.0	123300.0
1483	123682.0	123630.0
1484	123372.0	124294.0
1485	123185.0	124565.0
1486	123372.0	123430.0
1487	123063.0	123938.0
1488	123975.0	123618.0
1489	123547.0	123715.0
1490	123946.0	123934.0
1491	123099.0	124080.0
1492	123410.0	123544.0
1493	123806.0	123712.0
1494	122777.0	124071.0
1495	123411.0	123735.0
1496	122953.0	123766.0
1497	123496.0	123889.0
1498	123423.0	123798.0
1499	124093.0	123788.0
1500	123591.0	123755.0
1501	122689.0	123487.0
1502	123289.0	123375.0
1503	123185.0	123214.0
1504	122786.0	123546.0
1505	122644.0	123700.0
1506	123099.0	123740.0
1507	122920.0	123574.0
1508	123088.0	123788.0
1509	122737.0	123697.0
1510	123076.0	123529.0
1511	123048.0	124209.0
1512	123359.0	123330.0
1513	122734.0	123174.0
1514	123002.0	123726.0
1515	124010.0	123457.0
1516	123034.0	122767.0
1517	123439.0	123814.0
1518	123195.0	123868.0
1519	123691.0	123317.0
1520	123477.0	123182.0
1521	123169.0	122760.0
1522	123100.0	123474.0
1523	122960.0	123979.0
1524	122640.0	123688.0
1525	122903.0	122780.0
1526	122967.0	123266.0
1527	122587.0	122995.0
1528	122748.0	122986.0
1529	123053.0	123129.0
1530	122952.0	123695.0
1531	123283.0	122755.0
1532	123046.0	123386.0
1533	123604.0	123880.0
1534	123606.0	123945.0
1535	123543.0	123776.0
1536	123711.0	123670.0
1537	123363.0	123152.0
1538	122638.0	123416.0
1539	122790.0	123276.0
1540	122885.0	122705.0
1541	123309.0	123542.0
1542	123203.0	122933.0
1543	122212.0	122920.0
1544	123238.0	123345.0
1545	122936.0	123603.0
1546	122695.0	124105.0
1547	123150.0	122964.0
1548	123340.0	123467.0
1549	122451.0	122960.0
1550	123211.0	123099.0
1551	123299.0	123636.0
1552	123241.0	122625.0
1553	122514.0	123033.0
1554	123054.0	123057.0
1555	123076.0	122532.0
1556	122638.0	123023.0
1557	122487.0	123070.0
1558	122727.0	123390.0
1559	122362.0	123503.0
1560	122511.0	122985.0
1561	122718.0	122877.0
1562	122315.0	122895.0
1563	122766.0	123560.0
1564	122687.0	123253.0
1565	122747.0	123162.0
1566	122581.0	122941.0
1567	123100.0	122976.0
1568	122300.0	122463.0
1569	122308.0	123548.0
1570	122483.0	122852.0
1571	122123.0	122849.0
1572	122602.0	123418.0
1573	122811.0	122717.0
1574	122638.0	123040.0
1575	123375.0	122726.0
1576	122403.0	122729.0
1577	122192.0	123279.0
1578	122133.0	123583.0
1579	122889.0	123263.0
1580	122653.0	122871.0
1581	122620.0	123266.0
1582	122867.0	123381.0
1583	122772.0	123649.0
1584	121997.0	122804.0
1585	123049.0	122881.0
1586	122556.0	123192.0
1587	122267.0	123319.0
1588	123037.0	123018.0
1589	122508.0	123199.0
1590	122194.0	123306.0
1591	122145.0	122967.0
1592	122818.0	123060.0
1593	122304.0	122978.0
1594	122261.0	122929.0
1595	122693.0	122806.0
1596	122628.0	123281.0
1597	122320.0	123196.0
1598	122501.0	122404.0
1599	122802.0	122872.0
1600	122598.0	122542.0
1601	122494.0	123026.0
1602	122942.0	122796.0
1603	122312.0	122831.0
1604	122497.0	123424.0
1605	122761.0	123283.0
1606	122435.0	122907.0
1607	122058.0	123532.0
1608	122593.0	123136.0
1609	122707.0	123019.0
1610	122182.0	123425.0
1611	122802.0	123226.0
1612	122306.0	123304.0
1613	123097.0	123654.0
1614	122641.0	123719.0
1615	122526.0	123137.0
1616	123068.0	124009.0
1617	122439.0	123615.0
1618	122349.0	122588.0
1619	122538.0	123721.0
1620	122264.0	123758.0
1621	122218.0	123389.0
1622	122432.0	123598.0
1623	122560.0	123397.0
1624	122472.0	122869.0
1625	122750.0	124296.0
1626	122864.0	123658.0
1627	122749.0	123443.0
1628	122533.0	123444.0
1629	122532.0	122847.0
1630	122979.0	123392.0
1631	122483.0	123083.0
1632	122114.0	123392.0
1633	122185.0	123282.0
1634	122681.0	123109.0
1635	123092.0	123724.0
1636	122536.0	123845.0
1637	122554.0	123793.0
1638	123177.0	124061.0
1639	122368.0	122949.0
1640	122211.0	123495.0
1641	122617.0	123336.0
1642	122722.0	123050.0
1643	122488.0	123369.0
1644	122337.0	123413.0
1645	122132.0	123229.0
1646	122752.0	123587.0
1647	122439.0	123760.0
1648	122353.0	123317.0
1649	123066.0	123272.0
1650	123206.0	123114.0
1651	122557.0	122432.0
1652	122320.0	123297.0
1653	122496.0	123836.0
1654	122427.0	123418.0
1655	122378.0	123235.0
1656	123214.0	123525.0
1657	122843.0	122770.0
1658	122495.0	122910.0
1659	123239.0	122788.0
1660	122396.0	123078.0
1661	122687.0	123844.0
1662	122994.0	123230.0
1663	123336.0	123079.0
1664	122829.0	122951.0
1665	122819.0	124044.0
1666	122761.0	123210.0
1667	122451.0	122963.0
1668	123148.0	123436.0
1669	122704.0	123324.0
1670	122729.0	123526.0
1671	122783.0	123807.0
1672	122541.0	123819.0
1673	122496.0	123711.0
1674	122888.0	123043.0
1675	122764.0	123950.0
1676	123074.0	123326.0
1677	122729.0	122624.0
1678	122187.0	122799.0
1679	122756.0	122851.0
1680	122819.0	122967.0
1681	122675.0	123170.0
1682	121932.0	123201.0
1683	122590.0	122857.0
1684	122400.0	123481.0
1685	122733.0	122904.0
1686	122574.0	122620.0
1687	123073.0	123224.0
1688	122959.0	123791.0
1689	123077.0	122863.0
1690	122409.0	122532.0
1691	122904.0	123787.0
1692	122651.0	122926.0
1693	123190.0	123102.0
1694	122994.0	123060.0
1695	122631.0	123622.0
1696	122950.0	122758.0
1697	122198.0	122698.0
1698	122745.0	123098.0
1699	122156.0	122647.0
1700	122582.0	122773.0
1701	122649.0	122804.0
1702	122587.0	123161.0
1703	122706.0	123053.0
1704	122535.0	122534.0
1705	122048.0	122700.0
1706	122965.0	122554.0
1707	122646.0	122692.0
1708	122118.0	122256.0
1709	122768.0	123409.0
1710	122511.0	122695.0
1711	122225.0	123036.0
1712	122298.0	122812.0
1713	122669.0	122857.0
1714	122374.0	122883.0
1715	122453.0	123264.0
1716	122793.0	122945.0
1717	122971.0	122299.0
1718	122575.0	122861.0
1719	122768.0	122861.0
1720	122370.0	122653.0
1721	122900.0	122753.0
1722	122981.0	122666.0
1723	122461.0	122715.0
1724	122679.0	123138.0
1725	122426.0	122920.0
1726	122181.0	122639.0
1727	122681.0	123010.0
1728	122773.0	123687.0
1729	122380.0	123163.0
1730	122959.0	122492.0
1731	122599.0	122762.0
1732	122263.0	121653.0
1733	122421.0	122835.0
1734	121993.0	122971.0
1735	122197.0	122328.0
1736	122197.0	122629.0
1737	122920.0	123036.0
1738	122344.0	122986.0
1739	122490.0	122631.0
1740	122556.0	122139.0
1741	121925.0	122270.0
1742	122294.0	122792.0
1743	122191.0	123162.0
1744	121958.0	122882.0
1745	122769.0	123018.0
1746	122346.0	122289.0
1747	122368.0	122856.0
1748	121966.0	123110.0
1749	122320.0	122898.0
1750	122102.0	122504.0
1751	122159.0	122857.0
1752	122069.0	122557.0
1753	121919.0	122589.0
1754	121457.0	122367.0
1755	121818.0	123387.0
1756	122203.0	123035.0
1757	122495.0	122608.0
1758	122461.0	122726.0
1759	122367.0	122398.0
1760	121784.0	122430.0
1761	122283.0	122835.0
1762	122397.0	122561.0
1763	122012.0	122848.0
1764	122873.0	122743.0
1765	122162.0	122294.0
1766	122060.0	122567.0
1767	121876.0	122237.0
1768	121615.0	123003.0
1769	122467.0	122571.0
1770	122198.0	122382.0
1771	121432.0	122667.0
1772	122278.0	122604.0
1773	122101.0	123030.0
1774	122373.0	122271.0
1775	122144.0	123043.0
1776	122189.0	122686.0
1777	121499.0	122343.0
1778	121684.0	122880.0
1779	121986.0	123098.0
1780	121869.0	122723.0
1781	122293.0	122940.0
1782	122245.0	122923.0
1783	121785.0	122512.0
1784	122094.0	122965.0
1785	122129.0	122646.0
1786	121997.0	122585.0
1787	121905.0	122839.0
1788	122220.0	122040.0
1789	121473.0	122182.0
1790	122425.0	122330.0
1791	122407.0	122674.0
1792	122180.0	122005.0
1793	122931.0	122342.0
1794	121577.0	122331.0
1795	121847.0	122730.0
1796	122161.0	122100.0
1797	121682.0	122575.0
1798	121842.0	122782.0
1799	122428.0	122946.0
1800	122027.0	122473.0
1801	122129.0	122048.0
1802	122062.0	123100.0
1803	122351.0	122356.0
1804	122190.0	122565.0
1805	121877.0	123519.0
1806	122164.0	123229.0
1807	122367.0	122351.0
1808	122038.0	122602.0
1809	122100.0	122622.0
1810	122381.0	122183.0
1811	122127.0	122852.0
1812	122371.0	123284.0
1813	122063.0	123704.0
1814	121812.0	122754.0
1815	121694.0	123036.0
1816	122555.0	122222.0
1817	121794.0	122902.0
1818	121963.0	122852.0
1819	122310.0	122917.0
1820	122479.0	123176.0
1821	122060.0	122706.0
1822	121880.0	122331.0
1823	122103.0	122883.0
1824	122490.0	122724.0
1825	122674.0	122822.0
1826	121922.0	123376.0
1827	122223.0	122859.0
1828	121952.0	122734.0
1829	122508.0	123103.0
1830	122418.0	122133.0
1831	122137.0	123320.0
1832	122114.0	122690.0
1833	122616.0	122872.0
1834	121794.0	122617.0
1835	122378.0	122827.0
1836	122226.0	122827.0
1837	122162.0	122324.0
1838	122307.0	122405.0
1839	122219.0	122416.0
1840	122038.0	122895.0
1841	122294.0	123078.0
1842	121964.0	122859.0
1843	122596.0	122447.0
1844	122642.0	123283.0
1845	122512.0	122815.0
1846	122022.0	122790.0
1847	122603.0	123155.0
1848	122591.0	123290.0
1849	122783.0	122855.0
1850	122632.0	122177.0
1851	121412.0	123129.0
1852	121484.0	123402.0
1853	122041.0	123051.0
1854	122158.0	122428.0
1855	121537.0	122724.0
1856	122461.0	122803.0
1857	121901.0	122298.0
1858	122237.0	122671.0
1859	121622.0	122622.0
1860	122011.0	123153.0
1861	122105.0	122670.0
1862	122059.0	122901.0
1863	122522.0	122856.0
1864	122114.0	122174.0
1865	122233.0	122646.0
1866	122371.0	122422.0
1867	121401.0	122774.0
1868	121781.0	122579.0
1869	122248.0	122951.0
1870	122046.0	122608.0
1871	122347.0	122463.0
1872	122302.0	123047.0
1873	121736.0	123058.0
1874	122511.0	122885.0
1875	122309.0	122305.0
1876	122150.0	123179.0
1877	121841.0	122211.0
1878	122312.0	122591.0
1879	122275.0	122850.0
1880	121957.0	122782.0
1881	122614.0	122504.0
1882	122190.0	122005.0
1883	122695.0	122827.0
1884	122213.0	122878.0
1885	121951.0	122127.0
1886	121701.0	122164.0
1887	122091.0	121880.0
1888	122082.0	122411.0
1889	121783.0	121956.0
1890	122131.0	122265.0
1891	121988.0	122374.0
1892	121987.0	122589.0
1893	122198.0	122440.0
1894	121722.0	122049.0
1895	122113.0	121882.0
1896	121609.0	122063.0
1897	121803.0	122260.0
1898	121624.0	122208.0
1899	122149.0	122006.0
1900	122161.0	122256.0
1901	122186.0	122278.0
1902	121939.0	121939.0
1903	121355.0	121452.0
1904	121930.0	122288.0
1905	121699.0	122024.0
1906	121427.0	122179.0
1907	121868.0	122686.0
1908	122087.0	121984.0
1909	121595.0	121673.0
1910	121358.0	122302.0
1911	122110.0	122450.0
1912	121516.0	121726.0
1913	121634.0	122642.0
1914	122368.0	121843.0
1915	121812.0	121949.0
1916	120989.0	122274.0
1917	121663.0	121908.0
1918	121202.0	122397.0
1919	122067.0	122496.0
1920	121807.0	122464.0
1921	122406.0	122274.0
1922	121877.0	122602.0
1923	122093.0	122411.0
1924	122181.0	122826.0
1925	121286.0	122631.0
1926	121632.0	122480.0
1927	122099.0	122020.0
1928	121572.0	122940.0
1929	121839.0	122272.0
1930	121914.0	122223.0
1931	122286.0	121886.0
1932	121771.0	121600.0
1933	121903.0	121243.0
1934	121954.0	121922.0
1935	121717.0	122622.0
1936	121313.0	122487.0
1937	121728.0	122057.0
1938	121921.0	122490.0
1939	121618.0	121223.0
1940	121464.0	122087.0
1941	121901.0	121961.0
1942	121606.0	122554.0
1943	121103.0	122396.0
1944	121301.0	122705.0
1945	121293.0	121747.0
1946	121434.0	122698.0
1947	121830.0	121965.0
1948	121427.0	122416.0
1949	121754.0	122709.0
1950	121641.0	122058.0
1951	122108.0	122311.0
1952	121520.0	122400.0
1953	121829.0	122662.0
1954	121516.0	122108.0
1955	121286.0	122736.0
1956	121829.0	122678.0
1957	121427.0	122720.0
1958	121020.0	122635.0
1959	121689.0	122476.0
1960	121935.0	122210.0
1961	121819.0	122036.0
1962	122135.0	122666.0
1963	122162.0	122326.0
1964	121945.0	121833.0
1965	121859.0	122324.0
1966	121981.0	122632.0
1967	122114.0	122193.0
1968	121864.0	121812.0
1969	121595.0	121970.0
1970	121439.0	122539.0
1971	121708.0	122562.0
1972	121246.0	122669.0
1973	121703.0	122745.0
1974	121169.0	122697.0
1975	121518.0	122516.0
1976	122098.0	123058.0
1977	122025.0	121759.0
1978	121792.0	122195.0
1979	121272.0	122462.0
1980	122139.0	122870.0
1981	121741.0	122541.0
1982	121288.0	122071.0
1983	121502.0	122400.0
1984	122391.0	122007.0
1985	121904.0	121840.0
1986	121532.0	121956.0
1987	121667.0	122585.0
1988	121702.0	122221.0
1989	122214.0	122777.0
1990	121705.0	122577.0
1991	121355.0	122348.0
1992	121963.0	121880.0
1993	121683.0	122201.0
1994	121496.0	122966.0
1995	121978.0	122275.0
1996	121888.0	121406.0
1997	121902.0	122098.0
1998	121487.0	122450.0
1999	122059.0	122268.0
