Distance in bp(Fragment Length Estimate: 499)(Peak Width Estimate: 499)	Same Strand (+ for Watson strand, - for Crick)	Opposite Strand
-2000	121976.0	120833.0
-1999	121735.0	121304.0
-1998	121601.0	121347.0
-1997	121665.0	121629.0
-1996	121593.0	121761.0
-1995	122399.0	121924.0
-1994	122448.0	121479.0
-1993	122215.0	120904.0
-1992	121328.0	121133.0
-1991	122110.0	121477.0
-1990	122056.0	121676.0
-1989	121630.0	121392.0
-1988	121915.0	121342.0
-1987	121767.0	121339.0
-1986	121339.0	121286.0
-1985	122060.0	121351.0
-1984	122058.0	121261.0
-1983	121818.0	121377.0
-1982	121523.0	121622.0
-1981	121537.0	121814.0
-1980	121934.0	121602.0
-1979	121935.0	121433.0
-1978	122265.0	121519.0
-1977	122232.0	121772.0
-1976	122057.0	121979.0
-1975	121932.0	121417.0
-1974	122105.0	121487.0
-1973	121447.0	121499.0
-1972	122236.0	121901.0
-1971	122007.0	121303.0
-1970	121714.0	121429.0
-1969	122072.0	121723.0
-1968	121677.0	121809.0
-1967	122578.0	121891.0
-1966	121963.0	121418.0
-1965	122173.0	121905.0
-1964	122339.0	121882.0
-1963	122247.0	121562.0
-1962	122346.0	121643.0
-1961	122427.0	121225.0
-1960	121957.0	121047.0
-1959	121947.0	122051.0
-1958	121992.0	121661.0
-1957	121655.0	122172.0
-1956	122482.0	121049.0
-1955	122057.0	121995.0
-1954	122281.0	121041.0
-1953	121621.0	121417.0
-1952	121961.0	121524.0
-1951	122448.0	121187.0
-1950	121810.0	121219.0
-1949	122298.0	121197.0
-1948	122243.0	121111.0
-1947	121849.0	121562.0
-1946	121959.0	121482.0
-1945	121871.0	121646.0
-1944	122207.0	121461.0
-1943	121275.0	121846.0
-1942	122267.0	121557.0
-1941	122230.0	121417.0
-1940	121801.0	121544.0
-1939	121534.0	121668.0
-1938	122008.0	121812.0
-1937	121816.0	121281.0
-1936	122072.0	120982.0
-1935	121767.0	121373.0
-1934	121290.0	121554.0
-1933	121916.0	121364.0
-1932	121310.0	121456.0
-1931	121956.0	121206.0
-1930	122104.0	121976.0
-1929	121945.0	121528.0
-1928	121917.0	121416.0
-1927	121659.0	121381.0
-1926	121517.0	121599.0
-1925	122066.0	122407.0
-1924	122420.0	121996.0
-1923	121879.0	122555.0
-1922	121931.0	121662.0
-1921	122233.0	121540.0
-1920	122366.0	121763.0
-1919	122052.0	121823.0
-1918	122268.0	121365.0
-1917	121972.0	121611.0
-1916	122044.0	120992.0
-1915	121684.0	121337.0
-1914	121555.0	121627.0
-1913	121565.0	121482.0
-1912	121291.0	121411.0
-1911	121709.0	121644.0
-1910	122197.0	121574.0
-1909	121930.0	122007.0
-1908	122131.0	122048.0
-1907	121889.0	121625.0
-1906	121525.0	122157.0
-1905	121333.0	121895.0
-1904	121745.0	121313.0
-1903	121874.0	121761.0
-1902	122204.0	121122.0
-1901	122139.0	121674.0
-1900	122024.0	121469.0
-1899	122237.0	121861.0
-1898	122436.0	121820.0
-1897	122138.0	121783.0
-1896	122621.0	121615.0
-1895	122432.0	121299.0
-1894	122324.0	122075.0
-1893	122171.0	121266.0
-1892	122128.0	122105.0
-1891	121940.0	121709.0
-1890	121636.0	121959.0
-1889	121976.0	122077.0
-1888	122119.0	121728.0
-1887	121750.0	122039.0
-1886	122097.0	121856.0
-1885	121998.0	121622.0
-1884	122035.0	121999.0
-1883	122191.0	121571.0
-1882	122641.0	122080.0
-1881	122154.0	121779.0
-1880	122215.0	121940.0
-1879	121996.0	121541.0
-1878	122357.0	121539.0
-1877	122301.0	122050.0
-1876	122133.0	121779.0
-1875	122727.0	122148.0
-1874	122332.0	121581.0
-1873	121987.0	121829.0
-1872	122158.0	122677.0
-1871	122179.0	121816.0
-1870	122099.0	121532.0
-1869	122026.0	122644.0
-1868	122398.0	121926.0
-1867	122385.0	121890.0
-1866	121939.0	121793.0
-1865	122953.0	121683.0
-1864	122218.0	121950.0
-1863	122696.0	121640.0
-1862	122262.0	121364.0
-1861	121634.0	121723.0
-1860	122706.0	121787.0
-1859	122520.0	122073.0
-1858	122414.0	121690.0
-1857	122354.0	121891.0
-1856	122323.0	121630.0
-1855	122048.0	122178.0
-1854	122341.0	121521.0
-1853	122534.0	121475.0
-1852	122271.0	121734.0
-1851	122251.0	121439.0
-1850	122464.0	121437.0
-1849	122162.0	121980.0
-1848	121831.0	121707.0
-1847	122436.0	121802.0
-1846	121702.0	121698.0
-1845	121929.0	122044.0
-1844	122076.0	121788.0
-1843	122146.0	121913.0
-1842	122350.0	121471.0
-1841	122151.0	122118.0
-1840	121682.0	121910.0
-1839	122454.0	122004.0
-1838	122335.0	122044.0
-1837	122324.0	121784.0
-1836	122448.0	122487.0
-1835	121988.0	122187.0
-1834	122795.0	121797.0
-1833	122339.0	122562.0
-1832	122323.0	121757.0
-1831	122327.0	121586.0
-1830	121981.0	122362.0
-1829	122104.0	122245.0
-1828	121919.0	121800.0
-1827	122156.0	122258.0
-1826	122052.0	121852.0
-1825	122230.0	121902.0
-1824	122297.0	122283.0
-1823	122249.0	121810.0
-1822	121921.0	121729.0
-1821	122350.0	121627.0
-1820	122213.0	122003.0
-1819	122749.0	121997.0
-1818	121444.0	122084.0
-1817	122063.0	121539.0
-1816	122307.0	121932.0
-1815	122389.0	121267.0
-1814	122286.0	121947.0
-1813	122334.0	121740.0
-1812	122160.0	121382.0
-1811	122340.0	121483.0
-1810	121495.0	121736.0
-1809	122367.0	122137.0
-1808	122111.0	121154.0
-1807	122076.0	121981.0
-1806	122351.0	122008.0
-1805	122196.0	121605.0
-1804	122358.0	121924.0
-1803	122408.0	122119.0
-1802	122150.0	122225.0
-1801	122000.0	121633.0
-1800	122314.0	122120.0
-1799	121866.0	121624.0
-1798	121998.0	121998.0
-1797	122482.0	122471.0
-1796	122505.0	122440.0
-1795	122263.0	122087.0
-1794	121805.0	121999.0
-1793	122008.0	121738.0
-1792	121808.0	122254.0
-1791	122369.0	122293.0
-1790	122142.0	121944.0
-1789	121951.0	121549.0
-1788	122245.0	122314.0
-1787	121682.0	121686.0
-1786	121844.0	121955.0
-1785	122636.0	121624.0
-1784	122607.0	122214.0
-1783	122269.0	121744.0
-1782	122174.0	122051.0
-1781	121722.0	121679.0
-1780	121629.0	121900.0
-1779	121892.0	121968.0
-1778	121544.0	121807.0
-1777	121995.0	121877.0
-1776	122040.0	121395.0
-1775	122088.0	121740.0
-1774	122347.0	122038.0
-1773	122704.0	121972.0
-1772	122598.0	121570.0
-1771	122256.0	122281.0
-1770	122297.0	121957.0
-1769	121771.0	122072.0
-1768	122239.0	121363.0
-1767	122160.0	121436.0
-1766	122287.0	121810.0
-1765	122530.0	121633.0
-1764	122222.0	122306.0
-1763	122241.0	121590.0
-1762	121869.0	121812.0
-1761	122097.0	122001.0
-1760	122060.0	122788.0
-1759	122715.0	122608.0
-1758	122846.0	122285.0
-1757	122161.0	121774.0
-1756	122316.0	121307.0
-1755	121965.0	122437.0
-1754	122493.0	122548.0
-1753	122411.0	121861.0
-1752	122449.0	121895.0
-1751	122140.0	122485.0
-1750	121890.0	121954.0
-1749	121539.0	122069.0
-1748	122263.0	122454.0
-1747	121747.0	122285.0
-1746	122418.0	122165.0
-1745	122303.0	122052.0
-1744	122571.0	122282.0
-1743	121554.0	122071.0
-1742	122489.0	121844.0
-1741	122200.0	121982.0
-1740	122192.0	121940.0
-1739	122602.0	122083.0
-1738	122208.0	122182.0
-1737	122202.0	122671.0
-1736	122966.0	122188.0
-1735	122368.0	122269.0
-1734	122662.0	121526.0
-1733	121877.0	122055.0
-1732	122359.0	122550.0
-1731	121465.0	121892.0
-1730	122787.0	121817.0
-1729	121952.0	122456.0
-1728	122824.0	122343.0
-1727	122541.0	121607.0
-1726	122061.0	122479.0
-1725	122794.0	121762.0
-1724	122435.0	121951.0
-1723	122317.0	122535.0
-1722	122494.0	122730.0
-1721	123011.0	122013.0
-1720	122891.0	122045.0
-1719	122282.0	122390.0
-1718	122333.0	122050.0
-1717	121814.0	122606.0
-1716	122623.0	122323.0
-1715	122446.0	121935.0
-1714	122744.0	122006.0
-1713	122532.0	121994.0
-1712	122444.0	121868.0
-1711	122056.0	122253.0
-1710	122593.0	122515.0
-1709	122769.0	122181.0
-1708	122468.0	122814.0
-1707	122597.0	122940.0
-1706	122641.0	122730.0
-1705	122363.0	122519.0
-1704	122727.0	122283.0
-1703	122214.0	122167.0
-1702	122147.0	122145.0
-1701	122366.0	122567.0
-1700	122698.0	122071.0
-1699	122399.0	121834.0
-1698	123134.0	122219.0
-1697	122553.0	122928.0
-1696	123022.0	122772.0
-1695	122998.0	122789.0
-1694	122662.0	122147.0
-1693	122616.0	121926.0
-1692	122670.0	122275.0
-1691	123018.0	122079.0
-1690	122245.0	122267.0
-1689	122602.0	122704.0
-1688	122756.0	121967.0
-1687	122437.0	122302.0
-1686	122746.0	122169.0
-1685	122634.0	121568.0
-1684	122409.0	121721.0
-1683	122378.0	122450.0
-1682	122236.0	121922.0
-1681	122407.0	121923.0
-1680	122704.0	122364.0
-1679	122838.0	122844.0
-1678	122052.0	122822.0
-1677	122627.0	122172.0
-1676	122864.0	122684.0
-1675	122448.0	122252.0
-1674	122596.0	122824.0
-1673	122096.0	122213.0
-1672	122381.0	122531.0
-1671	122918.0	122458.0
-1670	123383.0	121630.0
-1669	122891.0	122335.0
-1668	123072.0	122068.0
-1667	122960.0	122015.0
-1666	122725.0	122020.0
-1665	122426.0	122342.0
-1664	122176.0	122145.0
-1663	122630.0	122473.0
-1662	122506.0	122302.0
-1661	122141.0	122161.0
-1660	122633.0	122261.0
-1659	123510.0	122273.0
-1658	123141.0	122152.0
-1657	122459.0	122530.0
-1656	122613.0	121786.0
-1655	122500.0	121294.0
-1654	122730.0	122624.0
-1653	122522.0	122570.0
-1652	122810.0	122614.0
-1651	123097.0	122103.0
-1650	122568.0	122055.0
-1649	122545.0	122141.0
-1648	121931.0	122194.0
-1647	122823.0	121497.0
-1646	122045.0	121721.0
-1645	122590.0	121678.0
-1644	123369.0	122228.0
-1643	123381.0	122259.0
-1642	122832.0	121912.0
-1641	122809.0	122495.0
-1640	122971.0	121845.0
-1639	122673.0	121959.0
-1638	122746.0	121950.0
-1637	122785.0	122348.0
-1636	122828.0	122083.0
-1635	123033.0	122370.0
-1634	122504.0	122674.0
-1633	122897.0	122779.0
-1632	122084.0	121986.0
-1631	122907.0	121617.0
-1630	122283.0	122224.0
-1629	122449.0	121724.0
-1628	122613.0	121686.0
-1627	122601.0	122084.0
-1626	122390.0	122182.0
-1625	122669.0	122404.0
-1624	122972.0	122126.0
-1623	122536.0	122601.0
-1622	122396.0	122102.0
-1621	122348.0	122111.0
-1620	122470.0	122603.0
-1619	122281.0	122601.0
-1618	122573.0	122527.0
-1617	122689.0	122756.0
-1616	122557.0	122462.0
-1615	122218.0	122464.0
-1614	122343.0	122647.0
-1613	123072.0	122715.0
-1612	122512.0	122397.0
-1611	122680.0	122686.0
-1610	123178.0	121998.0
-1609	122847.0	122490.0
-1608	122470.0	122390.0
-1607	121969.0	122183.0
-1606	122397.0	122904.0
-1605	122707.0	122663.0
-1604	122492.0	122032.0
-1603	122856.0	122336.0
-1602	122989.0	122435.0
-1601	122458.0	122203.0
-1600	122568.0	122354.0
-1599	122681.0	122772.0
-1598	122211.0	122351.0
-1597	122705.0	122243.0
-1596	122775.0	121805.0
-1595	122168.0	121946.0
-1594	122077.0	122366.0
-1593	122438.0	122808.0
-1592	122382.0	122038.0
-1591	122074.0	122388.0
-1590	122580.0	122540.0
-1589	122473.0	122195.0
-1588	122349.0	122331.0
-1587	122613.0	122014.0
-1586	122327.0	122417.0
-1585	122277.0	122684.0
-1584	122587.0	122949.0
-1583	122366.0	122639.0
-1582	122267.0	122521.0
-1581	122350.0	123250.0
-1580	122811.0	122012.0
-1579	122545.0	121921.0
-1578	122402.0	122915.0
-1577	122171.0	122390.0
-1576	122257.0	122202.0
-1575	122777.0	122481.0
-1574	122510.0	122832.0
-1573	122695.0	122787.0
-1572	122150.0	122713.0
-1571	122277.0	122295.0
-1570	122324.0	122828.0
-1569	122432.0	122461.0
-1568	122443.0	121746.0
-1567	121605.0	122043.0
-1566	122499.0	121994.0
-1565	122010.0	122771.0
-1564	122633.0	121906.0
-1563	122746.0	122684.0
-1562	122245.0	122617.0
-1561	121982.0	123025.0
-1560	122122.0	123238.0
-1559	122509.0	123230.0
-1558	122591.0	122272.0
-1557	122479.0	122936.0
-1556	122576.0	122849.0
-1555	122607.0	122551.0
-1554	122802.0	122564.0
-1553	122657.0	122614.0
-1552	122552.0	122991.0
-1551	122610.0	122719.0
-1550	122174.0	122510.0
-1549	122526.0	122066.0
-1548	123278.0	122309.0
-1547	122933.0	122479.0
-1546	123072.0	122409.0
-1545	123144.0	122615.0
-1544	122810.0	123012.0
-1543	122748.0	122506.0
-1542	122890.0	122419.0
-1541	122923.0	122337.0
-1540	122951.0	122712.0
-1539	123027.0	122634.0
-1538	122776.0	122470.0
-1537	122477.0	122831.0
-1536	122809.0	123203.0
-1535	122703.0	122295.0
-1534	122917.0	122205.0
-1533	122956.0	122562.0
-1532	122973.0	122311.0
-1531	122202.0	122246.0
-1530	123653.0	122340.0
-1529	122631.0	122527.0
-1528	123110.0	122136.0
-1527	122837.0	122988.0
-1526	122148.0	122455.0
-1525	122541.0	122917.0
-1524	122698.0	122366.0
-1523	123224.0	122984.0
-1522	122758.0	122535.0
-1521	123144.0	122783.0
-1520	122776.0	122462.0
-1519	123216.0	122490.0
-1518	123323.0	122775.0
-1517	122760.0	121879.0
-1516	122906.0	122351.0
-1515	123243.0	122732.0
-1514	122735.0	122331.0
-1513	123260.0	122237.0
-1512	123224.0	121784.0
-1511	123278.0	122550.0
-1510	122915.0	122845.0
-1509	123108.0	122721.0
-1508	122961.0	122037.0
-1507	122835.0	122375.0
-1506	123183.0	122689.0
-1505	122665.0	122145.0
-1504	122944.0	123060.0
-1503	123349.0	122826.0
-1502	123494.0	123038.0
-1501	122656.0	122654.0
-1500	123000.0	123199.0
-1499	123186.0	122845.0
-1498	122693.0	122054.0
-1497	122766.0	122616.0
-1496	123228.0	122451.0
-1495	123185.0	122475.0
-1494	123586.0	122635.0
-1493	123115.0	122089.0
-1492	123468.0	122849.0
-1491	123591.0	122406.0
-1490	122933.0	122574.0
-1489	122452.0	122149.0
-1488	122803.0	122601.0
-1487	122705.0	121798.0
-1486	123257.0	122535.0
-1485	123421.0	122493.0
-1484	124047.0	122324.0
-1483	122995.0	122606.0
-1482	123271.0	122255.0
-1481	122942.0	121970.0
-1480	123185.0	121853.0
-1479	122802.0	122205.0
-1478	122688.0	122423.0
-1477	122883.0	122172.0
-1476	123095.0	122763.0
-1475	123096.0	122635.0
-1474	122926.0	122900.0
-1473	122412.0	122199.0
-1472	123564.0	122376.0
-1471	123674.0	122580.0
-1470	123770.0	122688.0
-1469	123170.0	122570.0
-1468	122820.0	122240.0
-1467	122962.0	123277.0
-1466	122774.0	121969.0
-1465	122922.0	122864.0
-1464	122666.0	122946.0
-1463	123035.0	122184.0
-1462	123586.0	122786.0
-1461	123423.0	122856.0
-1460	122959.0	122688.0
-1459	122782.0	122387.0
-1458	123279.0	123344.0
-1457	122776.0	122031.0
-1456	123045.0	122511.0
-1455	123718.0	122363.0
-1454	124089.0	122009.0
-1453	123101.0	122335.0
-1452	123186.0	122571.0
-1451	122300.0	122252.0
-1450	123180.0	122656.0
-1449	123180.0	122932.0
-1448	123096.0	121931.0
-1447	123233.0	122597.0
-1446	122973.0	122215.0
-1445	122480.0	122661.0
-1444	122646.0	122286.0
-1443	122591.0	122275.0
-1442	123119.0	122872.0
-1441	122574.0	122876.0
-1440	123475.0	122182.0
-1439	122758.0	122690.0
-1438	123354.0	122304.0
-1437	123202.0	122443.0
-1436	122699.0	122606.0
-1435	122534.0	122513.0
-1434	122443.0	122393.0
-1433	122727.0	122785.0
-1432	122842.0	122526.0
-1431	123091.0	123668.0
-1430	122945.0	122535.0
-1429	122520.0	122988.0
-1428	122399.0	123187.0
-1427	122655.0	122668.0
-1426	122484.0	122769.0
-1425	123363.0	123017.0
-1424	123263.0	122364.0
-1423	122666.0	122709.0
-1422	123069.0	122841.0
-1421	122497.0	122714.0
-1420	123223.0	122442.0
-1419	122988.0	122575.0
-1418	123239.0	122633.0
-1417	122539.0	123120.0
-1416	122622.0	123694.0
-1415	122268.0	123064.0
-1414	122925.0	123185.0
-1413	122874.0	123247.0
-1412	122369.0	122645.0
-1411	122867.0	122678.0
-1410	123123.0	122653.0
-1409	122688.0	122272.0
-1408	122489.0	123162.0
-1407	122766.0	122433.0
-1406	122760.0	122774.0
-1405	122446.0	122880.0
-1404	123225.0	123016.0
-1403	123211.0	123040.0
-1402	123423.0	123430.0
-1401	123143.0	122609.0
-1400	123033.0	122734.0
-1399	122523.0	122226.0
-1398	123140.0	122793.0
-1397	122487.0	122580.0
-1396	122590.0	123171.0
-1395	123618.0	123219.0
-1394	123200.0	122945.0
-1393	123155.0	122692.0
-1392	122734.0	122659.0
-1391	122838.0	123000.0
-1390	122714.0	123425.0
-1389	123297.0	122580.0
-1388	123304.0	122944.0
-1387	123095.0	122262.0
-1386	123380.0	123189.0
-1385	123093.0	122797.0
-1384	123770.0	122793.0
-1383	123369.0	122923.0
-1382	122971.0	122461.0
-1381	122744.0	122852.0
-1380	123904.0	123461.0
-1379	122780.0	122580.0
-1378	122895.0	122681.0
-1377	123660.0	122563.0
-1376	123205.0	122306.0
-1375	123079.0	122672.0
-1374	123269.0	123334.0
-1373	123536.0	122089.0
-1372	123403.0	122779.0
-1371	123460.0	122951.0
-1370	123095.0	122681.0
-1369	123092.0	122634.0
-1368	123297.0	122915.0
-1367	122985.0	122688.0
-1366	123174.0	122931.0
-1365	123389.0	123462.0
-1364	122857.0	122498.0
-1363	123447.0	123206.0
-1362	123671.0	123130.0
-1361	123366.0	123371.0
-1360	123458.0	123091.0
-1359	123312.0	123066.0
-1358	123580.0	122169.0
-1357	123202.0	123091.0
-1356	123600.0	122618.0
-1355	123556.0	122633.0
-1354	123284.0	123241.0
-1353	123123.0	123037.0
-1352	123343.0	123555.0
-1351	122918.0	123171.0
-1350	122881.0	123452.0
-1349	123242.0	122993.0
-1348	123386.0	123468.0
-1347	123290.0	123107.0
-1346	123209.0	123138.0
-1345	123722.0	123331.0
-1344	123829.0	123054.0
-1343	123329.0	123046.0
-1342	122980.0	123670.0
-1341	123198.0	123228.0
-1340	122944.0	123101.0
-1339	123914.0	122841.0
-1338	123574.0	122975.0
-1337	123948.0	123310.0
-1336	122948.0	123174.0
-1335	123784.0	123166.0
-1334	123147.0	123058.0
-1333	122674.0	123108.0
-1332	123307.0	123142.0
-1331	123382.0	123044.0
-1330	123911.0	123371.0
-1329	124165.0	123312.0
-1328	124027.0	122747.0
-1327	123289.0	122871.0
-1326	123311.0	123255.0
-1325	122837.0	122912.0
-1324	123301.0	122986.0
-1323	123203.0	122518.0
-1322	123325.0	123060.0
-1321	123790.0	123146.0
-1320	123365.0	122972.0
-1319	123791.0	122425.0
-1318	123970.0	122959.0
-1317	124009.0	123025.0
-1316	123311.0	123370.0
-1315	123529.0	122704.0
-1314	123713.0	122806.0
-1313	123260.0	122539.0
-1312	122982.0	122713.0
-1311	123745.0	123403.0
-1310	123295.0	123052.0
-1309	123077.0	122697.0
-1308	123574.0	123142.0
-1307	124322.0	122612.0
-1306	123605.0	122434.0
-1305	124044.0	123067.0
-1304	124030.0	123304.0
-1303	123343.0	123383.0
-1302	123506.0	123373.0
-1301	123442.0	122830.0
-1300	123604.0	122881.0
-1299	123588.0	122742.0
-1298	122699.0	122598.0
-1297	122990.0	123000.0
-1296	123364.0	123525.0
-1295	123037.0	122930.0
-1294	123298.0	123255.0
-1293	123409.0	123232.0
-1292	123688.0	122847.0
-1291	123374.0	123160.0
-1290	123452.0	123102.0
-1289	123721.0	123020.0
-1288	122833.0	123344.0
-1287	123200.0	122998.0
-1286	123036.0	122749.0
-1285	123365.0	122954.0
-1284	123440.0	124021.0
-1283	123218.0	123100.0
-1282	123505.0	123119.0
-1281	123351.0	122928.0
-1280	123189.0	122962.0
-1279	122757.0	122788.0
-1278	123422.0	123099.0
-1277	123083.0	122910.0
-1276	123250.0	122874.0
-1275	123670.0	122866.0
-1274	123781.0	122709.0
-1273	122758.0	123178.0
-1272	123042.0	123347.0
-1271	122769.0	122812.0
-1270	122742.0	122597.0
-1269	123572.0	122777.0
-1268	122504.0	122808.0
-1267	123302.0	123099.0
-1266	123033.0	123099.0
-1265	122989.0	122749.0
-1264	122428.0	123129.0
-1263	123153.0	123018.0
-1262	122913.0	122936.0
-1261	123052.0	123189.0
-1260	123411.0	123224.0
-1259	123535.0	123069.0
-1258	123190.0	123641.0
-1257	123660.0	123688.0
-1256	122969.0	122827.0
-1255	122923.0	123070.0
-1254	123656.0	123860.0
-1253	123148.0	123067.0
-1252	123540.0	122869.0
-1251	124110.0	123120.0
-1250	123776.0	122632.0
-1249	122931.0	123175.0
-1248	123319.0	123359.0
-1247	123211.0	122614.0
-1246	122777.0	122932.0
-1245	123501.0	123521.0
-1244	123655.0	122859.0
-1243	123753.0	123348.0
-1242	123506.0	123107.0
-1241	123500.0	122879.0
-1240	123518.0	122961.0
-1239	123123.0	122886.0
-1238	123297.0	122841.0
-1237	123275.0	122494.0
-1236	123800.0	123166.0
-1235	122734.0	122763.0
-1234	123210.0	123448.0
-1233	123172.0	123545.0
-1232	123183.0	122963.0
-1231	123486.0	123337.0
-1230	123406.0	123998.0
-1229	123167.0	123361.0
-1228	123501.0	123578.0
-1227	124192.0	123440.0
-1226	123358.0	123416.0
-1225	123545.0	123086.0
-1224	124269.0	122685.0
-1223	123654.0	123280.0
-1222	122994.0	123264.0
-1221	124080.0	123456.0
-1220	123359.0	123306.0
-1219	122732.0	123244.0
-1218	123638.0	122984.0
-1217	123289.0	123319.0
-1216	123465.0	123780.0
-1215	124060.0	123441.0
-1214	123311.0	123230.0
-1213	123876.0	123381.0
-1212	123895.0	123309.0
-1211	123471.0	122870.0
-1210	123269.0	123702.0
-1209	123416.0	123823.0
-1208	123351.0	123435.0
-1207	123823.0	123151.0
-1206	123570.0	122729.0
-1205	123197.0	123544.0
-1204	123933.0	123437.0
-1203	123992.0	123205.0
-1202	123671.0	123090.0
-1201	123845.0	123531.0
-1200	123370.0	123105.0
-1199	123842.0	123157.0
-1198	123610.0	123074.0
-1197	123988.0	123301.0
-1196	123580.0	123076.0
-1195	123930.0	123557.0
-1194	124304.0	123615.0
-1193	123623.0	123035.0
-1192	123947.0	123279.0
-1191	123381.0	124094.0
-1190	123700.0	123545.0
-1189	123671.0	123684.0
-1188	124135.0	123702.0
-1187	123930.0	123519.0
-1186	123345.0	123788.0
-1185	123605.0	123452.0
-1184	123672.0	122870.0
-1183	123194.0	123201.0
-1182	123848.0	123640.0
-1181	123786.0	123982.0
-1180	123701.0	123607.0
-1179	123705.0	122938.0
-1178	123980.0	123285.0
-1177	123208.0	123667.0
-1176	124342.0	123623.0
-1175	124273.0	122954.0
-1174	123761.0	122960.0
-1173	123688.0	123479.0
-1172	123849.0	122883.0
-1171	124027.0	123564.0
-1170	124069.0	123450.0
-1169	123855.0	122929.0
-1168	124052.0	122767.0
-1167	123797.0	123101.0
-1166	123861.0	122772.0
-1165	124113.0	123121.0
-1164	124151.0	123372.0
-1163	123801.0	122928.0
-1162	123654.0	123797.0
-1161	123927.0	123222.0
-1160	123750.0	123742.0
-1159	123701.0	123536.0
-1158	123918.0	122977.0
-1157	124109.0	122842.0
-1156	123608.0	123225.0
-1155	123708.0	123749.0
-1154	124152.0	123244.0
-1153	124193.0	123854.0
-1152	124165.0	122887.0
-1151	123887.0	122933.0
-1150	124223.0	123285.0
-1149	124679.0	122940.0
-1148	124258.0	123478.0
-1147	123329.0	122865.0
-1146	124435.0	123914.0
-1145	124367.0	123181.0
-1144	124296.0	123518.0
-1143	123481.0	123087.0
-1142	123980.0	123276.0
-1141	123807.0	122831.0
-1140	124394.0	124267.0
-1139	123248.0	122902.0
-1138	124302.0	123527.0
-1137	124567.0	123511.0
-1136	123757.0	123202.0
-1135	123630.0	123950.0
-1134	124462.0	123626.0
-1133	123758.0	123020.0
-1132	124282.0	123353.0
-1131	123731.0	123564.0
-1130	123196.0	123316.0
-1129	123589.0	122871.0
-1128	123853.0	123521.0
-1127	123865.0	123106.0
-1126	123481.0	123595.0
-1125	124059.0	123468.0
-1124	123702.0	122418.0
-1123	123857.0	123243.0
-1122	123905.0	123302.0
-1121	123822.0	122586.0
-1120	123971.0	123491.0
-1119	123720.0	123066.0
-1118	123749.0	122785.0
-1117	123686.0	123825.0
-1116	123897.0	123401.0
-1115	122958.0	123207.0
-1114	123795.0	124084.0
-1113	124506.0	123413.0
-1112	124059.0	122447.0
-1111	124420.0	123745.0
-1110	124215.0	123097.0
-1109	123679.0	123241.0
-1108	123804.0	123289.0
-1107	123863.0	123444.0
-1106	123906.0	122575.0
-1105	123472.0	123341.0
-1104	123920.0	123800.0
-1103	123462.0	123133.0
-1102	124270.0	123118.0
-1101	123874.0	122774.0
-1100	123804.0	123025.0
-1099	123617.0	123759.0
-1098	124018.0	123705.0
-1097	123860.0	123592.0
-1096	124151.0	123583.0
-1095	124472.0	122983.0
-1094	123867.0	123750.0
-1093	123579.0	123902.0
-1092	123864.0	123610.0
-1091	123528.0	123200.0
-1090	123538.0	123424.0
-1089	123635.0	123582.0
-1088	124003.0	123383.0
-1087	123503.0	123508.0
-1086	124238.0	123928.0
-1085	123893.0	123918.0
-1084	123256.0	123419.0
-1083	124418.0	123321.0
-1082	123761.0	123402.0
-1081	124021.0	123725.0
-1080	124236.0	123232.0
-1079	123549.0	123109.0
-1078	124012.0	123886.0
-1077	124241.0	123244.0
-1076	124515.0	123730.0
-1075	123980.0	123525.0
-1074	123725.0	123267.0
-1073	124037.0	124006.0
-1072	124315.0	123302.0
-1071	123837.0	123891.0
-1070	124346.0	123226.0
-1069	124086.0	123652.0
-1068	124237.0	123858.0
-1067	123762.0	123499.0
-1066	124299.0	123825.0
-1065	123920.0	123843.0
-1064	123543.0	123368.0
-1063	124100.0	123734.0
-1062	124299.0	123671.0
-1061	124036.0	123084.0
-1060	123368.0	124382.0
-1059	124093.0	124029.0
-1058	124061.0	124060.0
-1057	123651.0	124003.0
-1056	124298.0	123757.0
-1055	123771.0	124035.0
-1054	123612.0	123911.0
-1053	124172.0	123624.0
-1052	123400.0	123598.0
-1051	123738.0	123409.0
-1050	124178.0	123804.0
-1049	123972.0	123233.0
-1048	124149.0	123602.0
-1047	124112.0	123898.0
-1046	123564.0	123526.0
-1045	124197.0	123931.0
-1044	124338.0	124331.0
-1043	123918.0	123792.0
-1042	124503.0	123708.0
-1041	125056.0	123457.0
-1040	124623.0	124077.0
-1039	124034.0	124281.0
-1038	124125.0	123919.0
-1037	124292.0	122567.0
-1036	124202.0	123069.0
-1035	124238.0	124406.0
-1034	124050.0	123819.0
-1033	123930.0	124184.0
-1032	124695.0	123545.0
-1031	124021.0	123469.0
-1030	124292.0	123578.0
-1029	124340.0	123633.0
-1028	124080.0	123113.0
-1027	123630.0	123782.0
-1026	124277.0	123871.0
-1025	124582.0	124136.0
-1024	123652.0	123896.0
-1023	124416.0	124222.0
-1022	123528.0	124482.0
-1021	124043.0	123345.0
-1020	124358.0	124115.0
-1019	124114.0	123874.0
-1018	123901.0	123385.0
-1017	124238.0	123954.0
-1016	124327.0	124122.0
-1015	124015.0	124027.0
-1014	124801.0	124130.0
-1013	124076.0	123876.0
-1012	124283.0	123619.0
-1011	124701.0	124525.0
-1010	123999.0	123837.0
-1009	124482.0	123965.0
-1008	123600.0	124476.0
-1007	123826.0	124372.0
-1006	124781.0	124392.0
-1005	124835.0	124506.0
-1004	124257.0	123894.0
-1003	124242.0	123519.0
-1002	124560.0	123512.0
-1001	123998.0	123023.0
-1000	124077.0	124344.0
-999	124553.0	123627.0
-998	124491.0	123954.0
-997	124311.0	124684.0
-996	124522.0	124140.0
-995	124577.0	123873.0
-994	124332.0	124328.0
-993	124834.0	123962.0
-992	123884.0	123986.0
-991	124210.0	124092.0
-990	123881.0	123387.0
-989	124093.0	123629.0
-988	123529.0	124068.0
-987	124460.0	124412.0
-986	124044.0	123279.0
-985	124063.0	123171.0
-984	124787.0	123942.0
-983	124181.0	123764.0
-982	124528.0	123748.0
-981	124433.0	124203.0
-980	124229.0	123505.0
-979	124215.0	123999.0
-978	124430.0	124208.0
-977	124092.0	124045.0
-976	124731.0	124187.0
-975	124510.0	123699.0
-974	124378.0	123654.0
-973	124270.0	123725.0
-972	124120.0	124021.0
-971	124115.0	123847.0
-970	124159.0	124045.0
-969	124703.0	123427.0
-968	124249.0	123531.0
-967	124385.0	123748.0
-966	124909.0	123655.0
-965	123765.0	124014.0
-964	123977.0	123348.0
-963	124664.0	124016.0
-962	124247.0	123668.0
-961	124378.0	124285.0
-960	124449.0	124233.0
-959	123964.0	123499.0
-958	124269.0	123979.0
-957	124148.0	124293.0
-956	124404.0	123580.0
-955	124032.0	123781.0
-954	124818.0	123573.0
-953	123829.0	123632.0
-952	124251.0	123879.0
-951	124320.0	123424.0
-950	124009.0	123225.0
-949	124476.0	123733.0
-948	124762.0	124083.0
-947	124309.0	123518.0
-946	124625.0	123386.0
-945	124458.0	124088.0
-944	123746.0	123763.0
-943	123608.0	124533.0
-942	124498.0	123887.0
-941	124508.0	123951.0
-940	124124.0	123969.0
-939	124089.0	123901.0
-938	124093.0	123860.0
-937	124358.0	124466.0
-936	124633.0	124641.0
-935	124228.0	124044.0
-934	124393.0	124369.0
-933	124366.0	124254.0
-932	124358.0	123887.0
-931	124510.0	123858.0
-930	124832.0	123345.0
-929	124878.0	123606.0
-928	124615.0	124070.0
-927	124073.0	124046.0
-926	123299.0	124052.0
-925	123470.0	124487.0
-924	124180.0	124578.0
-923	124297.0	123694.0
-922	124513.0	124287.0
-921	124780.0	124004.0
-920	124176.0	123121.0
-919	124669.0	124116.0
-918	124540.0	123975.0
-917	123945.0	124244.0
-916	124054.0	124295.0
-915	124488.0	123940.0
-914	124221.0	123712.0
-913	124438.0	123883.0
-912	125001.0	124183.0
-911	124663.0	124171.0
-910	123665.0	123816.0
-909	124030.0	124720.0
-908	124149.0	123493.0
-907	123827.0	124049.0
-906	124736.0	124358.0
-905	124012.0	123791.0
-904	123986.0	123901.0
-903	124184.0	124220.0
-902	124060.0	124145.0
-901	124257.0	124133.0
-900	124474.0	123914.0
-899	124025.0	123636.0
-898	124946.0	123882.0
-897	125060.0	124417.0
-896	124220.0	123990.0
-895	124060.0	124954.0
-894	124295.0	124125.0
-893	124502.0	124267.0
-892	124224.0	124432.0
-891	125062.0	124427.0
-890	124510.0	124009.0
-889	123912.0	124008.0
-888	124420.0	124558.0
-887	124566.0	124192.0
-886	124413.0	124437.0
-885	125050.0	124822.0
-884	124657.0	124434.0
-883	124337.0	124613.0
-882	124384.0	124761.0
-881	124399.0	123935.0
-880	124988.0	123771.0
-879	124697.0	123784.0
-878	124484.0	123696.0
-877	124269.0	124439.0
-876	124851.0	123794.0
-875	124033.0	123586.0
-874	124730.0	124689.0
-873	125116.0	124486.0
-872	125050.0	123733.0
-871	124722.0	124374.0
-870	125041.0	124041.0
-869	124503.0	123708.0
-868	124427.0	124450.0
-867	124875.0	124114.0
-866	124466.0	123896.0
-865	124391.0	123985.0
-864	124655.0	124406.0
-863	125009.0	124280.0
-862	125097.0	124699.0
-861	124704.0	124583.0
-860	124442.0	124349.0
-859	124537.0	124265.0
-858	124984.0	124248.0
-857	124537.0	124196.0
-856	124551.0	123843.0
-855	124744.0	124507.0
-854	124704.0	123972.0
-853	124960.0	124645.0
-852	125094.0	124067.0
-851	124706.0	123872.0
-850	124413.0	124311.0
-849	124799.0	124016.0
-848	124642.0	123748.0
-847	124531.0	124679.0
-846	124659.0	124678.0
-845	124472.0	124367.0
-844	124388.0	124102.0
-843	125188.0	124561.0
-842	124807.0	124240.0
-841	124465.0	124235.0
-840	125179.0	124750.0
-839	125009.0	124127.0
-838	124668.0	124116.0
-837	125564.0	123847.0
-836	124864.0	123905.0
-835	124577.0	124319.0
-834	124614.0	124134.0
-833	124069.0	124345.0
-832	123932.0	124607.0
-831	124534.0	124381.0
-830	125142.0	123862.0
-829	124833.0	124283.0
-828	124877.0	124790.0
-827	125049.0	124299.0
-826	125173.0	124270.0
-825	125159.0	124448.0
-824	124694.0	123756.0
-823	125098.0	124372.0
-822	125074.0	124120.0
-821	124327.0	123884.0
-820	124448.0	124394.0
-819	125139.0	124450.0
-818	125011.0	124025.0
-817	125088.0	123811.0
-816	125467.0	124205.0
-815	124608.0	123936.0
-814	124923.0	123748.0
-813	125328.0	123873.0
-812	124492.0	123866.0
-811	124563.0	124065.0
-810	125135.0	123984.0
-809	125244.0	123688.0
-808	125001.0	124432.0
-807	124702.0	124117.0
-806	124667.0	123624.0
-805	124820.0	124620.0
-804	125068.0	124629.0
-803	124808.0	124036.0
-802	124673.0	124236.0
-801	125365.0	124124.0
-800	125058.0	123921.0
-799	124641.0	124086.0
-798	125682.0	124407.0
-797	125444.0	124236.0
-796	125157.0	124053.0
-795	125264.0	124770.0
-794	124694.0	123797.0
-793	124788.0	124244.0
-792	125065.0	124151.0
-791	124601.0	124463.0
-790	125194.0	124461.0
-789	125612.0	124124.0
-788	125277.0	124151.0
-787	124517.0	123996.0
-786	125411.0	124920.0
-785	124300.0	124040.0
-784	124629.0	124393.0
-783	124940.0	124387.0
-782	124968.0	123970.0
-781	124705.0	124611.0
-780	124624.0	125049.0
-779	124164.0	123997.0
-778	124521.0	124611.0
-777	125408.0	125092.0
-776	124533.0	124509.0
-775	125242.0	124984.0
-774	125323.0	124368.0
-773	124560.0	124150.0
-772	124936.0	124675.0
-771	125291.0	123870.0
-770	124532.0	124691.0
-769	124458.0	124897.0
-768	125499.0	124823.0
-767	124921.0	124301.0
-766	124851.0	124585.0
-765	125341.0	124111.0
-764	124741.0	124262.0
-763	124820.0	124812.0
-762	124541.0	124375.0
-761	124428.0	124584.0
-760	124446.0	124651.0
-759	125072.0	125592.0
-758	125000.0	125021.0
-757	124974.0	124926.0
-756	125196.0	124539.0
-755	124357.0	124514.0
-754	124585.0	124788.0
-753	125064.0	124382.0
-752	124763.0	124559.0
-751	125195.0	124941.0
-750	125369.0	124866.0
-749	125147.0	124442.0
-748	124967.0	124545.0
-747	125639.0	125208.0
-746	124856.0	124061.0
-745	125571.0	125030.0
-744	125448.0	124601.0
-743	125309.0	124459.0
-742	125311.0	125045.0
-741	126197.0	124938.0
-740	125604.0	124199.0
-739	124885.0	124887.0
-738	125949.0	124905.0
-737	125611.0	124569.0
-736	125209.0	124011.0
-735	125504.0	125266.0
-734	125636.0	123951.0
-733	124882.0	124956.0
-732	125295.0	125485.0
-731	124820.0	124686.0
-730	124997.0	124499.0
-729	125946.0	124923.0
-728	124932.0	124645.0
-727	125285.0	125319.0
-726	125622.0	125480.0
-725	125413.0	124270.0
-724	124923.0	125325.0
-723	125585.0	125129.0
-722	125314.0	124606.0
-721	124611.0	125631.0
-720	126229.0	124622.0
-719	125581.0	124327.0
-718	125255.0	125392.0
-717	126131.0	125054.0
-716	124922.0	125370.0
-715	125117.0	125613.0
-714	124957.0	124804.0
-713	125506.0	124816.0
-712	125607.0	124967.0
-711	126201.0	125111.0
-710	125437.0	124608.0
-709	125767.0	125025.0
-708	125646.0	124641.0
-707	125963.0	124702.0
-706	125315.0	125187.0
-705	125833.0	124753.0
-704	125524.0	123859.0
-703	125205.0	125137.0
-702	125760.0	124775.0
-701	125853.0	124916.0
-700	125344.0	125849.0
-699	125952.0	124807.0
-698	125233.0	125037.0
-697	125435.0	125006.0
-696	125783.0	125535.0
-695	125237.0	124409.0
-694	124761.0	124731.0
-693	126300.0	124687.0
-692	126025.0	124469.0
-691	126215.0	124650.0
-690	126702.0	124490.0
-689	125731.0	124724.0
-688	125229.0	125099.0
-687	125705.0	125023.0
-686	125273.0	124709.0
-685	125809.0	124919.0
-684	125853.0	125114.0
-683	125672.0	124807.0
-682	125997.0	124960.0
-681	126404.0	124806.0
-680	125431.0	124384.0
-679	125569.0	124890.0
-678	125414.0	124428.0
-677	125464.0	124512.0
-676	125311.0	125032.0
-675	125868.0	124393.0
-674	125603.0	124322.0
-673	125905.0	124806.0
-672	126007.0	124508.0
-671	125245.0	124036.0
-670	125278.0	124905.0
-669	125737.0	124534.0
-668	125302.0	124121.0
-667	124976.0	124286.0
-666	125557.0	124356.0
-665	124957.0	124942.0
-664	125390.0	123783.0
-663	126058.0	124350.0
-662	125813.0	125063.0
-661	125271.0	124562.0
-660	125952.0	125347.0
-659	124689.0	124582.0
-658	124970.0	124840.0
-657	125724.0	125136.0
-656	125681.0	124390.0
-655	125830.0	124553.0
-654	125439.0	125071.0
-653	125140.0	123623.0
-652	125184.0	124797.0
-651	125339.0	124833.0
-650	124482.0	124089.0
-649	124822.0	124606.0
-648	125624.0	125146.0
-647	125246.0	124730.0
-646	125337.0	125242.0
-645	125457.0	124351.0
-644	124599.0	124004.0
-643	125574.0	124378.0
-642	126062.0	124437.0
-641	124840.0	124521.0
-640	125079.0	124451.0
-639	125501.0	124709.0
-638	125048.0	124080.0
-637	123928.0	124433.0
-636	125471.0	125099.0
-635	124783.0	124543.0
-634	125182.0	124495.0
-633	125617.0	124876.0
-632	124346.0	124501.0
-631	125053.0	124745.0
-630	125394.0	125294.0
-629	124569.0	124502.0
-628	124448.0	124898.0
-627	124743.0	124817.0
-626	124683.0	124607.0
-625	124707.0	125683.0
-624	125160.0	124960.0
-623	124520.0	123988.0
-622	125078.0	124831.0
-621	124864.0	125375.0
-620	124815.0	125137.0
-619	124332.0	125094.0
-618	125108.0	125484.0
-617	125000.0	124572.0
-616	124975.0	125286.0
-615	125055.0	125709.0
-614	124794.0	124475.0
-613	125270.0	125314.0
-612	125153.0	124950.0
-611	124793.0	124563.0
-610	124752.0	125487.0
-609	125406.0	125376.0
-608	123998.0	124514.0
-607	124389.0	125163.0
-606	125186.0	124642.0
-605	125182.0	124269.0
-604	124702.0	125402.0
-603	125993.0	125096.0
-602	125180.0	124971.0
-601	124785.0	125657.0
-600	125016.0	125425.0
-599	124710.0	125256.0
-598	124712.0	125779.0
-597	125395.0	125435.0
-596	124654.0	125094.0
-595	125164.0	125239.0
-594	125949.0	125360.0
-593	124686.0	125420.0
-592	125658.0	125995.0
-591	125813.0	125784.0
-590	124866.0	125402.0
-589	124851.0	125537.0
-588	125481.0	125528.0
-587	124849.0	124778.0
-586	125353.0	125434.0
-585	125649.0	125673.0
-584	125392.0	125783.0
-583	125231.0	125889.0
-582	126245.0	125882.0
-581	125339.0	125124.0
-580	125446.0	126099.0
-579	126365.0	125519.0
-578	125590.0	124632.0
-577	124910.0	125705.0
-576	126257.0	125330.0
-575	125005.0	125544.0
-574	125228.0	126631.0
-573	125609.0	125998.0
-572	125367.0	125767.0
-571	125158.0	126255.0
-570	125901.0	125683.0
-569	125644.0	125196.0
-568	125501.0	125864.0
-567	125685.0	125976.0
-566	125536.0	125663.0
-565	125864.0	126161.0
-564	126717.0	126187.0
-563	125918.0	125652.0
-562	125896.0	125997.0
-561	126645.0	126050.0
-560	125227.0	125753.0
-559	125779.0	125992.0
-558	126489.0	126032.0
-557	125989.0	124686.0
-556	126521.0	126040.0
-555	126336.0	125979.0
-554	126321.0	125801.0
-553	126207.0	126469.0
-552	127123.0	125951.0
-551	126178.0	125581.0
-550	126122.0	126515.0
-549	126723.0	125913.0
-548	126460.0	125454.0
-547	126185.0	125797.0
-546	126368.0	126208.0
-545	126036.0	125863.0
-544	126023.0	125958.0
-543	126573.0	125666.0
-542	125877.0	125178.0
-541	126593.0	126304.0
-540	126845.0	126285.0
-539	125983.0	125366.0
-538	125817.0	125248.0
-537	126776.0	125751.0
-536	125786.0	124758.0
-535	126072.0	126158.0
-534	126630.0	126300.0
-533	126556.0	125596.0
-532	126924.0	125757.0
-531	127002.0	125860.0
-530	126682.0	124907.0
-529	126608.0	125686.0
-528	127243.0	125726.0
-527	126332.0	124959.0
-526	126422.0	125755.0
-525	127272.0	125855.0
-524	126114.0	125341.0
-523	126035.0	125100.0
-522	127205.0	125444.0
-521	126360.0	125228.0
-520	126891.0	125280.0
-519	127248.0	125589.0
-518	126578.0	125387.0
-517	126235.0	125558.0
-516	127173.0	125680.0
-515	126621.0	124903.0
-514	127020.0	125282.0
-513	127341.0	125363.0
-512	126549.0	124489.0
-511	126661.0	125552.0
-510	126787.0	125372.0
-509	126826.0	124975.0
-508	126539.0	125274.0
-507	127303.0	126155.0
-506	126344.0	124394.0
-505	125990.0	125658.0
-504	127044.0	125404.0
-503	126618.0	124488.0
-502	126317.0	125015.0
-501	126655.0	125340.0
-500	126485.0	124262.0
-499	126675.0	124951.0
-498	126795.0	124960.0
-497	126229.0	124690.0
-496	126424.0	124448.0
-495	127073.0	124796.0
-494	126101.0	124267.0
-493	125779.0	125162.0
-492	126427.0	124645.0
-491	125730.0	124144.0
-490	126848.0	125128.0
-489	127231.0	124255.0
-488	126198.0	123840.0
-487	126304.0	124317.0
-486	127175.0	125096.0
-485	125889.0	124641.0
-484	125835.0	125214.0
-483	127056.0	124419.0
-482	125326.0	124006.0
-481	125901.0	125166.0
-480	126632.0	125334.0
-479	125950.0	124150.0
-478	125906.0	124296.0
-477	126630.0	124336.0
-476	125704.0	124102.0
-475	125681.0	125300.0
-474	125471.0	125161.0
-473	125267.0	124576.0
-472	125191.0	125136.0
-471	126240.0	124559.0
-470	125554.0	123866.0
-469	124896.0	125419.0
-468	125745.0	124562.0
-467	124730.0	124369.0
-466	124794.0	125253.0
-465	125996.0	125657.0
-464	124983.0	124368.0
-463	125183.0	125010.0
-462	125512.0	125039.0
-461	124772.0	124418.0
-460	124741.0	124916.0
-459	125788.0	125249.0
-458	124968.0	124738.0
-457	124688.0	125284.0
-456	125904.0	124856.0
-455	125136.0	124706.0
-454	125901.0	124967.0
-453	125459.0	125563.0
-452	124438.0	124802.0
-451	124706.0	125193.0
-450	125635.0	125362.0
-449	124570.0	124507.0
-448	124496.0	125623.0
-447	125425.0	125063.0
-446	124399.0	124570.0
-445	124293.0	126079.0
-444	125896.0	125884.0
-443	125111.0	125257.0
-442	124663.0	125889.0
-441	125639.0	126074.0
-440	125546.0	124985.0
-439	125088.0	125364.0
-438	124848.0	126056.0
-437	124249.0	125883.0
-436	124771.0	126370.0
-435	125824.0	126285.0
-434	125202.0	124988.0
-433	124632.0	126081.0
-432	125301.0	125861.0
-431	124564.0	124988.0
-430	124710.0	126171.0
-429	125660.0	126657.0
-428	125373.0	125169.0
-427	124830.0	126108.0
-426	125384.0	126544.0
-425	124543.0	126127.0
-424	124586.0	126946.0
-423	125818.0	126433.0
-422	124956.0	125416.0
-421	125343.0	127013.0
-420	125702.0	126344.0
-419	124957.0	125697.0
-418	124929.0	126533.0
-417	125830.0	127503.0
-416	125376.0	126493.0
-415	124691.0	126844.0
-414	125743.0	127096.0
-413	125383.0	126611.0
-412	125954.0	127012.0
-411	126268.0	126829.0
-410	125587.0	126215.0
-409	125408.0	127071.0
-408	126107.0	127130.0
-407	125841.0	126191.0
-406	125060.0	126919.0
-405	126191.0	127039.0
-404	125749.0	126534.0
-403	125360.0	127528.0
-402	125811.0	127306.0
-401	125211.0	126562.0
-400	126038.0	127115.0
-399	126425.0	126965.0
-398	125981.0	126919.0
-397	126224.0	126535.0
-396	127569.0	127414.0
-395	126316.0	126005.0
-394	126540.0	127645.0
-393	127256.0	127612.0
-392	126607.0	126400.0
-391	126736.0	126918.0
-390	127933.0	127425.0
-389	126461.0	126020.0
-388	126601.0	127705.0
-387	127460.0	127419.0
-386	126678.0	126403.0
-385	127229.0	127737.0
-384	127584.0	127509.0
-383	126970.0	127010.0
-382	127746.0	127469.0
-381	128020.0	127750.0
-380	127503.0	126831.0
-379	127533.0	127405.0
-378	128755.0	127260.0
-377	128085.0	126129.0
-376	127239.0	127294.0
-375	128517.0	127426.0
-374	127783.0	125904.0
-373	127483.0	127081.0
-372	128770.0	127251.0
-371	128085.0	126024.0
-370	127799.0	127426.0
-369	129426.0	127832.0
-368	128284.0	125762.0
-367	128051.0	127039.0
-366	129192.0	127259.0
-365	128275.0	126684.0
-364	128898.0	127263.0
-363	129144.0	126678.0
-362	128054.0	126043.0
-361	128872.0	127465.0
-360	129175.0	126665.0
-359	128315.0	125761.0
-358	128120.0	126602.0
-357	129218.0	126940.0
-356	128431.0	125463.0
-355	128204.0	126735.0
-354	129611.0	127161.0
-353	128972.0	125824.0
-352	129169.0	126520.0
-351	130032.0	126603.0
-350	128724.0	125515.0
-349	128089.0	126541.0
-348	129558.0	126305.0
-347	127964.0	125474.0
-346	129185.0	126446.0
-345	129731.0	125903.0
-344	128855.0	124955.0
-343	128775.0	125884.0
-342	129549.0	126320.0
-341	128910.0	124980.0
-340	128449.0	125919.0
-339	129294.0	126112.0
-338	128653.0	125079.0
-337	128031.0	125032.0
-336	129312.0	126066.0
-335	128433.0	124451.0
-334	128646.0	125738.0
-333	129769.0	126038.0
-332	128417.0	124707.0
-331	128690.0	126038.0
-330	129352.0	125261.0
-329	127833.0	125015.0
-328	128122.0	126006.0
-327	128167.0	125615.0
-326	127701.0	125098.0
-325	128065.0	125756.0
-324	129158.0	125605.0
-323	127616.0	124446.0
-322	127790.0	124674.0
-321	128392.0	125078.0
-320	127182.0	124310.0
-319	127986.0	125007.0
-318	128897.0	125431.0
-317	127260.0	123962.0
-316	127873.0	125339.0
-315	128781.0	125188.0
-314	127075.0	124176.0
-313	126827.0	124921.0
-312	128239.0	125157.0
-311	126459.0	123739.0
-310	127171.0	124896.0
-309	128058.0	125152.0
-308	126934.0	124106.0
-307	126787.0	124803.0
-306	128040.0	124932.0
-305	126484.0	123725.0
-304	126766.0	124929.0
-303	127457.0	125060.0
-302	126604.0	124319.0
-301	126195.0	125070.0
-300	126890.0	125345.0
-299	126497.0	124515.0
-298	126020.0	124970.0
-297	126740.0	125036.0
-296	126360.0	124939.0
-295	126295.0	125692.0
-294	126991.0	125133.0
-293	126589.0	124045.0
-292	125726.0	124996.0
-291	127270.0	125028.0
-290	125838.0	124414.0
-289	125865.0	125368.0
-288	126957.0	125551.0
-287	125760.0	124191.0
-286	125913.0	124905.0
-285	126878.0	125309.0
-284	125794.0	124435.0
-283	125392.0	125000.0
-282	125920.0	125511.0
-281	125144.0	124046.0
-280	125587.0	125972.0
-279	126102.0	125625.0
-278	125314.0	124502.0
-277	125146.0	126213.0
-276	126353.0	126025.0
-275	124774.0	124503.0
-274	125293.0	125951.0
-273	126758.0	125751.0
-272	125222.0	125413.0
-271	125430.0	125927.0
-270	126261.0	126234.0
-269	124456.0	124656.0
-268	125331.0	126668.0
-267	125574.0	126615.0
-266	124809.0	125489.0
-265	124847.0	126016.0
-264	125724.0	126726.0
-263	124741.0	125617.0
-262	125191.0	126083.0
-261	125601.0	127672.0
-260	124801.0	125795.0
-259	124571.0	127244.0
-258	126357.0	127769.0
-257	125379.0	126139.0
-256	124550.0	127532.0
-255	126196.0	127306.0
-254	125420.0	126132.0
-253	124909.0	126775.0
-252	126597.0	127813.0
-251	125987.0	126309.0
-250	125404.0	127773.0
-249	126155.0	128007.0
-248	124322.0	126791.0
-247	125123.0	128303.0
-246	126241.0	128607.0
-245	125365.0	127036.0
-244	126051.0	128126.0
-243	126520.0	128270.0
-242	125543.0	127414.0
-241	125412.0	128955.0
-240	127042.0	128385.0
-239	125694.0	127635.0
-238	125585.0	128696.0
-237	127278.0	128125.0
-236	126037.0	127774.0
-235	125859.0	129050.0
-234	128076.0	128961.0
-233	126213.0	127543.0
-232	126159.0	129094.0
-231	127719.0	128980.0
-230	127247.0	127531.0
-229	127105.0	129239.0
-228	127884.0	128868.0
-227	125799.0	128152.0
-226	126488.0	129536.0
-225	127829.0	129393.0
-224	127065.0	128607.0
-223	127666.0	129753.0
-222	128327.0	129430.0
-221	127367.0	128400.0
-220	127756.0	130180.0
-219	129050.0	130043.0
-218	128467.0	128233.0
-217	128304.0	130001.0
-216	129513.0	129871.0
-215	128572.0	128829.0
-214	127938.0	130274.0
-213	129657.0	131003.0
-212	128173.0	128551.0
-211	128989.0	129117.0
-210	130703.0	129771.0
-209	129399.0	127943.0
-208	129472.0	129421.0
-207	130981.0	129677.0
-206	130077.0	128376.0
-205	129218.0	129371.0
-204	130633.0	129490.0
-203	129515.0	128227.0
-202	129415.0	129508.0
-201	131798.0	129155.0
-200	130720.0	128346.0
-199	130063.0	129089.0
-198	131867.0	129441.0
-197	130220.0	128532.0
-196	130280.0	129593.0
-195	131496.0	129918.0
-194	130923.0	127742.0
-193	131189.0	129588.0
-192	132404.0	129000.0
-191	131001.0	127931.0
-190	130767.0	129055.0
-189	133324.0	128662.0
-188	132242.0	127369.0
-187	131868.0	127988.0
-186	132991.0	128355.0
-185	131251.0	127303.0
-184	131842.0	128502.0
-183	133038.0	128203.0
-182	131295.0	127290.0
-181	131782.0	128268.0
-180	133333.0	128396.0
-179	131692.0	126675.0
-178	132139.0	128822.0
-177	133399.0	127819.0
-176	132409.0	126142.0
-175	131351.0	127212.0
-174	133119.0	127748.0
-173	131745.0	126810.0
-172	131372.0	128209.0
-171	133857.0	127673.0
-170	132071.0	126120.0
-169	131464.0	127631.0
-168	133659.0	127185.0
-167	132176.0	125961.0
-166	132051.0	126813.0
-165	133636.0	127153.0
-164	131576.0	126080.0
-163	132005.0	126976.0
-162	133801.0	127247.0
-161	132126.0	125533.0
-160	131933.0	126998.0
-159	133632.0	126410.0
-158	130979.0	125524.0
-157	131693.0	126374.0
-156	133524.0	126697.0
-155	131795.0	125257.0
-154	131832.0	125837.0
-153	132966.0	125597.0
-152	131124.0	124226.0
-151	130739.0	126055.0
-150	132915.0	125962.0
-149	131115.0	125040.0
-148	131124.0	126389.0
-147	132900.0	125956.0
-146	131107.0	124795.0
-145	131268.0	126040.0
-144	132768.0	125753.0
-143	130898.0	124639.0
-142	130479.0	125856.0
-141	131565.0	126062.0
-140	129887.0	124365.0
-139	129896.0	125523.0
-138	130395.0	125511.0
-137	128746.0	124101.0
-136	129252.0	125623.0
-135	130720.0	125584.0
-134	129447.0	123872.0
-133	129425.0	125767.0
-132	132053.0	125107.0
-131	129466.0	123525.0
-130	129006.0	125164.0
-129	130493.0	125882.0
-128	128342.0	123851.0
-127	127352.0	125693.0
-126	128988.0	125221.0
-125	127886.0	123927.0
-124	128270.0	125679.0
-123	130627.0	125505.0
-122	128610.0	123779.0
-121	128934.0	125518.0
-120	130329.0	125712.0
-119	127394.0	124167.0
-118	127269.0	126066.0
-117	127836.0	126550.0
-116	126022.0	124723.0
-115	126438.0	125779.0
-114	128980.0	126000.0
-113	127749.0	124446.0
-112	128388.0	125436.0
-111	130198.0	125768.0
-110	127572.0	124377.0
-109	127129.0	126559.0
-108	128852.0	125962.0
-107	125596.0	124607.0
-106	125631.0	126503.0
-105	127954.0	126289.0
-104	125707.0	124351.0
-103	126664.0	126367.0
-102	129677.0	126240.0
-101	127610.0	125000.0
-100	127849.0	126828.0
-99	129009.0	126525.0
-98	127175.0	124767.0
-97	126384.0	126641.0
-96	128309.0	126937.0
-95	126060.0	125486.0
-94	126225.0	126759.0
-93	128293.0	126751.0
-92	127307.0	125451.0
-91	127917.0	127115.0
-90	129847.0	127328.0
-89	128268.0	125464.0
-88	127987.0	127576.0
-87	129537.0	128220.0
-86	127514.0	126654.0
-85	126429.0	128527.0
-84	128248.0	128607.0
-83	126170.0	126096.0
-82	127224.0	127999.0
-81	129383.0	128563.0
-80	127802.0	126890.0
-79	127980.0	128132.0
-78	130450.0	128155.0
-77	128647.0	127160.0
-76	128688.0	130382.0
-75	130767.0	130394.0
-74	128201.0	127902.0
-73	128188.0	129387.0
-72	130773.0	129006.0
-71	128845.0	127183.0
-70	130061.0	129686.0
-69	132093.0	129703.0
-68	129830.0	127527.0
-67	129587.0	130748.0
-66	131955.0	130845.0
-65	129381.0	128397.0
-64	130036.0	131235.0
-63	132038.0	131579.0
-62	129525.0	129266.0
-61	129717.0	131165.0
-60	132598.0	131697.0
-59	131594.0	129548.0
-58	130391.0	132158.0
-57	132328.0	132131.0
-56	130148.0	129946.0
-55	130492.0	132727.0
-54	133836.0	132928.0
-53	131856.0	130774.0
-52	132152.0	133270.0
-51	134995.0	133138.0
-50	132748.0	131183.0
-49	133394.0	133571.0
-48	135732.0	134412.0
-47	133870.0	131094.0
-46	133175.0	133844.0
-45	135786.0	133936.0
-44	133246.0	131712.0
-43	132812.0	134259.0
-42	136459.0	134597.0
-41	135228.0	132704.0
-40	136129.0	135326.0
-39	139192.0	134857.0
-38	137082.0	132538.0
-37	136713.0	135058.0
-36	138153.0	135330.0
-35	135238.0	132899.0
-34	135959.0	134690.0
-33	139315.0	135600.0
-32	137334.0	133245.0
-31	138452.0	136055.0
-30	142425.0	136462.0
-29	139939.0	134005.0
-28	139964.0	136291.0
-27	142570.0	136732.0
-26	138897.0	134444.0
-25	138539.0	137266.0
-24	141399.0	137709.0
-23	137562.0	135337.0
-22	138053.0	138476.0
-21	142339.0	139296.0
-20	142023.0	137874.0
-19	142988.0	140411.0
-18	146655.0	140785.0
-17	142622.0	136899.0
-16	142853.0	140659.0
-15	144800.0	140794.0
-14	142304.0	137691.0
-13	142181.0	141207.0
-12	147755.0	142984.0
-11	145581.0	140253.0
-10	146027.0	145277.0
-9	151311.0	147153.0
-8	148585.0	146362.0
-7	145804.0	152335.0
-6	145327.0	154663.0
-5	137959.0	149980.0
-4	135656.0	151844.0
-3	153030.0	157304.0
-2	166402.0	142425.0
-1	243247.0	140968.0
0	2655.0	103054.0
1	242371.0	29380.0
2	165016.0	63586.0
3	152583.0	91539.0
4	135870.0	122370.0
5	137140.0	137024.0
6	145039.0	130990.0
7	145251.0	116304.0
8	148248.0	115929.0
9	151299.0	114124.0
10	146199.0	111970.0
11	145027.0	116295.0
12	147100.0	120267.0
13	142216.0	118993.0
14	141850.0	122403.0
15	144950.0	123641.0
16	142550.0	121298.0
17	142708.0	122958.0
18	146094.0	123904.0
19	141563.0	121172.0
20	140820.0	124601.0
21	141749.0	126122.0
22	137840.0	126276.0
23	138039.0	131512.0
24	141232.0	132480.0
25	138012.0	128940.0
26	139417.0	129962.0
27	142172.0	129203.0
28	139913.0	125436.0
29	139727.0	127150.0
30	142025.0	128121.0
31	138258.0	125752.0
32	137113.0	129961.0
33	139073.0	132081.0
34	135767.0	130986.0
35	135334.0	133737.0
36	138442.0	133851.0
37	135804.0	130512.0
38	136232.0	130944.0
39	138987.0	130745.0
40	136164.0	128760.0
41	134895.0	131424.0
42	136501.0	132807.0
43	132588.0	132411.0
44	132548.0	136503.0
45	135367.0	135955.0
46	133212.0	133250.0
47	133178.0	135105.0
48	135388.0	134379.0
49	133400.0	131869.0
50	133380.0	134169.0
51	135023.0	135239.0
52	132555.0	132897.0
53	131496.0	135143.0
54	132734.0	135531.0
55	129623.0	133761.0
56	129205.0	137203.0
57	132562.0	137262.0
58	131153.0	133909.0
59	131329.0	134873.0
60	132946.0	134129.0
61	129368.0	132266.0
62	129661.0	136138.0
63	131975.0	136387.0
64	130091.0	133979.0
65	129169.0	134579.0
66	130998.0	134911.0
67	129237.0	133290.0
68	129604.0	134517.0
69	132461.0	134431.0
70	129360.0	132359.0
71	129511.0	134972.0
72	130736.0	135893.0
73	127580.0	134840.0
74	127844.0	137119.0
75	130290.0	136479.0
76	128071.0	133686.0
77	128225.0	135341.0
78	129922.0	134792.0
79	127607.0	134032.0
80	128239.0	137391.0
81	129708.0	137801.0
82	127460.0	136484.0
83	126440.0	138567.0
84	128068.0	139436.0
85	126365.0	137512.0
86	126491.0	139942.0
87	129403.0	137245.0
88	127858.0	134748.0
89	127350.0	135987.0
90	129755.0	136647.0
91	127557.0	135349.0
92	126766.0	138639.0
93	127777.0	140583.0
94	125807.0	139788.0
95	125353.0	142409.0
96	127946.0	142821.0
97	125917.0	139799.0
98	127151.0	140909.0
99	128860.0	140183.0
100	127544.0	137222.0
101	128284.0	140049.0
102	129438.0	140964.0
103	126923.0	139958.0
104	126199.0	142985.0
105	127332.0	144311.0
106	125765.0	143134.0
107	126433.0	144898.0
108	129269.0	144537.0
109	127262.0	140452.0
110	127511.0	141283.0
111	129892.0	141743.0
112	128233.0	141179.0
113	126837.0	143682.0
114	128572.0	144001.0
115	126705.0	143591.0
116	125794.0	146141.0
117	128362.0	146908.0
118	126506.0	145261.0
119	127019.0	146164.0
120	130121.0	144907.0
121	128771.0	142886.0
122	128407.0	144549.0
123	130566.0	145256.0
124	127826.0	144076.0
125	127328.0	147382.0
126	129463.0	147415.0
127	127498.0	147089.0
128	128337.0	147007.0
129	130535.0	146069.0
130	129069.0	143643.0
131	129229.0	144649.0
132	131152.0	144652.0
133	129328.0	142748.0
134	129308.0	145774.0
135	129908.0	146201.0
136	128607.0	144971.0
137	128838.0	147446.0
138	130817.0	147306.0
139	129124.0	144699.0
140	129451.0	145766.0
141	132097.0	145918.0
142	129933.0	143273.0
143	130108.0	145396.0
144	132449.0	144759.0
145	130894.0	142927.0
146	130940.0	144468.0
147	132555.0	144388.0
148	130332.0	142692.0
149	130846.0	143727.0
150	132582.0	143412.0
151	130545.0	141784.0
152	130516.0	144080.0
153	132883.0	142986.0
154	130725.0	141856.0
155	130836.0	143090.0
156	132932.0	142497.0
157	131011.0	139943.0
158	131707.0	141463.0
159	132749.0	140675.0
160	131448.0	138582.0
161	131289.0	140649.0
162	133303.0	139792.0
163	131499.0	138368.0
164	131154.0	140197.0
165	133039.0	139426.0
166	131686.0	137184.0
167	131618.0	138717.0
168	133203.0	138569.0
169	132188.0	136079.0
170	131826.0	137484.0
171	133166.0	137250.0
172	131285.0	135992.0
173	131674.0	136959.0
174	133078.0	136789.0
175	131548.0	135894.0
176	131279.0	136657.0
177	133884.0	136241.0
178	131483.0	134104.0
179	131281.0	135025.0
180	132502.0	135029.0
181	131188.0	133289.0
182	131359.0	134965.0
183	133330.0	134187.0
184	131140.0	133167.0
185	131772.0	135652.0
186	132490.0	134407.0
187	131179.0	133099.0
188	131514.0	133472.0
189	132545.0	133221.0
190	131130.0	131639.0
191	130867.0	132805.0
192	131673.0	132126.0
193	130381.0	131006.0
194	130572.0	133381.0
195	131771.0	132571.0
196	130241.0	131151.0
197	130217.0	132652.0
198	131331.0	132165.0
199	130031.0	129785.0
200	129516.0	130916.0
201	131754.0	131364.0
202	129891.0	129688.0
203	129418.0	130727.0
204	130459.0	130849.0
205	129502.0	130092.0
206	129290.0	130338.0
207	130418.0	130634.0
208	128672.0	129026.0
209	128776.0	130688.0
210	130093.0	130265.0
211	128905.0	129032.0
212	128256.0	129752.0
213	129585.0	129587.0
214	128245.0	128665.0
215	127653.0	129838.0
216	128667.0	129320.0
217	128087.0	129017.0
218	127270.0	130565.0
219	128680.0	129229.0
220	127592.0	127685.0
221	127375.0	129001.0
222	128468.0	129675.0
223	126837.0	127758.0
224	126845.0	129943.0
225	127739.0	129133.0
226	126846.0	128599.0
227	126379.0	129925.0
228	127474.0	129076.0
229	126551.0	128251.0
230	126518.0	128830.0
231	128114.0	128844.0
232	126792.0	128014.0
233	126152.0	129285.0
234	127568.0	129495.0
235	125780.0	128433.0
236	125430.0	129396.0
237	126859.0	129903.0
238	126079.0	128880.0
239	126089.0	129563.0
240	127120.0	129763.0
241	125488.0	128749.0
242	125867.0	129649.0
243	126235.0	129925.0
244	125117.0	128853.0
245	125411.0	129786.0
246	126450.0	129954.0
247	125708.0	128792.0
248	125198.0	129984.0
249	126440.0	130197.0
250	125278.0	128697.0
251	125738.0	130165.0
252	126134.0	129358.0
253	125476.0	128877.0
254	125199.0	129843.0
255	125888.0	130035.0
256	124857.0	128927.0
257	124399.0	130836.0
258	126015.0	130527.0
259	124355.0	129427.0
260	124693.0	130771.0
261	126114.0	130635.0
262	124924.0	129468.0
263	124795.0	130549.0
264	125489.0	130469.0
265	124714.0	129726.0
266	124491.0	131037.0
267	125621.0	131066.0
268	124746.0	129712.0
269	125002.0	130974.0
270	125890.0	131467.0
271	125414.0	130101.0
272	125563.0	130564.0
273	126103.0	130682.0
274	124915.0	129591.0
275	124796.0	131344.0
276	125833.0	131338.0
277	124578.0	130542.0
278	124952.0	131388.0
279	126387.0	131106.0
280	125298.0	130442.0
281	124863.0	131521.0
282	126958.0	131969.0
283	125315.0	130147.0
284	125060.0	131737.0
285	126233.0	131948.0
286	125183.0	131252.0
287	125047.0	132442.0
288	126535.0	131839.0
289	125935.0	131056.0
290	125710.0	131413.0
291	126641.0	131941.0
292	125449.0	131378.0
293	125492.0	132202.0
294	126963.0	131997.0
295	125379.0	130579.0
296	125926.0	132197.0
297	127452.0	132133.0
298	125398.0	131101.0
299	126639.0	132094.0
300	127698.0	131442.0
301	126403.0	131047.0
302	126204.0	132011.0
303	127244.0	132049.0
304	126470.0	131781.0
305	126580.0	131955.0
306	127749.0	132227.0
307	126227.0	131097.0
308	126192.0	131899.0
309	127914.0	132317.0
310	126478.0	131488.0
311	126611.0	132617.0
312	127576.0	132088.0
313	126989.0	131057.0
314	126870.0	132314.0
315	127568.0	132298.0
316	126896.0	130507.0
317	126491.0	132848.0
318	128760.0	132074.0
319	128086.0	131192.0
320	127067.0	131715.0
321	128443.0	131981.0
322	127732.0	130789.0
323	127731.0	131604.0
324	128035.0	131996.0
325	127533.0	130939.0
326	128396.0	131321.0
327	128749.0	131906.0
328	127552.0	131144.0
329	127786.0	131785.0
330	128617.0	131545.0
331	127792.0	130233.0
332	127844.0	131221.0
333	129743.0	131044.0
334	127819.0	130502.0
335	128045.0	130766.0
336	129704.0	130191.0
337	128371.0	129765.0
338	128071.0	130327.0
339	128981.0	130239.0
340	128310.0	129346.0
341	128578.0	130038.0
342	128719.0	129459.0
343	128337.0	127734.0
344	128312.0	130037.0
345	129471.0	129385.0
346	128501.0	129148.0
347	128709.0	129464.0
348	129097.0	129228.0
349	127539.0	128553.0
350	127458.0	129011.0
351	128975.0	129768.0
352	128343.0	128668.0
353	128794.0	128791.0
354	129596.0	128639.0
355	127748.0	127216.0
356	127667.0	128581.0
357	129937.0	128491.0
358	128426.0	127461.0
359	128475.0	127987.0
360	128844.0	128553.0
361	128274.0	127422.0
362	127865.0	128180.0
363	128478.0	127890.0
364	127316.0	126713.0
365	127446.0	127641.0
366	128755.0	127539.0
367	127605.0	126079.0
368	127577.0	127769.0
369	128785.0	127377.0
370	127843.0	126822.0
371	127765.0	127657.0
372	128428.0	126693.0
373	127790.0	126129.0
374	127451.0	126464.0
375	128177.0	126617.0
376	127685.0	125216.0
377	126991.0	126312.0
378	128115.0	126471.0
379	126608.0	125418.0
380	126718.0	126195.0
381	127868.0	126648.0
382	126941.0	124971.0
383	126925.0	125734.0
384	128094.0	126239.0
385	126735.0	124940.0
386	126452.0	125905.0
387	127208.0	126140.0
388	126655.0	125280.0
389	127275.0	125884.0
390	127433.0	125899.0
391	126085.0	125007.0
392	126252.0	126182.0
393	126340.0	126063.0
394	126558.0	125151.0
395	126173.0	126321.0
396	126864.0	125552.0
397	125476.0	124196.0
398	125639.0	125731.0
399	126599.0	125534.0
400	125918.0	124676.0
401	126014.0	125644.0
402	126853.0	125808.0
403	125755.0	125753.0
404	125322.0	125945.0
405	126204.0	125936.0
406	125412.0	125653.0
407	125265.0	125920.0
408	125851.0	126526.0
409	125403.0	125562.0
410	125617.0	125891.0
411	126177.0	126131.0
412	125591.0	125398.0
413	125278.0	126184.0
414	125590.0	125978.0
415	125001.0	125651.0
416	124928.0	125988.0
417	125896.0	125929.0
418	125259.0	126005.0
419	125188.0	127288.0
420	125716.0	126197.0
421	124911.0	125810.0
422	124348.0	126618.0
423	125083.0	126399.0
424	124952.0	126064.0
425	124573.0	126043.0
426	125475.0	125651.0
427	124838.0	125938.0
428	124775.0	126861.0
429	125713.0	126794.0
430	124818.0	126068.0
431	124419.0	126918.0
432	125478.0	126942.0
433	124938.0	126216.0
434	124645.0	127147.0
435	124657.0	127136.0
436	124452.0	126563.0
437	124589.0	127308.0
438	125393.0	127033.0
439	124260.0	126929.0
440	124353.0	127327.0
441	125497.0	127779.0
442	124487.0	127031.0
443	124378.0	126948.0
444	125096.0	127295.0
445	124212.0	126914.0
446	124896.0	127180.0
447	125740.0	127847.0
448	124780.0	126885.0
449	125048.0	127670.0
450	125227.0	127651.0
451	123943.0	127828.0
452	125414.0	128957.0
453	125216.0	127944.0
454	124234.0	127696.0
455	124972.0	127902.0
456	125782.0	128021.0
457	125093.0	127157.0
458	124711.0	128076.0
459	124994.0	128167.0
460	124863.0	128129.0
461	124821.0	128580.0
462	125281.0	128622.0
463	125074.0	127992.0
464	124908.0	128118.0
465	125643.0	127792.0
466	124775.0	127746.0
467	125254.0	128029.0
468	126240.0	128243.0
469	125153.0	127521.0
470	125159.0	127830.0
471	125342.0	128266.0
472	124662.0	127795.0
473	125715.0	128491.0
474	125766.0	128381.0
475	125205.0	127793.0
476	124797.0	128706.0
477	125421.0	129285.0
478	124912.0	128021.0
479	125283.0	128319.0
480	126479.0	128519.0
481	125169.0	127342.0
482	125951.0	128305.0
483	126587.0	128101.0
484	125750.0	127519.0
485	126064.0	127940.0
486	126047.0	128269.0
487	126086.0	127819.0
488	125928.0	128703.0
489	126673.0	128089.0
490	126609.0	127900.0
491	125793.0	128883.0
492	126711.0	128329.0
493	125533.0	127657.0
494	125572.0	128405.0
495	126631.0	128134.0
496	125837.0	127292.0
497	125696.0	128896.0
498	126865.0	127912.0
499	126204.0	127596.0
500	126054.0	127924.0
501	126211.0	127770.0
502	125522.0	127473.0
503	125744.0	127899.0
504	126568.0	128205.0
505	126327.0	127448.0
506	126716.0	127044.0
507	127570.0	127647.0
508	126379.0	127269.0
509	126526.0	127692.0
510	126695.0	127814.0
511	125916.0	127071.0
512	126295.0	127709.0
513	126893.0	127566.0
514	126528.0	126351.0
515	126254.0	127191.0
516	126804.0	127470.0
517	126477.0	126686.0
518	126260.0	127276.0
519	127018.0	127139.0
520	126480.0	126261.0
521	126202.0	127580.0
522	127061.0	126782.0
523	126000.0	126698.0
524	125813.0	127676.0
525	126285.0	126389.0
526	125869.0	125912.0
527	125942.0	127242.0
528	126937.0	127074.0
529	126230.0	126379.0
530	126212.0	127466.0
531	126676.0	127005.0
532	125604.0	125759.0
533	126231.0	126650.0
534	126480.0	126642.0
535	126122.0	125767.0
536	126446.0	126708.0
537	126806.0	126198.0
538	126177.0	124731.0
539	125887.0	125587.0
540	126657.0	126243.0
541	126343.0	125848.0
542	126008.0	126185.0
543	126237.0	126308.0
544	126382.0	125187.0
545	125829.0	126150.0
546	126798.0	126339.0
547	126707.0	125774.0
548	125659.0	125731.0
549	126618.0	125686.0
550	125683.0	125057.0
551	125551.0	125635.0
552	126784.0	125700.0
553	125561.0	125249.0
554	125826.0	125821.0
555	126280.0	125570.0
556	125740.0	125384.0
557	124954.0	125580.0
558	126144.0	125027.0
559	125554.0	124675.0
560	124987.0	124864.0
561	125569.0	125140.0
562	125395.0	124796.0
563	125588.0	125702.0
564	125879.0	125262.0
565	125119.0	124230.0
566	124969.0	124802.0
567	126271.0	125253.0
568	125156.0	125299.0
569	125939.0	125770.0
570	125901.0	125325.0
571	125081.0	124728.0
572	125138.0	124747.0
573	125505.0	125398.0
574	124923.0	124717.0
575	125213.0	125656.0
576	125869.0	125589.0
577	125274.0	124805.0
578	125161.0	125269.0
579	125628.0	125114.0
580	125356.0	124359.0
581	124406.0	125531.0
582	125620.0	125094.0
583	124832.0	124349.0
584	124660.0	125569.0
585	125244.0	125193.0
586	124821.0	125099.0
587	124482.0	125505.0
588	125813.0	124995.0
589	124941.0	124401.0
590	125086.0	124908.0
591	125629.0	125566.0
592	124963.0	124953.0
593	124759.0	125188.0
594	125223.0	125423.0
595	124617.0	125122.0
596	124780.0	124994.0
597	125377.0	125331.0
598	124288.0	125102.0
599	124391.0	125453.0
600	125302.0	125620.0
601	124028.0	124980.0
602	124434.0	125761.0
603	125157.0	124982.0
604	124539.0	125122.0
605	124361.0	125343.0
606	124737.0	125668.0
607	124631.0	125022.0
608	124023.0	125869.0
609	125024.0	125763.0
610	124618.0	125321.0
611	124423.0	126251.0
612	125120.0	125617.0
613	124504.0	124628.0
614	124398.0	125782.0
615	125155.0	125429.0
616	124577.0	125727.0
617	124064.0	126161.0
618	125123.0	125911.0
619	124635.0	125351.0
620	124680.0	125667.0
621	124839.0	125881.0
622	124236.0	125413.0
623	124457.0	126192.0
624	125289.0	126181.0
625	124115.0	125507.0
626	124591.0	126155.0
627	125302.0	126448.0
628	125062.0	125704.0
629	124331.0	125983.0
630	125376.0	126658.0
631	124114.0	126141.0
632	124564.0	126411.0
633	124766.0	125911.0
634	124446.0	125853.0
635	124466.0	126755.0
636	125257.0	125832.0
637	124682.0	126141.0
638	124584.0	126918.0
639	125371.0	126535.0
640	125011.0	125630.0
641	124927.0	126209.0
642	125355.0	125906.0
643	125582.0	125916.0
644	124928.0	126593.0
645	125290.0	126607.0
646	124991.0	125753.0
647	124470.0	126378.0
648	125862.0	126659.0
649	125186.0	125766.0
650	124450.0	126291.0
651	125389.0	126439.0
652	124596.0	126004.0
653	125220.0	126822.0
654	125206.0	126657.0
655	124571.0	125815.0
656	124490.0	126607.0
657	125485.0	126866.0
658	124967.0	125827.0
659	124484.0	126253.0
660	125636.0	126212.0
661	125061.0	125727.0
662	125187.0	126415.0
663	125353.0	126706.0
664	125297.0	125899.0
665	125344.0	126592.0
666	125996.0	125868.0
667	125046.0	125856.0
668	124993.0	126416.0
669	125616.0	126468.0
670	125613.0	126055.0
671	125386.0	126702.0
672	126213.0	126537.0
673	125033.0	125012.0
674	125551.0	126548.0
675	125510.0	126124.0
676	125254.0	125888.0
677	125438.0	126453.0
678	124756.0	125891.0
679	125775.0	125682.0
680	124879.0	126167.0
681	125614.0	126356.0
682	125198.0	125853.0
683	125386.0	125217.0
684	125577.0	125523.0
685	125398.0	125878.0
686	124568.0	126086.0
687	125697.0	126068.0
688	125120.0	125586.0
689	125159.0	126098.0
690	125662.0	125495.0
691	125688.0	125414.0
692	125691.0	125794.0
693	125777.0	125417.0
694	125286.0	124884.0
695	125425.0	125935.0
696	125947.0	126160.0
697	125730.0	125230.0
698	125193.0	125382.0
699	126097.0	125942.0
700	124805.0	125674.0
701	124446.0	126166.0
702	125371.0	126319.0
703	124621.0	125137.0
704	125010.0	125854.0
705	126087.0	125790.0
706	125005.0	124752.0
707	124959.0	126136.0
708	125030.0	125124.0
709	125363.0	125007.0
710	125250.0	125253.0
711	125327.0	125571.0
712	125649.0	124881.0
713	125315.0	125192.0
714	125918.0	125092.0
715	124968.0	124371.0
716	124769.0	126179.0
717	125188.0	125011.0
718	124693.0	124838.0
719	124847.0	126049.0
720	125579.0	125842.0
721	125166.0	124813.0
722	125118.0	124462.0
723	125296.0	125199.0
724	125296.0	124971.0
725	124694.0	125308.0
726	125239.0	125261.0
727	124697.0	124948.0
728	124523.0	125211.0
729	125003.0	124700.0
730	124933.0	124164.0
731	125059.0	125276.0
732	125555.0	125272.0
733	125129.0	124362.0
734	125054.0	124906.0
735	125381.0	124993.0
736	125163.0	124876.0
737	124410.0	125203.0
738	125091.0	125447.0
739	124626.0	124497.0
740	125017.0	125152.0
741	124972.0	124991.0
742	124394.0	124338.0
743	124621.0	125366.0
744	124818.0	124798.0
745	124588.0	124241.0
746	124845.0	124966.0
747	125029.0	125288.0
748	124288.0	124147.0
749	124707.0	125577.0
750	125337.0	125399.0
751	124540.0	124556.0
752	124620.0	125012.0
753	124984.0	124289.0
754	124695.0	124688.0
755	125115.0	124748.0
756	124546.0	124901.0
757	124486.0	124674.0
758	124435.0	124950.0
759	124868.0	125225.0
760	124183.0	124808.0
761	124646.0	125158.0
762	125274.0	125020.0
763	124992.0	124355.0
764	124920.0	124916.0
765	124853.0	125025.0
766	124540.0	124685.0
767	124443.0	125428.0
768	124812.0	125102.0
769	124733.0	124297.0
770	123705.0	125171.0
771	125215.0	125234.0
772	124262.0	124737.0
773	124890.0	124794.0
774	125236.0	125251.0
775	124962.0	124453.0
776	124409.0	124902.0
777	124269.0	125128.0
778	124242.0	124306.0
779	123648.0	124518.0
780	124153.0	125590.0
781	123971.0	124942.0
782	125237.0	125257.0
783	124669.0	125005.0
784	124375.0	124844.0
785	124395.0	125563.0
786	124333.0	125288.0
787	124038.0	125292.0
788	123835.0	125658.0
789	124837.0	125396.0
790	123768.0	124768.0
791	124291.0	125481.0
792	124673.0	125413.0
793	124340.0	124890.0
794	124042.0	125132.0
795	125012.0	124998.0
796	124676.0	125167.0
797	124661.0	125583.0
798	124700.0	125282.0
799	124485.0	124488.0
800	124424.0	125090.0
801	124459.0	125745.0
802	124649.0	124366.0
803	124724.0	125274.0
804	124924.0	125053.0
805	124024.0	124881.0
806	124790.0	125100.0
807	124714.0	125258.0
808	124108.0	125170.0
809	123974.0	125260.0
810	125034.0	125001.0
811	124738.0	124807.0
812	124484.0	125115.0
813	124783.0	125477.0
814	123990.0	124781.0
815	124102.0	125295.0
816	124708.0	124776.0
817	124124.0	124882.0
818	124836.0	125226.0
819	125035.0	125601.0
820	124617.0	125387.0
821	124665.0	125397.0
822	124844.0	125522.0
823	125040.0	124996.0
824	124345.0	125264.0
825	125213.0	125061.0
826	124525.0	124456.0
827	124529.0	125338.0
828	125282.0	125357.0
829	123748.0	124678.0
830	124419.0	125099.0
831	125053.0	125103.0
832	124277.0	125276.0
833	124414.0	125677.0
834	124636.0	124623.0
835	124019.0	125250.0
836	124202.0	125415.0
837	125070.0	125169.0
838	124310.0	124828.0
839	124613.0	125188.0
840	125363.0	125130.0
841	124077.0	124794.0
842	124892.0	125461.0
843	124870.0	125559.0
844	124142.0	124782.0
845	124562.0	125051.0
846	124329.0	125191.0
847	123948.0	124672.0
848	124539.0	125310.0
849	124613.0	125535.0
850	124403.0	125106.0
851	124206.0	125441.0
852	125552.0	124986.0
853	124529.0	124840.0
854	124453.0	125335.0
855	125537.0	125486.0
856	124174.0	124735.0
857	123839.0	125325.0
858	124849.0	124835.0
859	124449.0	124488.0
860	125249.0	125049.0
861	124839.0	124416.0
862	123787.0	124424.0
863	124039.0	125218.0
864	124873.0	124937.0
865	124463.0	124368.0
866	124093.0	124917.0
867	124525.0	125351.0
868	124251.0	124551.0
869	124654.0	124768.0
870	124182.0	125347.0
871	124645.0	124714.0
872	124303.0	124486.0
873	124300.0	124803.0
874	124538.0	125147.0
875	124416.0	124667.0
876	124745.0	124708.0
877	124260.0	124900.0
878	123991.0	124871.0
879	125228.0	124851.0
880	124858.0	124423.0
881	124482.0	124236.0
882	124499.0	124809.0
883	124279.0	123886.0
884	124637.0	124795.0
885	124205.0	124391.0
886	124488.0	124305.0
887	125260.0	124445.0
888	124825.0	124904.0
889	124155.0	124632.0
890	124841.0	124744.0
891	124993.0	124899.0
892	124175.0	123851.0
893	123851.0	124629.0
894	125237.0	124595.0
895	123885.0	124960.0
896	124050.0	125331.0
897	124811.0	125160.0
898	124330.0	124327.0
899	123858.0	124684.0
900	124868.0	124752.0
901	123966.0	123747.0
902	123634.0	124786.0
903	124357.0	124472.0
904	124158.0	124576.0
905	124066.0	124709.0
906	124281.0	124761.0
907	123991.0	124369.0
908	124402.0	124528.0
909	124261.0	124918.0
910	124261.0	125005.0
911	124614.0	124236.0
912	124629.0	125179.0
913	124121.0	124216.0
914	124307.0	124598.0
915	124306.0	123601.0
916	123748.0	124768.0
917	123856.0	125072.0
918	123959.0	124978.0
919	123757.0	124631.0
920	124125.0	125234.0
921	124773.0	124545.0
922	123702.0	124743.0
923	124039.0	124541.0
924	124151.0	125030.0
925	124366.0	124352.0
926	123521.0	124452.0
927	123589.0	124916.0
928	124209.0	124459.0
929	123821.0	124746.0
930	124317.0	125025.0
931	124148.0	124396.0
932	124172.0	124468.0
933	123801.0	124947.0
934	123920.0	124295.0
935	123482.0	124340.0
936	124280.0	124665.0
937	124149.0	124380.0
938	123718.0	124639.0
939	124591.0	125209.0
940	124416.0	124615.0
941	124565.0	124353.0
942	124394.0	124689.0
943	123851.0	124259.0
944	124058.0	124880.0
945	123790.0	124530.0
946	124241.0	125324.0
947	124007.0	124533.0
948	123710.0	124644.0
949	123672.0	124870.0
950	123730.0	124806.0
951	125031.0	124806.0
952	124142.0	124382.0
953	124226.0	124603.0
954	124417.0	124983.0
955	124373.0	124794.0
956	123715.0	124994.0
957	124004.0	124691.0
958	124521.0	124269.0
959	124299.0	124440.0
960	124279.0	124480.0
961	123923.0	124308.0
962	123801.0	124721.0
963	124368.0	123907.0
964	123912.0	123438.0
965	123571.0	124509.0
966	124464.0	125038.0
967	124003.0	124710.0
968	124487.0	124378.0
969	123815.0	124236.0
970	123920.0	123883.0
971	124061.0	124920.0
972	124428.0	124453.0
973	123509.0	123977.0
974	124452.0	124788.0
975	124585.0	124679.0
976	123296.0	124208.0
977	124121.0	124205.0
978	123878.0	124444.0
979	123518.0	124706.0
980	123666.0	123752.0
981	125024.0	124201.0
982	123927.0	123827.0
983	124121.0	124121.0
984	123936.0	124615.0
985	123804.0	124241.0
986	124093.0	124745.0
987	124502.0	124419.0
988	123562.0	124588.0
989	123989.0	125275.0
990	123864.0	124983.0
991	124104.0	124624.0
992	124306.0	124348.0
993	124758.0	124101.0
994	124703.0	124325.0
995	124396.0	124245.0
996	124708.0	124039.0
997	123639.0	124125.0
998	123572.0	124543.0
999	123469.0	123708.0
1000	123759.0	123626.0
1001	123739.0	124034.0
1002	124621.0	124277.0
1003	123880.0	124189.0
1004	123935.0	124083.0
1005	123778.0	124373.0
1006	123386.0	124067.0
1007	123212.0	124147.0
1008	124148.0	124867.0
1009	123644.0	123905.0
1010	124373.0	124623.0
1011	124296.0	124826.0
1012	124441.0	124147.0
1013	124418.0	124042.0
1014	124345.0	124359.0
1015	123680.0	124037.0
1016	123911.0	124619.0
1017	123940.0	124786.0
1018	123566.0	123397.0
1019	123494.0	123927.0
1020	123727.0	124583.0
1021	123761.0	123880.0
1022	124148.0	123761.0
1023	123849.0	124281.0
1024	123911.0	123502.0
1025	122798.0	124152.0
1026	124075.0	124362.0
1027	123533.0	124077.0
1028	123481.0	124348.0
1029	124067.0	124431.0
1030	124059.0	124240.0
1031	123840.0	123864.0
1032	124646.0	124320.0
1033	123961.0	123634.0
1034	123707.0	124621.0
1035	123741.0	124802.0
1036	123400.0	124412.0
1037	124212.0	124349.0
1038	124067.0	123883.0
1039	123580.0	124006.0
1040	123606.0	123906.0
1041	123300.0	123837.0
1042	124082.0	124369.0
1043	123829.0	124722.0
1044	123723.0	124246.0
1045	123368.0	123670.0
1046	123231.0	123772.0
1047	124127.0	124041.0
1048	123616.0	123373.0
1049	124005.0	123604.0
1050	124205.0	124027.0
1051	123803.0	123935.0
1052	123527.0	123508.0
1053	124253.0	124144.0
1054	123376.0	124411.0
1055	123589.0	124133.0
1056	123537.0	124015.0
1057	123507.0	123900.0
1058	123034.0	124489.0
1059	123551.0	124379.0
1060	123214.0	124081.0
1061	123734.0	124486.0
1062	123757.0	124505.0
1063	123931.0	124610.0
1064	123674.0	123772.0
1065	124143.0	123915.0
1066	123918.0	123776.0
1067	123676.0	124124.0
1068	124556.0	124718.0
1069	123245.0	123653.0
1070	123491.0	124146.0
1071	123854.0	123767.0
1072	123343.0	123961.0
1073	123966.0	124184.0
1074	123998.0	124529.0
1075	123187.0	124067.0
1076	123601.0	123584.0
1077	123662.0	124163.0
1078	123984.0	123496.0
1079	123405.0	123997.0
1080	123542.0	124127.0
1081	123257.0	124549.0
1082	123470.0	124325.0
1083	123578.0	124066.0
1084	123066.0	123779.0
1085	123508.0	124651.0
1086	123783.0	124056.0
1087	123485.0	123800.0
1088	123717.0	124177.0
1089	123773.0	124520.0
1090	123800.0	123952.0
1091	123709.0	124220.0
1092	123799.0	124257.0
1093	122954.0	123745.0
1094	123261.0	124142.0
1095	124030.0	123982.0
1096	123060.0	124259.0
1097	123210.0	124033.0
1098	124402.0	124137.0
1099	123389.0	123825.0
1100	123569.0	124305.0
1101	123856.0	124203.0
1102	123789.0	124175.0
1103	123462.0	123993.0
1104	123940.0	124505.0
1105	123750.0	123770.0
1106	123125.0	124171.0
1107	123632.0	124101.0
1108	123417.0	123384.0
1109	122870.0	123955.0
1110	124067.0	123688.0
1111	123195.0	123919.0
1112	123063.0	124239.0
1113	123812.0	124223.0
1114	123275.0	124452.0
1115	123723.0	124054.0
1116	123718.0	123921.0
1117	123385.0	123668.0
1118	123083.0	124002.0
1119	123985.0	124383.0
1120	123351.0	123552.0
1121	123567.0	123965.0
1122	124414.0	124468.0
1123	123852.0	123674.0
1124	123739.0	124497.0
1125	124311.0	124183.0
1126	123390.0	123997.0
1127	123495.0	124387.0
1128	123778.0	123940.0
1129	123351.0	124038.0
1130	124120.0	123607.0
1131	123646.0	124252.0
1132	123405.0	123951.0
1133	123525.0	123821.0
1134	123447.0	124436.0
1135	122401.0	123901.0
1136	123319.0	124204.0
1137	123889.0	124093.0
1138	123375.0	123585.0
1139	123499.0	123456.0
1140	123928.0	124335.0
1141	123172.0	123416.0
1142	123476.0	123573.0
1143	123066.0	124663.0
1144	123076.0	124001.0
1145	123926.0	123920.0
1146	123394.0	124162.0
1147	123669.0	123841.0
1148	123585.0	123723.0
1149	123958.0	123637.0
1150	123539.0	124067.0
1151	123358.0	124580.0
1152	124431.0	123349.0
1153	123680.0	123302.0
1154	123320.0	123760.0
1155	123569.0	123954.0
1156	123424.0	123431.0
1157	123841.0	124636.0
1158	123778.0	124096.0
1159	122739.0	123979.0
1160	123583.0	123930.0
1161	122954.0	123045.0
1162	123501.0	123714.0
1163	123632.0	123674.0
1164	124179.0	124081.0
1165	123416.0	123680.0
1166	123961.0	123951.0
1167	123569.0	123734.0
1168	123463.0	123696.0
1169	123963.0	124188.0
1170	123881.0	124129.0
1171	123529.0	123164.0
1172	123207.0	123493.0
1173	124145.0	123496.0
1174	123658.0	123452.0
1175	123804.0	123139.0
1176	123341.0	123824.0
1177	123796.0	123429.0
1178	123461.0	123997.0
1179	123413.0	123308.0
1180	123411.0	123380.0
1181	123524.0	124023.0
1182	123474.0	123603.0
1183	123254.0	123626.0
1184	123616.0	123484.0
1185	123744.0	123068.0
1186	123266.0	122958.0
1187	123251.0	123534.0
1188	123244.0	124065.0
1189	122403.0	123812.0
1190	122970.0	123803.0
1191	123652.0	124053.0
1192	123138.0	123782.0
1193	123639.0	123374.0
1194	123308.0	124084.0
1195	122970.0	123326.0
1196	123417.0	123755.0
1197	123698.0	123132.0
1198	123190.0	123361.0
1199	123121.0	123322.0
1200	123859.0	123655.0
1201	123520.0	123357.0
1202	123261.0	123021.0
1203	123440.0	123299.0
1204	123736.0	123161.0
1205	123531.0	123387.0
1206	122712.0	123977.0
1207	123184.0	123189.0
1208	123360.0	123528.0
1209	123355.0	123786.0
1210	123522.0	123351.0
1211	123751.0	123708.0
1212	123278.0	123449.0
1213	122759.0	123517.0
1214	123442.0	123318.0
1215	123306.0	123399.0
1216	123481.0	123911.0
1217	122977.0	123573.0
1218	123750.0	123938.0
1219	123093.0	123542.0
1220	123033.0	123858.0
1221	123675.0	124009.0
1222	123136.0	123237.0
1223	123121.0	124056.0
1224	123032.0	123785.0
1225	123296.0	123445.0
1226	123119.0	123636.0
1227	123550.0	123510.0
1228	123003.0	123026.0
1229	123089.0	123395.0
1230	123540.0	123681.0
1231	122917.0	122879.0
1232	122953.0	123828.0
1233	123377.0	123869.0
1234	122864.0	123559.0
1235	122864.0	123798.0
1236	123050.0	123679.0
1237	122396.0	123181.0
1238	122858.0	122976.0
1239	123314.0	123383.0
1240	122714.0	123388.0
1241	122835.0	123812.0
1242	123391.0	123537.0
1243	123454.0	123263.0
1244	123625.0	123505.0
1245	123215.0	123985.0
1246	123055.0	123286.0
1247	122675.0	123958.0
1248	123681.0	124041.0
1249	123826.0	123776.0
1250	123017.0	123678.0
1251	123492.0	123327.0
1252	123037.0	123490.0
1253	123327.0	123867.0
1254	123471.0	123423.0
1255	122086.0	123666.0
1256	122573.0	123401.0
1257	123052.0	123424.0
1258	122782.0	123458.0
1259	123051.0	124010.0
1260	123013.0	123473.0
1261	123495.0	124079.0
1262	123181.0	123517.0
1263	123242.0	123943.0
1264	122774.0	122920.0
1265	122573.0	123682.0
1266	123084.0	123131.0
1267	123703.0	123154.0
1268	123163.0	124130.0
1269	123095.0	124013.0
1270	122501.0	123869.0
1271	122132.0	123765.0
1272	123021.0	124164.0
1273	122912.0	123923.0
1274	122798.0	123765.0
1275	122963.0	123595.0
1276	123040.0	123227.0
1277	122709.0	124127.0
1278	123514.0	123627.0
1279	123325.0	123146.0
1280	122992.0	123795.0
1281	123250.0	123761.0
1282	122902.0	123429.0
1283	123465.0	124055.0
1284	123175.0	123820.0
1285	123082.0	123270.0
1286	122436.0	123705.0
1287	122722.0	123498.0
1288	122714.0	123148.0
1289	123192.0	124129.0
1290	123223.0	123987.0
1291	123005.0	123554.0
1292	123220.0	123248.0
1293	122994.0	123829.0
1294	123115.0	123621.0
1295	122908.0	123815.0
1296	123486.0	124099.0
1297	123018.0	123671.0
1298	122734.0	123736.0
1299	122907.0	123427.0
1300	122883.0	124317.0
1301	122909.0	123858.0
1302	123472.0	123141.0
1303	123676.0	123330.0
1304	122750.0	123793.0
1305	122676.0	123953.0
1306	123013.0	122944.0
1307	122350.0	123426.0
1308	123445.0	122926.0
1309	123089.0	123433.0
1310	123231.0	123173.0
1311	123367.0	123655.0
1312	123365.0	123748.0
1313	122378.0	123288.0
1314	123662.0	123520.0
1315	123808.0	123103.0
1316	123165.0	123034.0
1317	123151.0	123760.0
1318	123361.0	123577.0
1319	123274.0	124317.0
1320	123323.0	124188.0
1321	123262.0	123118.0
1322	123350.0	123131.0
1323	123232.0	123075.0
1324	123422.0	123357.0
1325	123277.0	122860.0
1326	123449.0	122972.0
1327	122620.0	122895.0
1328	123142.0	123625.0
1329	123473.0	123193.0
1330	123437.0	122910.0
1331	123146.0	123103.0
1332	122443.0	123447.0
1333	122792.0	123916.0
1334	122851.0	124485.0
1335	123640.0	123762.0
1336	123202.0	123089.0
1337	122877.0	123665.0
1338	122657.0	123373.0
1339	123226.0	123397.0
1340	123363.0	123163.0
1341	123014.0	123427.0
1342	122635.0	123006.0
1343	122575.0	123518.0
1344	122766.0	123538.0
1345	122545.0	123044.0
1346	122761.0	123304.0
1347	123135.0	123788.0
1348	122837.0	123123.0
1349	122648.0	123689.0
1350	123204.0	123124.0
1351	123316.0	123074.0
1352	122726.0	123277.0
1353	123136.0	123216.0
1354	122603.0	123077.0
1355	122533.0	123575.0
1356	123104.0	123680.0
1357	123662.0	122756.0
1358	122939.0	123754.0
1359	123086.0	124017.0
1360	122746.0	122601.0
1361	123095.0	123730.0
1362	123165.0	123217.0
1363	122986.0	122763.0
1364	122394.0	122469.0
1365	123657.0	122846.0
1366	122873.0	123450.0
1367	122823.0	123139.0
1368	123040.0	122802.0
1369	122623.0	122626.0
1370	122556.0	122538.0
1371	122226.0	123219.0
1372	122779.0	123127.0
1373	122648.0	122944.0
1374	123057.0	123433.0
1375	122831.0	122759.0
1376	122240.0	123495.0
1377	122742.0	122907.0
1378	123002.0	122585.0
1379	122936.0	123614.0
1380	122849.0	123615.0
1381	123287.0	123062.0
1382	123416.0	122670.0
1383	123621.0	123442.0
1384	122817.0	122364.0
1385	123020.0	122588.0
1386	123412.0	122909.0
1387	123021.0	122672.0
1388	122869.0	122586.0
1389	122381.0	122962.0
1390	123047.0	123007.0
1391	122760.0	122824.0
1392	123401.0	122725.0
1393	122718.0	123590.0
1394	122727.0	123010.0
1395	122579.0	123202.0
1396	122228.0	123416.0
1397	122706.0	123487.0
1398	123140.0	123366.0
1399	122497.0	122449.0
1400	123121.0	123182.0
1401	122963.0	123726.0
1402	123581.0	122920.0
1403	123089.0	123133.0
1404	123392.0	122334.0
1405	122845.0	122306.0
1406	122743.0	122896.0
1407	122642.0	122374.0
1408	122481.0	122970.0
1409	122659.0	123701.0
1410	122678.0	123716.0
1411	122314.0	123365.0
1412	122747.0	123066.0
1413	122770.0	123468.0
1414	122818.0	122939.0
1415	122776.0	123199.0
1416	123248.0	123185.0
1417	122448.0	122453.0
1418	122215.0	122400.0
1419	122788.0	123674.0
1420	122709.0	123176.0
1421	122516.0	123157.0
1422	122640.0	123128.0
1423	122317.0	122841.0
1424	121940.0	123340.0
1425	122688.0	123357.0
1426	122655.0	123250.0
1427	122592.0	123033.0
1428	122934.0	122808.0
1429	122773.0	123095.0
1430	121981.0	122490.0
1431	122562.0	123910.0
1432	122997.0	123246.0
1433	122217.0	123030.0
1434	122671.0	122783.0
1435	122705.0	122461.0
1436	122876.0	122901.0
1437	122176.0	122877.0
1438	122461.0	123003.0
1439	122506.0	123125.0
1440	122623.0	123100.0
1441	122358.0	122832.0
1442	122269.0	123280.0
1443	122688.0	123079.0
1444	122676.0	122730.0
1445	122719.0	122769.0
1446	122905.0	123234.0
1447	122554.0	122921.0
1448	122938.0	123828.0
1449	122801.0	123616.0
1450	122641.0	123039.0
1451	122656.0	122764.0
1452	122411.0	123184.0
1453	122867.0	123234.0
1454	123007.0	123504.0
1455	123135.0	123098.0
1456	122692.0	123187.0
1457	122654.0	123055.0
1458	123091.0	123636.0
1459	122563.0	123443.0
1460	122601.0	123091.0
1461	122786.0	123315.0
1462	123131.0	122728.0
1463	123082.0	123070.0
1464	121893.0	122929.0
1465	122677.0	123111.0
1466	122821.0	122831.0
1467	122743.0	123113.0
1468	122541.0	122270.0
1469	122673.0	123182.0
1470	122981.0	123382.0
1471	122718.0	123252.0
1472	122267.0	123323.0
1473	122604.0	122743.0
1474	123273.0	122693.0
1475	122762.0	122958.0
1476	123035.0	123503.0
1477	122708.0	123086.0
1478	122983.0	123071.0
1479	122925.0	122910.0
1480	122646.0	123012.0
1481	122197.0	122755.0
1482	122444.0	123564.0
1483	123034.0	122514.0
1484	122917.0	122983.0
1485	122397.0	123436.0
1486	122525.0	122719.0
1487	122512.0	123448.0
1488	123076.0	123084.0
1489	122578.0	123353.0
1490	122616.0	123534.0
1491	122770.0	123180.0
1492	122419.0	122467.0
1493	123147.0	122409.0
1494	122825.0	123245.0
1495	122962.0	122431.0
1496	123050.0	123020.0
1497	122704.0	122809.0
1498	122423.0	123032.0
1499	122947.0	123275.0
1500	122748.0	123022.0
1501	122033.0	122792.0
1502	122427.0	122995.0
1503	122279.0	123152.0
1504	122854.0	122802.0
1505	122362.0	123381.0
1506	122858.0	123155.0
1507	121937.0	122678.0
1508	122803.0	123586.0
1509	122577.0	122689.0
1510	122430.0	122906.0
1511	122617.0	122440.0
1512	122618.0	122515.0
1513	122975.0	122968.0
1514	122816.0	123263.0
1515	122346.0	122638.0
1516	123149.0	122708.0
1517	122321.0	122924.0
1518	122560.0	122796.0
1519	122922.0	122510.0
1520	122433.0	123071.0
1521	123165.0	122993.0
1522	122442.0	122524.0
1523	122564.0	122973.0
1524	122745.0	122526.0
1525	122428.0	122903.0
1526	122638.0	122742.0
1527	122367.0	122678.0
1528	122308.0	122988.0
1529	122529.0	123149.0
1530	123160.0	122594.0
1531	123271.0	122283.0
1532	122688.0	122701.0
1533	122813.0	122865.0
1534	122784.0	122490.0
1535	122593.0	122753.0
1536	122317.0	123253.0
1537	121999.0	122225.0
1538	122897.0	122631.0
1539	122156.0	122431.0
1540	122442.0	122732.0
1541	122540.0	123058.0
1542	122778.0	122454.0
1543	122415.0	122614.0
1544	122299.0	122622.0
1545	122064.0	123150.0
1546	123357.0	122256.0
1547	122406.0	122747.0
1548	122603.0	122729.0
1549	122739.0	122283.0
1550	122318.0	122526.0
1551	122774.0	123120.0
1552	123013.0	122913.0
1553	122239.0	123089.0
1554	122541.0	123029.0
1555	122597.0	122477.0
1556	122235.0	122703.0
1557	122191.0	122637.0
1558	121784.0	122799.0
1559	122573.0	123264.0
1560	122402.0	123043.0
1561	122177.0	122986.0
1562	122266.0	123142.0
1563	121826.0	122655.0
1564	122757.0	122636.0
1565	122352.0	122571.0
1566	122284.0	122647.0
1567	122077.0	122881.0
1568	121644.0	122444.0
1569	122951.0	122619.0
1570	122487.0	123334.0
1571	122453.0	122142.0
1572	122148.0	122966.0
1573	122349.0	122890.0
1574	122045.0	122311.0
1575	122433.0	122915.0
1576	122472.0	122626.0
1577	122457.0	123028.0
1578	122116.0	123145.0
1579	122192.0	123144.0
1580	122633.0	122897.0
1581	122610.0	122037.0
1582	122366.0	122235.0
1583	122232.0	123243.0
1584	122348.0	122701.0
1585	121653.0	122771.0
1586	122461.0	122651.0
1587	122604.0	123099.0
1588	122563.0	122433.0
1589	122465.0	122325.0
1590	122030.0	122843.0
1591	122254.0	122644.0
1592	122303.0	122981.0
1593	122786.0	122691.0
1594	122379.0	122541.0
1595	122279.0	122305.0
1596	122240.0	123264.0
1597	122426.0	122976.0
1598	122257.0	122980.0
1599	122867.0	122546.0
1600	122824.0	122619.0
1601	122816.0	122630.0
1602	122417.0	122996.0
1603	122104.0	122134.0
1604	123256.0	122813.0
1605	122960.0	122700.0
1606	122138.0	121663.0
1607	122019.0	122506.0
1608	122622.0	122418.0
1609	122351.0	122939.0
1610	122841.0	123155.0
1611	122267.0	122403.0
1612	121715.0	122423.0
1613	122510.0	122959.0
1614	121979.0	122268.0
1615	122316.0	122558.0
1616	122103.0	123096.0
1617	122019.0	122697.0
1618	123134.0	122431.0
1619	121896.0	122297.0
1620	122227.0	122645.0
1621	122057.0	122738.0
1622	122219.0	122732.0
1623	122179.0	123228.0
1624	122297.0	122513.0
1625	122306.0	122685.0
1626	122452.0	122495.0
1627	122190.0	122875.0
1628	122195.0	122896.0
1629	122055.0	122094.0
1630	122621.0	122378.0
1631	122266.0	122092.0
1632	122465.0	122709.0
1633	121958.0	122154.0
1634	122171.0	122581.0
1635	122261.0	122595.0
1636	122203.0	122419.0
1637	121795.0	122101.0
1638	122586.0	123156.0
1639	121966.0	123031.0
1640	122730.0	122899.0
1641	122572.0	122663.0
1642	122810.0	122423.0
1643	122821.0	122823.0
1644	121876.0	122464.0
1645	121929.0	122467.0
1646	122275.0	122272.0
1647	122615.0	122258.0
1648	122228.0	122807.0
1649	122323.0	122461.0
1650	122441.0	122697.0
1651	122224.0	122527.0
1652	122347.0	122991.0
1653	122247.0	122990.0
1654	122673.0	121978.0
1655	122324.0	122608.0
1656	121850.0	122392.0
1657	122255.0	122606.0
1658	122808.0	122908.0
1659	122420.0	122391.0
1660	121813.0	122910.0
1661	122056.0	122276.0
1662	121727.0	123156.0
1663	121599.0	122865.0
1664	121896.0	122760.0
1665	122455.0	122914.0
1666	122495.0	122677.0
1667	122388.0	122822.0
1668	122821.0	123073.0
1669	122339.0	122130.0
1670	122839.0	122609.0
1671	122828.0	122418.0
1672	121858.0	122492.0
1673	122360.0	122210.0
1674	122632.0	122887.0
1675	122790.0	122940.0
1676	122552.0	123368.0
1677	122514.0	122752.0
1678	122049.0	122448.0
1679	121959.0	122674.0
1680	122585.0	122283.0
1681	121989.0	122492.0
1682	121987.0	122239.0
1683	122322.0	121881.0
1684	122391.0	122460.0
1685	121823.0	122441.0
1686	121955.0	121703.0
1687	122315.0	122376.0
1688	122356.0	122056.0
1689	122098.0	122183.0
1690	122467.0	122336.0
1691	122428.0	122368.0
1692	122002.0	121992.0
1693	121737.0	122502.0
1694	122651.0	122200.0
1695	123038.0	122663.0
1696	122749.0	122673.0
1697	122369.0	121843.0
1698	122023.0	122147.0
1699	122023.0	122266.0
1700	122094.0	122820.0
1701	121924.0	122739.0
1702	121563.0	122169.0
1703	122337.0	122498.0
1704	122579.0	123064.0
1705	121867.0	122352.0
1706	121851.0	122090.0
1707	122076.0	122349.0
1708	122128.0	122143.0
1709	122062.0	122572.0
1710	122124.0	122260.0
1711	122319.0	122274.0
1712	122181.0	121606.0
1713	122099.0	122527.0
1714	122271.0	122275.0
1715	121896.0	122011.0
1716	122027.0	122259.0
1717	121218.0	122058.0
1718	122148.0	122846.0
1719	122406.0	122482.0
1720	121840.0	122079.0
1721	121882.0	122412.0
1722	122236.0	122152.0
1723	122242.0	121920.0
1724	122324.0	122381.0
1725	122062.0	122351.0
1726	121811.0	121996.0
1727	122302.0	122157.0
1728	122781.0	122424.0
1729	121897.0	122161.0
1730	122268.0	122678.0
1731	122255.0	122472.0
1732	121875.0	122291.0
1733	122588.0	122282.0
1734	121473.0	122637.0
1735	121476.0	122056.0
1736	122098.0	121814.0
1737	122284.0	122525.0
1738	122233.0	122604.0
1739	122153.0	122580.0
1740	122214.0	122765.0
1741	121847.0	122613.0
1742	121967.0	122409.0
1743	121781.0	122564.0
1744	121880.0	122416.0
1745	121914.0	122906.0
1746	122037.0	123047.0
1747	122503.0	122985.0
1748	121833.0	122539.0
1749	122097.0	122732.0
1750	121805.0	122557.0
1751	121856.0	122435.0
1752	121939.0	121835.0
1753	121953.0	122265.0
1754	121814.0	122721.0
1755	122142.0	122182.0
1756	121982.0	122331.0
1757	122280.0	122169.0
1758	122013.0	122646.0
1759	122059.0	122453.0
1760	121648.0	122517.0
1761	122017.0	122504.0
1762	122232.0	122330.0
1763	121557.0	122474.0
1764	122455.0	122705.0
1765	121640.0	121751.0
1766	122170.0	122667.0
1767	122588.0	122646.0
1768	121705.0	122431.0
1769	122049.0	122380.0
1770	122370.0	122151.0
1771	121821.0	122150.0
1772	121954.0	122587.0
1773	122125.0	121972.0
1774	121469.0	122124.0
1775	121759.0	122409.0
1776	121996.0	121793.0
1777	121627.0	121567.0
1778	122140.0	122373.0
1779	122522.0	122387.0
1780	121606.0	122131.0
1781	122285.0	123175.0
1782	121648.0	122411.0
1783	122336.0	122677.0
1784	122046.0	121847.0
1785	122419.0	122312.0
1786	122140.0	122132.0
1787	122146.0	122585.0
1788	122221.0	122790.0
1789	121310.0	121796.0
1790	121872.0	122967.0
1791	122043.0	122101.0
1792	121837.0	121630.0
1793	121908.0	122194.0
1794	122035.0	122301.0
1795	121746.0	122461.0
1796	122011.0	122580.0
1797	122369.0	122165.0
1798	121785.0	122361.0
1799	122073.0	122396.0
1800	122284.0	122400.0
1801	121707.0	122245.0
1802	121869.0	122380.0
1803	122335.0	122931.0
1804	122109.0	122743.0
1805	121773.0	122061.0
1806	122309.0	122268.0
1807	122152.0	122082.0
1808	122254.0	122501.0
1809	121935.0	121946.0
1810	122233.0	122253.0
1811	121811.0	122475.0
1812	122717.0	122252.0
1813	121816.0	122505.0
1814	121410.0	122105.0
1815	122349.0	122764.0
1816	122006.0	122309.0
1817	122176.0	122958.0
1818	121793.0	121906.0
1819	122134.0	122419.0
1820	121992.0	122220.0
1821	122085.0	122221.0
1822	122022.0	121840.0
1823	122427.0	122202.0
1824	122114.0	122026.0
1825	121846.0	121627.0
1826	121441.0	121926.0
1827	121915.0	121909.0
1828	122473.0	122141.0
1829	122188.0	121929.0
1830	121995.0	121578.0
1831	122496.0	122206.0
1832	122164.0	121991.0
1833	121858.0	122129.0
1834	122321.0	122344.0
1835	122063.0	121750.0
1836	122550.0	122306.0
1837	122028.0	122286.0
1838	122468.0	122512.0
1839	122082.0	122435.0
1840	121867.0	122860.0
1841	122472.0	122491.0
1842	122299.0	122776.0
1843	121983.0	122408.0
1844	121649.0	122831.0
1845	122542.0	122644.0
1846	121780.0	121961.0
1847	122015.0	122191.0
1848	121804.0	122600.0
1849	122280.0	122253.0
1850	122310.0	121718.0
1851	121905.0	122363.0
1852	121409.0	122125.0
1853	121738.0	122403.0
1854	121500.0	122197.0
1855	121998.0	122192.0
1856	121666.0	122388.0
1857	122474.0	122079.0
1858	121841.0	122494.0
1859	121845.0	122212.0
1860	121935.0	121828.0
1861	122047.0	122500.0
1862	121563.0	122788.0
1863	122273.0	122143.0
1864	122040.0	122785.0
1865	121470.0	122711.0
1866	122576.0	122390.0
1867	122806.0	122157.0
1868	121912.0	121830.0
1869	121466.0	122436.0
1870	121673.0	121729.0
1871	122005.0	121857.0
1872	121956.0	122004.0
1873	122146.0	122339.0
1874	121747.0	122002.0
1875	122311.0	122171.0
1876	121838.0	121802.0
1877	121541.0	121888.0
1878	121961.0	122035.0
1879	121891.0	121977.0
1880	121837.0	122528.0
1881	121728.0	121614.0
1882	122101.0	121766.0
1883	121917.0	121679.0
1884	122595.0	122086.0
1885	122424.0	122142.0
1886	121862.0	122161.0
1887	121295.0	122444.0
1888	121536.0	121891.0
1889	121423.0	122231.0
1890	121245.0	122312.0
1891	121583.0	122572.0
1892	122377.0	122106.0
1893	122117.0	122089.0
1894	122193.0	122650.0
1895	121911.0	122477.0
1896	122204.0	121816.0
1897	121383.0	121605.0
1898	121338.0	121765.0
1899	122117.0	122061.0
1900	121779.0	121583.0
1901	122253.0	121999.0
1902	121605.0	122362.0
1903	121947.0	122377.0
1904	121253.0	121728.0
1905	120954.0	121815.0
1906	121126.0	122740.0
1907	121708.0	122458.0
1908	121427.0	122142.0
1909	122047.0	122401.0
1910	121499.0	122330.0
1911	121680.0	122002.0
1912	121657.0	121985.0
1913	121510.0	122415.0
1914	121872.0	122375.0
1915	121923.0	121917.0
1916	121431.0	122280.0
1917	122187.0	121887.0
1918	121402.0	121837.0
1919	121627.0	121860.0
1920	121417.0	122133.0
1921	121429.0	122226.0
1922	121864.0	121931.0
1923	121894.0	122115.0
1924	121729.0	122618.0
1925	121912.0	122168.0
1926	121356.0	121532.0
1927	121347.0	122208.0
1928	121124.0	122200.0
1929	121522.0	121944.0
1930	120946.0	122631.0
1931	121573.0	122512.0
1932	121785.0	122233.0
1933	121646.0	122196.0
1934	121409.0	121976.0
1935	121973.0	122046.0
1936	121807.0	121816.0
1937	121170.0	121685.0
1938	121608.0	122241.0
1939	121543.0	122521.0
1940	121911.0	122155.0
1941	121986.0	122304.0
1942	121490.0	122456.0
1943	121318.0	121914.0
1944	121579.0	122074.0
1945	121387.0	122270.0
1946	121664.0	122153.0
1947	121608.0	122447.0
1948	121951.0	122145.0
1949	121582.0	122102.0
1950	121895.0	121975.0
1951	121547.0	121912.0
1952	121937.0	122206.0
1953	122243.0	122006.0
1954	121716.0	121573.0
1955	122097.0	122055.0
1956	121624.0	121631.0
1957	121540.0	121961.0
1958	121061.0	122417.0
1959	122162.0	121751.0
1960	122108.0	121701.0
1961	121728.0	121916.0
1962	121323.0	121854.0
1963	121769.0	121711.0
1964	121689.0	121670.0
1965	121509.0	121617.0
1966	121612.0	122585.0
1967	121331.0	121922.0
1968	121651.0	122324.0
1969	121607.0	122175.0
1970	121753.0	122601.0
1971	121450.0	121747.0
1972	121591.0	121397.0
1973	121720.0	122319.0
1974	121655.0	121877.0
1975	121625.0	122051.0
1976	121508.0	122397.0
1977	121754.0	122015.0
1978	121969.0	121741.0
1979	121934.0	121558.0
1980	121972.0	121601.0
1981	121414.0	122070.0
1982	121316.0	121457.0
1983	121974.0	121965.0
1984	121839.0	122133.0
1985	121148.0	121948.0
1986	121796.0	122175.0
1987	121181.0	122318.0
1988	121284.0	122228.0
1989	121763.0	122703.0
1990	121549.0	122388.0
1991	121961.0	122144.0
1992	122158.0	122158.0
1993	121839.0	121775.0
1994	121819.0	122102.0
1995	121557.0	121930.0
1996	121032.0	121876.0
1997	121650.0	121642.0
1998	121745.0	121993.0
1999	121684.0	121666.0
