Distance in bp(Fragment Length Estimate: 507)(Peak Width Estimate: 507)	Same Strand (+ for Watson strand, - for Crick)	Opposite Strand
-2000	121318.0	121444.0
-1999	122017.0	121425.0
-1998	122105.0	121586.0
-1997	121580.0	121412.0
-1996	122065.0	121717.0
-1995	122964.0	120695.0
-1994	122267.0	121705.0
-1993	121817.0	121100.0
-1992	121996.0	122105.0
-1991	121903.0	122443.0
-1990	122375.0	122243.0
-1989	121727.0	121564.0
-1988	122379.0	121363.0
-1987	122185.0	121464.0
-1986	122125.0	121527.0
-1985	121941.0	121637.0
-1984	122093.0	121607.0
-1983	122255.0	121731.0
-1982	121764.0	121427.0
-1981	122105.0	121328.0
-1980	122231.0	122064.0
-1979	121870.0	121631.0
-1978	121448.0	121601.0
-1977	122023.0	121130.0
-1976	121803.0	121703.0
-1975	121523.0	121490.0
-1974	121879.0	122356.0
-1973	121984.0	121863.0
-1972	121886.0	121621.0
-1971	122858.0	121906.0
-1970	122056.0	121393.0
-1969	122466.0	121329.0
-1968	121892.0	121815.0
-1967	122234.0	121908.0
-1966	122048.0	122541.0
-1965	122918.0	122179.0
-1964	121772.0	122003.0
-1963	122548.0	122205.0
-1962	122912.0	122030.0
-1961	122087.0	121527.0
-1960	121662.0	121871.0
-1959	121894.0	121577.0
-1958	122223.0	121134.0
-1957	122533.0	121268.0
-1956	122633.0	121962.0
-1955	122150.0	121611.0
-1954	122188.0	121781.0
-1953	122214.0	121214.0
-1952	121723.0	121815.0
-1951	122673.0	121934.0
-1950	121843.0	121895.0
-1949	121566.0	121162.0
-1948	121927.0	121736.0
-1947	122193.0	121258.0
-1946	121908.0	121979.0
-1945	121532.0	121603.0
-1944	121667.0	121993.0
-1943	121867.0	121302.0
-1942	122583.0	121174.0
-1941	122247.0	121487.0
-1940	121950.0	120841.0
-1939	121664.0	121641.0
-1938	122846.0	122039.0
-1937	122313.0	121372.0
-1936	122167.0	121556.0
-1935	121936.0	121733.0
-1934	122058.0	122080.0
-1933	121647.0	122235.0
-1932	121807.0	122044.0
-1931	122326.0	122107.0
-1930	122512.0	121462.0
-1929	122002.0	121574.0
-1928	122528.0	122150.0
-1927	122739.0	122453.0
-1926	122513.0	122578.0
-1925	121673.0	122619.0
-1924	121972.0	121855.0
-1923	122120.0	121815.0
-1922	122072.0	121402.0
-1921	122273.0	121817.0
-1920	122434.0	122061.0
-1919	122037.0	122464.0
-1918	122108.0	122236.0
-1917	122325.0	121981.0
-1916	121972.0	122055.0
-1915	122182.0	122000.0
-1914	121738.0	122158.0
-1913	121896.0	121526.0
-1912	122093.0	122260.0
-1911	122028.0	122044.0
-1910	122023.0	122020.0
-1909	121887.0	121662.0
-1908	122596.0	121504.0
-1907	122574.0	121458.0
-1906	122786.0	121717.0
-1905	122138.0	121703.0
-1904	121875.0	121940.0
-1903	121826.0	121787.0
-1902	122281.0	122001.0
-1901	122794.0	121549.0
-1900	122927.0	121558.0
-1899	122594.0	121140.0
-1898	122093.0	121386.0
-1897	122373.0	122370.0
-1896	122857.0	121295.0
-1895	122003.0	121440.0
-1894	122511.0	120962.0
-1893	122404.0	121415.0
-1892	122320.0	121588.0
-1891	122631.0	122225.0
-1890	122246.0	121208.0
-1889	121936.0	121631.0
-1888	123333.0	121436.0
-1887	122367.0	122022.0
-1886	122345.0	121539.0
-1885	122202.0	121679.0
-1884	122784.0	121931.0
-1883	122049.0	121635.0
-1882	122137.0	121727.0
-1881	122252.0	122210.0
-1880	122001.0	121755.0
-1879	122560.0	121417.0
-1878	122217.0	121964.0
-1877	121902.0	121955.0
-1876	122441.0	122345.0
-1875	122297.0	121746.0
-1874	122494.0	122159.0
-1873	122953.0	121824.0
-1872	122143.0	121661.0
-1871	122345.0	121575.0
-1870	122479.0	121839.0
-1869	122786.0	121728.0
-1868	122738.0	121588.0
-1867	122894.0	121617.0
-1866	122575.0	121814.0
-1865	122807.0	122502.0
-1864	121674.0	121813.0
-1863	122084.0	121642.0
-1862	122690.0	121626.0
-1861	122703.0	121652.0
-1860	122651.0	121503.0
-1859	122042.0	121396.0
-1858	122186.0	121830.0
-1857	122043.0	121390.0
-1856	122180.0	122380.0
-1855	122250.0	121851.0
-1854	122347.0	121954.0
-1853	122257.0	121665.0
-1852	122729.0	122206.0
-1851	122507.0	122452.0
-1850	122168.0	122003.0
-1849	121974.0	122491.0
-1848	122950.0	121818.0
-1847	122102.0	121725.0
-1846	122238.0	122179.0
-1845	122639.0	122163.0
-1844	122422.0	122140.0
-1843	122379.0	121821.0
-1842	122341.0	121770.0
-1841	122262.0	122032.0
-1840	122441.0	121951.0
-1839	122460.0	122149.0
-1838	122996.0	121638.0
-1837	122443.0	121984.0
-1836	123047.0	121651.0
-1835	122686.0	121424.0
-1834	122579.0	121701.0
-1833	122281.0	122349.0
-1832	122506.0	121930.0
-1831	122305.0	122275.0
-1830	122172.0	122128.0
-1829	122476.0	122261.0
-1828	122133.0	121481.0
-1827	122272.0	121617.0
-1826	122349.0	121836.0
-1825	122368.0	122035.0
-1824	122379.0	121853.0
-1823	122475.0	122061.0
-1822	122990.0	121848.0
-1821	122441.0	122172.0
-1820	121894.0	122154.0
-1819	122532.0	122387.0
-1818	122655.0	122236.0
-1817	122360.0	121809.0
-1816	122341.0	122044.0
-1815	122481.0	122247.0
-1814	121664.0	122475.0
-1813	122718.0	121946.0
-1812	122405.0	121461.0
-1811	122731.0	121211.0
-1810	122656.0	121891.0
-1809	122966.0	121946.0
-1808	122207.0	122197.0
-1807	122166.0	121720.0
-1806	122093.0	122028.0
-1805	122352.0	122272.0
-1804	122880.0	121953.0
-1803	122908.0	122380.0
-1802	122101.0	121936.0
-1801	122733.0	122074.0
-1800	122253.0	121433.0
-1799	122893.0	121903.0
-1798	122167.0	122066.0
-1797	123090.0	122387.0
-1796	122475.0	122015.0
-1795	122671.0	121736.0
-1794	122254.0	122069.0
-1793	122179.0	122203.0
-1792	122500.0	121909.0
-1791	122340.0	122033.0
-1790	122117.0	122119.0
-1789	122569.0	121781.0
-1788	122790.0	121463.0
-1787	122769.0	122241.0
-1786	122713.0	121916.0
-1785	122042.0	121614.0
-1784	121345.0	121860.0
-1783	122563.0	122415.0
-1782	122225.0	122144.0
-1781	122337.0	121437.0
-1780	122574.0	121639.0
-1779	122507.0	122154.0
-1778	122289.0	121551.0
-1777	122645.0	121995.0
-1776	122740.0	121694.0
-1775	122411.0	121927.0
-1774	122218.0	121925.0
-1773	122919.0	121699.0
-1772	122682.0	121682.0
-1771	122271.0	121974.0
-1770	122816.0	122378.0
-1769	122596.0	121508.0
-1768	122431.0	122007.0
-1767	122531.0	122266.0
-1766	122009.0	121238.0
-1765	121808.0	121754.0
-1764	122798.0	122101.0
-1763	123045.0	122269.0
-1762	123117.0	122388.0
-1761	123146.0	122498.0
-1760	122345.0	122416.0
-1759	122302.0	121809.0
-1758	122263.0	121979.0
-1757	122977.0	121591.0
-1756	122922.0	122228.0
-1755	123146.0	122196.0
-1754	122426.0	121875.0
-1753	122308.0	122702.0
-1752	122642.0	122075.0
-1751	122371.0	121691.0
-1750	121955.0	122129.0
-1749	122786.0	122484.0
-1748	122625.0	122357.0
-1747	122812.0	121718.0
-1746	123032.0	121482.0
-1745	122178.0	121920.0
-1744	122762.0	122576.0
-1743	122995.0	122209.0
-1742	122552.0	121850.0
-1741	122539.0	121916.0
-1740	122573.0	122218.0
-1739	122451.0	121845.0
-1738	122260.0	122265.0
-1737	122751.0	121815.0
-1736	122828.0	121738.0
-1735	122392.0	122287.0
-1734	122062.0	122291.0
-1733	123209.0	121758.0
-1732	122905.0	122004.0
-1731	122754.0	122362.0
-1730	122640.0	122134.0
-1729	122541.0	122226.0
-1728	122868.0	122205.0
-1727	122005.0	122205.0
-1726	122448.0	122111.0
-1725	121693.0	121739.0
-1724	122614.0	122381.0
-1723	122311.0	122646.0
-1722	122711.0	122236.0
-1721	122814.0	122250.0
-1720	122521.0	122081.0
-1719	122465.0	122486.0
-1718	122483.0	122827.0
-1717	122785.0	122394.0
-1716	122685.0	122460.0
-1715	122443.0	121929.0
-1714	122586.0	121809.0
-1713	122730.0	122048.0
-1712	122765.0	122113.0
-1711	122612.0	122375.0
-1710	123255.0	122129.0
-1709	122592.0	122667.0
-1708	122625.0	122373.0
-1707	122467.0	122717.0
-1706	122290.0	121839.0
-1705	122650.0	122539.0
-1704	122861.0	121949.0
-1703	122902.0	122430.0
-1702	122638.0	122421.0
-1701	122882.0	121755.0
-1700	122819.0	122308.0
-1699	123033.0	122385.0
-1698	122683.0	122331.0
-1697	122883.0	122215.0
-1696	122337.0	122263.0
-1695	123259.0	122176.0
-1694	122827.0	122629.0
-1693	122320.0	122787.0
-1692	122851.0	122337.0
-1691	122587.0	122834.0
-1690	122907.0	122028.0
-1689	122466.0	122234.0
-1688	122562.0	122463.0
-1687	122796.0	122041.0
-1686	122776.0	121877.0
-1685	122578.0	122105.0
-1684	123187.0	122323.0
-1683	123007.0	122374.0
-1682	123149.0	121514.0
-1681	122601.0	122005.0
-1680	123026.0	122423.0
-1679	122523.0	122576.0
-1678	122661.0	122045.0
-1677	122378.0	122357.0
-1676	122407.0	122831.0
-1675	122816.0	122659.0
-1674	122866.0	122269.0
-1673	123323.0	121964.0
-1672	122754.0	122246.0
-1671	122217.0	121614.0
-1670	122680.0	122291.0
-1669	123219.0	122458.0
-1668	123111.0	122739.0
-1667	122937.0	122709.0
-1666	122900.0	122625.0
-1665	122897.0	122507.0
-1664	122129.0	122273.0
-1663	122372.0	122519.0
-1662	122950.0	122332.0
-1661	123068.0	122668.0
-1660	122158.0	122462.0
-1659	122795.0	122539.0
-1658	123124.0	121980.0
-1657	122493.0	122748.0
-1656	123152.0	122134.0
-1655	122894.0	122111.0
-1654	122542.0	122859.0
-1653	123242.0	122119.0
-1652	123078.0	121957.0
-1651	122691.0	122139.0
-1650	122803.0	122771.0
-1649	123080.0	121567.0
-1648	122912.0	123003.0
-1647	122577.0	122348.0
-1646	122427.0	122535.0
-1645	122786.0	122765.0
-1644	122930.0	122277.0
-1643	123446.0	122216.0
-1642	123129.0	122250.0
-1641	122568.0	121730.0
-1640	122399.0	122220.0
-1639	122546.0	122023.0
-1638	122876.0	123232.0
-1637	122613.0	121733.0
-1636	123131.0	122256.0
-1635	123164.0	122369.0
-1634	122586.0	121722.0
-1633	122490.0	122447.0
-1632	122799.0	122219.0
-1631	122596.0	121918.0
-1630	122982.0	122346.0
-1629	122952.0	121635.0
-1628	122926.0	122370.0
-1627	123023.0	122402.0
-1626	122415.0	122324.0
-1625	122288.0	122579.0
-1624	122359.0	122326.0
-1623	122794.0	122338.0
-1622	122937.0	122682.0
-1621	122827.0	122404.0
-1620	122762.0	122388.0
-1619	123395.0	122447.0
-1618	122881.0	122675.0
-1617	123497.0	122361.0
-1616	123010.0	122445.0
-1615	122855.0	122439.0
-1614	122365.0	122197.0
-1613	122453.0	122427.0
-1612	123004.0	122590.0
-1611	123088.0	121912.0
-1610	122745.0	122136.0
-1609	122886.0	122908.0
-1608	122687.0	121918.0
-1607	122918.0	122370.0
-1606	122661.0	122701.0
-1605	122603.0	122475.0
-1604	122685.0	121922.0
-1603	122991.0	122705.0
-1602	123028.0	122875.0
-1601	122765.0	122360.0
-1600	122822.0	122678.0
-1599	123420.0	122921.0
-1598	122566.0	122671.0
-1597	123544.0	122577.0
-1596	123505.0	122547.0
-1595	122202.0	122215.0
-1594	122377.0	122132.0
-1593	122433.0	121866.0
-1592	122353.0	122349.0
-1591	122875.0	122034.0
-1590	123717.0	122115.0
-1589	123310.0	122198.0
-1588	123621.0	122496.0
-1587	122838.0	122230.0
-1586	122774.0	122253.0
-1585	122851.0	122201.0
-1584	123139.0	122355.0
-1583	122885.0	122609.0
-1582	122398.0	122154.0
-1581	122994.0	122789.0
-1580	122821.0	122487.0
-1579	123102.0	121866.0
-1578	122914.0	122490.0
-1577	122015.0	121633.0
-1576	122865.0	122293.0
-1575	123243.0	122724.0
-1574	122804.0	122335.0
-1573	122901.0	123489.0
-1572	123056.0	122610.0
-1571	122129.0	123015.0
-1570	122904.0	122966.0
-1569	123223.0	122668.0
-1568	122877.0	122764.0
-1567	123256.0	123000.0
-1566	123372.0	122479.0
-1565	122992.0	122456.0
-1564	122702.0	122446.0
-1563	123245.0	122292.0
-1562	122112.0	122511.0
-1561	123105.0	121930.0
-1560	122567.0	122565.0
-1559	122742.0	122477.0
-1558	122607.0	122763.0
-1557	123458.0	122497.0
-1556	123321.0	122366.0
-1555	123447.0	122754.0
-1554	123606.0	122542.0
-1553	122528.0	122490.0
-1552	122884.0	122326.0
-1551	123306.0	122772.0
-1550	122766.0	122726.0
-1549	122542.0	122788.0
-1548	123589.0	122846.0
-1547	122899.0	122603.0
-1546	122841.0	122553.0
-1545	123570.0	123027.0
-1544	123294.0	123157.0
-1543	123292.0	122642.0
-1542	123409.0	122029.0
-1541	123506.0	122507.0
-1540	123329.0	122541.0
-1539	123519.0	122307.0
-1538	122965.0	122384.0
-1537	123161.0	122826.0
-1536	123442.0	122342.0
-1535	122418.0	122702.0
-1534	123809.0	122764.0
-1533	123352.0	122261.0
-1532	122725.0	122725.0
-1531	122951.0	122551.0
-1530	123385.0	122846.0
-1529	122865.0	122439.0
-1528	122937.0	122630.0
-1527	123316.0	122798.0
-1526	123829.0	122655.0
-1525	123648.0	122647.0
-1524	122705.0	122581.0
-1523	122802.0	122395.0
-1522	123156.0	122588.0
-1521	123217.0	122269.0
-1520	122839.0	122441.0
-1519	122798.0	122815.0
-1518	123447.0	122422.0
-1517	123326.0	122655.0
-1516	123298.0	122419.0
-1515	123110.0	122485.0
-1514	123020.0	122733.0
-1513	122871.0	122546.0
-1512	123749.0	122434.0
-1511	123053.0	122720.0
-1510	123863.0	122060.0
-1509	123776.0	122316.0
-1508	122985.0	121966.0
-1507	123156.0	122833.0
-1506	122983.0	122650.0
-1505	123017.0	122418.0
-1504	122832.0	122276.0
-1503	123512.0	123184.0
-1502	123474.0	122390.0
-1501	123518.0	122800.0
-1500	123661.0	122616.0
-1499	123212.0	122590.0
-1498	123735.0	122632.0
-1497	122925.0	122133.0
-1496	123083.0	122435.0
-1495	123003.0	123086.0
-1494	123589.0	122885.0
-1493	122951.0	122647.0
-1492	123179.0	122253.0
-1491	123474.0	122548.0
-1490	123028.0	122082.0
-1489	123609.0	122904.0
-1488	123107.0	123102.0
-1487	123145.0	122465.0
-1486	123172.0	122507.0
-1485	124349.0	123151.0
-1484	122824.0	122163.0
-1483	123397.0	122877.0
-1482	123264.0	122341.0
-1481	123669.0	121980.0
-1480	123515.0	122551.0
-1479	123739.0	122536.0
-1478	123582.0	122208.0
-1477	124007.0	122366.0
-1476	123693.0	122182.0
-1475	123232.0	122007.0
-1474	122795.0	122474.0
-1473	123697.0	122222.0
-1472	123770.0	122657.0
-1471	123477.0	122969.0
-1470	123244.0	122300.0
-1469	122816.0	122133.0
-1468	123506.0	122655.0
-1467	123413.0	122486.0
-1466	123322.0	122345.0
-1465	123308.0	122681.0
-1464	123833.0	122466.0
-1463	122982.0	122208.0
-1462	123090.0	122878.0
-1461	123039.0	122823.0
-1460	123318.0	122531.0
-1459	122698.0	122394.0
-1458	123911.0	122332.0
-1457	122828.0	121745.0
-1456	123179.0	122515.0
-1455	123531.0	122512.0
-1454	123085.0	122804.0
-1453	123144.0	123305.0
-1452	123777.0	122806.0
-1451	123128.0	122988.0
-1450	123663.0	122576.0
-1449	124071.0	122447.0
-1448	124067.0	122523.0
-1447	123188.0	123197.0
-1446	123171.0	122601.0
-1445	123254.0	122122.0
-1444	123302.0	122839.0
-1443	122771.0	122883.0
-1442	123058.0	122512.0
-1441	123544.0	122837.0
-1440	123660.0	123089.0
-1439	123173.0	122625.0
-1438	123476.0	122302.0
-1437	123068.0	123090.0
-1436	123108.0	122776.0
-1435	123000.0	122962.0
-1434	123896.0	123016.0
-1433	122887.0	122589.0
-1432	123357.0	122802.0
-1431	123304.0	122974.0
-1430	123039.0	122823.0
-1429	122637.0	123195.0
-1428	123236.0	122969.0
-1427	123625.0	122614.0
-1426	123482.0	122281.0
-1425	123126.0	123015.0
-1424	123495.0	123255.0
-1423	123459.0	122483.0
-1422	123552.0	122883.0
-1421	123419.0	122669.0
-1420	122868.0	123112.0
-1419	123312.0	122868.0
-1418	123184.0	122630.0
-1417	123186.0	122525.0
-1416	123270.0	123531.0
-1415	123519.0	123160.0
-1414	123038.0	122290.0
-1413	123086.0	123377.0
-1412	123194.0	122806.0
-1411	123698.0	122864.0
-1410	123834.0	122806.0
-1409	122860.0	123215.0
-1408	122620.0	123071.0
-1407	123640.0	122613.0
-1406	122950.0	122820.0
-1405	123019.0	122984.0
-1404	123776.0	122911.0
-1403	123274.0	122658.0
-1402	123493.0	122622.0
-1401	123836.0	123678.0
-1400	122699.0	122622.0
-1399	123383.0	123536.0
-1398	123506.0	122634.0
-1397	123732.0	122810.0
-1396	124005.0	122981.0
-1395	122974.0	122908.0
-1394	123590.0	122729.0
-1393	122997.0	123234.0
-1392	122822.0	122984.0
-1391	123934.0	122984.0
-1390	123067.0	123101.0
-1389	123400.0	123545.0
-1388	123752.0	122243.0
-1387	123363.0	122745.0
-1386	123041.0	123540.0
-1385	123402.0	122700.0
-1384	123526.0	122827.0
-1383	124110.0	122945.0
-1382	123512.0	122780.0
-1381	123258.0	123598.0
-1380	123578.0	123491.0
-1379	123141.0	122929.0
-1378	123603.0	122787.0
-1377	123503.0	122714.0
-1376	123728.0	122928.0
-1375	123869.0	122887.0
-1374	123274.0	122445.0
-1373	123861.0	122821.0
-1372	122831.0	122919.0
-1371	123839.0	123227.0
-1370	123276.0	122781.0
-1369	124038.0	123313.0
-1368	123732.0	122719.0
-1367	123649.0	123323.0
-1366	123211.0	122750.0
-1365	123692.0	123152.0
-1364	123746.0	122873.0
-1363	123352.0	123621.0
-1362	123110.0	123319.0
-1361	124270.0	122928.0
-1360	122721.0	123171.0
-1359	123575.0	122650.0
-1358	123346.0	123345.0
-1357	123293.0	123244.0
-1356	123736.0	123284.0
-1355	122974.0	123025.0
-1354	123455.0	123897.0
-1353	123507.0	123345.0
-1352	123695.0	123232.0
-1351	124175.0	122715.0
-1350	123615.0	122864.0
-1349	123581.0	123039.0
-1348	123631.0	124102.0
-1347	123168.0	123287.0
-1346	122981.0	123199.0
-1345	123653.0	122805.0
-1344	123843.0	122965.0
-1343	123778.0	123114.0
-1342	122925.0	123189.0
-1341	123303.0	123309.0
-1340	123367.0	122683.0
-1339	123936.0	123434.0
-1338	123334.0	123038.0
-1337	123703.0	123412.0
-1336	124426.0	123005.0
-1335	123551.0	122433.0
-1334	123313.0	122614.0
-1333	123508.0	122790.0
-1332	123701.0	122768.0
-1331	123552.0	123278.0
-1330	123702.0	122630.0
-1329	123792.0	122016.0
-1328	123773.0	123405.0
-1327	123457.0	123154.0
-1326	123597.0	122690.0
-1325	123709.0	123226.0
-1324	123138.0	123028.0
-1323	123790.0	122857.0
-1322	123362.0	122663.0
-1321	123743.0	122898.0
-1320	123840.0	122875.0
-1319	123749.0	123002.0
-1318	123888.0	122967.0
-1317	123380.0	122913.0
-1316	123449.0	122731.0
-1315	123020.0	123124.0
-1314	123010.0	123189.0
-1313	123312.0	123563.0
-1312	123005.0	123299.0
-1311	123827.0	123321.0
-1310	123956.0	122495.0
-1309	123766.0	123108.0
-1308	123791.0	123384.0
-1307	123862.0	122795.0
-1306	124338.0	123140.0
-1305	123553.0	123079.0
-1304	123442.0	123120.0
-1303	123732.0	122743.0
-1302	124073.0	122934.0
-1301	124208.0	123076.0
-1300	123831.0	122823.0
-1299	123249.0	123806.0
-1298	123550.0	123169.0
-1297	123576.0	123378.0
-1296	124004.0	123324.0
-1295	123954.0	123740.0
-1294	123635.0	123087.0
-1293	123907.0	122753.0
-1292	123901.0	122664.0
-1291	123827.0	122704.0
-1290	123858.0	123011.0
-1289	124349.0	122600.0
-1288	123304.0	123135.0
-1287	123695.0	123751.0
-1286	123613.0	123767.0
-1285	123398.0	123517.0
-1284	124041.0	122934.0
-1283	123747.0	123701.0
-1282	123256.0	123312.0
-1281	123537.0	122680.0
-1280	123802.0	123395.0
-1279	124197.0	123288.0
-1278	124121.0	123247.0
-1277	123668.0	122493.0
-1276	123422.0	122797.0
-1275	123720.0	122897.0
-1274	123633.0	122719.0
-1273	123672.0	123332.0
-1272	123782.0	122984.0
-1271	123124.0	122834.0
-1270	123828.0	123250.0
-1269	124211.0	123427.0
-1268	123203.0	123090.0
-1267	124064.0	123218.0
-1266	123258.0	123145.0
-1265	123512.0	122212.0
-1264	122848.0	123434.0
-1263	123013.0	123038.0
-1262	123999.0	122741.0
-1261	123697.0	123365.0
-1260	123725.0	122622.0
-1259	123592.0	123133.0
-1258	123908.0	122958.0
-1257	123409.0	122926.0
-1256	123618.0	123067.0
-1255	123694.0	123451.0
-1254	123766.0	123146.0
-1253	124345.0	122575.0
-1252	123373.0	123395.0
-1251	124190.0	123653.0
-1250	124385.0	123235.0
-1249	123303.0	123524.0
-1248	123503.0	122975.0
-1247	123116.0	122771.0
-1246	124184.0	122725.0
-1245	123494.0	123337.0
-1244	123270.0	122978.0
-1243	123796.0	122925.0
-1242	123850.0	123305.0
-1241	123717.0	123160.0
-1240	123171.0	123514.0
-1239	123588.0	123950.0
-1238	123703.0	123436.0
-1237	123343.0	122843.0
-1236	123737.0	123191.0
-1235	123708.0	123520.0
-1234	123974.0	123742.0
-1233	123971.0	123207.0
-1232	123937.0	122645.0
-1231	123222.0	123363.0
-1230	123102.0	123343.0
-1229	123184.0	123132.0
-1228	123272.0	123215.0
-1227	123305.0	123358.0
-1226	123723.0	123314.0
-1225	123015.0	123478.0
-1224	123404.0	122919.0
-1223	123908.0	123398.0
-1222	123748.0	123324.0
-1221	123938.0	123225.0
-1220	123880.0	123686.0
-1219	123483.0	123984.0
-1218	123936.0	123465.0
-1217	124618.0	123164.0
-1216	124097.0	123332.0
-1215	123647.0	123385.0
-1214	123386.0	123605.0
-1213	123538.0	123325.0
-1212	124016.0	123190.0
-1211	123687.0	123502.0
-1210	124138.0	123388.0
-1209	123988.0	123113.0
-1208	124014.0	123196.0
-1207	124025.0	123216.0
-1206	123790.0	123686.0
-1205	123485.0	123367.0
-1204	124029.0	124194.0
-1203	123923.0	123722.0
-1202	123301.0	123953.0
-1201	124138.0	123089.0
-1200	124196.0	123752.0
-1199	123687.0	123075.0
-1198	123178.0	123317.0
-1197	124004.0	123288.0
-1196	124314.0	123918.0
-1195	123874.0	123703.0
-1194	124227.0	123753.0
-1193	124342.0	122957.0
-1192	124229.0	123392.0
-1191	124402.0	122791.0
-1190	123996.0	123290.0
-1189	123982.0	123635.0
-1188	124437.0	123646.0
-1187	124202.0	123647.0
-1186	124079.0	123716.0
-1185	123792.0	123445.0
-1184	124029.0	123795.0
-1183	123770.0	123303.0
-1182	124706.0	123271.0
-1181	123963.0	123902.0
-1180	124439.0	123345.0
-1179	124437.0	123942.0
-1178	124076.0	123318.0
-1177	124382.0	123674.0
-1176	123765.0	123683.0
-1175	124026.0	123373.0
-1174	123837.0	123621.0
-1173	124495.0	124158.0
-1172	124627.0	123446.0
-1171	124180.0	123517.0
-1170	124165.0	123655.0
-1169	124229.0	123256.0
-1168	123975.0	123440.0
-1167	123914.0	123761.0
-1166	124117.0	123245.0
-1165	124406.0	123412.0
-1164	124028.0	123209.0
-1163	124417.0	123489.0
-1162	124474.0	124202.0
-1161	124422.0	123348.0
-1160	123590.0	123693.0
-1159	123781.0	123977.0
-1158	124401.0	123445.0
-1157	123906.0	122939.0
-1156	124173.0	123163.0
-1155	124203.0	123480.0
-1154	123861.0	123449.0
-1153	124339.0	123890.0
-1152	124645.0	123133.0
-1151	124133.0	123163.0
-1150	123991.0	124028.0
-1149	124170.0	123656.0
-1148	123435.0	123819.0
-1147	123641.0	124080.0
-1146	123854.0	123640.0
-1145	124125.0	123214.0
-1144	124519.0	123145.0
-1143	124824.0	123453.0
-1142	124567.0	123494.0
-1141	124300.0	123573.0
-1140	124778.0	123539.0
-1139	124000.0	123800.0
-1138	124115.0	123935.0
-1137	124679.0	123793.0
-1136	124229.0	123654.0
-1135	124437.0	124174.0
-1134	124887.0	123804.0
-1133	124608.0	123788.0
-1132	124930.0	123516.0
-1131	124811.0	123730.0
-1130	124257.0	123301.0
-1129	124573.0	123328.0
-1128	124483.0	123950.0
-1127	124094.0	123426.0
-1126	123844.0	122994.0
-1125	124684.0	123132.0
-1124	123762.0	123184.0
-1123	124175.0	123810.0
-1122	124368.0	123968.0
-1121	123957.0	123178.0
-1120	124171.0	123385.0
-1119	124500.0	123619.0
-1118	124102.0	123179.0
-1117	124760.0	124115.0
-1116	123979.0	123839.0
-1115	123855.0	123479.0
-1114	124376.0	123537.0
-1113	124378.0	123448.0
-1112	124378.0	123889.0
-1111	124576.0	124102.0
-1110	124655.0	122863.0
-1109	124605.0	123323.0
-1108	123856.0	123110.0
-1107	124661.0	123614.0
-1106	124337.0	123294.0
-1105	123850.0	124045.0
-1104	124140.0	124244.0
-1103	124163.0	123529.0
-1102	124320.0	123566.0
-1101	125352.0	123470.0
-1100	124248.0	123879.0
-1099	123908.0	123107.0
-1098	124830.0	123322.0
-1097	123883.0	123467.0
-1096	123986.0	123775.0
-1095	124217.0	123338.0
-1094	123717.0	123217.0
-1093	123173.0	123275.0
-1092	124354.0	123336.0
-1091	124415.0	123298.0
-1090	124405.0	123655.0
-1089	123882.0	123312.0
-1088	124313.0	123128.0
-1087	124282.0	123560.0
-1086	124292.0	123909.0
-1085	123729.0	123514.0
-1084	124597.0	123658.0
-1083	124209.0	123860.0
-1082	124195.0	123383.0
-1081	124194.0	123843.0
-1080	124379.0	123861.0
-1079	123998.0	123203.0
-1078	124162.0	123191.0
-1077	124712.0	123054.0
-1076	124641.0	123490.0
-1075	124174.0	123588.0
-1074	124178.0	123819.0
-1073	123311.0	123637.0
-1072	124640.0	123448.0
-1071	124092.0	123590.0
-1070	124352.0	123294.0
-1069	123457.0	123382.0
-1068	124507.0	123562.0
-1067	123707.0	123466.0
-1066	124441.0	123890.0
-1065	124281.0	123500.0
-1064	124351.0	123263.0
-1063	124802.0	123417.0
-1062	124824.0	123058.0
-1061	124426.0	123264.0
-1060	124424.0	123328.0
-1059	124641.0	123414.0
-1058	124276.0	123612.0
-1057	124655.0	123378.0
-1056	124848.0	124172.0
-1055	124115.0	123477.0
-1054	124037.0	123958.0
-1053	124068.0	123546.0
-1052	124701.0	123697.0
-1051	124422.0	123405.0
-1050	124290.0	123580.0
-1049	124153.0	123661.0
-1048	123732.0	123418.0
-1047	124288.0	123680.0
-1046	124163.0	123462.0
-1045	123889.0	123087.0
-1044	124600.0	123334.0
-1043	124393.0	123073.0
-1042	123524.0	124127.0
-1041	124370.0	123455.0
-1040	124406.0	123923.0
-1039	124005.0	124177.0
-1038	124489.0	124175.0
-1037	124419.0	123411.0
-1036	123849.0	123984.0
-1035	124463.0	123697.0
-1034	123918.0	123794.0
-1033	124589.0	124209.0
-1032	124040.0	123730.0
-1031	123623.0	123783.0
-1030	124453.0	124030.0
-1029	124491.0	124421.0
-1028	123974.0	123134.0
-1027	123944.0	123899.0
-1026	124621.0	124048.0
-1025	123496.0	123699.0
-1024	124115.0	123399.0
-1023	124963.0	123866.0
-1022	124737.0	124121.0
-1021	124190.0	123963.0
-1020	124213.0	124188.0
-1019	124236.0	123191.0
-1018	124448.0	123301.0
-1017	124148.0	123877.0
-1016	124708.0	123436.0
-1015	124257.0	124209.0
-1014	125028.0	123997.0
-1013	124259.0	124218.0
-1012	124906.0	124104.0
-1011	124846.0	123342.0
-1010	124132.0	124444.0
-1009	123923.0	124235.0
-1008	124312.0	124561.0
-1007	123893.0	123899.0
-1006	124425.0	123883.0
-1005	124818.0	123649.0
-1004	124503.0	123581.0
-1003	124109.0	123804.0
-1002	124795.0	124292.0
-1001	124195.0	123758.0
-1000	124679.0	123834.0
-999	125055.0	123881.0
-998	124478.0	123590.0
-997	123802.0	124398.0
-996	124354.0	123739.0
-995	124268.0	123732.0
-994	123926.0	124080.0
-993	124611.0	124001.0
-992	124697.0	123694.0
-991	124074.0	124100.0
-990	125676.0	124378.0
-989	124753.0	123581.0
-988	124587.0	124371.0
-987	124460.0	123879.0
-986	124625.0	124419.0
-985	124642.0	123385.0
-984	125279.0	123656.0
-983	124340.0	123203.0
-982	124791.0	123795.0
-981	124996.0	123942.0
-980	124603.0	124209.0
-979	124344.0	124001.0
-978	124727.0	124221.0
-977	124160.0	124067.0
-976	124987.0	124422.0
-975	124273.0	124553.0
-974	124440.0	123670.0
-973	124148.0	124498.0
-972	125050.0	124283.0
-971	125447.0	123447.0
-970	125199.0	123980.0
-969	125503.0	124167.0
-968	124535.0	124213.0
-967	125374.0	124499.0
-966	124862.0	123985.0
-965	125152.0	124089.0
-964	124496.0	123646.0
-963	124723.0	123174.0
-962	124872.0	124117.0
-961	124542.0	123774.0
-960	124894.0	124675.0
-959	124366.0	124176.0
-958	125481.0	124312.0
-957	125034.0	123900.0
-956	124921.0	123734.0
-955	124881.0	124172.0
-954	124948.0	123840.0
-953	124247.0	123572.0
-952	124968.0	124575.0
-951	124993.0	124005.0
-950	124700.0	124430.0
-949	124492.0	124034.0
-948	124805.0	124687.0
-947	124845.0	124176.0
-946	125342.0	124447.0
-945	125219.0	124045.0
-944	125206.0	124781.0
-943	125027.0	124276.0
-942	125039.0	124508.0
-941	124738.0	123680.0
-940	124894.0	124849.0
-939	124930.0	124909.0
-938	125330.0	124211.0
-937	125037.0	124035.0
-936	124843.0	123942.0
-935	124697.0	124063.0
-934	124605.0	124095.0
-933	125294.0	124437.0
-932	125617.0	125097.0
-931	124261.0	123894.0
-930	124948.0	124433.0
-929	124741.0	123627.0
-928	124597.0	124376.0
-927	124841.0	124352.0
-926	124579.0	123656.0
-925	124279.0	123834.0
-924	125298.0	124081.0
-923	124592.0	123620.0
-922	124770.0	124114.0
-921	125233.0	123811.0
-920	124927.0	124075.0
-919	124778.0	124171.0
-918	125102.0	124474.0
-917	124786.0	123941.0
-916	124705.0	124414.0
-915	125094.0	124467.0
-914	124925.0	123739.0
-913	125000.0	124072.0
-912	124715.0	124339.0
-911	124550.0	124186.0
-910	124914.0	124461.0
-909	125323.0	124393.0
-908	124615.0	123727.0
-907	125193.0	124323.0
-906	124724.0	124079.0
-905	124514.0	123831.0
-904	124741.0	124174.0
-903	125065.0	124068.0
-902	124605.0	124047.0
-901	124702.0	124457.0
-900	124728.0	124388.0
-899	124637.0	123441.0
-898	124897.0	123762.0
-897	125245.0	124256.0
-896	124673.0	123752.0
-895	124733.0	124410.0
-894	125268.0	124259.0
-893	125213.0	123460.0
-892	125435.0	123916.0
-891	125371.0	124189.0
-890	124895.0	123996.0
-889	124327.0	124942.0
-888	124511.0	124263.0
-887	124608.0	123501.0
-886	124918.0	124752.0
-885	124919.0	124712.0
-884	124692.0	123561.0
-883	124387.0	123775.0
-882	124628.0	124570.0
-881	124548.0	123964.0
-880	124961.0	124269.0
-879	125415.0	124668.0
-878	124884.0	124025.0
-877	124797.0	124298.0
-876	124956.0	124896.0
-875	124866.0	123515.0
-874	125250.0	124031.0
-873	125088.0	123896.0
-872	124940.0	123595.0
-871	124928.0	124481.0
-870	125005.0	124054.0
-869	124927.0	124145.0
-868	124602.0	124669.0
-867	125457.0	124415.0
-866	124943.0	123943.0
-865	124856.0	124160.0
-864	124947.0	124454.0
-863	125291.0	124058.0
-862	125117.0	124263.0
-861	124773.0	123990.0
-860	124804.0	124270.0
-859	124671.0	123977.0
-858	125229.0	124603.0
-857	125179.0	124116.0
-856	125172.0	124261.0
-855	124988.0	124094.0
-854	124657.0	124022.0
-853	124859.0	124144.0
-852	125238.0	123783.0
-851	124508.0	124021.0
-850	124677.0	124163.0
-849	124889.0	124691.0
-848	124734.0	124127.0
-847	125122.0	124533.0
-846	125126.0	124222.0
-845	124311.0	124071.0
-844	124649.0	124620.0
-843	124754.0	124417.0
-842	125520.0	124244.0
-841	124331.0	124442.0
-840	125131.0	124585.0
-839	124716.0	124591.0
-838	124881.0	124506.0
-837	124733.0	124517.0
-836	125089.0	124401.0
-835	123691.0	124500.0
-834	124551.0	124454.0
-833	124680.0	124246.0
-832	124783.0	124067.0
-831	125198.0	124649.0
-830	124598.0	124493.0
-829	124206.0	124325.0
-828	124435.0	124121.0
-827	124617.0	123653.0
-826	124762.0	123922.0
-825	124479.0	124353.0
-824	124645.0	124093.0
-823	124513.0	124887.0
-822	124584.0	124536.0
-821	124521.0	124671.0
-820	124545.0	124707.0
-819	124550.0	125046.0
-818	124606.0	124379.0
-817	124217.0	124279.0
-816	125781.0	124134.0
-815	124804.0	124412.0
-814	124765.0	124349.0
-813	124783.0	124803.0
-812	124959.0	124436.0
-811	125299.0	124501.0
-810	125497.0	124722.0
-809	124971.0	124233.0
-808	125378.0	124882.0
-807	125544.0	124571.0
-806	124468.0	124397.0
-805	124712.0	124015.0
-804	125897.0	124197.0
-803	124849.0	124226.0
-802	125156.0	124882.0
-801	125010.0	124838.0
-800	124377.0	124447.0
-799	124167.0	124961.0
-798	125304.0	124502.0
-797	125180.0	124360.0
-796	124659.0	124670.0
-795	125598.0	125073.0
-794	125363.0	123898.0
-793	124792.0	125095.0
-792	125187.0	125195.0
-791	124831.0	124322.0
-790	125238.0	124663.0
-789	124911.0	124811.0
-788	125364.0	125009.0
-787	125033.0	125270.0
-786	125442.0	125096.0
-785	125465.0	124832.0
-784	125619.0	124749.0
-783	125482.0	125286.0
-782	124722.0	124593.0
-781	124660.0	124943.0
-780	125341.0	125375.0
-779	124973.0	124682.0
-778	124919.0	124788.0
-777	125417.0	124906.0
-776	124451.0	124511.0
-775	125091.0	124591.0
-774	125566.0	124894.0
-773	125382.0	124510.0
-772	124983.0	125133.0
-771	125448.0	124892.0
-770	125214.0	124560.0
-769	125065.0	124631.0
-768	125968.0	125105.0
-767	125918.0	124565.0
-766	125904.0	125618.0
-765	125775.0	124760.0
-764	125062.0	123826.0
-763	124895.0	125568.0
-762	125068.0	125595.0
-761	124985.0	125105.0
-760	125641.0	125050.0
-759	125642.0	125243.0
-758	125581.0	125056.0
-757	126006.0	124993.0
-756	126165.0	125064.0
-755	125270.0	124527.0
-754	125582.0	125218.0
-753	126266.0	124862.0
-752	125260.0	124872.0
-751	125272.0	125273.0
-750	125481.0	124775.0
-749	125126.0	125153.0
-748	125191.0	125484.0
-747	125780.0	125248.0
-746	125746.0	124726.0
-745	125173.0	125229.0
-744	126300.0	124965.0
-743	125570.0	124707.0
-742	125340.0	124863.0
-741	125738.0	124776.0
-740	125524.0	124846.0
-739	125229.0	124920.0
-738	125643.0	124609.0
-737	125860.0	124831.0
-736	125667.0	125014.0
-735	125184.0	125133.0
-734	125711.0	125124.0
-733	126181.0	124768.0
-732	125778.0	124671.0
-731	126176.0	123992.0
-730	125060.0	124646.0
-729	125813.0	125045.0
-728	125324.0	124493.0
-727	125425.0	125107.0
-726	125368.0	125109.0
-725	125869.0	124213.0
-724	125628.0	124818.0
-723	126268.0	124693.0
-722	125573.0	125040.0
-721	125143.0	124864.0
-720	126027.0	125177.0
-719	125662.0	124313.0
-718	125702.0	125001.0
-717	126400.0	125160.0
-716	125396.0	124411.0
-715	124717.0	125155.0
-714	125850.0	124743.0
-713	125634.0	124401.0
-712	126038.0	124341.0
-711	126217.0	124867.0
-710	125126.0	124180.0
-709	125606.0	124400.0
-708	126251.0	125190.0
-707	125317.0	125259.0
-706	125589.0	125141.0
-705	126437.0	124063.0
-704	125176.0	124108.0
-703	124936.0	124351.0
-702	126055.0	124234.0
-701	124888.0	124526.0
-700	125255.0	125072.0
-699	126280.0	124612.0
-698	125503.0	124707.0
-697	125677.0	125024.0
-696	126336.0	125002.0
-695	125498.0	124245.0
-694	125463.0	124868.0
-693	126105.0	124601.0
-692	125550.0	124599.0
-691	125996.0	124064.0
-690	125922.0	125103.0
-689	125183.0	125105.0
-688	124941.0	124919.0
-687	125757.0	124964.0
-686	124628.0	124436.0
-685	124901.0	124452.0
-684	125534.0	124535.0
-683	125739.0	124119.0
-682	125430.0	125005.0
-681	125894.0	124521.0
-680	125519.0	124103.0
-679	124503.0	124388.0
-678	126146.0	124924.0
-677	125637.0	124133.0
-676	125549.0	124885.0
-675	125604.0	124682.0
-674	125005.0	124959.0
-673	125655.0	125058.0
-672	125611.0	124542.0
-671	125427.0	124238.0
-670	125662.0	125028.0
-669	125428.0	125461.0
-668	125441.0	123973.0
-667	124981.0	124798.0
-666	125325.0	124433.0
-665	125027.0	124618.0
-664	125226.0	125214.0
-663	125540.0	125104.0
-662	124795.0	123654.0
-661	124512.0	124722.0
-660	124820.0	124569.0
-659	124704.0	123978.0
-658	124728.0	124994.0
-657	125559.0	125139.0
-656	124770.0	124521.0
-655	124965.0	125328.0
-654	124583.0	124596.0
-653	124464.0	123941.0
-652	124631.0	124938.0
-651	125004.0	125157.0
-650	124870.0	124685.0
-649	125041.0	125851.0
-648	125432.0	124503.0
-647	124825.0	124126.0
-646	124683.0	125499.0
-645	125621.0	125141.0
-644	124541.0	124446.0
-643	124957.0	124438.0
-642	125029.0	124312.0
-641	124540.0	124387.0
-640	125299.0	124712.0
-639	125245.0	124587.0
-638	124993.0	124444.0
-637	125288.0	125328.0
-636	125431.0	124516.0
-635	124957.0	123817.0
-634	124547.0	124958.0
-633	124734.0	125136.0
-632	124674.0	124509.0
-631	125187.0	125053.0
-630	125020.0	124826.0
-629	124629.0	125004.0
-628	124900.0	125032.0
-627	125079.0	125330.0
-626	124873.0	124830.0
-625	124544.0	125510.0
-624	124970.0	124737.0
-623	124903.0	124642.0
-622	125186.0	125243.0
-621	125136.0	125345.0
-620	124516.0	124885.0
-619	125426.0	125725.0
-618	125254.0	125286.0
-617	124852.0	124509.0
-616	124861.0	125719.0
-615	124991.0	125628.0
-614	124959.0	125358.0
-613	124723.0	125844.0
-612	125721.0	125548.0
-611	125408.0	125114.0
-610	124529.0	125467.0
-609	125339.0	125157.0
-608	125408.0	124627.0
-607	125221.0	125297.0
-606	125455.0	125881.0
-605	125357.0	125160.0
-604	125295.0	125478.0
-603	125834.0	126028.0
-602	125057.0	125513.0
-601	125253.0	125818.0
-600	125659.0	125625.0
-599	125023.0	125181.0
-598	125327.0	126003.0
-597	125826.0	126322.0
-596	125236.0	125702.0
-595	125377.0	125507.0
-594	125628.0	126126.0
-593	125048.0	124956.0
-592	124736.0	126253.0
-591	126134.0	126288.0
-590	125089.0	125722.0
-589	125424.0	126290.0
-588	126274.0	126267.0
-587	125699.0	126236.0
-586	125502.0	126776.0
-585	126334.0	126308.0
-584	125981.0	125989.0
-583	125566.0	125926.0
-582	125869.0	126134.0
-581	125647.0	125547.0
-580	125327.0	125855.0
-579	126291.0	125822.0
-578	126452.0	124942.0
-577	126059.0	126640.0
-576	126312.0	126187.0
-575	125770.0	125367.0
-574	126202.0	126406.0
-573	125902.0	125768.0
-572	126392.0	125386.0
-571	125861.0	126213.0
-570	126378.0	126359.0
-569	126626.0	125359.0
-568	126492.0	126143.0
-567	126258.0	126546.0
-566	125758.0	125751.0
-565	126030.0	126084.0
-564	126713.0	126261.0
-563	126571.0	125900.0
-562	126482.0	126032.0
-561	127060.0	126077.0
-560	126543.0	125852.0
-559	126249.0	126824.0
-558	127104.0	126375.0
-557	126264.0	125290.0
-556	126758.0	126573.0
-555	127127.0	126125.0
-554	126000.0	125482.0
-553	126491.0	126225.0
-552	127114.0	125844.0
-551	126048.0	125041.0
-550	126206.0	125514.0
-549	126906.0	125476.0
-548	126335.0	125440.0
-547	126723.0	126318.0
-546	126824.0	126329.0
-545	126572.0	125384.0
-544	125984.0	126444.0
-543	126986.0	125770.0
-542	126733.0	125177.0
-541	126790.0	125903.0
-540	126967.0	126036.0
-539	126494.0	125146.0
-538	126716.0	126254.0
-537	127229.0	125788.0
-536	126510.0	124573.0
-535	126521.0	125518.0
-534	126694.0	125338.0
-533	126018.0	125100.0
-532	126157.0	125354.0
-531	127093.0	125366.0
-530	126684.0	125367.0
-529	126376.0	125207.0
-528	127164.0	125878.0
-527	126494.0	124799.0
-526	125921.0	125862.0
-525	126744.0	125294.0
-524	126747.0	125238.0
-523	126551.0	124782.0
-522	127387.0	125705.0
-521	126062.0	125004.0
-520	126389.0	125369.0
-519	127190.0	124699.0
-518	126437.0	124526.0
-517	126129.0	125058.0
-516	126952.0	125449.0
-515	126484.0	124018.0
-514	126591.0	124807.0
-513	126440.0	125346.0
-512	125630.0	124996.0
-511	125764.0	125459.0
-510	126059.0	125297.0
-509	125801.0	124706.0
-508	126094.0	124945.0
-507	126759.0	125263.0
-506	125920.0	125200.0
-505	125890.0	125212.0
-504	126409.0	124862.0
-503	125954.0	124319.0
-502	126028.0	125033.0
-501	126833.0	124655.0
-500	126727.0	124155.0
-499	126291.0	124987.0
-498	126232.0	124732.0
-497	125398.0	124031.0
-496	125595.0	125108.0
-495	126058.0	124743.0
-494	125227.0	123840.0
-493	125523.0	124457.0
-492	126886.0	124736.0
-491	125899.0	123082.0
-490	125736.0	124271.0
-489	126773.0	124672.0
-488	125441.0	124489.0
-487	124875.0	124652.0
-486	125762.0	124623.0
-485	125412.0	124118.0
-484	126332.0	124901.0
-483	126058.0	124816.0
-482	125173.0	124163.0
-481	125132.0	124788.0
-480	126520.0	124761.0
-479	125434.0	123687.0
-478	125510.0	124772.0
-477	126066.0	124346.0
-476	125449.0	124033.0
-475	124592.0	124518.0
-474	125428.0	124625.0
-473	124779.0	124214.0
-472	124722.0	124555.0
-471	125723.0	124170.0
-470	125366.0	124405.0
-469	125033.0	124663.0
-468	125533.0	124344.0
-467	125223.0	123939.0
-466	125239.0	124911.0
-465	125163.0	124861.0
-464	124163.0	124191.0
-463	124711.0	125005.0
-462	125569.0	125334.0
-461	124954.0	123873.0
-460	124461.0	124958.0
-459	125444.0	124858.0
-458	124801.0	124734.0
-457	124615.0	125372.0
-456	125490.0	125743.0
-455	125108.0	125011.0
-454	124364.0	125439.0
-453	125578.0	125314.0
-452	124561.0	124902.0
-451	124377.0	125368.0
-450	125694.0	125176.0
-449	124901.0	124854.0
-448	124522.0	125787.0
-447	126067.0	125595.0
-446	124858.0	125397.0
-445	124664.0	126275.0
-444	125267.0	125102.0
-443	124839.0	125395.0
-442	124586.0	125849.0
-441	125769.0	126024.0
-440	124735.0	125093.0
-439	124441.0	125650.0
-438	125015.0	125899.0
-437	124233.0	126007.0
-436	124632.0	126437.0
-435	125451.0	126464.0
-434	124990.0	125393.0
-433	125720.0	126242.0
-432	125374.0	126351.0
-431	124579.0	125479.0
-430	124924.0	126648.0
-429	125615.0	126088.0
-428	124492.0	125507.0
-427	124776.0	126608.0
-426	125824.0	126805.0
-425	125084.0	126143.0
-424	125233.0	126352.0
-423	125609.0	127265.0
-422	124973.0	125946.0
-421	125407.0	126647.0
-420	126228.0	126970.0
-419	125403.0	125516.0
-418	125244.0	127037.0
-417	125755.0	126849.0
-416	125527.0	126066.0
-415	125732.0	127721.0
-414	126130.0	127106.0
-413	125233.0	126126.0
-412	125772.0	127296.0
-411	127104.0	126939.0
-410	126530.0	126395.0
-409	125426.0	127116.0
-408	126887.0	127210.0
-407	125756.0	126610.0
-406	125595.0	126919.0
-405	126971.0	126716.0
-404	126357.0	126906.0
-403	126375.0	127012.0
-402	127055.0	126968.0
-401	125657.0	126552.0
-400	125948.0	127235.0
-399	127019.0	127394.0
-398	126105.0	127199.0
-397	126364.0	127126.0
-396	127195.0	127200.0
-395	126638.0	126682.0
-394	126634.0	127293.0
-393	127440.0	127522.0
-392	127116.0	126867.0
-391	126561.0	126973.0
-390	127268.0	127227.0
-389	126697.0	126442.0
-388	127263.0	127371.0
-387	128314.0	126968.0
-386	127498.0	126325.0
-385	127648.0	127156.0
-384	127748.0	127650.0
-383	127157.0	126653.0
-382	127681.0	127122.0
-381	127987.0	127259.0
-380	126905.0	126889.0
-379	127141.0	127450.0
-378	128128.0	127298.0
-377	128007.0	126394.0
-376	127951.0	127167.0
-375	128537.0	127239.0
-374	127180.0	126252.0
-373	127464.0	126574.0
-372	128695.0	126541.0
-371	127494.0	126155.0
-370	127513.0	127301.0
-369	129003.0	127444.0
-368	128040.0	126131.0
-367	128487.0	126555.0
-366	128901.0	127100.0
-365	127916.0	125745.0
-364	128087.0	126707.0
-363	128498.0	126728.0
-362	127579.0	126351.0
-361	127937.0	126993.0
-360	128890.0	126322.0
-359	128533.0	125435.0
-358	127590.0	126365.0
-357	128507.0	126400.0
-356	127789.0	125468.0
-355	128256.0	126544.0
-354	128940.0	125735.0
-353	127980.0	125802.0
-352	128396.0	126323.0
-351	128818.0	126962.0
-350	127957.0	126065.0
-349	128019.0	126130.0
-348	128273.0	126475.0
-347	127594.0	124856.0
-346	127761.0	127026.0
-345	129052.0	126398.0
-344	128147.0	125329.0
-343	127788.0	125865.0
-342	128923.0	125624.0
-341	127635.0	124635.0
-340	127804.0	125918.0
-339	128752.0	125557.0
-338	127221.0	124896.0
-337	126987.0	125506.0
-336	127690.0	125574.0
-335	127164.0	124572.0
-334	128095.0	125956.0
-333	128314.0	125704.0
-332	126720.0	124576.0
-331	126807.0	125610.0
-330	127765.0	125243.0
-329	127511.0	124405.0
-328	126955.0	125894.0
-327	128320.0	125260.0
-326	127175.0	124919.0
-325	126787.0	126361.0
-324	127094.0	124888.0
-323	126684.0	125051.0
-322	127056.0	124759.0
-321	128500.0	125039.0
-320	126575.0	124193.0
-319	126758.0	124554.0
-318	127790.0	125354.0
-317	126673.0	124938.0
-316	127023.0	125448.0
-315	127956.0	124784.0
-314	126631.0	124137.0
-313	126342.0	124826.0
-312	127485.0	124931.0
-311	126328.0	123865.0
-310	126504.0	124586.0
-309	127234.0	124789.0
-308	126590.0	124011.0
-307	125511.0	124946.0
-306	126830.0	124835.0
-305	125569.0	123981.0
-304	125635.0	124881.0
-303	127077.0	124717.0
-302	126168.0	124037.0
-301	126115.0	124778.0
-300	126460.0	124759.0
-299	124986.0	123567.0
-298	125716.0	125396.0
-297	126008.0	124856.0
-296	125605.0	124319.0
-295	125530.0	124948.0
-294	126348.0	124423.0
-293	125540.0	123943.0
-292	125311.0	124984.0
-291	126435.0	124419.0
-290	125543.0	123929.0
-289	124944.0	125566.0
-288	126386.0	125495.0
-287	124896.0	123970.0
-286	125245.0	125085.0
-285	126013.0	124708.0
-284	125187.0	124657.0
-283	125406.0	124637.0
-282	125994.0	124999.0
-281	124840.0	124033.0
-280	124757.0	125155.0
-279	125584.0	124943.0
-278	125321.0	124282.0
-277	124202.0	125540.0
-276	125855.0	124952.0
-275	124777.0	124587.0
-274	124264.0	125621.0
-273	125693.0	125866.0
-272	124459.0	125219.0
-271	125344.0	125539.0
-270	125780.0	125670.0
-269	124561.0	124160.0
-268	124485.0	126153.0
-267	125422.0	125999.0
-266	124164.0	124474.0
-265	124646.0	126182.0
-264	125961.0	125799.0
-263	124579.0	125497.0
-262	125147.0	126286.0
-261	125369.0	126133.0
-260	124867.0	125699.0
-259	125203.0	126187.0
-258	126099.0	126989.0
-257	124421.0	125346.0
-256	125066.0	126789.0
-255	125852.0	126269.0
-254	125160.0	126582.0
-253	124722.0	126896.0
-252	125571.0	126495.0
-251	124911.0	125854.0
-250	124857.0	127317.0
-249	126022.0	126674.0
-248	125118.0	126123.0
-247	125265.0	127809.0
-246	126076.0	126589.0
-245	125741.0	125905.0
-244	125192.0	127730.0
-243	126193.0	127888.0
-242	125138.0	126431.0
-241	125593.0	127623.0
-240	126375.0	127400.0
-239	126214.0	126622.0
-238	125829.0	127952.0
-237	126514.0	127589.0
-236	126096.0	127087.0
-235	126089.0	128580.0
-234	126667.0	128149.0
-233	126187.0	127205.0
-232	126346.0	128220.0
-231	127106.0	128125.0
-230	126531.0	127773.0
-229	126509.0	129174.0
-228	127376.0	128412.0
-227	126504.0	127314.0
-226	126334.0	128673.0
-225	127344.0	128817.0
-224	126843.0	127272.0
-223	127291.0	129008.0
-222	127881.0	128749.0
-221	127153.0	128600.0
-220	127068.0	129249.0
-219	128641.0	128734.0
-218	127766.0	127612.0
-217	127536.0	129656.0
-216	129177.0	129132.0
-215	127894.0	127885.0
-214	128156.0	129886.0
-213	129119.0	129435.0
-212	128146.0	128481.0
-211	127969.0	129552.0
-210	129567.0	129186.0
-209	128676.0	127863.0
-208	129242.0	129566.0
-207	130749.0	129718.0
-206	128608.0	127915.0
-205	128524.0	129321.0
-204	130246.0	129641.0
-203	129336.0	127334.0
-202	129554.0	129430.0
-201	131332.0	129024.0
-200	129758.0	128233.0
-199	129532.0	129363.0
-198	131152.0	129202.0
-197	129965.0	127999.0
-196	130106.0	128211.0
-195	130851.0	129166.0
-194	129792.0	127643.0
-193	130110.0	128790.0
-192	131623.0	128681.0
-191	131086.0	127251.0
-190	130844.0	129071.0
-189	132199.0	128854.0
-188	130506.0	127177.0
-187	130527.0	128741.0
-186	131333.0	127818.0
-185	130526.0	126580.0
-184	130188.0	127828.0
-183	131190.0	128095.0
-182	130485.0	127297.0
-181	130841.0	128785.0
-180	132495.0	127382.0
-179	130906.0	126799.0
-178	131167.0	128180.0
-177	132280.0	127205.0
-176	131075.0	126230.0
-175	131378.0	127574.0
-174	131797.0	127308.0
-173	130757.0	126044.0
-172	131270.0	127853.0
-171	131997.0	127786.0
-170	131305.0	126426.0
-169	130812.0	126882.0
-168	132242.0	126676.0
-167	130841.0	125812.0
-166	130614.0	126861.0
-165	132063.0	126611.0
-164	130741.0	125637.0
-163	130922.0	126301.0
-162	131630.0	125865.0
-161	130297.0	124864.0
-160	130036.0	126479.0
-159	131461.0	126198.0
-158	130185.0	125660.0
-157	129779.0	126989.0
-156	131934.0	126112.0
-155	130412.0	124337.0
-154	130125.0	125520.0
-153	131910.0	125761.0
-152	130228.0	124740.0
-151	130209.0	126083.0
-150	131211.0	125872.0
-149	129989.0	123935.0
-148	129246.0	125617.0
-147	131026.0	125329.0
-146	129843.0	124573.0
-145	129128.0	126383.0
-144	131213.0	125944.0
-143	129819.0	124330.0
-142	129585.0	125253.0
-141	130612.0	124897.0
-140	128800.0	123873.0
-139	127754.0	125467.0
-138	128924.0	124443.0
-137	127519.0	123740.0
-136	127388.0	125234.0
-135	129231.0	125271.0
-134	128391.0	123746.0
-133	129254.0	125161.0
-132	130681.0	124618.0
-131	128882.0	123909.0
-130	128290.0	124760.0
-129	129004.0	125329.0
-128	127764.0	124129.0
-127	127001.0	125967.0
-126	128513.0	125507.0
-125	127400.0	123592.0
-124	127494.0	124535.0
-123	130041.0	123757.0
-122	129075.0	122969.0
-121	128148.0	124415.0
-120	130010.0	124794.0
-119	128024.0	123445.0
-118	126735.0	125393.0
-117	128116.0	125417.0
-116	126363.0	123991.0
-115	126570.0	125706.0
-114	128693.0	125494.0
-113	128065.0	123431.0
-112	129039.0	124835.0
-111	130758.0	124492.0
-110	128898.0	123533.0
-109	128629.0	125521.0
-108	130074.0	125404.0
-107	127367.0	124552.0
-106	126651.0	125361.0
-105	128106.0	125848.0
-104	127640.0	123972.0
-103	128206.0	124866.0
-102	131396.0	124770.0
-101	129165.0	123975.0
-100	129280.0	125319.0
-99	130644.0	125363.0
-98	128986.0	123549.0
-97	128122.0	126225.0
-96	129839.0	125279.0
-95	127883.0	124220.0
-94	128455.0	125026.0
-93	130287.0	125041.0
-92	129708.0	123665.0
-91	130083.0	125375.0
-90	131487.0	125189.0
-89	131054.0	123656.0
-88	129896.0	125924.0
-87	130750.0	126121.0
-86	128985.0	124107.0
-85	128238.0	126659.0
-84	130327.0	126100.0
-83	128602.0	125019.0
-82	129678.0	126117.0
-81	130987.0	126451.0
-80	129933.0	124840.0
-79	129705.0	126256.0
-78	132047.0	125839.0
-77	130156.0	125301.0
-76	130363.0	126567.0
-75	131948.0	127404.0
-74	130058.0	126015.0
-73	130459.0	126867.0
-72	132574.0	126484.0
-71	130855.0	125264.0
-70	131419.0	127195.0
-69	133296.0	126962.0
-68	130708.0	125586.0
-67	130975.0	128034.0
-66	133820.0	127807.0
-65	131288.0	126652.0
-64	131259.0	129247.0
-63	133084.0	129160.0
-62	131561.0	127133.0
-61	130691.0	128796.0
-60	134081.0	129831.0
-59	132076.0	126963.0
-58	131611.0	129822.0
-57	133708.0	129366.0
-56	130901.0	127757.0
-55	130672.0	130705.0
-54	133841.0	130280.0
-53	132062.0	129122.0
-52	132845.0	131662.0
-51	135548.0	131046.0
-50	133569.0	128715.0
-49	134035.0	131832.0
-48	135702.0	131267.0
-47	133646.0	129091.0
-46	133109.0	131536.0
-45	134703.0	131936.0
-44	132373.0	130060.0
-43	133701.0	132327.0
-42	136490.0	132281.0
-41	135382.0	130873.0
-40	136678.0	133222.0
-39	138829.0	133359.0
-38	137149.0	131477.0
-37	136813.0	133366.0
-36	138355.0	133359.0
-35	134988.0	131993.0
-34	135957.0	133960.0
-33	139630.0	133618.0
-32	137674.0	132285.0
-31	138584.0	134248.0
-30	142718.0	133855.0
-29	139840.0	132523.0
-28	139354.0	135658.0
-27	141254.0	135939.0
-26	138984.0	133995.0
-25	137609.0	136061.0
-24	140324.0	136628.0
-23	137486.0	134346.0
-22	137873.0	137550.0
-21	141204.0	138696.0
-20	140666.0	136230.0
-19	141828.0	139315.0
-18	145508.0	139528.0
-17	141350.0	137477.0
-16	140522.0	141585.0
-15	143338.0	141413.0
-14	140167.0	139768.0
-13	141337.0	143612.0
-12	146490.0	144369.0
-11	144986.0	141938.0
-10	145070.0	145779.0
-9	149484.0	148850.0
-8	147705.0	148837.0
-7	144436.0	156114.0
-6	142292.0	158462.0
-5	134459.0	155477.0
-4	133416.0	159120.0
-3	150626.0	167264.0
-2	168776.0	153793.0
-1	256929.0	149526.0
0	2417.0	98428.0
1	256190.0	28595.0
2	167184.0	60423.0
3	149963.0	88366.0
4	133227.0	118207.0
5	134325.0	132631.0
6	142071.0	126851.0
7	143881.0	114297.0
8	147471.0	113114.0
9	149511.0	110339.0
10	144738.0	109041.0
11	144671.0	112247.0
12	146837.0	116222.0
13	141415.0	115484.0
14	140623.0	119534.0
15	142320.0	121628.0
16	140006.0	119969.0
17	140543.0	121743.0
18	143914.0	123053.0
19	140842.0	121229.0
20	139600.0	123954.0
21	140302.0	125247.0
22	137339.0	126259.0
23	137286.0	129956.0
24	139739.0	130842.0
25	137680.0	128693.0
26	138720.0	129927.0
27	140973.0	129068.0
28	138697.0	126022.0
29	139338.0	126973.0
30	141496.0	127358.0
31	137330.0	125360.0
32	136469.0	128982.0
33	138444.0	130305.0
34	135010.0	130185.0
35	134909.0	132737.0
36	137288.0	133667.0
37	135665.0	131016.0
38	136108.0	131601.0
39	137944.0	130574.0
40	136081.0	128303.0
41	134844.0	130259.0
42	136071.0	132045.0
43	133566.0	132119.0
44	132407.0	135197.0
45	134170.0	136138.0
46	132494.0	134193.0
47	133322.0	134373.0
48	134959.0	134631.0
49	132856.0	132119.0
50	133374.0	133214.0
51	134749.0	133386.0
52	132618.0	132373.0
53	131853.0	134280.0
54	133097.0	134984.0
55	129604.0	134303.0
56	130074.0	137161.0
57	132707.0	137177.0
58	131520.0	134121.0
59	130644.0	134039.0
60	133240.0	133471.0
61	130590.0	132290.0
62	130250.0	134541.0
63	132291.0	134864.0
64	130730.0	131882.0
65	130042.0	133618.0
66	131790.0	132979.0
67	130385.0	131998.0
68	130591.0	133825.0
69	132134.0	132625.0
70	130941.0	130393.0
71	130482.0	132215.0
72	131646.0	133223.0
73	129481.0	131885.0
74	129859.0	134566.0
75	130932.0	133327.0
76	129741.0	131853.0
77	129983.0	132384.0
78	131878.0	132652.0
79	129230.0	130683.0
80	128813.0	133700.0
81	130558.0	134035.0
82	128812.0	132215.0
83	127726.0	134066.0
84	129635.0	135736.0
85	127998.0	133026.0
86	128710.0	134920.0
87	130977.0	133688.0
88	129470.0	130371.0
89	129189.0	131592.0
90	131632.0	131564.0
91	129262.0	130208.0
92	129072.0	132725.0
93	129988.0	134365.0
94	127974.0	133031.0
95	127157.0	135315.0
96	129202.0	135482.0
97	127632.0	134462.0
98	128237.0	135259.0
99	130088.0	134117.0
100	129045.0	132049.0
101	128970.0	132370.0
102	130819.0	133003.0
103	127634.0	132779.0
104	127100.0	135476.0
105	127739.0	137191.0
106	126628.0	136183.0
107	126800.0	138009.0
108	128752.0	137167.0
109	128283.0	134765.0
110	128148.0	134848.0
111	129698.0	134847.0
112	127621.0	133835.0
113	127352.0	135858.0
114	128239.0	137473.0
115	126118.0	137366.0
116	125913.0	139762.0
117	127173.0	140801.0
118	125867.0	139597.0
119	126382.0	139943.0
120	128809.0	139300.0
121	128223.0	137329.0
122	128387.0	138162.0
123	129657.0	138418.0
124	127578.0	137857.0
125	126225.0	141235.0
126	128366.0	142887.0
127	126675.0	141721.0
128	127420.0	143475.0
129	129419.0	142297.0
130	127734.0	139641.0
131	128171.0	141095.0
132	129799.0	139908.0
133	128562.0	139504.0
134	127496.0	142047.0
135	128656.0	142711.0
136	126824.0	142585.0
137	126573.0	145839.0
138	128839.0	145638.0
139	127870.0	144067.0
140	128026.0	144866.0
141	130289.0	143939.0
142	128975.0	142279.0
143	128859.0	143474.0
144	130109.0	144885.0
145	129610.0	142513.0
146	128609.0	144666.0
147	130141.0	145257.0
148	128998.0	143017.0
149	129593.0	144078.0
150	130959.0	144631.0
151	129273.0	142613.0
152	129517.0	144301.0
153	130534.0	144350.0
154	129429.0	142196.0
155	129133.0	143962.0
156	130654.0	144070.0
157	129596.0	142258.0
158	129902.0	143198.0
159	131208.0	142578.0
160	129662.0	141157.0
161	129915.0	142275.0
162	131870.0	141824.0
163	130219.0	141297.0
164	130179.0	142781.0
165	131366.0	141253.0
166	130258.0	140451.0
167	130300.0	142253.0
168	131818.0	141620.0
169	130718.0	139488.0
170	129773.0	141258.0
171	131728.0	140437.0
172	129725.0	140029.0
173	130397.0	140454.0
174	132098.0	140179.0
175	130673.0	139055.0
176	130385.0	140057.0
177	131904.0	140031.0
178	130153.0	137699.0
179	130123.0	139159.0
180	131163.0	137757.0
181	130602.0	137121.0
182	130666.0	138452.0
183	131907.0	137441.0
184	130212.0	136930.0
185	130885.0	138266.0
186	131490.0	136883.0
187	130496.0	136846.0
188	129902.0	137147.0
189	130851.0	136849.0
190	129779.0	135614.0
191	129601.0	135808.0
192	131616.0	136581.0
193	130182.0	135085.0
194	129972.0	135832.0
195	131254.0	134957.0
196	129709.0	134283.0
197	129733.0	134974.0
198	130447.0	134069.0
199	129177.0	133870.0
200	129157.0	134546.0
201	130060.0	133807.0
202	129016.0	132699.0
203	129295.0	133945.0
204	129870.0	133453.0
205	128888.0	132964.0
206	128817.0	133922.0
207	129856.0	134011.0
208	128649.0	132236.0
209	128181.0	133560.0
210	129068.0	132872.0
211	127647.0	131927.0
212	127368.0	132623.0
213	128494.0	132606.0
214	127408.0	131997.0
215	126897.0	132596.0
216	128140.0	132724.0
217	127170.0	131844.0
218	127127.0	132215.0
219	127815.0	132002.0
220	126709.0	131049.0
221	126526.0	131519.0
222	127648.0	131701.0
223	126464.0	131208.0
224	126621.0	131838.0
225	127624.0	131565.0
226	126151.0	130394.0
227	125451.0	131445.0
228	127160.0	132019.0
229	125940.0	130359.0
230	126356.0	131084.0
231	126795.0	131260.0
232	125533.0	129985.0
233	125595.0	131096.0
234	125847.0	131225.0
235	125187.0	130558.0
236	124865.0	131924.0
237	125704.0	131538.0
238	124584.0	130862.0
239	124979.0	131044.0
240	126308.0	130484.0
241	124936.0	130462.0
242	124575.0	131469.0
243	125751.0	130731.0
244	124751.0	130042.0
245	124873.0	131303.0
246	125450.0	130600.0
247	124484.0	130394.0
248	124898.0	131412.0
249	124994.0	131452.0
250	124248.0	130350.0
251	124814.0	131558.0
252	125540.0	131694.0
253	124857.0	130129.0
254	124423.0	131122.0
255	125086.0	131139.0
256	124176.0	130425.0
257	124005.0	131334.0
258	125357.0	131317.0
259	124481.0	130410.0
260	123694.0	131621.0
261	125346.0	131632.0
262	123965.0	130334.0
263	123900.0	130798.0
264	124939.0	130916.0
265	123956.0	129824.0
266	124641.0	130975.0
267	125613.0	130990.0
268	124390.0	130424.0
269	124583.0	131663.0
270	125466.0	131461.0
271	124550.0	131175.0
272	124579.0	131673.0
273	125491.0	131588.0
274	123966.0	130695.0
275	123876.0	131414.0
276	125251.0	131975.0
277	124125.0	130510.0
278	124534.0	131234.0
279	125367.0	131847.0
280	124386.0	130621.0
281	124008.0	131645.0
282	125434.0	131646.0
283	124721.0	130974.0
284	124332.0	131956.0
285	125283.0	132031.0
286	125075.0	131266.0
287	125379.0	131682.0
288	125400.0	131676.0
289	124538.0	130673.0
290	124649.0	132193.0
291	125822.0	131659.0
292	124228.0	130502.0
293	125068.0	132025.0
294	125845.0	131915.0
295	124767.0	131451.0
296	125360.0	132131.0
297	126122.0	131932.0
298	125174.0	130816.0
299	125446.0	132411.0
300	126051.0	131429.0
301	125157.0	131477.0
302	124679.0	131869.0
303	126239.0	132313.0
304	125711.0	131512.0
305	125314.0	132076.0
306	126538.0	132396.0
307	125279.0	131609.0
308	125069.0	132124.0
309	126150.0	132244.0
310	125607.0	131237.0
311	125700.0	132692.0
312	126617.0	131978.0
313	125931.0	131805.0
314	126926.0	132631.0
315	126965.0	132277.0
316	125692.0	131511.0
317	125578.0	132404.0
318	126965.0	132558.0
319	125791.0	131444.0
320	126808.0	131948.0
321	127628.0	131946.0
322	126673.0	132023.0
323	126420.0	132128.0
324	127512.0	132440.0
325	126284.0	131694.0
326	125932.0	132653.0
327	127070.0	132831.0
328	126230.0	131411.0
329	126269.0	132867.0
330	127646.0	131478.0
331	127025.0	131289.0
332	126499.0	132443.0
333	127642.0	132342.0
334	126958.0	130981.0
335	127178.0	132645.0
336	127908.0	132176.0
337	126850.0	131350.0
338	126525.0	132074.0
339	127675.0	131737.0
340	127460.0	130976.0
341	126703.0	131279.0
342	128056.0	131516.0
343	127226.0	130726.0
344	127267.0	130796.0
345	128376.0	131271.0
346	126728.0	130285.0
347	127384.0	131041.0
348	128196.0	130986.0
349	127842.0	129817.0
350	127414.0	130786.0
351	128534.0	130635.0
352	126929.0	129223.0
353	127682.0	130710.0
354	128288.0	130137.0
355	127305.0	129479.0
356	127588.0	129639.0
357	128011.0	129239.0
358	127328.0	129074.0
359	127558.0	130033.0
360	128206.0	130028.0
361	127442.0	128612.0
362	127064.0	129258.0
363	128536.0	129554.0
364	127366.0	128339.0
365	127259.0	128454.0
366	127827.0	128579.0
367	127731.0	128319.0
368	126921.0	129243.0
369	128466.0	128175.0
370	126808.0	128097.0
371	128089.0	128771.0
372	128526.0	128953.0
373	127269.0	127157.0
374	127513.0	127747.0
375	128090.0	128133.0
376	126341.0	127254.0
377	127070.0	127616.0
378	128360.0	127471.0
379	127474.0	127143.0
380	126417.0	127390.0
381	127337.0	127469.0
382	127054.0	126887.0
383	126748.0	127901.0
384	127180.0	127216.0
385	127192.0	125365.0
386	126553.0	127196.0
387	128041.0	127308.0
388	126634.0	127107.0
389	126984.0	126660.0
390	126576.0	126610.0
391	126504.0	125636.0
392	126523.0	126783.0
393	126894.0	126372.0
394	126408.0	125970.0
395	126131.0	126437.0
396	126651.0	126456.0
397	126178.0	125706.0
398	125896.0	126170.0
399	126298.0	126604.0
400	125350.0	125803.0
401	126260.0	126758.0
402	126905.0	126996.0
403	125825.0	125591.0
404	125659.0	126629.0
405	126033.0	125984.0
406	125002.0	124798.0
407	125356.0	126013.0
408	126192.0	126221.0
409	125429.0	125859.0
410	125330.0	125927.0
411	125439.0	126063.0
412	124821.0	125710.0
413	125544.0	126087.0
414	125975.0	126436.0
415	124969.0	125582.0
416	125245.0	125757.0
417	125228.0	126083.0
418	124933.0	125185.0
419	124558.0	125639.0
420	125588.0	126261.0
421	125674.0	125268.0
422	124663.0	125349.0
423	124977.0	125836.0
424	124472.0	125364.0
425	124310.0	125746.0
426	124843.0	125357.0
427	123944.0	125028.0
428	124239.0	126300.0
429	124862.0	125642.0
430	123853.0	125335.0
431	124649.0	125945.0
432	124435.0	126923.0
433	124119.0	125965.0
434	124627.0	125684.0
435	125159.0	126205.0
436	124327.0	125488.0
437	124632.0	127084.0
438	125276.0	126730.0
439	123859.0	126517.0
440	124140.0	126769.0
441	124389.0	126205.0
442	123833.0	126366.0
443	123839.0	127412.0
444	124839.0	126181.0
445	123839.0	125383.0
446	124148.0	126450.0
447	124733.0	126332.0
448	124365.0	125340.0
449	124172.0	126073.0
450	124567.0	126797.0
451	124531.0	126569.0
452	124520.0	127070.0
453	124195.0	126921.0
454	124316.0	125957.0
455	123478.0	127292.0
456	124124.0	127183.0
457	123630.0	126227.0
458	124463.0	127086.0
459	124302.0	127295.0
460	124112.0	126339.0
461	124523.0	127219.0
462	125039.0	127542.0
463	124699.0	126636.0
464	125176.0	126836.0
465	125009.0	126989.0
466	123599.0	126486.0
467	123669.0	127119.0
468	124789.0	127566.0
469	124608.0	126542.0
470	124391.0	127554.0
471	124830.0	127590.0
472	123935.0	127101.0
473	124195.0	127534.0
474	125692.0	127517.0
475	124863.0	126775.0
476	124317.0	127284.0
477	124763.0	126918.0
478	124383.0	126502.0
479	124458.0	127834.0
480	124951.0	126913.0
481	124276.0	126717.0
482	124745.0	127377.0
483	125417.0	127250.0
484	125215.0	126459.0
485	124887.0	127597.0
486	125690.0	127870.0
487	125009.0	127133.0
488	125064.0	127680.0
489	126579.0	127766.0
490	124708.0	127473.0
491	124643.0	127201.0
492	125176.0	127299.0
493	125189.0	126748.0
494	125203.0	127430.0
495	126261.0	127677.0
496	124883.0	127055.0
497	125027.0	127887.0
498	125650.0	128077.0
499	125833.0	126973.0
500	125472.0	127744.0
501	126121.0	127894.0
502	125294.0	126720.0
503	125036.0	128134.0
504	125993.0	128235.0
505	125569.0	127114.0
506	125006.0	127417.0
507	126190.0	127419.0
508	125036.0	127651.0
509	125460.0	127919.0
510	126154.0	127367.0
511	125624.0	127662.0
512	125657.0	127940.0
513	125819.0	127357.0
514	126186.0	127179.0
515	125758.0	127635.0
516	126309.0	127322.0
517	126120.0	127095.0
518	125937.0	127699.0
519	126174.0	127521.0
520	125801.0	127277.0
521	126504.0	127651.0
522	126322.0	127456.0
523	125724.0	127193.0
524	125978.0	127027.0
525	126340.0	126922.0
526	125734.0	126445.0
527	125900.0	127691.0
528	126875.0	127190.0
529	126124.0	126573.0
530	126107.0	127121.0
531	126532.0	127507.0
532	126389.0	126644.0
533	125246.0	126900.0
534	126442.0	127226.0
535	125904.0	126840.0
536	126128.0	127558.0
537	126864.0	126703.0
538	125859.0	126548.0
539	126170.0	126613.0
540	126399.0	127203.0
541	126056.0	126165.0
542	126413.0	126724.0
543	126772.0	126844.0
544	125509.0	126155.0
545	125975.0	126904.0
546	126885.0	127162.0
547	125873.0	125934.0
548	125431.0	126381.0
549	126318.0	126417.0
550	126363.0	125871.0
551	126298.0	126306.0
552	125940.0	126460.0
553	126190.0	125621.0
554	125689.0	125850.0
555	126153.0	125973.0
556	125533.0	125469.0
557	125635.0	125833.0
558	126664.0	125806.0
559	125581.0	124940.0
560	125996.0	125580.0
561	126478.0	125304.0
562	125311.0	125415.0
563	125839.0	125797.0
564	126081.0	126083.0
565	125618.0	124616.0
566	125233.0	125544.0
567	126212.0	125155.0
568	125342.0	125726.0
569	125794.0	126047.0
570	125929.0	125084.0
571	125669.0	124744.0
572	124960.0	124903.0
573	126019.0	125533.0
574	125676.0	124384.0
575	126120.0	125724.0
576	125791.0	125618.0
577	125974.0	124233.0
578	125603.0	125211.0
579	126132.0	125269.0
580	124902.0	124447.0
581	125050.0	125338.0
582	125678.0	125157.0
583	125375.0	124960.0
584	125011.0	125092.0
585	125597.0	125272.0
586	125164.0	124947.0
587	124889.0	125300.0
588	125774.0	124896.0
589	125257.0	123974.0
590	125192.0	124825.0
591	125424.0	125178.0
592	125138.0	124932.0
593	125215.0	125434.0
594	125141.0	125238.0
595	124911.0	124819.0
596	124710.0	124532.0
597	125596.0	125274.0
598	124964.0	124273.0
599	124787.0	124960.0
600	124477.0	125420.0
601	124532.0	124736.0
602	125012.0	124952.0
603	125359.0	125052.0
604	124504.0	124226.0
605	124469.0	124848.0
606	124679.0	124781.0
607	124450.0	124509.0
608	124358.0	124691.0
609	125151.0	125001.0
610	124167.0	124620.0
611	123999.0	125215.0
612	125446.0	124692.0
613	124304.0	124519.0
614	124433.0	124660.0
615	123790.0	124664.0
616	124279.0	124903.0
617	124659.0	125423.0
618	124603.0	125073.0
619	124469.0	124718.0
620	124752.0	124392.0
621	124896.0	124779.0
622	124219.0	124376.0
623	124432.0	125080.0
624	125161.0	125079.0
625	125076.0	124844.0
626	124564.0	125248.0
627	124721.0	125313.0
628	124185.0	124728.0
629	124608.0	125574.0
630	125405.0	125047.0
631	124520.0	124741.0
632	123816.0	125097.0
633	124489.0	125274.0
634	124127.0	124865.0
635	123737.0	125434.0
636	125020.0	125608.0
637	124458.0	124540.0
638	124859.0	125795.0
639	124734.0	124851.0
640	124205.0	124696.0
641	124835.0	125497.0
642	124974.0	125529.0
643	123923.0	124787.0
644	124728.0	125815.0
645	124936.0	125171.0
646	124905.0	125290.0
647	124090.0	125868.0
648	125358.0	125537.0
649	124377.0	125004.0
650	124311.0	125569.0
651	124772.0	125761.0
652	124277.0	124875.0
653	124509.0	125342.0
654	125499.0	125734.0
655	124478.0	125730.0
656	124744.0	126089.0
657	124855.0	125770.0
658	123899.0	125286.0
659	124409.0	125559.0
660	125440.0	125348.0
661	124731.0	125038.0
662	124623.0	125684.0
663	125160.0	125022.0
664	124128.0	125517.0
665	124503.0	126586.0
666	124638.0	125950.0
667	124610.0	125152.0
668	124932.0	126240.0
669	125942.0	126202.0
670	124989.0	125182.0
671	124927.0	126035.0
672	124805.0	126054.0
673	123951.0	125951.0
674	124472.0	125652.0
675	124787.0	125847.0
676	123865.0	125560.0
677	124515.0	126385.0
678	125118.0	125662.0
679	124475.0	124871.0
680	124352.0	125991.0
681	124941.0	125459.0
682	124601.0	125794.0
683	125063.0	126086.0
684	125317.0	125881.0
685	124259.0	125497.0
686	124724.0	126364.0
687	124677.0	125731.0
688	124944.0	125548.0
689	124768.0	126065.0
690	125077.0	125238.0
691	124908.0	125385.0
692	124910.0	126840.0
693	125561.0	125793.0
694	124687.0	125562.0
695	124803.0	125747.0
696	125129.0	126089.0
697	124633.0	125572.0
698	124902.0	125939.0
699	125475.0	126254.0
700	125285.0	126288.0
701	125539.0	125743.0
702	125249.0	125616.0
703	125038.0	126081.0
704	124849.0	126576.0
705	125273.0	126153.0
706	124824.0	126275.0
707	124300.0	125635.0
708	124875.0	126003.0
709	124590.0	125277.0
710	124827.0	126016.0
711	125361.0	125681.0
712	125492.0	125709.0
713	124581.0	125852.0
714	124985.0	125769.0
715	125025.0	125684.0
716	124667.0	125582.0
717	125860.0	126027.0
718	124693.0	125439.0
719	124951.0	124945.0
720	125534.0	125417.0
721	124774.0	125646.0
722	125518.0	125892.0
723	125694.0	125388.0
724	125229.0	125137.0
725	124265.0	125908.0
726	125628.0	125264.0
727	125132.0	124497.0
728	125086.0	125516.0
729	125747.0	125330.0
730	124933.0	124878.0
731	124577.0	125740.0
732	124724.0	125323.0
733	124474.0	125155.0
734	124744.0	125827.0
735	124927.0	125603.0
736	125129.0	125326.0
737	124931.0	126193.0
738	125838.0	125724.0
739	124638.0	124876.0
740	124631.0	126155.0
741	124928.0	124938.0
742	124973.0	124824.0
743	124885.0	125204.0
744	125398.0	124780.0
745	124594.0	124681.0
746	124200.0	125513.0
747	125553.0	125200.0
748	125187.0	124672.0
749	125104.0	125525.0
750	124885.0	125294.0
751	125050.0	125303.0
752	125023.0	125239.0
753	125458.0	125586.0
754	125218.0	124726.0
755	124247.0	125221.0
756	124848.0	125134.0
757	124565.0	124544.0
758	124736.0	125286.0
759	124818.0	125069.0
760	124555.0	124810.0
761	125040.0	125134.0
762	124694.0	125091.0
763	124340.0	124720.0
764	124927.0	125133.0
765	124920.0	125257.0
766	124678.0	125005.0
767	124221.0	125115.0
768	124782.0	124557.0
769	124645.0	124677.0
770	124475.0	125055.0
771	125727.0	124667.0
772	124422.0	123827.0
773	124646.0	125058.0
774	124926.0	125620.0
775	124821.0	124541.0
776	124772.0	124373.0
777	125268.0	125089.0
778	124100.0	124393.0
779	124537.0	124827.0
780	124940.0	124743.0
781	124113.0	124909.0
782	124776.0	124930.0
783	125271.0	125106.0
784	124278.0	123602.0
785	125290.0	125216.0
786	125336.0	124049.0
787	124805.0	124273.0
788	123919.0	125208.0
789	124684.0	125073.0
790	123933.0	124024.0
791	124342.0	124992.0
792	124335.0	125036.0
793	124204.0	124610.0
794	124400.0	124600.0
795	124387.0	125070.0
796	123501.0	124280.0
797	124232.0	124753.0
798	124902.0	124662.0
799	123761.0	124820.0
800	124250.0	125196.0
801	124729.0	124902.0
802	123970.0	124530.0
803	123991.0	124793.0
804	124491.0	124879.0
805	124182.0	124935.0
806	124857.0	124952.0
807	124646.0	124495.0
808	124331.0	124407.0
809	124062.0	125344.0
810	125002.0	124831.0
811	124051.0	123918.0
812	124219.0	125164.0
813	124482.0	124877.0
814	124805.0	124692.0
815	124107.0	124722.0
816	124248.0	124854.0
817	124112.0	124301.0
818	124598.0	124784.0
819	124391.0	124670.0
820	124206.0	124742.0
821	124034.0	125033.0
822	125044.0	125161.0
823	123858.0	124601.0
824	123853.0	125763.0
825	124381.0	125018.0
826	124656.0	124248.0
827	123529.0	124552.0
828	124157.0	124796.0
829	124489.0	124667.0
830	123975.0	125422.0
831	124324.0	125282.0
832	124379.0	124402.0
833	124344.0	125250.0
834	124266.0	125388.0
835	124836.0	124455.0
836	123925.0	125102.0
837	124493.0	125569.0
838	123997.0	124727.0
839	123911.0	125332.0
840	124978.0	124857.0
841	123442.0	124630.0
842	124605.0	125561.0
843	125065.0	125230.0
844	124094.0	124802.0
845	124090.0	125492.0
846	124113.0	124469.0
847	124430.0	125287.0
848	124244.0	125173.0
849	125402.0	125187.0
850	124057.0	124491.0
851	124343.0	124664.0
852	124918.0	125257.0
853	124560.0	124880.0
854	124460.0	125112.0
855	124538.0	124708.0
856	124702.0	124008.0
857	124300.0	125015.0
858	124400.0	125006.0
859	123933.0	124601.0
860	124336.0	124985.0
861	124401.0	125022.0
862	123839.0	124535.0
863	124902.0	125080.0
864	124182.0	125200.0
865	124009.0	125020.0
866	123379.0	125819.0
867	124734.0	125661.0
868	124392.0	124959.0
869	124475.0	124197.0
870	124371.0	124296.0
871	123296.0	125140.0
872	124455.0	125109.0
873	124900.0	124853.0
874	124805.0	124396.0
875	123292.0	124615.0
876	124729.0	125171.0
877	124358.0	124098.0
878	124026.0	124864.0
879	124128.0	124894.0
880	124279.0	124814.0
881	124104.0	125204.0
882	125109.0	125304.0
883	123645.0	124901.0
884	124033.0	125385.0
885	125171.0	124921.0
886	124376.0	124675.0
887	124239.0	124777.0
888	124183.0	125101.0
889	124083.0	124900.0
890	124271.0	125441.0
891	124761.0	125579.0
892	124597.0	124158.0
893	124867.0	125284.0
894	124198.0	124683.0
895	123813.0	124785.0
896	124009.0	124611.0
897	124372.0	125285.0
898	124125.0	125589.0
899	124272.0	124864.0
900	124566.0	125006.0
901	124783.0	125178.0
902	123794.0	125102.0
903	124430.0	124688.0
904	123900.0	125333.0
905	123757.0	125718.0
906	124728.0	125398.0
907	124237.0	124128.0
908	124218.0	124456.0
909	125010.0	125554.0
910	123818.0	125854.0
911	124160.0	125132.0
912	124997.0	125200.0
913	124777.0	125191.0
914	123922.0	125664.0
915	124538.0	124929.0
916	124534.0	123984.0
917	124002.0	124135.0
918	123927.0	124614.0
919	124038.0	124701.0
920	123620.0	125206.0
921	124805.0	125033.0
922	123884.0	124712.0
923	124425.0	125611.0
924	125099.0	124341.0
925	124749.0	124691.0
926	123925.0	124777.0
927	124702.0	124822.0
928	124225.0	124439.0
929	124858.0	124494.0
930	125276.0	124468.0
931	124460.0	125360.0
932	124001.0	125172.0
933	124720.0	124918.0
934	124192.0	124549.0
935	123721.0	124769.0
936	124261.0	124567.0
937	123585.0	124291.0
938	124044.0	124886.0
939	124285.0	125048.0
940	123974.0	124648.0
941	124474.0	124786.0
942	124629.0	124449.0
943	124213.0	124260.0
944	124074.0	124901.0
945	124119.0	124837.0
946	124257.0	124693.0
947	124114.0	124306.0
948	124042.0	124114.0
949	124041.0	124955.0
950	123714.0	124892.0
951	124415.0	125282.0
952	123903.0	124830.0
953	123583.0	124958.0
954	124517.0	124915.0
955	123754.0	125577.0
956	124736.0	124619.0
957	125094.0	125284.0
958	124291.0	124383.0
959	124476.0	123987.0
960	124667.0	124859.0
961	124164.0	124574.0
962	123815.0	124529.0
963	123687.0	124164.0
964	124054.0	124679.0
965	123973.0	124512.0
966	124326.0	124373.0
967	124015.0	123631.0
968	123969.0	124417.0
969	124319.0	124656.0
970	123878.0	124352.0
971	124193.0	124705.0
972	124412.0	124904.0
973	123332.0	124400.0
974	123971.0	124328.0
975	124144.0	123953.0
976	123871.0	123638.0
977	123603.0	124479.0
978	124195.0	124847.0
979	123827.0	124207.0
980	124220.0	124562.0
981	124139.0	124465.0
982	124432.0	124011.0
983	124504.0	124421.0
984	124044.0	124951.0
985	123920.0	124252.0
986	123741.0	124392.0
987	123904.0	124342.0
988	124319.0	124247.0
989	123945.0	124236.0
990	124508.0	123764.0
991	123673.0	124170.0
992	124021.0	123948.0
993	123989.0	124444.0
994	124112.0	124309.0
995	123885.0	124525.0
996	124602.0	124329.0
997	123897.0	124575.0
998	124010.0	124566.0
999	123912.0	124525.0
1000	124229.0	124796.0
1001	123304.0	124734.0
1002	123897.0	124352.0
1003	124272.0	124820.0
1004	123924.0	124453.0
1005	124445.0	124980.0
1006	123694.0	124138.0
1007	123694.0	124503.0
1008	123707.0	124730.0
1009	123712.0	124197.0
1010	123731.0	124589.0
1011	123558.0	124134.0
1012	123626.0	124425.0
1013	124122.0	125034.0
1014	124154.0	124485.0
1015	123340.0	124544.0
1016	123549.0	124435.0
1017	123970.0	125038.0
1018	123847.0	124859.0
1019	123888.0	124009.0
1020	124039.0	124319.0
1021	123501.0	124039.0
1022	124075.0	124432.0
1023	123502.0	124593.0
1024	123797.0	124476.0
1025	123792.0	124673.0
1026	123618.0	125076.0
1027	123297.0	124728.0
1028	123793.0	124549.0
1029	123805.0	124963.0
1030	123393.0	123947.0
1031	123755.0	124165.0
1032	124457.0	124752.0
1033	123347.0	124776.0
1034	123462.0	124778.0
1035	123598.0	124546.0
1036	123758.0	124083.0
1037	123648.0	124442.0
1038	124215.0	124499.0
1039	123729.0	124496.0
1040	123256.0	124859.0
1041	123877.0	124762.0
1042	123257.0	124742.0
1043	123703.0	125163.0
1044	124079.0	124994.0
1045	123674.0	123649.0
1046	123912.0	124796.0
1047	124081.0	123715.0
1048	124000.0	124389.0
1049	123703.0	124264.0
1050	124422.0	124288.0
1051	124437.0	124300.0
1052	123836.0	124564.0
1053	123691.0	124710.0
1054	123630.0	124713.0
1055	123654.0	124760.0
1056	124383.0	124750.0
1057	123458.0	124511.0
1058	123227.0	124260.0
1059	124475.0	124486.0
1060	123767.0	124024.0
1061	123983.0	124581.0
1062	124166.0	124179.0
1063	123767.0	124544.0
1064	123774.0	125144.0
1065	123826.0	124210.0
1066	123632.0	123751.0
1067	123295.0	124635.0
1068	123972.0	123858.0
1069	123935.0	124073.0
1070	123179.0	124346.0
1071	124178.0	124587.0
1072	123507.0	123750.0
1073	123689.0	124176.0
1074	123691.0	124748.0
1075	123547.0	124487.0
1076	123514.0	124103.0
1077	123757.0	124422.0
1078	124257.0	124220.0
1079	124040.0	124550.0
1080	124050.0	124561.0
1081	123564.0	124372.0
1082	123298.0	124485.0
1083	123402.0	124216.0
1084	123838.0	124090.0
1085	123885.0	124793.0
1086	123711.0	124209.0
1087	123603.0	124198.0
1088	123712.0	124852.0
1089	123623.0	125197.0
1090	123793.0	125033.0
1091	123963.0	125415.0
1092	123912.0	124137.0
1093	123660.0	124548.0
1094	123874.0	124513.0
1095	123345.0	124973.0
1096	122914.0	123906.0
1097	123206.0	125065.0
1098	123839.0	124912.0
1099	123581.0	124706.0
1100	123902.0	124661.0
1101	124084.0	124016.0
1102	123829.0	124255.0
1103	123402.0	124206.0
1104	123412.0	123986.0
1105	123461.0	124438.0
1106	123235.0	124494.0
1107	123835.0	124101.0
1108	123545.0	124310.0
1109	123501.0	124658.0
1110	123277.0	124239.0
1111	123649.0	124535.0
1112	124150.0	124411.0
1113	123373.0	125020.0
1114	123997.0	123870.0
1115	123869.0	124694.0
1116	124272.0	124571.0
1117	123573.0	124214.0
1118	123891.0	124717.0
1119	124017.0	124512.0
1120	123457.0	123716.0
1121	123860.0	124324.0
1122	124388.0	124255.0
1123	123900.0	124261.0
1124	123232.0	123992.0
1125	123891.0	124595.0
1126	123694.0	123856.0
1127	124341.0	124380.0
1128	124172.0	124214.0
1129	123182.0	124193.0
1130	123282.0	124233.0
1131	124178.0	124407.0
1132	123883.0	124292.0
1133	123900.0	123682.0
1134	123331.0	124294.0
1135	123215.0	123843.0
1136	123890.0	124996.0
1137	124002.0	123987.0
1138	122964.0	124382.0
1139	123568.0	124039.0
1140	123905.0	124191.0
1141	123385.0	124378.0
1142	123864.0	124067.0
1143	123695.0	124455.0
1144	123552.0	124416.0
1145	124592.0	124419.0
1146	124448.0	124395.0
1147	122979.0	123902.0
1148	123682.0	124316.0
1149	124031.0	124478.0
1150	124104.0	123946.0
1151	123610.0	124413.0
1152	123361.0	123834.0
1153	123487.0	124163.0
1154	124215.0	124111.0
1155	123729.0	124098.0
1156	122902.0	124222.0
1157	123705.0	124943.0
1158	123952.0	123802.0
1159	123815.0	123780.0
1160	123330.0	124296.0
1161	123578.0	124064.0
1162	123512.0	123779.0
1163	123160.0	123859.0
1164	124061.0	123865.0
1165	122913.0	123830.0
1166	123394.0	123770.0
1167	123337.0	123823.0
1168	123472.0	123566.0
1169	123239.0	124437.0
1170	124156.0	124001.0
1171	123319.0	123765.0
1172	123497.0	124206.0
1173	123664.0	124563.0
1174	124124.0	124517.0
1175	123901.0	124150.0
1176	122952.0	124039.0
1177	123489.0	123479.0
1178	124318.0	123527.0
1179	124374.0	123359.0
1180	123967.0	122979.0
1181	123364.0	123813.0
1182	123491.0	124441.0
1183	123432.0	123889.0
1184	123565.0	123981.0
1185	123985.0	124115.0
1186	122709.0	123924.0
1187	123030.0	123629.0
1188	123280.0	123734.0
1189	123140.0	123989.0
1190	124160.0	124234.0
1191	123323.0	124200.0
1192	123163.0	124234.0
1193	123106.0	123900.0
1194	122958.0	124019.0
1195	122796.0	123622.0
1196	123485.0	124536.0
1197	123100.0	123840.0
1198	123686.0	123329.0
1199	123465.0	123674.0
1200	123886.0	124179.0
1201	123373.0	123571.0
1202	123323.0	123891.0
1203	123728.0	124497.0
1204	123384.0	123147.0
1205	123273.0	123603.0
1206	123279.0	124212.0
1207	123078.0	123761.0
1208	123020.0	123970.0
1209	123066.0	124173.0
1210	122830.0	123473.0
1211	123022.0	123697.0
1212	123505.0	123323.0
1213	123259.0	123613.0
1214	123023.0	124090.0
1215	123598.0	124092.0
1216	123465.0	123209.0
1217	123986.0	123894.0
1218	123059.0	123542.0
1219	123573.0	123283.0
1220	123096.0	123997.0
1221	123771.0	123488.0
1222	123058.0	123154.0
1223	123231.0	123396.0
1224	123627.0	124457.0
1225	122838.0	123845.0
1226	122880.0	123754.0
1227	123284.0	123567.0
1228	123519.0	123288.0
1229	122786.0	123596.0
1230	123078.0	123416.0
1231	123360.0	124137.0
1232	122881.0	123747.0
1233	122938.0	123517.0
1234	122521.0	123665.0
1235	123554.0	124399.0
1236	123491.0	123834.0
1237	123198.0	124150.0
1238	123286.0	123419.0
1239	123459.0	124186.0
1240	122887.0	123478.0
1241	122725.0	124321.0
1242	123084.0	124049.0
1243	122862.0	123803.0
1244	122910.0	123716.0
1245	123506.0	123680.0
1246	122893.0	123737.0
1247	122773.0	124127.0
1248	123113.0	123932.0
1249	123221.0	123960.0
1250	122762.0	123809.0
1251	123356.0	123865.0
1252	123398.0	123712.0
1253	123076.0	124091.0
1254	123682.0	123429.0
1255	123312.0	123698.0
1256	123406.0	123617.0
1257	123261.0	124109.0
1258	122801.0	123901.0
1259	122989.0	123902.0
1260	123515.0	124187.0
1261	123204.0	123641.0
1262	123093.0	123711.0
1263	122910.0	123956.0
1264	123252.0	123806.0
1265	123037.0	123464.0
1266	123527.0	124357.0
1267	123496.0	123596.0
1268	123162.0	123671.0
1269	123358.0	123929.0
1270	122688.0	123985.0
1271	122770.0	123836.0
1272	123041.0	124374.0
1273	122908.0	124004.0
1274	122505.0	124435.0
1275	123299.0	124335.0
1276	123300.0	124061.0
1277	123518.0	123594.0
1278	123353.0	124031.0
1279	122851.0	123276.0
1280	123401.0	124068.0
1281	123199.0	124768.0
1282	123212.0	124329.0
1283	122998.0	123772.0
1284	123494.0	123893.0
1285	122778.0	123929.0
1286	122744.0	124053.0
1287	123502.0	123504.0
1288	122969.0	123918.0
1289	123160.0	124136.0
1290	123363.0	123178.0
1291	123939.0	123221.0
1292	122826.0	123481.0
1293	122806.0	124691.0
1294	123321.0	123751.0
1295	122953.0	124452.0
1296	123198.0	123458.0
1297	122948.0	123261.0
1298	123149.0	123967.0
1299	123094.0	123857.0
1300	123322.0	123955.0
1301	123308.0	123943.0
1302	123510.0	124009.0
1303	123556.0	124076.0
1304	123071.0	124079.0
1305	123325.0	124151.0
1306	123479.0	123610.0
1307	123553.0	124004.0
1308	123055.0	123642.0
1309	123167.0	123259.0
1310	123478.0	124456.0
1311	123470.0	123062.0
1312	123054.0	123841.0
1313	122875.0	124248.0
1314	123314.0	124161.0
1315	123102.0	123418.0
1316	122542.0	123557.0
1317	123422.0	124517.0
1318	123206.0	123646.0
1319	122756.0	123813.0
1320	123482.0	124270.0
1321	123178.0	124095.0
1322	123091.0	124232.0
1323	123403.0	123728.0
1324	123191.0	123297.0
1325	122622.0	123669.0
1326	123071.0	124088.0
1327	123011.0	123662.0
1328	122907.0	124138.0
1329	123204.0	123683.0
1330	123427.0	123737.0
1331	123024.0	123002.0
1332	123018.0	124118.0
1333	122928.0	123690.0
1334	122713.0	123703.0
1335	122982.0	123699.0
1336	123090.0	123418.0
1337	122852.0	123497.0
1338	123525.0	123516.0
1339	123019.0	123416.0
1340	122826.0	123262.0
1341	123805.0	123303.0
1342	123330.0	123052.0
1343	123037.0	123555.0
1344	123577.0	123913.0
1345	122981.0	123833.0
1346	123064.0	123643.0
1347	123270.0	123582.0
1348	122482.0	123659.0
1349	122916.0	123810.0
1350	123136.0	123412.0
1351	123181.0	123382.0
1352	122930.0	123539.0
1353	123010.0	124074.0
1354	123363.0	123191.0
1355	122740.0	123293.0
1356	123244.0	123466.0
1357	122843.0	122936.0
1358	122487.0	123690.0
1359	123276.0	123937.0
1360	122709.0	123876.0
1361	123219.0	123869.0
1362	123273.0	123829.0
1363	123411.0	123268.0
1364	122948.0	123257.0
1365	123514.0	123347.0
1366	122903.0	123928.0
1367	123319.0	123871.0
1368	123318.0	123578.0
1369	122655.0	123429.0
1370	122953.0	123493.0
1371	123012.0	123313.0
1372	123537.0	124020.0
1373	122764.0	123826.0
1374	122890.0	123723.0
1375	122734.0	123209.0
1376	122636.0	123545.0
1377	122943.0	124098.0
1378	122925.0	123051.0
1379	122908.0	123381.0
1380	123108.0	123246.0
1381	123249.0	123212.0
1382	122767.0	123532.0
1383	123309.0	123217.0
1384	123185.0	123080.0
1385	122307.0	123484.0
1386	122952.0	123367.0
1387	122588.0	123477.0
1388	121767.0	123763.0
1389	122962.0	123191.0
1390	123012.0	122863.0
1391	123544.0	123083.0
1392	123305.0	122854.0
1393	122747.0	123073.0
1394	123312.0	123191.0
1395	122817.0	123791.0
1396	122594.0	123355.0
1397	122740.0	123413.0
1398	122964.0	123466.0
1399	122221.0	123039.0
1400	123057.0	123150.0
1401	123195.0	123373.0
1402	122479.0	123237.0
1403	123594.0	123172.0
1404	122485.0	123319.0
1405	123124.0	122915.0
1406	122814.0	123293.0
1407	122801.0	123300.0
1408	122451.0	122888.0
1409	122183.0	123263.0
1410	122887.0	123762.0
1411	122344.0	123173.0
1412	122316.0	123230.0
1413	122810.0	123393.0
1414	122495.0	123663.0
1415	122958.0	123904.0
1416	122099.0	123190.0
1417	122259.0	123586.0
1418	122661.0	123266.0
1419	122362.0	123630.0
1420	123036.0	123506.0
1421	121932.0	123324.0
1422	122846.0	123292.0
1423	122199.0	123374.0
1424	122815.0	123398.0
1425	122645.0	122799.0
1426	122158.0	123750.0
1427	122590.0	124419.0
1428	122889.0	123702.0
1429	122925.0	123217.0
1430	122846.0	123462.0
1431	122292.0	123668.0
1432	122714.0	123197.0
1433	123076.0	122770.0
1434	122799.0	123283.0
1435	122380.0	123082.0
1436	122999.0	123243.0
1437	123417.0	123624.0
1438	122281.0	123736.0
1439	122298.0	123427.0
1440	122689.0	123114.0
1441	122362.0	123235.0
1442	123038.0	123532.0
1443	122871.0	123655.0
1444	122378.0	123587.0
1445	122385.0	123862.0
1446	122661.0	123502.0
1447	122642.0	122909.0
1448	122305.0	123340.0
1449	122564.0	123400.0
1450	122247.0	122707.0
1451	122575.0	122973.0
1452	123248.0	123077.0
1453	122647.0	122759.0
1454	123175.0	122832.0
1455	123787.0	123300.0
1456	122670.0	123764.0
1457	122848.0	124003.0
1458	122453.0	123439.0
1459	122726.0	123684.0
1460	122331.0	123782.0
1461	122785.0	123615.0
1462	122660.0	122292.0
1463	122602.0	123568.0
1464	123018.0	123733.0
1465	122589.0	122796.0
1466	122529.0	123366.0
1467	122785.0	122568.0
1468	122489.0	123325.0
1469	122499.0	122780.0
1470	122991.0	123532.0
1471	122759.0	123371.0
1472	122077.0	123178.0
1473	122638.0	123031.0
1474	122516.0	123228.0
1475	122904.0	123733.0
1476	122683.0	123303.0
1477	122846.0	123342.0
1478	122825.0	123369.0
1479	123015.0	123077.0
1480	123131.0	122997.0
1481	123018.0	122838.0
1482	122959.0	123794.0
1483	123138.0	123091.0
1484	122688.0	123767.0
1485	122688.0	123902.0
1486	122766.0	123017.0
1487	122513.0	123423.0
1488	122990.0	123240.0
1489	122787.0	122701.0
1490	123160.0	123332.0
1491	123048.0	123341.0
1492	122694.0	122768.0
1493	122811.0	122745.0
1494	122827.0	123540.0
1495	122157.0	123219.0
1496	121938.0	123574.0
1497	122785.0	123684.0
1498	123022.0	123097.0
1499	122863.0	123130.0
1500	122706.0	122980.0
1501	122366.0	122740.0
1502	122493.0	122817.0
1503	122886.0	122673.0
1504	122205.0	122380.0
1505	122338.0	123656.0
1506	122764.0	123345.0
1507	122624.0	123386.0
1508	122286.0	122822.0
1509	122996.0	123523.0
1510	123011.0	123247.0
1511	122866.0	123398.0
1512	123730.0	123801.0
1513	122484.0	122884.0
1514	122187.0	122906.0
1515	122168.0	123332.0
1516	122829.0	123461.0
1517	122914.0	123544.0
1518	122565.0	123582.0
1519	122514.0	123054.0
1520	122564.0	123348.0
1521	122965.0	123048.0
1522	122773.0	123153.0
1523	122936.0	123825.0
1524	122688.0	123134.0
1525	123191.0	123321.0
1526	122986.0	123045.0
1527	122466.0	122561.0
1528	123004.0	122984.0
1529	122533.0	123445.0
1530	122252.0	123728.0
1531	122465.0	123036.0
1532	122521.0	123428.0
1533	122553.0	123615.0
1534	122083.0	123059.0
1535	122433.0	123328.0
1536	122692.0	123335.0
1537	121918.0	123428.0
1538	122729.0	123133.0
1539	122762.0	122671.0
1540	122317.0	123194.0
1541	122310.0	122803.0
1542	122781.0	123010.0
1543	122930.0	122903.0
1544	122691.0	123388.0
1545	122641.0	122983.0
1546	122695.0	122442.0
1547	122970.0	123258.0
1548	122237.0	122765.0
1549	122336.0	122965.0
1550	122399.0	123278.0
1551	122415.0	123209.0
1552	123096.0	123688.0
1553	122246.0	122973.0
1554	122342.0	122966.0
1555	122707.0	123113.0
1556	122882.0	123280.0
1557	122859.0	123173.0
1558	122478.0	122733.0
1559	122431.0	122470.0
1560	122539.0	122361.0
1561	122694.0	122427.0
1562	122475.0	123376.0
1563	121919.0	123469.0
1564	122336.0	123095.0
1565	122261.0	123032.0
1566	122828.0	122684.0
1567	122395.0	122745.0
1568	122305.0	122651.0
1569	122559.0	123319.0
1570	122736.0	123115.0
1571	122729.0	123059.0
1572	123142.0	122698.0
1573	122755.0	122954.0
1574	121831.0	122374.0
1575	122555.0	123034.0
1576	122650.0	122750.0
1577	122896.0	123705.0
1578	122137.0	123275.0
1579	122198.0	122694.0
1580	121742.0	123291.0
1581	122112.0	123076.0
1582	122357.0	122844.0
1583	121846.0	122569.0
1584	122313.0	122855.0
1585	122313.0	122945.0
1586	122528.0	123190.0
1587	122615.0	122981.0
1588	122243.0	122784.0
1589	121941.0	123151.0
1590	121961.0	123184.0
1591	122315.0	122969.0
1592	122429.0	122770.0
1593	122766.0	122861.0
1594	122974.0	122694.0
1595	122233.0	123182.0
1596	122758.0	122765.0
1597	122042.0	122579.0
1598	122082.0	123598.0
1599	122460.0	122776.0
1600	122815.0	122521.0
1601	122834.0	123393.0
1602	123109.0	122724.0
1603	122338.0	123155.0
1604	122843.0	122179.0
1605	122710.0	122654.0
1606	122088.0	122762.0
1607	122253.0	122466.0
1608	122395.0	123012.0
1609	122346.0	122987.0
1610	122319.0	123595.0
1611	122223.0	123143.0
1612	122136.0	122719.0
1613	122178.0	122866.0
1614	122643.0	123413.0
1615	122268.0	122807.0
1616	122715.0	122774.0
1617	122565.0	123063.0
1618	122231.0	122707.0
1619	122586.0	123331.0
1620	122717.0	123114.0
1621	122085.0	122980.0
1622	122532.0	122809.0
1623	122969.0	123043.0
1624	122848.0	122680.0
1625	122602.0	122533.0
1626	122014.0	122508.0
1627	122208.0	122845.0
1628	122422.0	122514.0
1629	122230.0	122511.0
1630	122163.0	122797.0
1631	122005.0	122625.0
1632	122066.0	122281.0
1633	122004.0	122845.0
1634	121924.0	122823.0
1635	122341.0	122817.0
1636	122707.0	122595.0
1637	122365.0	122287.0
1638	122060.0	122518.0
1639	122216.0	122984.0
1640	122397.0	122974.0
1641	122232.0	122624.0
1642	122424.0	122932.0
1643	122278.0	123209.0
1644	121972.0	122636.0
1645	122501.0	122720.0
1646	122335.0	123548.0
1647	122248.0	123403.0
1648	121810.0	123083.0
1649	122509.0	122769.0
1650	122547.0	122944.0
1651	122287.0	122748.0
1652	121815.0	122834.0
1653	121635.0	122557.0
1654	121980.0	122564.0
1655	121918.0	122699.0
1656	122476.0	123140.0
1657	122677.0	123013.0
1658	122459.0	122543.0
1659	121913.0	122875.0
1660	122251.0	122794.0
1661	122495.0	123317.0
1662	122377.0	122676.0
1663	122373.0	122189.0
1664	121737.0	122822.0
1665	122138.0	122890.0
1666	121630.0	123095.0
1667	121571.0	122825.0
1668	122401.0	122595.0
1669	122570.0	123174.0
1670	122079.0	122796.0
1671	122226.0	122883.0
1672	122444.0	122940.0
1673	121982.0	122618.0
1674	122841.0	123013.0
1675	122478.0	122929.0
1676	121963.0	123264.0
1677	121960.0	123058.0
1678	122108.0	122325.0
1679	121806.0	122854.0
1680	122399.0	122998.0
1681	122386.0	122586.0
1682	121714.0	123018.0
1683	122464.0	122471.0
1684	122152.0	123029.0
1685	122114.0	122487.0
1686	122195.0	122970.0
1687	121823.0	122814.0
1688	122160.0	122909.0
1689	122903.0	122930.0
1690	122205.0	123280.0
1691	121490.0	122954.0
1692	122394.0	122899.0
1693	122100.0	122984.0
1694	122281.0	123054.0
1695	122310.0	122374.0
1696	122812.0	123066.0
1697	122058.0	123382.0
1698	122636.0	123613.0
1699	121722.0	122632.0
1700	122024.0	122484.0
1701	122312.0	122790.0
1702	122351.0	122700.0
1703	122133.0	122584.0
1704	122324.0	122765.0
1705	122103.0	122947.0
1706	122019.0	122623.0
1707	121641.0	122961.0
1708	121545.0	123152.0
1709	122760.0	123026.0
1710	122603.0	122841.0
1711	122676.0	122510.0
1712	122378.0	122953.0
1713	122057.0	122423.0
1714	122670.0	122454.0
1715	122501.0	122254.0
1716	122551.0	122589.0
1717	122603.0	122669.0
1718	122522.0	122741.0
1719	122633.0	122371.0
1720	121980.0	122498.0
1721	122288.0	122493.0
1722	122211.0	122377.0
1723	122029.0	121878.0
1724	121346.0	122987.0
1725	121369.0	121955.0
1726	121986.0	121996.0
1727	122034.0	122636.0
1728	122196.0	122800.0
1729	121858.0	122724.0
1730	121910.0	122872.0
1731	121698.0	122871.0
1732	122051.0	123247.0
1733	122220.0	122709.0
1734	121557.0	122496.0
1735	121326.0	122191.0
1736	122248.0	122476.0
1737	121933.0	122930.0
1738	121831.0	123211.0
1739	122219.0	122560.0
1740	122542.0	122183.0
1741	122044.0	122673.0
1742	122418.0	122419.0
1743	122595.0	122274.0
1744	122073.0	122696.0
1745	122187.0	122613.0
1746	121962.0	122295.0
1747	122102.0	122744.0
1748	122257.0	122169.0
1749	122306.0	122497.0
1750	122259.0	122391.0
1751	122061.0	123160.0
1752	121655.0	122669.0
1753	122161.0	122697.0
1754	122317.0	122032.0
1755	121535.0	122969.0
1756	121749.0	122088.0
1757	121835.0	121811.0
1758	121445.0	122486.0
1759	121962.0	122793.0
1760	122346.0	122065.0
1761	121694.0	122297.0
1762	121548.0	122125.0
1763	122056.0	121790.0
1764	122521.0	122535.0
1765	122358.0	122421.0
1766	121397.0	122081.0
1767	121700.0	123024.0
1768	122263.0	122532.0
1769	122334.0	122683.0
1770	121927.0	122586.0
1771	121964.0	122588.0
1772	121854.0	122707.0
1773	121868.0	122035.0
1774	122209.0	122718.0
1775	122386.0	122565.0
1776	122399.0	122555.0
1777	122309.0	122606.0
1778	122333.0	122307.0
1779	121845.0	122442.0
1780	122077.0	121883.0
1781	122485.0	121960.0
1782	122148.0	122029.0
1783	121409.0	122002.0
1784	121346.0	122426.0
1785	121830.0	122807.0
1786	121735.0	123033.0
1787	121419.0	122533.0
1788	122132.0	122448.0
1789	121527.0	123163.0
1790	121587.0	122129.0
1791	122177.0	122982.0
1792	122280.0	122950.0
1793	122098.0	122612.0
1794	121916.0	122045.0
1795	122130.0	121988.0
1796	122529.0	121955.0
1797	121744.0	123045.0
1798	122525.0	122267.0
1799	122375.0	123039.0
1800	122164.0	122596.0
1801	121834.0	122433.0
1802	122479.0	122549.0
1803	122224.0	122593.0
1804	121582.0	122084.0
1805	121878.0	122673.0
1806	121544.0	122183.0
1807	121929.0	122548.0
1808	121802.0	122654.0
1809	122597.0	123004.0
1810	121691.0	122474.0
1811	122180.0	121897.0
1812	122240.0	122053.0
1813	121654.0	122753.0
1814	121663.0	122476.0
1815	121060.0	122289.0
1816	121384.0	122784.0
1817	121869.0	122853.0
1818	122093.0	123032.0
1819	121934.0	122920.0
1820	121637.0	122810.0
1821	121990.0	122670.0
1822	122532.0	122821.0
1823	121902.0	122482.0
1824	122452.0	122440.0
1825	122214.0	122094.0
1826	121487.0	121788.0
1827	121335.0	122263.0
1828	121832.0	121988.0
1829	122064.0	122679.0
1830	121762.0	122884.0
1831	121722.0	122674.0
1832	121398.0	122147.0
1833	121253.0	122716.0
1834	121923.0	122456.0
1835	121344.0	122543.0
1836	122549.0	122535.0
1837	121729.0	122193.0
1838	121751.0	122074.0
1839	122066.0	122680.0
1840	121813.0	121917.0
1841	121175.0	122350.0
1842	121915.0	122318.0
1843	122255.0	122231.0
1844	121910.0	122848.0
1845	121735.0	122418.0
1846	122021.0	122178.0
1847	121411.0	122074.0
1848	122335.0	122773.0
1849	122181.0	122544.0
1850	122374.0	122213.0
1851	121599.0	122953.0
1852	122409.0	122308.0
1853	122108.0	122365.0
1854	121734.0	122704.0
1855	122222.0	122175.0
1856	122042.0	122391.0
1857	121708.0	122770.0
1858	122008.0	121839.0
1859	121637.0	122293.0
1860	122437.0	122456.0
1861	122406.0	122494.0
1862	121843.0	122819.0
1863	122419.0	121923.0
1864	121843.0	122107.0
1865	121363.0	122676.0
1866	121918.0	122591.0
1867	121545.0	122226.0
1868	121457.0	121986.0
1869	121433.0	121645.0
1870	121719.0	122181.0
1871	121665.0	121932.0
1872	121610.0	122194.0
1873	121722.0	122457.0
1874	121689.0	122404.0
1875	121945.0	122910.0
1876	121961.0	122010.0
1877	122463.0	122071.0
1878	121618.0	122001.0
1879	122115.0	122400.0
1880	121804.0	122102.0
1881	122319.0	122499.0
1882	121643.0	121903.0
1883	121974.0	122546.0
1884	121475.0	122457.0
1885	121820.0	121787.0
1886	121670.0	121655.0
1887	121329.0	121691.0
1888	121519.0	121992.0
1889	121664.0	122737.0
1890	122154.0	122476.0
1891	122247.0	122289.0
1892	121935.0	122794.0
1893	122160.0	121999.0
1894	122405.0	123272.0
1895	121993.0	122264.0
1896	121883.0	121865.0
1897	122184.0	122104.0
1898	121256.0	121847.0
1899	121963.0	121977.0
1900	121714.0	122769.0
1901	122171.0	122023.0
1902	122515.0	122332.0
1903	122222.0	122386.0
1904	122005.0	122017.0
1905	122006.0	122116.0
1906	121712.0	122135.0
1907	122252.0	122326.0
1908	122059.0	121973.0
1909	121624.0	122369.0
1910	121914.0	122191.0
1911	121628.0	121876.0
1912	121892.0	122301.0
1913	121894.0	122202.0
1914	122352.0	122157.0
1915	121831.0	122554.0
1916	121566.0	121732.0
1917	121650.0	122200.0
1918	121395.0	122099.0
1919	122105.0	122190.0
1920	121804.0	122342.0
1921	121782.0	122185.0
1922	121257.0	121883.0
1923	121275.0	122611.0
1924	121248.0	122146.0
1925	121569.0	122840.0
1926	121516.0	122700.0
1927	120870.0	122093.0
1928	121550.0	122047.0
1929	121494.0	122173.0
1930	121306.0	121585.0
1931	121296.0	121911.0
1932	121907.0	121876.0
1933	121895.0	121775.0
1934	121405.0	121990.0
1935	120958.0	122504.0
1936	121474.0	122076.0
1937	121365.0	122568.0
1938	121299.0	122424.0
1939	121391.0	122271.0
1940	121535.0	122015.0
1941	121653.0	122319.0
1942	121617.0	121983.0
1943	121757.0	121602.0
1944	121602.0	122031.0
1945	122161.0	121298.0
1946	121206.0	122442.0
1947	121794.0	122479.0
1948	121737.0	122355.0
1949	122305.0	121843.0
1950	122835.0	121648.0
1951	122112.0	122119.0
1952	121596.0	122438.0
1953	121478.0	122449.0
1954	121753.0	122525.0
1955	121399.0	122124.0
1956	121182.0	122033.0
1957	121617.0	122383.0
1958	121638.0	122241.0
1959	121520.0	122013.0
1960	121211.0	122119.0
1961	121176.0	122255.0
1962	120987.0	122532.0
1963	121704.0	122086.0
1964	121705.0	122711.0
1965	122148.0	122259.0
1966	121458.0	122366.0
1967	121438.0	122422.0
1968	121614.0	121897.0
1969	121725.0	122080.0
1970	121356.0	122226.0
1971	120995.0	122529.0
1972	121517.0	122510.0
1973	121696.0	122611.0
1974	121402.0	122358.0
1975	122182.0	122308.0
1976	121949.0	122350.0
1977	121232.0	122766.0
1978	121434.0	122078.0
1979	121244.0	122504.0
1980	121452.0	122200.0
1981	121749.0	122370.0
1982	122045.0	122698.0
1983	121689.0	121691.0
1984	121903.0	122507.0
1985	121552.0	122207.0
1986	121782.0	122674.0
1987	121599.0	121048.0
1988	121660.0	121975.0
1989	121418.0	121722.0
1990	121691.0	122037.0
1991	121202.0	122736.0
1992	121038.0	122202.0
1993	121721.0	121991.0
1994	121553.0	121789.0
1995	121616.0	122695.0
1996	121670.0	122065.0
1997	121584.0	122132.0
1998	122124.0	122872.0
1999	121757.0	122221.0
