Distance in bp(Fragment Length Estimate: 690)(Peak Width Estimate: 690)	Same Strand (+ for Watson strand, - for Crick)	Opposite Strand
-2000	122892.0	121994.0
-1999	122038.0	122278.0
-1998	122157.0	122072.0
-1997	122982.0	122251.0
-1996	122540.0	122474.0
-1995	122705.0	122355.0
-1994	122658.0	122389.0
-1993	123196.0	121971.0
-1992	122417.0	123108.0
-1991	122849.0	122437.0
-1990	122269.0	122083.0
-1989	122488.0	122263.0
-1988	122580.0	122392.0
-1987	122347.0	122099.0
-1986	123131.0	122416.0
-1985	122848.0	121671.0
-1984	122205.0	122543.0
-1983	122689.0	122297.0
-1982	122576.0	122411.0
-1981	122407.0	122594.0
-1980	122512.0	121940.0
-1979	122492.0	122726.0
-1978	122273.0	121817.0
-1977	122466.0	122586.0
-1976	122652.0	122601.0
-1975	122900.0	122058.0
-1974	122866.0	122402.0
-1973	122601.0	122002.0
-1972	122304.0	121963.0
-1971	122807.0	122508.0
-1970	122908.0	122686.0
-1969	122571.0	122598.0
-1968	122492.0	122783.0
-1967	122474.0	122347.0
-1966	122917.0	122074.0
-1965	122930.0	122374.0
-1964	122125.0	122155.0
-1963	122495.0	122110.0
-1962	122516.0	122300.0
-1961	123117.0	122179.0
-1960	122471.0	122107.0
-1959	122570.0	122101.0
-1958	122330.0	122127.0
-1957	122116.0	122431.0
-1956	122855.0	122576.0
-1955	121944.0	122499.0
-1954	122762.0	122140.0
-1953	123151.0	121346.0
-1952	122053.0	121944.0
-1951	122565.0	122351.0
-1950	122485.0	122325.0
-1949	122494.0	122387.0
-1948	122185.0	122407.0
-1947	122484.0	122411.0
-1946	122762.0	122427.0
-1945	122625.0	122817.0
-1944	123143.0	122323.0
-1943	122779.0	122459.0
-1942	122582.0	122389.0
-1941	123124.0	122382.0
-1940	122873.0	121997.0
-1939	122335.0	122460.0
-1938	122528.0	122616.0
-1937	122931.0	122104.0
-1936	123118.0	122905.0
-1935	122451.0	122089.0
-1934	122025.0	122656.0
-1933	122354.0	122305.0
-1932	122771.0	122765.0
-1931	122723.0	123001.0
-1930	123188.0	121873.0
-1929	122627.0	122692.0
-1928	123044.0	122213.0
-1927	122646.0	122600.0
-1926	122437.0	122884.0
-1925	121831.0	123029.0
-1924	122501.0	122303.0
-1923	122024.0	122799.0
-1922	122320.0	121685.0
-1921	122316.0	122497.0
-1920	122975.0	122322.0
-1919	123212.0	122915.0
-1918	122921.0	122278.0
-1917	122634.0	122851.0
-1916	122084.0	122378.0
-1915	123294.0	122658.0
-1914	122618.0	122477.0
-1913	122654.0	122280.0
-1912	122512.0	122012.0
-1911	123182.0	122308.0
-1910	122787.0	122829.0
-1909	122577.0	122747.0
-1908	122882.0	122864.0
-1907	122666.0	122423.0
-1906	122429.0	122408.0
-1905	122781.0	122350.0
-1904	122876.0	122850.0
-1903	123259.0	122223.0
-1902	122921.0	122793.0
-1901	122570.0	122260.0
-1900	122033.0	121768.0
-1899	122746.0	122261.0
-1898	122348.0	122285.0
-1897	122514.0	122602.0
-1896	122581.0	122314.0
-1895	122979.0	122125.0
-1894	122492.0	122674.0
-1893	122634.0	122607.0
-1892	122892.0	122716.0
-1891	122678.0	122532.0
-1890	123136.0	122553.0
-1889	122375.0	122180.0
-1888	122438.0	122628.0
-1887	122344.0	122910.0
-1886	122887.0	122615.0
-1885	122818.0	122712.0
-1884	123492.0	122083.0
-1883	122548.0	122192.0
-1882	123355.0	122225.0
-1881	122567.0	122592.0
-1880	122352.0	122619.0
-1879	122354.0	123018.0
-1878	123044.0	123143.0
-1877	122845.0	122967.0
-1876	122724.0	122896.0
-1875	123292.0	122862.0
-1874	123635.0	122222.0
-1873	122915.0	122498.0
-1872	122500.0	122712.0
-1871	122845.0	122420.0
-1870	122499.0	122297.0
-1869	122770.0	122961.0
-1868	122605.0	122393.0
-1867	123067.0	122684.0
-1866	123410.0	122540.0
-1865	122948.0	122442.0
-1864	122880.0	122920.0
-1863	123511.0	122830.0
-1862	122739.0	123009.0
-1861	122994.0	122885.0
-1860	122737.0	122028.0
-1859	122427.0	122807.0
-1858	123068.0	122555.0
-1857	122835.0	122362.0
-1856	122753.0	122080.0
-1855	122253.0	122574.0
-1854	122745.0	122796.0
-1853	123377.0	122178.0
-1852	122899.0	122322.0
-1851	122291.0	123284.0
-1850	122727.0	122493.0
-1849	123162.0	123155.0
-1848	123152.0	122593.0
-1847	122294.0	122505.0
-1846	122406.0	122915.0
-1845	122934.0	122820.0
-1844	122679.0	122836.0
-1843	122683.0	122418.0
-1842	122965.0	122949.0
-1841	122251.0	122881.0
-1840	122279.0	122714.0
-1839	122606.0	123064.0
-1838	123250.0	122640.0
-1837	123036.0	122855.0
-1836	123572.0	122832.0
-1835	122712.0	122718.0
-1834	122923.0	122499.0
-1833	122655.0	122522.0
-1832	123579.0	122320.0
-1831	122704.0	123007.0
-1830	122607.0	123055.0
-1829	122319.0	122361.0
-1828	122553.0	122457.0
-1827	122903.0	122515.0
-1826	122802.0	122119.0
-1825	122834.0	122456.0
-1824	122727.0	122458.0
-1823	122459.0	123186.0
-1822	122810.0	122709.0
-1821	122868.0	123134.0
-1820	122212.0	122528.0
-1819	122582.0	122814.0
-1818	122582.0	122633.0
-1817	122830.0	122575.0
-1816	123827.0	122053.0
-1815	122418.0	122761.0
-1814	122461.0	122216.0
-1813	122938.0	122529.0
-1812	123194.0	122357.0
-1811	122585.0	122844.0
-1810	122859.0	122761.0
-1809	122146.0	122648.0
-1808	122517.0	122763.0
-1807	122742.0	123026.0
-1806	123060.0	122449.0
-1805	123127.0	121846.0
-1804	122376.0	122579.0
-1803	123002.0	122090.0
-1802	123035.0	122386.0
-1801	122799.0	122830.0
-1800	123208.0	122383.0
-1799	122476.0	122549.0
-1798	122922.0	122817.0
-1797	122647.0	122773.0
-1796	122515.0	122780.0
-1795	122297.0	122542.0
-1794	122395.0	122644.0
-1793	123181.0	122499.0
-1792	122787.0	122457.0
-1791	122794.0	122326.0
-1790	122751.0	122415.0
-1789	123093.0	122197.0
-1788	122528.0	122415.0
-1787	122581.0	122020.0
-1786	122581.0	123089.0
-1785	123030.0	123182.0
-1784	122697.0	122532.0
-1783	122398.0	122502.0
-1782	122893.0	122743.0
-1781	122925.0	122586.0
-1780	123063.0	121965.0
-1779	123138.0	122061.0
-1778	122940.0	122087.0
-1777	122849.0	122442.0
-1776	122475.0	122254.0
-1775	122331.0	122919.0
-1774	122619.0	123261.0
-1773	122862.0	123117.0
-1772	122874.0	122734.0
-1771	122687.0	123061.0
-1770	122662.0	122644.0
-1769	122251.0	122257.0
-1768	122813.0	122828.0
-1767	123077.0	122672.0
-1766	122716.0	123009.0
-1765	122751.0	122840.0
-1764	123211.0	122670.0
-1763	122536.0	122862.0
-1762	123067.0	122263.0
-1761	122516.0	122709.0
-1760	122795.0	122557.0
-1759	123029.0	122927.0
-1758	122598.0	122838.0
-1757	122484.0	122459.0
-1756	122902.0	122701.0
-1755	123229.0	123006.0
-1754	123245.0	122492.0
-1753	122455.0	122399.0
-1752	123057.0	123038.0
-1751	123020.0	122899.0
-1750	122813.0	122246.0
-1749	123431.0	122653.0
-1748	122543.0	123022.0
-1747	123072.0	122580.0
-1746	122655.0	122382.0
-1745	123022.0	122484.0
-1744	123217.0	122508.0
-1743	123492.0	121901.0
-1742	122615.0	122310.0
-1741	122587.0	122696.0
-1740	122792.0	122586.0
-1739	122214.0	122855.0
-1738	122394.0	122837.0
-1737	122641.0	122705.0
-1736	122598.0	122103.0
-1735	122704.0	122497.0
-1734	122984.0	122596.0
-1733	122785.0	122073.0
-1732	122807.0	122246.0
-1731	122489.0	123446.0
-1730	123034.0	122889.0
-1729	122753.0	123041.0
-1728	122499.0	123153.0
-1727	123105.0	122550.0
-1726	123239.0	122562.0
-1725	123209.0	122955.0
-1724	123093.0	123158.0
-1723	122999.0	122961.0
-1722	123314.0	122341.0
-1721	122672.0	122658.0
-1720	123050.0	122431.0
-1719	122870.0	122753.0
-1718	122690.0	122410.0
-1717	122769.0	122814.0
-1716	123208.0	122803.0
-1715	123276.0	122715.0
-1714	122910.0	122281.0
-1713	123406.0	123213.0
-1712	122841.0	123073.0
-1711	123690.0	122932.0
-1710	123036.0	123204.0
-1709	123183.0	122177.0
-1708	122415.0	122686.0
-1707	123606.0	123067.0
-1706	123460.0	122126.0
-1705	122823.0	122939.0
-1704	122914.0	122194.0
-1703	122991.0	122659.0
-1702	123137.0	122944.0
-1701	123402.0	122627.0
-1700	122556.0	122673.0
-1699	123103.0	123040.0
-1698	123432.0	122969.0
-1697	122768.0	122582.0
-1696	123342.0	122519.0
-1695	123551.0	122397.0
-1694	123083.0	122405.0
-1693	123433.0	122473.0
-1692	122509.0	122399.0
-1691	122866.0	122626.0
-1690	122538.0	123181.0
-1689	123260.0	122218.0
-1688	123165.0	122656.0
-1687	123058.0	122692.0
-1686	123163.0	123140.0
-1685	123043.0	122874.0
-1684	122461.0	123362.0
-1683	123056.0	122925.0
-1682	123045.0	121902.0
-1681	123319.0	122706.0
-1680	123200.0	122393.0
-1679	123249.0	122414.0
-1678	123235.0	122745.0
-1677	123685.0	122780.0
-1676	123402.0	122398.0
-1675	123054.0	122755.0
-1674	123060.0	122784.0
-1673	123627.0	122567.0
-1672	122885.0	122510.0
-1671	123067.0	122703.0
-1670	123326.0	122182.0
-1669	122887.0	123309.0
-1668	122678.0	122703.0
-1667	123050.0	122081.0
-1666	122609.0	122522.0
-1665	122905.0	122435.0
-1664	122299.0	122673.0
-1663	123218.0	123028.0
-1662	122834.0	122974.0
-1661	122398.0	123004.0
-1660	123119.0	122711.0
-1659	123193.0	122544.0
-1658	122969.0	122382.0
-1657	122836.0	122410.0
-1656	123438.0	122717.0
-1655	122813.0	122770.0
-1654	122936.0	123102.0
-1653	123474.0	122698.0
-1652	122971.0	122774.0
-1651	122623.0	122465.0
-1650	122671.0	122908.0
-1649	122800.0	122467.0
-1648	122841.0	122914.0
-1647	122603.0	123107.0
-1646	123115.0	123162.0
-1645	122762.0	122964.0
-1644	122955.0	122572.0
-1643	123079.0	122546.0
-1642	122949.0	122567.0
-1641	122724.0	122288.0
-1640	123075.0	122443.0
-1639	123121.0	122363.0
-1638	122700.0	122653.0
-1637	122747.0	122679.0
-1636	123225.0	122772.0
-1635	123316.0	122509.0
-1634	122363.0	121969.0
-1633	123114.0	122826.0
-1632	122861.0	122496.0
-1631	122812.0	122708.0
-1630	122968.0	123246.0
-1629	123385.0	123280.0
-1628	123223.0	123049.0
-1627	122468.0	122412.0
-1626	122631.0	123069.0
-1625	122975.0	122117.0
-1624	123240.0	123128.0
-1623	123228.0	123210.0
-1622	122570.0	122355.0
-1621	122612.0	123376.0
-1620	123060.0	122482.0
-1619	123011.0	122708.0
-1618	122627.0	122587.0
-1617	123092.0	122987.0
-1616	122552.0	122717.0
-1615	122434.0	122477.0
-1614	122913.0	122600.0
-1613	122853.0	122293.0
-1612	122960.0	122708.0
-1611	122785.0	122256.0
-1610	123039.0	122726.0
-1609	123071.0	122987.0
-1608	122788.0	122595.0
-1607	123270.0	122953.0
-1606	123145.0	122349.0
-1605	123276.0	122690.0
-1604	122730.0	122915.0
-1603	122874.0	122820.0
-1602	123336.0	122311.0
-1601	123462.0	122852.0
-1600	122724.0	122993.0
-1599	123153.0	123187.0
-1598	123327.0	123380.0
-1597	122854.0	122457.0
-1596	123299.0	122546.0
-1595	123173.0	122621.0
-1594	122885.0	123313.0
-1593	123095.0	123381.0
-1592	122600.0	122949.0
-1591	123451.0	123054.0
-1590	123270.0	123043.0
-1589	122560.0	122712.0
-1588	123112.0	122609.0
-1587	123887.0	122707.0
-1586	122616.0	122493.0
-1585	123143.0	123522.0
-1584	122969.0	122978.0
-1583	123007.0	122616.0
-1582	123171.0	122300.0
-1581	123557.0	122718.0
-1580	123369.0	122726.0
-1579	122779.0	123089.0
-1578	122789.0	123093.0
-1577	123264.0	122656.0
-1576	122861.0	123099.0
-1575	122875.0	123197.0
-1574	122945.0	123102.0
-1573	122902.0	123021.0
-1572	122839.0	123192.0
-1571	123116.0	122739.0
-1570	122880.0	123292.0
-1569	123343.0	122929.0
-1568	122875.0	123270.0
-1567	122996.0	122830.0
-1566	122753.0	122400.0
-1565	122609.0	122517.0
-1564	123008.0	123421.0
-1563	122760.0	122670.0
-1562	123110.0	122328.0
-1561	123380.0	123412.0
-1560	123123.0	123301.0
-1559	123418.0	123414.0
-1558	123612.0	122984.0
-1557	123283.0	123227.0
-1556	123055.0	122763.0
-1555	123533.0	122835.0
-1554	123368.0	123169.0
-1553	123036.0	122717.0
-1552	123012.0	123539.0
-1551	123669.0	122997.0
-1550	122976.0	123545.0
-1549	123417.0	122552.0
-1548	123396.0	123177.0
-1547	122800.0	123329.0
-1546	122627.0	122855.0
-1545	122985.0	123774.0
-1544	122871.0	122403.0
-1543	123521.0	123033.0
-1542	124245.0	123135.0
-1541	123401.0	122688.0
-1540	123178.0	122913.0
-1539	123201.0	123051.0
-1538	122847.0	122476.0
-1537	122940.0	123227.0
-1536	123453.0	123122.0
-1535	123278.0	122904.0
-1534	123365.0	122717.0
-1533	123154.0	122618.0
-1532	123414.0	122289.0
-1531	123810.0	122977.0
-1530	123132.0	123072.0
-1529	123386.0	122692.0
-1528	123037.0	123246.0
-1527	123665.0	123314.0
-1526	123024.0	123118.0
-1525	123156.0	123079.0
-1524	123076.0	122723.0
-1523	123641.0	122662.0
-1522	123431.0	123019.0
-1521	123423.0	122833.0
-1520	123970.0	123081.0
-1519	122920.0	122822.0
-1518	123331.0	123032.0
-1517	122346.0	122549.0
-1516	122963.0	123530.0
-1515	123637.0	123598.0
-1514	123508.0	123390.0
-1513	123696.0	123307.0
-1512	123595.0	123280.0
-1511	123081.0	123459.0
-1510	123544.0	123499.0
-1509	123682.0	123187.0
-1508	123541.0	122576.0
-1507	123137.0	122639.0
-1506	123425.0	123546.0
-1505	123333.0	122920.0
-1504	123358.0	122679.0
-1503	123937.0	123182.0
-1502	124140.0	122402.0
-1501	123664.0	122970.0
-1500	123606.0	122484.0
-1499	123772.0	122708.0
-1498	123185.0	122177.0
-1497	123280.0	122890.0
-1496	123094.0	122403.0
-1495	123862.0	123128.0
-1494	124019.0	122885.0
-1493	123132.0	123258.0
-1492	123667.0	123380.0
-1491	124333.0	122949.0
-1490	123429.0	122463.0
-1489	123965.0	122520.0
-1488	123775.0	122232.0
-1487	123425.0	122443.0
-1486	123027.0	123492.0
-1485	123273.0	122933.0
-1484	123442.0	123442.0
-1483	123810.0	123217.0
-1482	124004.0	123129.0
-1481	123598.0	122186.0
-1480	123371.0	122296.0
-1479	123688.0	123187.0
-1478	124142.0	122123.0
-1477	123390.0	123124.0
-1476	123444.0	123040.0
-1475	122861.0	122911.0
-1474	123640.0	122828.0
-1473	123173.0	122743.0
-1472	123289.0	122519.0
-1471	123180.0	123103.0
-1470	123298.0	123522.0
-1469	123052.0	123338.0
-1468	123355.0	123424.0
-1467	123868.0	123036.0
-1466	123519.0	123650.0
-1465	123526.0	122864.0
-1464	123219.0	123346.0
-1463	123140.0	122800.0
-1462	123637.0	123746.0
-1461	122579.0	123043.0
-1460	123423.0	123391.0
-1459	123649.0	122596.0
-1458	123848.0	123158.0
-1457	123614.0	123036.0
-1456	123835.0	123008.0
-1455	123714.0	123193.0
-1454	122851.0	122710.0
-1453	123131.0	122301.0
-1452	123656.0	122660.0
-1451	123122.0	122995.0
-1450	123360.0	122987.0
-1449	123596.0	122711.0
-1448	123466.0	123423.0
-1447	123289.0	123122.0
-1446	123256.0	123474.0
-1445	123310.0	122299.0
-1444	123636.0	122953.0
-1443	123374.0	123030.0
-1442	123130.0	122625.0
-1441	123126.0	123534.0
-1440	123559.0	122995.0
-1439	123548.0	122494.0
-1438	123533.0	123166.0
-1437	123414.0	123236.0
-1436	123609.0	123490.0
-1435	122966.0	123001.0
-1434	122993.0	122726.0
-1433	122990.0	122745.0
-1432	122623.0	123129.0
-1431	123068.0	122842.0
-1430	122645.0	122777.0
-1429	122580.0	123505.0
-1428	123613.0	123093.0
-1427	123483.0	123352.0
-1426	123523.0	123373.0
-1425	123115.0	123448.0
-1424	123469.0	123147.0
-1423	123638.0	122954.0
-1422	123117.0	122955.0
-1421	123509.0	123155.0
-1420	123624.0	123330.0
-1419	123284.0	123169.0
-1418	122919.0	122516.0
-1417	123159.0	122861.0
-1416	123356.0	123148.0
-1415	123086.0	122881.0
-1414	123779.0	122876.0
-1413	123617.0	122622.0
-1412	122891.0	122609.0
-1411	123306.0	122823.0
-1410	122835.0	122734.0
-1409	122976.0	122886.0
-1408	123173.0	123165.0
-1407	122823.0	123066.0
-1406	122816.0	122239.0
-1405	122834.0	123421.0
-1404	123630.0	123329.0
-1403	123047.0	122804.0
-1402	123669.0	123149.0
-1401	123156.0	123192.0
-1400	122906.0	122917.0
-1399	122918.0	123188.0
-1398	122926.0	123646.0
-1397	123403.0	122888.0
-1396	123097.0	123076.0
-1395	123524.0	123637.0
-1394	123443.0	123109.0
-1393	123195.0	123003.0
-1392	123128.0	123097.0
-1391	123431.0	123305.0
-1390	123463.0	123099.0
-1389	123879.0	123433.0
-1388	123168.0	123173.0
-1387	123076.0	123800.0
-1386	123119.0	123112.0
-1385	123477.0	122906.0
-1384	123662.0	123736.0
-1383	123869.0	123618.0
-1382	123522.0	122880.0
-1381	123272.0	123187.0
-1380	123013.0	123420.0
-1379	123030.0	123483.0
-1378	123073.0	123244.0
-1377	123774.0	122754.0
-1376	123584.0	122961.0
-1375	123455.0	122903.0
-1374	124167.0	122999.0
-1373	123609.0	122829.0
-1372	123619.0	122999.0
-1371	123486.0	123003.0
-1370	123574.0	123443.0
-1369	123333.0	123582.0
-1368	123999.0	123378.0
-1367	123099.0	123461.0
-1366	123360.0	123093.0
-1365	123527.0	123309.0
-1364	123469.0	123087.0
-1363	123240.0	123477.0
-1362	123661.0	123285.0
-1361	123756.0	122644.0
-1360	123849.0	123364.0
-1359	123523.0	123226.0
-1358	123372.0	123795.0
-1357	123052.0	123901.0
-1356	123771.0	124121.0
-1355	122966.0	123650.0
-1354	123253.0	123483.0
-1353	124354.0	124026.0
-1352	123850.0	123517.0
-1351	123140.0	123942.0
-1350	123748.0	123907.0
-1349	123626.0	123337.0
-1348	123543.0	123270.0
-1347	124183.0	123688.0
-1346	123662.0	123882.0
-1345	123648.0	123494.0
-1344	123770.0	124004.0
-1343	123350.0	123695.0
-1342	123716.0	123424.0
-1341	124490.0	123539.0
-1340	123835.0	123164.0
-1339	124124.0	123938.0
-1338	124261.0	123863.0
-1337	124177.0	122872.0
-1336	123935.0	123583.0
-1335	123509.0	123265.0
-1334	123500.0	123167.0
-1333	123911.0	123571.0
-1332	123932.0	123211.0
-1331	123308.0	123648.0
-1330	123859.0	123703.0
-1329	123676.0	123309.0
-1328	123956.0	123267.0
-1327	123875.0	123850.0
-1326	124226.0	123831.0
-1325	123902.0	123089.0
-1324	124253.0	123250.0
-1323	124321.0	123670.0
-1322	123205.0	123467.0
-1321	123942.0	123187.0
-1320	123943.0	123302.0
-1319	123496.0	122750.0
-1318	124080.0	123705.0
-1317	124168.0	123257.0
-1316	123869.0	123530.0
-1315	123424.0	123698.0
-1314	123171.0	123438.0
-1313	124110.0	123727.0
-1312	123299.0	122789.0
-1311	123368.0	123336.0
-1310	123844.0	123165.0
-1309	123995.0	122995.0
-1308	124506.0	123871.0
-1307	124363.0	123051.0
-1306	123945.0	124118.0
-1305	123070.0	123357.0
-1304	124366.0	123414.0
-1303	123770.0	123933.0
-1302	124164.0	123022.0
-1301	123785.0	123016.0
-1300	123569.0	123811.0
-1299	124568.0	122985.0
-1298	123795.0	122638.0
-1297	123705.0	123713.0
-1296	124020.0	123344.0
-1295	123540.0	122940.0
-1294	123690.0	123234.0
-1293	124062.0	122730.0
-1292	123847.0	123499.0
-1291	124159.0	123086.0
-1290	124216.0	122467.0
-1289	124291.0	123006.0
-1288	123834.0	123005.0
-1287	123951.0	123224.0
-1286	123803.0	123326.0
-1285	123852.0	123518.0
-1284	124036.0	123317.0
-1283	123511.0	122770.0
-1282	123990.0	123153.0
-1281	123645.0	123078.0
-1280	123300.0	123372.0
-1279	122949.0	123259.0
-1278	124126.0	122904.0
-1277	123920.0	122998.0
-1276	123350.0	123144.0
-1275	123747.0	123298.0
-1274	123542.0	122642.0
-1273	123293.0	122892.0
-1272	123909.0	123290.0
-1271	123195.0	123326.0
-1270	123549.0	122823.0
-1269	123811.0	123113.0
-1268	123034.0	123380.0
-1267	123707.0	122921.0
-1266	123406.0	123255.0
-1265	123212.0	123212.0
-1264	123335.0	122786.0
-1263	123218.0	123009.0
-1262	123480.0	122607.0
-1261	123280.0	123449.0
-1260	123558.0	123239.0
-1259	123391.0	123833.0
-1258	122643.0	123759.0
-1257	123568.0	123154.0
-1256	123245.0	122982.0
-1255	123296.0	123955.0
-1254	123409.0	123249.0
-1253	123356.0	123159.0
-1252	123536.0	123609.0
-1251	123772.0	123283.0
-1250	123337.0	123102.0
-1249	123265.0	123360.0
-1248	123355.0	123138.0
-1247	123012.0	123224.0
-1246	123291.0	123026.0
-1245	124044.0	123162.0
-1244	123776.0	122783.0
-1243	123411.0	122694.0
-1242	123735.0	123111.0
-1241	122719.0	123142.0
-1240	123133.0	123859.0
-1239	123551.0	123709.0
-1238	123107.0	124192.0
-1237	122836.0	123264.0
-1236	123455.0	123370.0
-1235	123125.0	123574.0
-1234	123261.0	123811.0
-1233	123152.0	123362.0
-1232	123096.0	123716.0
-1231	123236.0	123423.0
-1230	123529.0	123008.0
-1229	122830.0	122827.0
-1228	123288.0	122832.0
-1227	123531.0	123523.0
-1226	123199.0	123344.0
-1225	123474.0	123490.0
-1224	123669.0	123446.0
-1223	122839.0	123261.0
-1222	123230.0	124491.0
-1221	123306.0	123774.0
-1220	122725.0	123319.0
-1219	123195.0	123730.0
-1218	123106.0	123419.0
-1217	122920.0	123783.0
-1216	122590.0	123531.0
-1215	123412.0	123374.0
-1214	123480.0	123193.0
-1213	123722.0	123688.0
-1212	123851.0	123062.0
-1211	123491.0	123039.0
-1210	123378.0	123970.0
-1209	123484.0	123958.0
-1208	123087.0	123925.0
-1207	123366.0	123443.0
-1206	123419.0	123625.0
-1205	123085.0	123386.0
-1204	123640.0	123335.0
-1203	123712.0	122804.0
-1202	123509.0	123859.0
-1201	123485.0	122994.0
-1200	124083.0	123432.0
-1199	123237.0	123608.0
-1198	123251.0	124100.0
-1197	123890.0	123556.0
-1196	123735.0	123533.0
-1195	123446.0	123902.0
-1194	123224.0	123832.0
-1193	123471.0	123511.0
-1192	123305.0	123961.0
-1191	123871.0	123545.0
-1190	123311.0	124161.0
-1189	123615.0	123514.0
-1188	123952.0	123657.0
-1187	123653.0	123958.0
-1186	123375.0	123377.0
-1185	124065.0	123656.0
-1184	123304.0	123487.0
-1183	124130.0	123589.0
-1182	124625.0	124172.0
-1181	123980.0	123917.0
-1180	123818.0	123767.0
-1179	123889.0	124034.0
-1178	123824.0	124339.0
-1177	123896.0	124102.0
-1176	124553.0	123800.0
-1175	123840.0	123643.0
-1174	123690.0	123993.0
-1173	124188.0	123769.0
-1172	124027.0	124478.0
-1171	123754.0	124646.0
-1170	124381.0	124054.0
-1169	124468.0	123483.0
-1168	124088.0	123592.0
-1167	124597.0	123920.0
-1166	124125.0	124038.0
-1165	124452.0	124225.0
-1164	124392.0	124389.0
-1163	123924.0	123462.0
-1162	123787.0	123912.0
-1161	124544.0	123474.0
-1160	124303.0	123683.0
-1159	124094.0	123965.0
-1158	124706.0	124056.0
-1157	124573.0	123849.0
-1156	124294.0	124576.0
-1155	124501.0	124388.0
-1154	123924.0	124267.0
-1153	123789.0	124437.0
-1152	124172.0	123903.0
-1151	124128.0	123581.0
-1150	124090.0	123783.0
-1149	124810.0	123713.0
-1148	123877.0	123484.0
-1147	124096.0	123649.0
-1146	124434.0	123529.0
-1145	124264.0	123637.0
-1144	124444.0	124759.0
-1143	124370.0	124326.0
-1142	124097.0	123762.0
-1141	124141.0	123528.0
-1140	125401.0	123914.0
-1139	124230.0	123655.0
-1138	124377.0	123588.0
-1137	124588.0	123637.0
-1136	124255.0	123244.0
-1135	124212.0	124343.0
-1134	125351.0	123673.0
-1133	124831.0	123439.0
-1132	125111.0	124007.0
-1131	125078.0	123323.0
-1130	124656.0	123584.0
-1129	124854.0	124329.0
-1128	124764.0	124696.0
-1127	124015.0	123515.0
-1126	124854.0	123757.0
-1125	124496.0	123822.0
-1124	124139.0	123696.0
-1123	124268.0	124013.0
-1122	124319.0	123735.0
-1121	124370.0	123145.0
-1120	125017.0	123509.0
-1119	124381.0	123334.0
-1118	124939.0	123796.0
-1117	124459.0	123806.0
-1116	124584.0	123712.0
-1115	124245.0	123693.0
-1114	124415.0	123851.0
-1113	124080.0	123827.0
-1112	123684.0	123352.0
-1111	124533.0	123698.0
-1110	124073.0	123418.0
-1109	124283.0	123378.0
-1108	124174.0	123662.0
-1107	124512.0	124232.0
-1106	124009.0	123367.0
-1105	124527.0	123988.0
-1104	124392.0	123165.0
-1103	124214.0	123461.0
-1102	124564.0	123469.0
-1101	124372.0	123450.0
-1100	123842.0	122514.0
-1099	123982.0	123356.0
-1098	124931.0	123410.0
-1097	124594.0	123270.0
-1096	124660.0	123862.0
-1095	124811.0	123506.0
-1094	124472.0	123483.0
-1093	124180.0	123413.0
-1092	124108.0	123753.0
-1091	123737.0	123282.0
-1090	124113.0	123465.0
-1089	124301.0	123063.0
-1088	124444.0	123403.0
-1087	124559.0	123892.0
-1086	123753.0	123482.0
-1085	124215.0	123508.0
-1084	123668.0	123299.0
-1083	124089.0	123477.0
-1082	124757.0	123140.0
-1081	124481.0	123318.0
-1080	123641.0	123844.0
-1079	123689.0	123061.0
-1078	124128.0	123614.0
-1077	124224.0	123326.0
-1076	123752.0	123669.0
-1075	123784.0	123738.0
-1074	124413.0	123586.0
-1073	124132.0	122783.0
-1072	124035.0	123361.0
-1071	124729.0	123298.0
-1070	124026.0	123456.0
-1069	124080.0	123816.0
-1068	124203.0	123270.0
-1067	123958.0	122975.0
-1066	123733.0	124059.0
-1065	123843.0	123531.0
-1064	123899.0	123898.0
-1063	123459.0	123783.0
-1062	124038.0	123195.0
-1061	123695.0	122955.0
-1060	123831.0	123620.0
-1059	124043.0	123668.0
-1058	123671.0	123455.0
-1057	123699.0	123435.0
-1056	123945.0	123688.0
-1055	123754.0	123526.0
-1054	124285.0	123725.0
-1053	123716.0	123630.0
-1052	123576.0	123063.0
-1051	123959.0	123953.0
-1050	123633.0	123833.0
-1049	123517.0	123579.0
-1048	123493.0	123992.0
-1047	123627.0	123586.0
-1046	123409.0	123769.0
-1045	124074.0	123943.0
-1044	123778.0	124359.0
-1043	123748.0	123210.0
-1042	123573.0	123368.0
-1041	123832.0	123616.0
-1040	123591.0	124044.0
-1039	123387.0	124004.0
-1038	123985.0	124280.0
-1037	123704.0	123424.0
-1036	123085.0	123337.0
-1035	123778.0	124313.0
-1034	123295.0	123924.0
-1033	123856.0	123799.0
-1032	123516.0	123778.0
-1031	123107.0	123906.0
-1030	123519.0	124011.0
-1029	123931.0	124503.0
-1028	123949.0	123706.0
-1027	123934.0	124136.0
-1026	124071.0	124555.0
-1025	124011.0	124179.0
-1024	123838.0	123892.0
-1023	124482.0	124306.0
-1022	123643.0	123802.0
-1021	123442.0	124237.0
-1020	123388.0	123910.0
-1019	123420.0	124216.0
-1018	123632.0	124123.0
-1017	124094.0	124281.0
-1016	123626.0	124026.0
-1015	124142.0	124519.0
-1014	123705.0	123668.0
-1013	123844.0	124339.0
-1012	124207.0	124561.0
-1011	124233.0	124226.0
-1010	124067.0	124053.0
-1009	123922.0	124511.0
-1008	123648.0	124646.0
-1007	123622.0	124170.0
-1006	124105.0	124922.0
-1005	124194.0	124733.0
-1004	124328.0	123993.0
-1003	123705.0	124945.0
-1002	123519.0	125475.0
-1001	124171.0	123880.0
-1000	123217.0	124618.0
-999	124846.0	124933.0
-998	124054.0	124166.0
-997	123982.0	124419.0
-996	124460.0	124534.0
-995	124420.0	124627.0
-994	124295.0	124986.0
-993	124723.0	124233.0
-992	123687.0	124468.0
-991	124541.0	125196.0
-990	124597.0	124992.0
-989	124653.0	124810.0
-988	123711.0	124794.0
-987	124540.0	125060.0
-986	124462.0	124279.0
-985	123985.0	124453.0
-984	125200.0	123760.0
-983	124205.0	124548.0
-982	124623.0	124998.0
-981	124722.0	124818.0
-980	124866.0	124023.0
-979	124542.0	124357.0
-978	124365.0	124518.0
-977	124412.0	124429.0
-976	124889.0	124614.0
-975	124359.0	124863.0
-974	124592.0	124193.0
-973	124260.0	124733.0
-972	125219.0	124688.0
-971	124695.0	124690.0
-970	124509.0	123770.0
-969	125128.0	124106.0
-968	125403.0	124253.0
-967	124915.0	124396.0
-966	125222.0	124382.0
-965	124662.0	124365.0
-964	124917.0	124670.0
-963	125460.0	124215.0
-962	124994.0	124179.0
-961	124252.0	124632.0
-960	125685.0	124947.0
-959	124190.0	124000.0
-958	124575.0	124168.0
-957	124307.0	124476.0
-956	124731.0	124410.0
-955	124911.0	124501.0
-954	124933.0	124274.0
-953	124525.0	124112.0
-952	124921.0	124506.0
-951	124809.0	124774.0
-950	124688.0	124417.0
-949	124719.0	124709.0
-948	125558.0	124360.0
-947	124641.0	123997.0
-946	125322.0	124668.0
-945	125387.0	124937.0
-944	124976.0	123614.0
-943	124929.0	124817.0
-942	125176.0	124800.0
-941	125012.0	123863.0
-940	125220.0	124787.0
-939	124895.0	125145.0
-938	124910.0	124089.0
-937	124960.0	124292.0
-936	125492.0	123630.0
-935	124710.0	124252.0
-934	125634.0	124574.0
-933	125273.0	124476.0
-932	125095.0	123818.0
-931	124421.0	124393.0
-930	125552.0	124606.0
-929	124913.0	124299.0
-928	125160.0	124026.0
-927	125341.0	124291.0
-926	124791.0	123727.0
-925	124925.0	124932.0
-924	125485.0	124003.0
-923	125663.0	123913.0
-922	124680.0	123923.0
-921	124575.0	124326.0
-920	125635.0	124242.0
-919	124949.0	123971.0
-918	125467.0	124265.0
-917	124702.0	123701.0
-916	124479.0	123951.0
-915	125448.0	124696.0
-914	124878.0	123833.0
-913	124607.0	124445.0
-912	125258.0	124105.0
-911	124647.0	123879.0
-910	124531.0	123532.0
-909	125153.0	123883.0
-908	125504.0	123704.0
-907	124897.0	123948.0
-906	125230.0	124118.0
-905	124577.0	123412.0
-904	124806.0	123938.0
-903	125041.0	124223.0
-902	124719.0	123690.0
-901	124555.0	124161.0
-900	124981.0	124231.0
-899	124905.0	123833.0
-898	124900.0	122987.0
-897	125281.0	124277.0
-896	124609.0	123810.0
-895	124962.0	124241.0
-894	124715.0	123921.0
-893	124543.0	123147.0
-892	124288.0	123229.0
-891	124855.0	123586.0
-890	124745.0	123742.0
-889	124855.0	123602.0
-888	124887.0	123913.0
-887	124489.0	123631.0
-886	124269.0	124137.0
-885	124868.0	124089.0
-884	124299.0	123395.0
-883	124727.0	123923.0
-882	124725.0	124028.0
-881	124742.0	123616.0
-880	125029.0	123390.0
-879	124665.0	123618.0
-878	123504.0	123823.0
-877	124105.0	123844.0
-876	124355.0	124100.0
-875	123237.0	122863.0
-874	124341.0	123994.0
-873	124312.0	124065.0
-872	124334.0	123230.0
-871	124049.0	124204.0
-870	124841.0	123634.0
-869	124065.0	123637.0
-868	124134.0	124031.0
-867	124623.0	124557.0
-866	124222.0	123995.0
-865	123855.0	124030.0
-864	124571.0	124287.0
-863	123909.0	123522.0
-862	124001.0	124138.0
-861	124616.0	124538.0
-860	124725.0	123546.0
-859	124287.0	124118.0
-858	124330.0	124464.0
-857	124094.0	123751.0
-856	123724.0	124285.0
-855	124236.0	124407.0
-854	123691.0	123889.0
-853	123560.0	124286.0
-852	124164.0	124644.0
-851	123501.0	124450.0
-850	123606.0	124339.0
-849	124388.0	124838.0
-848	123910.0	123435.0
-847	124390.0	124294.0
-846	124183.0	124389.0
-845	123596.0	123921.0
-844	123758.0	124603.0
-843	124434.0	124308.0
-842	123712.0	124285.0
-841	124163.0	124551.0
-840	123903.0	123821.0
-839	124220.0	124406.0
-838	123743.0	124483.0
-837	124174.0	124593.0
-836	123697.0	124565.0
-835	124097.0	124769.0
-834	123582.0	124420.0
-833	123648.0	124568.0
-832	124200.0	124427.0
-831	124253.0	124550.0
-830	124280.0	124209.0
-829	123870.0	124956.0
-828	124198.0	124240.0
-827	124214.0	124754.0
-826	124232.0	124256.0
-825	124397.0	124980.0
-824	123906.0	124204.0
-823	124559.0	125180.0
-822	124806.0	125319.0
-821	124058.0	124781.0
-820	124205.0	125155.0
-819	124652.0	125107.0
-818	124617.0	125128.0
-817	124119.0	124506.0
-816	125005.0	125057.0
-815	124386.0	124897.0
-814	124459.0	124846.0
-813	124647.0	124848.0
-812	124865.0	124362.0
-811	124352.0	125228.0
-810	124376.0	124764.0
-809	124103.0	124454.0
-808	124222.0	125277.0
-807	124898.0	125830.0
-806	124856.0	125140.0
-805	124670.0	125197.0
-804	124997.0	124906.0
-803	124597.0	124417.0
-802	124501.0	124535.0
-801	124669.0	124592.0
-800	124796.0	124964.0
-799	124227.0	125523.0
-798	124659.0	125290.0
-797	124469.0	124816.0
-796	124178.0	125428.0
-795	124937.0	125195.0
-794	124648.0	124511.0
-793	124353.0	125605.0
-792	124992.0	124986.0
-791	124968.0	125085.0
-790	125133.0	124821.0
-789	125374.0	124884.0
-788	124847.0	124914.0
-787	125057.0	125150.0
-786	125026.0	125139.0
-785	125406.0	125168.0
-784	125332.0	124859.0
-783	124814.0	125762.0
-782	124618.0	124750.0
-781	125091.0	125121.0
-780	125576.0	125024.0
-779	125742.0	124772.0
-778	125423.0	124598.0
-777	125461.0	125590.0
-776	125303.0	124460.0
-775	125494.0	125633.0
-774	125495.0	125248.0
-773	125302.0	125048.0
-772	125117.0	125177.0
-771	125615.0	125541.0
-770	125347.0	124797.0
-769	125066.0	124894.0
-768	126214.0	124627.0
-767	125528.0	124769.0
-766	125337.0	125460.0
-765	126203.0	125246.0
-764	125337.0	124893.0
-763	125448.0	125293.0
-762	125900.0	125210.0
-761	124899.0	124766.0
-760	125627.0	124912.0
-759	126662.0	125222.0
-758	126097.0	124894.0
-757	125885.0	125571.0
-756	126826.0	125154.0
-755	126032.0	125027.0
-754	125701.0	125196.0
-753	126501.0	125131.0
-752	126133.0	125292.0
-751	126037.0	124418.0
-750	126120.0	124636.0
-749	126271.0	124813.0
-748	125419.0	125210.0
-747	126355.0	124375.0
-746	125732.0	124574.0
-745	125938.0	124980.0
-744	125809.0	125216.0
-743	126194.0	124922.0
-742	126267.0	125016.0
-741	126028.0	124957.0
-740	125409.0	125218.0
-739	126078.0	124993.0
-738	125856.0	125316.0
-737	125596.0	124603.0
-736	125713.0	125198.0
-735	126639.0	124906.0
-734	126438.0	124267.0
-733	126313.0	124614.0
-732	126041.0	125087.0
-731	125596.0	124705.0
-730	125427.0	124859.0
-729	126349.0	124747.0
-728	125927.0	124030.0
-727	125977.0	124344.0
-726	126057.0	124998.0
-725	125348.0	124062.0
-724	125864.0	124286.0
-723	126508.0	124810.0
-722	126013.0	124615.0
-721	125684.0	124951.0
-720	125975.0	124407.0
-719	125590.0	124054.0
-718	125969.0	124582.0
-717	126418.0	124427.0
-716	125786.0	124453.0
-715	126197.0	124380.0
-714	126108.0	124749.0
-713	125713.0	123558.0
-712	125395.0	124501.0
-711	125909.0	124614.0
-710	125476.0	124111.0
-709	125388.0	124308.0
-708	126123.0	124839.0
-707	125429.0	124111.0
-706	125262.0	124535.0
-705	125569.0	124721.0
-704	126292.0	124298.0
-703	125140.0	123946.0
-702	125805.0	124881.0
-701	125824.0	123899.0
-700	125427.0	124255.0
-699	125894.0	124122.0
-698	125058.0	123992.0
-697	125076.0	124635.0
-696	126458.0	124981.0
-695	125068.0	123287.0
-694	125455.0	124237.0
-693	125970.0	124210.0
-692	125074.0	124028.0
-691	125291.0	123904.0
-690	125596.0	124173.0
-689	125068.0	123754.0
-688	125057.0	124572.0
-687	126427.0	124270.0
-686	124487.0	123450.0
-685	125032.0	124287.0
-684	125206.0	124547.0
-683	125080.0	123733.0
-682	124756.0	124344.0
-681	125205.0	124420.0
-680	124811.0	124395.0
-679	124267.0	124705.0
-678	124422.0	124522.0
-677	124937.0	123523.0
-676	125283.0	124331.0
-675	125117.0	124386.0
-674	124459.0	123223.0
-673	124415.0	124293.0
-672	125281.0	123765.0
-671	123846.0	123045.0
-670	124530.0	124337.0
-669	124340.0	124049.0
-668	124682.0	123957.0
-667	124696.0	124357.0
-666	124965.0	124317.0
-665	124103.0	123702.0
-664	123979.0	124655.0
-663	124975.0	124685.0
-662	124118.0	124243.0
-661	123783.0	124232.0
-660	124327.0	124733.0
-659	124031.0	124602.0
-658	124099.0	124894.0
-657	124277.0	124477.0
-656	123715.0	123818.0
-655	123856.0	124459.0
-654	124875.0	124650.0
-653	123780.0	123612.0
-652	124107.0	125032.0
-651	123851.0	124880.0
-650	123814.0	124691.0
-649	123955.0	125741.0
-648	124044.0	125023.0
-647	123978.0	124824.0
-646	123332.0	124939.0
-645	124618.0	124646.0
-644	124040.0	124494.0
-643	123135.0	125393.0
-642	124073.0	125263.0
-641	123439.0	124951.0
-640	124080.0	125622.0
-639	124557.0	125133.0
-638	124156.0	124867.0
-637	124044.0	124843.0
-636	124356.0	125230.0
-635	124121.0	125230.0
-634	124233.0	125586.0
-633	124536.0	125756.0
-632	124093.0	125232.0
-631	123812.0	125605.0
-630	124102.0	124985.0
-629	123850.0	124674.0
-628	123371.0	125075.0
-627	124628.0	125307.0
-626	124000.0	125142.0
-625	123685.0	125478.0
-624	123578.0	125962.0
-623	123779.0	124982.0
-622	123875.0	126116.0
-621	124456.0	125395.0
-620	124292.0	125642.0
-619	124088.0	126185.0
-618	124722.0	125885.0
-617	124255.0	126186.0
-616	124348.0	125397.0
-615	124858.0	126025.0
-614	124558.0	125433.0
-613	124773.0	126094.0
-612	124912.0	126117.0
-611	124184.0	125579.0
-610	124174.0	126352.0
-609	125222.0	126865.0
-608	124423.0	125694.0
-607	124606.0	125701.0
-606	124884.0	125747.0
-605	124290.0	125951.0
-604	124024.0	126552.0
-603	125224.0	126225.0
-602	125070.0	125267.0
-601	125129.0	125971.0
-600	125302.0	126359.0
-599	125394.0	125467.0
-598	125345.0	126380.0
-597	125770.0	126300.0
-596	125411.0	126072.0
-595	125767.0	125847.0
-594	126482.0	126625.0
-593	125599.0	125622.0
-592	125309.0	126206.0
-591	126100.0	125921.0
-590	125665.0	126313.0
-589	125566.0	126568.0
-588	126547.0	126490.0
-587	125220.0	125988.0
-586	125219.0	126386.0
-585	126991.0	126394.0
-584	126534.0	126561.0
-583	125829.0	126313.0
-582	125963.0	126832.0
-581	125871.0	126438.0
-580	126054.0	126684.0
-579	127043.0	126461.0
-578	126341.0	125545.0
-577	126272.0	126725.0
-576	126515.0	126453.0
-575	126140.0	125798.0
-574	125976.0	126520.0
-573	127293.0	126295.0
-572	126610.0	126065.0
-571	126625.0	126778.0
-570	126814.0	126654.0
-569	126879.0	125555.0
-568	127192.0	126702.0
-567	127749.0	126242.0
-566	126816.0	125328.0
-565	127536.0	126014.0
-564	127080.0	126088.0
-563	126860.0	125385.0
-562	126929.0	125764.0
-561	127718.0	126342.0
-560	127614.0	125976.0
-559	126996.0	126233.0
-558	127502.0	126118.0
-557	126863.0	125385.0
-556	127425.0	125961.0
-555	127726.0	126106.0
-554	127506.0	125703.0
-553	127216.0	126166.0
-552	127828.0	126022.0
-551	127098.0	125546.0
-550	126479.0	125460.0
-549	127399.0	125549.0
-548	126587.0	124817.0
-547	126762.0	125494.0
-546	127006.0	126205.0
-545	126978.0	125503.0
-544	126728.0	126145.0
-543	127581.0	126519.0
-542	127114.0	124268.0
-541	127040.0	125793.0
-540	127637.0	125264.0
-539	127095.0	124828.0
-538	126732.0	125789.0
-537	127585.0	124820.0
-536	126882.0	124643.0
-535	126805.0	125287.0
-534	127858.0	125390.0
-533	127197.0	124850.0
-532	126852.0	125341.0
-531	127315.0	125722.0
-530	126948.0	124333.0
-529	126878.0	125047.0
-528	128038.0	125485.0
-527	126687.0	123949.0
-526	126509.0	124925.0
-525	127494.0	124994.0
-524	126524.0	124267.0
-523	127000.0	124993.0
-522	128035.0	125297.0
-521	127320.0	124394.0
-520	126327.0	124731.0
-519	126715.0	124995.0
-518	126130.0	123930.0
-517	126101.0	124646.0
-516	127306.0	123988.0
-515	125640.0	124208.0
-514	125973.0	124306.0
-513	126147.0	124071.0
-512	125648.0	123625.0
-511	125566.0	124149.0
-510	126708.0	124549.0
-509	126013.0	123312.0
-508	125725.0	124530.0
-507	126152.0	124635.0
-506	125644.0	123657.0
-505	125730.0	124591.0
-504	126609.0	124297.0
-503	125377.0	123214.0
-502	125540.0	124287.0
-501	125672.0	124179.0
-500	124857.0	123616.0
-499	125116.0	124007.0
-498	125541.0	123788.0
-497	124557.0	123657.0
-496	125029.0	124868.0
-495	125297.0	124036.0
-494	125317.0	123324.0
-493	125181.0	124516.0
-492	125060.0	124186.0
-491	124395.0	123660.0
-490	124577.0	124035.0
-489	125165.0	123779.0
-488	124142.0	123290.0
-487	124006.0	124516.0
-486	124935.0	124339.0
-485	124381.0	123638.0
-484	124171.0	124102.0
-483	125285.0	124062.0
-482	123760.0	123578.0
-481	123752.0	124215.0
-480	125216.0	124280.0
-479	124360.0	123236.0
-478	123364.0	124218.0
-477	124655.0	123759.0
-476	123579.0	123120.0
-475	123342.0	124255.0
-474	124242.0	124647.0
-473	123871.0	124271.0
-472	122641.0	124434.0
-471	124334.0	124140.0
-470	123873.0	123535.0
-469	123128.0	124868.0
-468	124055.0	124356.0
-467	122995.0	124133.0
-466	123755.0	124791.0
-465	123945.0	124910.0
-464	123555.0	124592.0
-463	122623.0	125166.0
-462	123744.0	124461.0
-461	122899.0	124510.0
-460	123112.0	124558.0
-459	123760.0	124669.0
-458	122605.0	124143.0
-457	123048.0	124928.0
-456	123288.0	125237.0
-455	123589.0	124660.0
-454	123368.0	125678.0
-453	123351.0	125558.0
-452	122600.0	124669.0
-451	122993.0	126176.0
-450	123852.0	125616.0
-449	123233.0	124870.0
-448	122967.0	125942.0
-447	123691.0	125515.0
-446	122718.0	124743.0
-445	123197.0	125620.0
-444	123648.0	126211.0
-443	122792.0	125584.0
-442	122945.0	125911.0
-441	124176.0	126064.0
-440	122414.0	125632.0
-439	122855.0	126193.0
-438	123739.0	125879.0
-437	123097.0	125728.0
-436	122940.0	126890.0
-435	123980.0	126209.0
-434	122856.0	125963.0
-433	123792.0	127391.0
-432	124771.0	127057.0
-431	123709.0	125752.0
-430	123850.0	126763.0
-429	124367.0	125965.0
-428	123871.0	126517.0
-427	123873.0	126922.0
-426	124310.0	127474.0
-425	123913.0	126566.0
-424	123932.0	127105.0
-423	124558.0	127420.0
-422	123948.0	126713.0
-421	124329.0	127794.0
-420	124837.0	127307.0
-419	124021.0	127131.0
-418	124456.0	126992.0
-417	125406.0	128066.0
-416	124344.0	127739.0
-415	124915.0	127528.0
-414	126455.0	127644.0
-413	125191.0	126826.0
-412	125152.0	127515.0
-411	126065.0	127881.0
-410	126101.0	126970.0
-409	125430.0	128098.0
-408	126674.0	127715.0
-407	125394.0	126829.0
-406	125911.0	128087.0
-405	127039.0	127424.0
-404	125607.0	127676.0
-403	125229.0	128338.0
-402	126777.0	128669.0
-401	126270.0	126992.0
-400	126535.0	128277.0
-399	127390.0	128290.0
-398	126480.0	127034.0
-397	126871.0	128609.0
-396	127109.0	127986.0
-395	126190.0	127622.0
-394	126437.0	128192.0
-393	127682.0	128061.0
-392	127326.0	126842.0
-391	127078.0	128069.0
-390	128673.0	128385.0
-389	127813.0	127501.0
-388	128233.0	128228.0
-387	128890.0	128567.0
-386	127939.0	127259.0
-385	128434.0	128093.0
-384	128848.0	127671.0
-383	128143.0	127210.0
-382	128242.0	128237.0
-381	129763.0	128210.0
-380	128466.0	126941.0
-379	128743.0	127927.0
-378	129607.0	127855.0
-377	128935.0	126187.0
-376	128641.0	127399.0
-375	129651.0	128058.0
-374	128933.0	126320.0
-373	128786.0	127779.0
-372	130180.0	127720.0
-371	129207.0	126285.0
-370	129284.0	127436.0
-369	130297.0	127242.0
-368	129730.0	126713.0
-367	129469.0	127496.0
-366	129970.0	127032.0
-365	128872.0	126206.0
-364	129188.0	127078.0
-363	130451.0	127445.0
-362	129118.0	125734.0
-361	129711.0	126287.0
-360	130127.0	127076.0
-359	128955.0	125290.0
-358	129139.0	126733.0
-357	130217.0	126774.0
-356	129165.0	125486.0
-355	129142.0	126602.0
-354	130305.0	126401.0
-353	129551.0	125565.0
-352	129220.0	125822.0
-351	130239.0	126137.0
-350	128818.0	124964.0
-349	129166.0	125640.0
-348	129797.0	126242.0
-347	129179.0	124220.0
-346	128665.0	125197.0
-345	130039.0	125052.0
-344	128715.0	124509.0
-343	128349.0	125603.0
-342	129537.0	125493.0
-341	128708.0	124243.0
-340	128624.0	125375.0
-339	129494.0	125297.0
-338	127895.0	124044.0
-337	128159.0	125319.0
-336	129148.0	124591.0
-335	127902.0	123917.0
-334	127254.0	124558.0
-333	128776.0	124791.0
-332	127878.0	123097.0
-331	127514.0	123889.0
-330	128254.0	124775.0
-329	126831.0	123055.0
-328	126646.0	124285.0
-327	128025.0	125002.0
-326	127327.0	123229.0
-325	126999.0	123932.0
-324	127965.0	123870.0
-323	126464.0	123049.0
-322	126658.0	124236.0
-321	127269.0	124451.0
-320	126398.0	122908.0
-319	125726.0	123388.0
-318	126996.0	124096.0
-317	125563.0	123595.0
-316	125457.0	123569.0
-315	126717.0	123561.0
-314	125638.0	121990.0
-313	125024.0	123772.0
-312	126403.0	123668.0
-311	124826.0	122867.0
-310	125076.0	123638.0
-309	126686.0	123444.0
-308	125088.0	122449.0
-307	124571.0	123345.0
-306	125712.0	124032.0
-305	124368.0	121908.0
-304	124266.0	123111.0
-303	125015.0	124081.0
-302	123787.0	122729.0
-301	123940.0	123559.0
-300	125498.0	123412.0
-299	124154.0	122358.0
-298	124382.0	123627.0
-297	125656.0	123268.0
-296	123390.0	121977.0
-295	123353.0	123458.0
-294	124759.0	123846.0
-293	123742.0	122752.0
-292	123899.0	123707.0
-291	124778.0	122924.0
-290	123705.0	122481.0
-289	122730.0	123497.0
-288	124029.0	123973.0
-287	123618.0	122916.0
-286	123642.0	123872.0
-285	124638.0	123442.0
-284	122908.0	122943.0
-283	122849.0	123820.0
-282	123921.0	123959.0
-281	122552.0	123078.0
-280	122767.0	124684.0
-279	124117.0	124446.0
-278	122549.0	123363.0
-277	122849.0	124147.0
-276	124062.0	124826.0
-275	122934.0	123579.0
-274	122375.0	124920.0
-273	124561.0	124648.0
-272	122931.0	123036.0
-271	122060.0	124946.0
-270	123502.0	125075.0
-269	122274.0	124010.0
-268	123138.0	125632.0
-267	124319.0	125102.0
-266	123289.0	124483.0
-265	122723.0	125345.0
-264	124126.0	125245.0
-263	122514.0	124310.0
-262	122900.0	126303.0
-261	123970.0	126002.0
-260	122629.0	124937.0
-259	122688.0	126593.0
-258	124148.0	126809.0
-257	123039.0	125271.0
-256	122944.0	126438.0
-255	124187.0	125971.0
-254	123081.0	125450.0
-253	123011.0	126976.0
-252	124459.0	126368.0
-251	122784.0	125633.0
-250	122861.0	126886.0
-249	124321.0	127183.0
-248	122895.0	126540.0
-247	122584.0	127442.0
-246	124625.0	127997.0
-245	123709.0	126572.0
-244	123960.0	128221.0
-243	125458.0	127710.0
-242	124504.0	126859.0
-241	123685.0	128884.0
-240	125538.0	128414.0
-239	123957.0	127256.0
-238	123486.0	128563.0
-237	126130.0	129400.0
-236	124417.0	127291.0
-235	124597.0	129204.0
-234	126086.0	129665.0
-233	124948.0	127642.0
-232	125206.0	129352.0
-231	126449.0	129825.0
-230	125931.0	128617.0
-229	125666.0	129866.0
-228	127573.0	129968.0
-227	125672.0	128477.0
-226	125441.0	129586.0
-225	128243.0	130127.0
-224	126140.0	128881.0
-223	126309.0	130234.0
-222	128151.0	130697.0
-221	126563.0	129515.0
-220	126993.0	130619.0
-219	128710.0	130539.0
-218	127020.0	129810.0
-217	127034.0	130848.0
-216	129530.0	130507.0
-215	128359.0	129018.0
-214	127904.0	130598.0
-213	130768.0	130622.0
-212	129225.0	129368.0
-211	129841.0	130694.0
-210	131729.0	130613.0
-209	129482.0	129776.0
-208	129351.0	130765.0
-207	131032.0	130749.0
-206	130038.0	129628.0
-205	130184.0	130933.0
-204	132113.0	130764.0
-203	131297.0	129496.0
-202	131556.0	130857.0
-201	133707.0	130407.0
-200	132342.0	129174.0
-199	131899.0	130523.0
-198	133737.0	130158.0
-197	132525.0	128405.0
-196	132341.0	129916.0
-195	134202.0	130136.0
-194	133068.0	129031.0
-193	133408.0	129844.0
-192	135102.0	129577.0
-191	133083.0	128031.0
-190	134062.0	129608.0
-189	135122.0	130000.0
-188	133560.0	127974.0
-187	133105.0	129118.0
-186	135682.0	129082.0
-185	134064.0	127584.0
-184	134258.0	128722.0
-183	135901.0	128684.0
-182	134140.0	127220.0
-181	134561.0	128548.0
-180	136014.0	128887.0
-179	133762.0	125970.0
-178	133669.0	127692.0
-177	136007.0	128202.0
-176	133798.0	126655.0
-175	134030.0	127728.0
-174	135773.0	126933.0
-173	133570.0	125593.0
-172	133946.0	127216.0
-171	135784.0	127175.0
-170	132788.0	125676.0
-169	133784.0	127065.0
-168	135467.0	125993.0
-167	133386.0	125147.0
-166	133231.0	126342.0
-165	134873.0	126057.0
-164	132785.0	124140.0
-163	133068.0	125778.0
-162	134502.0	125972.0
-161	132422.0	124287.0
-160	131607.0	125571.0
-159	133574.0	125521.0
-158	131423.0	124027.0
-157	131529.0	125349.0
-156	133452.0	125178.0
-155	130624.0	123106.0
-154	130166.0	124789.0
-153	132076.0	124222.0
-152	129876.0	122990.0
-151	130075.0	124417.0
-150	131182.0	124073.0
-149	128736.0	123011.0
-148	128202.0	124690.0
-147	130643.0	125040.0
-146	128377.0	122694.0
-145	127678.0	124398.0
-144	129675.0	124029.0
-143	127467.0	122393.0
-142	127278.0	123334.0
-141	128490.0	123337.0
-140	126593.0	121968.0
-139	125473.0	124064.0
-138	126516.0	123166.0
-137	124158.0	121414.0
-136	123776.0	123987.0
-135	126268.0	123542.0
-134	124856.0	121915.0
-133	125803.0	123910.0
-132	127513.0	123985.0
-131	125600.0	122158.0
-130	124830.0	122786.0
-129	126838.0	123287.0
-128	123227.0	122133.0
-127	123297.0	123875.0
-126	125122.0	123593.0
-125	123822.0	121796.0
-124	124175.0	123990.0
-123	127290.0	123272.0
-122	125849.0	121194.0
-121	126046.0	123330.0
-120	126904.0	123347.0
-119	124973.0	121261.0
-118	123882.0	122957.0
-117	125460.0	123727.0
-116	122763.0	122059.0
-115	122660.0	123934.0
-114	126264.0	124162.0
-113	124831.0	121964.0
-112	125226.0	123032.0
-111	127667.0	123386.0
-110	125265.0	121379.0
-109	125616.0	123245.0
-108	126795.0	123612.0
-107	123824.0	121894.0
-106	123144.0	124336.0
-105	126595.0	124515.0
-104	124598.0	122260.0
-103	125547.0	123970.0
-102	128878.0	123617.0
-101	126287.0	121951.0
-100	126876.0	123944.0
-99	129199.0	124263.0
-98	126004.0	122143.0
-97	125358.0	124444.0
-96	127197.0	125034.0
-95	125062.0	122621.0
-94	125273.0	124134.0
-93	128699.0	124352.0
-92	126862.0	121969.0
-91	127144.0	124820.0
-90	129412.0	124468.0
-89	127187.0	122673.0
-88	127012.0	125303.0
-87	128254.0	125427.0
-86	126228.0	123491.0
-85	125278.0	125935.0
-84	127789.0	125777.0
-83	125933.0	124098.0
-82	126657.0	125136.0
-81	129336.0	125749.0
-80	126590.0	124023.0
-79	126324.0	126331.0
-78	129153.0	126549.0
-77	126891.0	124776.0
-76	126720.0	126881.0
-75	129781.0	127351.0
-74	127850.0	125562.0
-73	127763.0	127654.0
-72	129560.0	127552.0
-71	127983.0	125244.0
-70	128359.0	127213.0
-69	130637.0	127805.0
-68	127753.0	126406.0
-67	127409.0	129021.0
-66	130194.0	129311.0
-65	128004.0	127051.0
-64	128525.0	130024.0
-63	130976.0	129712.0
-62	127676.0	127583.0
-61	128208.0	130378.0
-60	131193.0	130826.0
-59	128528.0	128795.0
-58	127901.0	131457.0
-57	130049.0	131441.0
-56	126988.0	129619.0
-55	127452.0	132320.0
-54	131554.0	132247.0
-53	129496.0	130148.0
-52	130118.0	132527.0
-51	132992.0	133159.0
-50	130365.0	130810.0
-49	130375.0	133995.0
-48	133215.0	134321.0
-47	129977.0	131854.0
-46	130245.0	134342.0
-45	131908.0	134637.0
-44	129738.0	132652.0
-43	130493.0	135039.0
-42	134424.0	135543.0
-41	133087.0	133158.0
-40	134352.0	136295.0
-39	137429.0	136079.0
-38	134612.0	134084.0
-37	134104.0	136670.0
-36	136331.0	136396.0
-35	132633.0	134392.0
-34	133484.0	137319.0
-33	137286.0	136782.0
-32	136022.0	134092.0
-31	137551.0	137458.0
-30	140976.0	137190.0
-29	138355.0	133642.0
-28	138476.0	137799.0
-27	140364.0	138249.0
-26	137116.0	136148.0
-25	136737.0	138739.0
-24	139802.0	139214.0
-23	137121.0	135476.0
-22	137864.0	138862.0
-21	142324.0	139094.0
-20	140583.0	136704.0
-19	141161.0	140746.0
-18	144811.0	140337.0
-17	140435.0	137719.0
-16	140370.0	141270.0
-15	142662.0	140536.0
-14	140017.0	138261.0
-13	139838.0	141913.0
-12	147080.0	142691.0
-11	144149.0	138214.0
-10	144286.0	142580.0
-9	149539.0	145602.0
-8	145939.0	144943.0
-7	143056.0	152823.0
-6	144041.0	154756.0
-5	133941.0	151143.0
-4	131528.0	154990.0
-3	148811.0	163686.0
-2	164880.0	153258.0
-1	247741.0	147933.0
0	2306.0	105581.0
1	247572.0	28352.0
2	164141.0	61778.0
3	147741.0	83235.0
4	131718.0	115118.0
5	133619.0	130857.0
6	143721.0	127814.0
7	142963.0	114217.0
8	146096.0	114524.0
9	149337.0	114175.0
10	143983.0	111704.0
11	143518.0	116384.0
12	146705.0	120518.0
13	139889.0	118318.0
14	139278.0	122928.0
15	142917.0	124450.0
16	140123.0	122277.0
17	141003.0	123668.0
18	145260.0	124158.0
19	140324.0	120544.0
20	139984.0	123534.0
21	142060.0	125586.0
22	137483.0	125386.0
23	136529.0	129654.0
24	140232.0	131828.0
25	136877.0	128583.0
26	137029.0	129873.0
27	140700.0	128905.0
28	137742.0	124778.0
29	138608.0	126348.0
30	141750.0	126696.0
31	137273.0	123630.0
32	135993.0	127183.0
33	137439.0	129584.0
34	133136.0	129073.0
35	132783.0	132213.0
36	135809.0	132899.0
37	133872.0	128412.0
38	134522.0	129992.0
39	137319.0	129226.0
40	134009.0	125567.0
41	132754.0	128576.0
42	134348.0	130090.0
43	130448.0	129033.0
44	129155.0	133626.0
45	132402.0	134094.0
46	130039.0	131161.0
47	129925.0	133027.0
48	133457.0	132185.0
49	129923.0	128412.0
50	130493.0	131581.0
51	133095.0	131209.0
52	129600.0	128607.0
53	128817.0	131494.0
54	130660.0	132758.0
55	126956.0	131504.0
56	127394.0	135052.0
57	130411.0	135059.0
58	128016.0	130998.0
59	128518.0	132570.0
60	131158.0	130924.0
61	127970.0	127946.0
62	128478.0	131552.0
63	130683.0	131835.0
64	127608.0	128420.0
65	128277.0	130569.0
66	130018.0	130085.0
67	127544.0	128222.0
68	127270.0	130827.0
69	130328.0	130656.0
70	127861.0	127246.0
71	128062.0	128808.0
72	129417.0	129220.0
73	126691.0	128570.0
74	126545.0	130626.0
75	129414.0	130322.0
76	127223.0	127133.0
77	127534.0	128469.0
78	128048.0	128778.0
79	126299.0	126944.0
80	126528.0	130562.0
81	128082.0	130170.0
82	125301.0	127306.0
83	125473.0	131218.0
84	127581.0	132162.0
85	125434.0	129489.0
86	126079.0	132022.0
87	128642.0	130091.0
88	126754.0	125601.0
89	126930.0	127680.0
90	129515.0	127359.0
91	126894.0	125929.0
92	126582.0	129243.0
93	128443.0	129872.0
94	125639.0	129454.0
95	125128.0	131600.0
96	127051.0	132060.0
97	125483.0	129231.0
98	125199.0	130919.0
99	128436.0	129842.0
100	126744.0	126823.0
101	126545.0	128078.0
102	128729.0	128438.0
103	125811.0	128255.0
104	124565.0	131522.0
105	125186.0	133377.0
106	123419.0	132999.0
107	124263.0	135285.0
108	126671.0	134296.0
109	125758.0	130926.0
110	125736.0	131899.0
111	127607.0	132102.0
112	125023.0	130956.0
113	125047.0	133790.0
114	126220.0	135803.0
115	123027.0	135528.0
116	122714.0	139092.0
117	125356.0	140656.0
118	123467.0	138176.0
119	123892.0	139470.0
120	127368.0	139526.0
121	125367.0	136118.0
122	125335.0	137617.0
123	126968.0	138466.0
124	123954.0	139045.0
125	122942.0	142551.0
126	125020.0	144708.0
127	123197.0	143722.0
128	123312.0	146570.0
129	126731.0	146094.0
130	125218.0	141976.0
131	125301.0	143035.0
132	128353.0	143267.0
133	124680.0	142126.0
134	123864.0	146341.0
135	126097.0	147699.0
136	123226.0	148056.0
137	123530.0	151498.0
138	126569.0	151916.0
139	124892.0	150434.0
140	126495.0	150818.0
141	129165.0	150454.0
142	127257.0	148669.0
143	128165.0	150620.0
144	129998.0	151370.0
145	127919.0	150283.0
146	128524.0	153634.0
147	129846.0	153728.0
148	128539.0	151076.0
149	128586.0	152700.0
150	131610.0	152221.0
151	129721.0	149444.0
152	129930.0	151450.0
153	131508.0	151343.0
154	130408.0	149090.0
155	130765.0	150617.0
156	133059.0	149947.0
157	131580.0	148055.0
158	131227.0	148619.0
159	133667.0	147864.0
160	132089.0	145490.0
161	131853.0	146980.0
162	134329.0	146219.0
163	132612.0	144214.0
164	133153.0	145477.0
165	134837.0	145364.0
166	132933.0	143103.0
167	132637.0	144494.0
168	135751.0	143042.0
169	133720.0	140734.0
170	133572.0	142581.0
171	135758.0	142153.0
172	133515.0	140082.0
173	133459.0	141212.0
174	136410.0	140774.0
175	133509.0	139147.0
176	133615.0	140643.0
177	134759.0	139852.0
178	134031.0	137852.0
179	133838.0	139173.0
180	136427.0	138184.0
181	134336.0	135745.0
182	134468.0	137346.0
183	135156.0	136872.0
184	133575.0	135263.0
185	133687.0	136627.0
186	135109.0	136640.0
187	133363.0	133955.0
188	133000.0	135357.0
189	135527.0	134774.0
190	133484.0	133474.0
191	133206.0	134149.0
192	134917.0	133157.0
193	133200.0	131889.0
194	133260.0	133083.0
195	133655.0	133607.0
196	132647.0	131516.0
197	132910.0	133162.0
198	133856.0	132224.0
199	132290.0	129777.0
200	131514.0	131045.0
201	132879.0	130762.0
202	131095.0	129697.0
203	130533.0	130860.0
204	131467.0	131069.0
205	130447.0	128992.0
206	129958.0	130943.0
207	131460.0	130523.0
208	130137.0	128322.0
209	129457.0	129596.0
210	131091.0	129709.0
211	129082.0	127767.0
212	129312.0	129191.0
213	130341.0	128382.0
214	128597.0	127153.0
215	128197.0	128495.0
216	129187.0	128832.0
217	127262.0	127003.0
218	127132.0	129121.0
219	128887.0	128757.0
220	127540.0	126925.0
221	127180.0	128147.0
222	128259.0	127959.0
223	127023.0	126028.0
224	126490.0	128459.0
225	127642.0	128069.0
226	125930.0	126447.0
227	125767.0	128194.0
228	126678.0	127884.0
229	125427.0	126355.0
230	125468.0	126994.0
231	126871.0	127915.0
232	124754.0	125672.0
233	124601.0	127016.0
234	126595.0	126998.0
235	124439.0	125628.0
236	124462.0	126696.0
237	125579.0	127614.0
238	124464.0	125930.0
239	124320.0	127196.0
240	125114.0	127356.0
241	123909.0	125394.0
242	124279.0	126503.0
243	124689.0	126649.0
244	123099.0	125979.0
245	123139.0	127166.0
246	124720.0	127148.0
247	123090.0	125625.0
248	123286.0	127845.0
249	124587.0	126695.0
250	123218.0	126328.0
251	122899.0	127337.0
252	124247.0	126830.0
253	122205.0	125349.0
254	122678.0	126782.0
255	123705.0	126423.0
256	123200.0	125375.0
257	122928.0	127394.0
258	123868.0	127126.0
259	122628.0	125380.0
260	123577.0	127321.0
261	124060.0	127086.0
262	122071.0	125974.0
263	122624.0	127171.0
264	123836.0	127048.0
265	122219.0	125870.0
266	122735.0	127187.0
267	123600.0	127112.0
268	122805.0	125953.0
269	122350.0	127165.0
270	123935.0	127136.0
271	122466.0	126285.0
272	122453.0	127933.0
273	123609.0	128582.0
274	122940.0	126791.0
275	122228.0	127624.0
276	123949.0	126987.0
277	122937.0	126158.0
278	122490.0	127507.0
279	124137.0	128221.0
280	122607.0	127002.0
281	122821.0	128332.0
282	124397.0	128121.0
283	123166.0	127239.0
284	122665.0	128985.0
285	123935.0	129331.0
286	122896.0	127697.0
287	123214.0	128754.0
288	124408.0	129679.0
289	122820.0	128271.0
290	123270.0	130033.0
291	124918.0	128898.0
292	122791.0	128540.0
293	123661.0	129702.0
294	124615.0	130374.0
295	123314.0	129123.0
296	123566.0	131088.0
297	125184.0	130735.0
298	123489.0	129834.0
299	123512.0	131253.0
300	124633.0	131673.0
301	123626.0	130064.0
302	124086.0	131656.0
303	125340.0	131655.0
304	124001.0	130389.0
305	124484.0	132023.0
306	125409.0	132206.0
307	123987.0	131372.0
308	125164.0	132639.0
309	125733.0	132930.0
310	124724.0	131787.0
311	125141.0	133172.0
312	126883.0	132700.0
313	125489.0	132134.0
314	125102.0	133434.0
315	127210.0	133227.0
316	125749.0	132873.0
317	125411.0	133567.0
318	127759.0	134098.0
319	125883.0	132982.0
320	125940.0	133300.0
321	127595.0	133730.0
322	126137.0	133609.0
323	126569.0	133866.0
324	127333.0	134092.0
325	126513.0	133465.0
326	126461.0	134500.0
327	127846.0	134391.0
328	126514.0	133444.0
329	127017.0	134466.0
330	128461.0	134241.0
331	127036.0	133967.0
332	127670.0	135051.0
333	128574.0	134378.0
334	127893.0	132425.0
335	127583.0	134284.0
336	129185.0	133974.0
337	127889.0	132607.0
338	127759.0	133924.0
339	129024.0	133898.0
340	128443.0	132859.0
341	128379.0	133250.0
342	129159.0	133235.0
343	127972.0	132448.0
344	128027.0	133131.0
345	129564.0	132986.0
346	129112.0	131888.0
347	128055.0	133089.0
348	129508.0	132490.0
349	129085.0	131687.0
350	128484.0	132519.0
351	129945.0	131778.0
352	128629.0	130866.0
353	128958.0	131755.0
354	130256.0	132045.0
355	128942.0	130048.0
356	129327.0	131110.0
357	130630.0	130857.0
358	129718.0	130105.0
359	129094.0	130215.0
360	130584.0	130319.0
361	129550.0	128793.0
362	129448.0	129811.0
363	130075.0	130005.0
364	129120.0	128520.0
365	128812.0	129248.0
366	130261.0	128942.0
367	129030.0	127900.0
368	128997.0	128680.0
369	129608.0	128200.0
370	128841.0	127667.0
371	128913.0	127829.0
372	129511.0	127922.0
373	129298.0	126959.0
374	129137.0	127567.0
375	129798.0	127304.0
376	128738.0	126009.0
377	128363.0	127185.0
378	129978.0	126970.0
379	128754.0	125970.0
380	128884.0	126274.0
381	129051.0	126241.0
382	127903.0	125235.0
383	128814.0	125702.0
384	129068.0	126012.0
385	128144.0	124782.0
386	127831.0	125279.0
387	128762.0	125394.0
388	127039.0	124272.0
389	127460.0	125111.0
390	128244.0	125335.0
391	127004.0	123983.0
392	126556.0	125570.0
393	127997.0	124137.0
394	127111.0	123306.0
395	126825.0	124151.0
396	127955.0	124497.0
397	126995.0	123649.0
398	126895.0	124570.0
399	127300.0	124081.0
400	126613.0	123400.0
401	126186.0	124336.0
402	126736.0	123670.0
403	126158.0	123864.0
404	126122.0	124195.0
405	127024.0	124019.0
406	126201.0	122900.0
407	125391.0	124009.0
408	126523.0	123270.0
409	124888.0	123242.0
410	125115.0	123651.0
411	125941.0	123633.0
412	124476.0	122797.0
413	124803.0	123461.0
414	125514.0	124199.0
415	124450.0	123017.0
416	124274.0	123320.0
417	125407.0	123274.0
418	124480.0	122555.0
419	124152.0	123215.0
420	125278.0	123969.0
421	124142.0	123245.0
422	124055.0	124157.0
423	124612.0	124125.0
424	123286.0	122883.0
425	123919.0	124078.0
426	124381.0	123521.0
427	123794.0	123193.0
428	123716.0	124138.0
429	124015.0	123653.0
430	123414.0	123291.0
431	123826.0	124563.0
432	124292.0	123831.0
433	123157.0	122873.0
434	123183.0	123672.0
435	124006.0	124664.0
436	123381.0	123473.0
437	122907.0	124276.0
438	124178.0	124252.0
439	123138.0	123561.0
440	123287.0	124690.0
441	124118.0	123814.0
442	122941.0	123333.0
443	123277.0	124373.0
444	123739.0	124885.0
445	122949.0	124483.0
446	122254.0	125194.0
447	123635.0	125409.0
448	123241.0	124012.0
449	123124.0	125417.0
450	123779.0	125230.0
451	123283.0	124066.0
452	122633.0	125278.0
453	123783.0	124748.0
454	122706.0	124283.0
455	122553.0	125597.0
456	123715.0	125540.0
457	122714.0	124763.0
458	123269.0	125990.0
459	123431.0	125946.0
460	122731.0	125746.0
461	123361.0	125961.0
462	123499.0	125572.0
463	122909.0	125266.0
464	123065.0	126139.0
465	123806.0	126227.0
466	122915.0	126250.0
467	122540.0	126592.0
468	124358.0	127169.0
469	123950.0	125954.0
470	123468.0	126380.0
471	123677.0	127314.0
472	123242.0	125933.0
473	123516.0	127133.0
474	123763.0	127631.0
475	123789.0	126827.0
476	122941.0	127945.0
477	124193.0	127450.0
478	123328.0	127133.0
479	123402.0	128336.0
480	125206.0	127854.0
481	123837.0	126593.0
482	123819.0	127593.0
483	124624.0	127829.0
484	123774.0	127315.0
485	123785.0	128523.0
486	124527.0	128229.0
487	124317.0	127382.0
488	124021.0	127848.0
489	125210.0	128313.0
490	124105.0	127612.0
491	124195.0	128365.0
492	125346.0	129094.0
493	124837.0	127985.0
494	124327.0	128261.0
495	125624.0	129522.0
496	125078.0	127953.0
497	124701.0	129010.0
498	125431.0	128653.0
499	124240.0	128075.0
500	124479.0	129282.0
501	125372.0	129690.0
502	125579.0	128085.0
503	124955.0	129276.0
504	126478.0	129325.0
505	125185.0	128712.0
506	125342.0	129827.0
507	126481.0	129366.0
508	125562.0	128715.0
509	125013.0	129246.0
510	126536.0	128809.0
511	125695.0	128968.0
512	125293.0	129184.0
513	126742.0	128822.0
514	125791.0	128935.0
515	125548.0	129443.0
516	126392.0	129758.0
517	126226.0	128722.0
518	126733.0	129503.0
519	126946.0	128833.0
520	126120.0	128488.0
521	126325.0	128715.0
522	127607.0	128804.0
523	126633.0	128374.0
524	126648.0	128981.0
525	126331.0	129193.0
526	126421.0	128638.0
527	127043.0	128768.0
528	127178.0	128895.0
529	126378.0	127231.0
530	127078.0	128590.0
531	127417.0	128482.0
532	126470.0	127710.0
533	126371.0	128241.0
534	127798.0	128072.0
535	126977.0	127316.0
536	127634.0	128089.0
537	128015.0	127184.0
538	126571.0	126614.0
539	127023.0	128104.0
540	127420.0	127854.0
541	126961.0	126545.0
542	127142.0	127712.0
543	127636.0	127443.0
544	126903.0	126980.0
545	126454.0	127592.0
546	126937.0	127224.0
547	127641.0	125894.0
548	126624.0	126622.0
549	127839.0	126625.0
550	126846.0	125419.0
551	127394.0	126730.0
552	127641.0	126790.0
553	126588.0	125951.0
554	127608.0	125922.0
555	126928.0	126095.0
556	126593.0	125234.0
557	127033.0	125745.0
558	127611.0	125874.0
559	126737.0	124695.0
560	126766.0	125796.0
561	127504.0	125298.0
562	126639.0	124663.0
563	126762.0	124810.0
564	127380.0	125482.0
565	126513.0	124654.0
566	126820.0	124984.0
567	127224.0	125049.0
568	126385.0	124861.0
569	126333.0	124473.0
570	126727.0	125040.0
571	126571.0	123717.0
572	126588.0	124854.0
573	127159.0	124787.0
574	126182.0	124138.0
575	126313.0	123849.0
576	126526.0	124598.0
577	126081.0	123871.0
578	126156.0	124021.0
579	126970.0	124214.0
580	125879.0	123149.0
581	125924.0	124233.0
582	126703.0	123980.0
583	125430.0	123142.0
584	125710.0	123543.0
585	126923.0	123590.0
586	126040.0	123011.0
587	125014.0	124210.0
588	126046.0	124130.0
589	125768.0	122926.0
590	125123.0	123677.0
591	125721.0	123836.0
592	126099.0	123150.0
593	125592.0	123766.0
594	125647.0	123594.0
595	124621.0	122819.0
596	125009.0	124015.0
597	125448.0	123536.0
598	124312.0	122894.0
599	124717.0	124079.0
600	125672.0	123223.0
601	124321.0	122781.0
602	124456.0	123872.0
603	125230.0	122904.0
604	124816.0	123102.0
605	124749.0	123664.0
606	125499.0	123555.0
607	125014.0	123197.0
608	124275.0	124070.0
609	124566.0	123642.0
610	123896.0	122682.0
611	124373.0	123693.0
612	124908.0	123958.0
613	124045.0	123288.0
614	123574.0	123855.0
615	124224.0	124220.0
616	123554.0	123219.0
617	123765.0	124082.0
618	124470.0	123943.0
619	124095.0	123254.0
620	124304.0	124070.0
621	124677.0	123439.0
622	124318.0	123693.0
623	123930.0	123840.0
624	124426.0	123868.0
625	123891.0	123960.0
626	123872.0	124136.0
627	124113.0	124746.0
628	123860.0	123913.0
629	123929.0	124118.0
630	124025.0	124223.0
631	123927.0	123692.0
632	123745.0	124325.0
633	123941.0	124056.0
634	124006.0	124642.0
635	124180.0	124493.0
636	124449.0	123445.0
637	123216.0	124088.0
638	123744.0	124833.0
639	124156.0	125059.0
640	123850.0	124552.0
641	123568.0	125398.0
642	123854.0	125331.0
643	123540.0	124873.0
644	124066.0	124907.0
645	124090.0	125770.0
646	124032.0	124715.0
647	124118.0	126178.0
648	124006.0	125769.0
649	123374.0	124993.0
650	123394.0	124846.0
651	124268.0	125609.0
652	123761.0	125326.0
653	123043.0	125858.0
654	124273.0	125812.0
655	124103.0	125149.0
656	124474.0	125683.0
657	124816.0	125633.0
658	123780.0	125743.0
659	123894.0	125530.0
660	123950.0	125607.0
661	123843.0	125002.0
662	123752.0	126120.0
663	124079.0	126022.0
664	123870.0	125624.0
665	124179.0	126783.0
666	124733.0	126303.0
667	123814.0	125622.0
668	124236.0	126302.0
669	124876.0	126702.0
670	124317.0	125964.0
671	124668.0	126324.0
672	125115.0	126780.0
673	125191.0	126619.0
674	123913.0	126537.0
675	124447.0	126656.0
676	123880.0	126498.0
677	124362.0	126543.0
678	124965.0	126252.0
679	124523.0	125781.0
680	124391.0	126315.0
681	124620.0	126570.0
682	124434.0	125826.0
683	124376.0	126830.0
684	124521.0	126875.0
685	124531.0	126855.0
686	124349.0	127241.0
687	125490.0	126997.0
688	124610.0	127035.0
689	124908.0	126439.0
690	125143.0	126803.0
691	124596.0	126880.0
692	124569.0	126982.0
693	124860.0	127264.0
694	124663.0	126170.0
695	124817.0	127369.0
696	125401.0	127299.0
697	125173.0	126467.0
698	124896.0	126818.0
699	126190.0	126979.0
700	125071.0	126525.0
701	124842.0	127043.0
702	125402.0	126557.0
703	124781.0	126451.0
704	124740.0	126935.0
705	126140.0	127130.0
706	125100.0	126602.0
707	125274.0	126940.0
708	125951.0	127021.0
709	125434.0	126209.0
710	125244.0	126583.0
711	126630.0	126550.0
712	126445.0	126444.0
713	125803.0	126854.0
714	126792.0	126558.0
715	125809.0	126290.0
716	125227.0	127228.0
717	126681.0	126553.0
718	125580.0	126379.0
719	125969.0	126659.0
720	126487.0	126163.0
721	125095.0	126732.0
722	125223.0	126155.0
723	125569.0	126256.0
724	125435.0	125984.0
725	125846.0	126703.0
726	126359.0	126414.0
727	125693.0	125486.0
728	125504.0	125795.0
729	126279.0	125559.0
730	125200.0	125813.0
731	125693.0	125804.0
732	125818.0	126164.0
733	125046.0	125903.0
734	126106.0	125925.0
735	126420.0	126376.0
736	125103.0	125448.0
737	125667.0	125533.0
738	126526.0	126225.0
739	125385.0	125185.0
740	125219.0	125928.0
741	126134.0	125303.0
742	126081.0	124626.0
743	125660.0	125776.0
744	126359.0	125861.0
745	125951.0	124369.0
746	125432.0	125000.0
747	126766.0	125233.0
748	125867.0	124858.0
749	125542.0	124599.0
750	125813.0	125072.0
751	125874.0	124330.0
752	125825.0	124761.0
753	125860.0	124760.0
754	125252.0	124188.0
755	125779.0	124619.0
756	125423.0	125699.0
757	125573.0	124987.0
758	125461.0	124556.0
759	126228.0	124137.0
760	124907.0	123936.0
761	125348.0	124550.0
762	125711.0	124825.0
763	125052.0	124172.0
764	125034.0	124498.0
765	125556.0	123971.0
766	125380.0	124433.0
767	125369.0	124313.0
768	125346.0	124298.0
769	124579.0	123821.0
770	124984.0	124145.0
771	125912.0	124338.0
772	125406.0	123833.0
773	124769.0	124530.0
774	125506.0	123915.0
775	124339.0	123688.0
776	125219.0	123851.0
777	125537.0	124427.0
778	124007.0	123329.0
779	124581.0	124141.0
780	124846.0	123830.0
781	125272.0	124139.0
782	124778.0	124368.0
783	124717.0	124024.0
784	124459.0	123639.0
785	124409.0	124376.0
786	125230.0	124521.0
787	124875.0	123725.0
788	125009.0	123806.0
789	124868.0	123871.0
790	123772.0	123319.0
791	124793.0	124095.0
792	125514.0	123955.0
793	124659.0	123538.0
794	124252.0	124005.0
795	124602.0	123999.0
796	124356.0	123895.0
797	124607.0	123742.0
798	124939.0	123841.0
799	124385.0	124057.0
800	124869.0	124431.0
801	125025.0	124109.0
802	124299.0	123530.0
803	123942.0	124172.0
804	124657.0	124488.0
805	124929.0	123459.0
806	124384.0	124119.0
807	124944.0	124044.0
808	124167.0	123755.0
809	124055.0	123866.0
810	124487.0	124021.0
811	123927.0	123194.0
812	123480.0	124252.0
813	124328.0	124313.0
814	124255.0	124380.0
815	123954.0	124156.0
816	124978.0	124140.0
817	124506.0	124350.0
818	124292.0	124197.0
819	124403.0	124471.0
820	123981.0	123818.0
821	124143.0	124352.0
822	124333.0	124743.0
823	123955.0	123402.0
824	123547.0	124525.0
825	124319.0	124368.0
826	123966.0	124215.0
827	123482.0	124389.0
828	123989.0	124535.0
829	123504.0	123860.0
830	123657.0	124583.0
831	123873.0	124688.0
832	124050.0	124666.0
833	124109.0	124169.0
834	124702.0	124670.0
835	124001.0	124403.0
836	123626.0	124505.0
837	124720.0	124803.0
838	124476.0	123937.0
839	123636.0	124788.0
840	124432.0	124643.0
841	123305.0	124554.0
842	123739.0	125182.0
843	124244.0	125118.0
844	123584.0	124692.0
845	124560.0	125495.0
846	124277.0	125483.0
847	123988.0	125375.0
848	124129.0	125085.0
849	124232.0	125520.0
850	124117.0	124878.0
851	123923.0	126037.0
852	124230.0	125297.0
853	123674.0	125025.0
854	123626.0	125321.0
855	124447.0	125901.0
856	123893.0	124871.0
857	123808.0	125494.0
858	124915.0	125353.0
859	124025.0	125144.0
860	124771.0	125247.0
861	124954.0	125659.0
862	123761.0	124959.0
863	123497.0	125242.0
864	124246.0	126239.0
865	124854.0	125197.0
866	124063.0	125910.0
867	124022.0	125554.0
868	124308.0	125181.0
869	124397.0	125947.0
870	124786.0	125811.0
871	123808.0	125262.0
872	124119.0	125334.0
873	125074.0	125338.0
874	124199.0	125941.0
875	124698.0	125755.0
876	124729.0	126171.0
877	123799.0	125031.0
878	124157.0	125519.0
879	124737.0	126534.0
880	124550.0	126139.0
881	124695.0	125636.0
882	124811.0	126036.0
883	124185.0	125743.0
884	124299.0	125493.0
885	124922.0	125699.0
886	124882.0	125388.0
887	124393.0	125319.0
888	124953.0	125553.0
889	123517.0	124886.0
890	124168.0	126086.0
891	124450.0	125959.0
892	124362.0	125686.0
893	124282.0	125979.0
894	125190.0	125960.0
895	124598.0	125843.0
896	124116.0	125426.0
897	124591.0	126045.0
898	124851.0	125453.0
899	124746.0	125899.0
900	125421.0	125719.0
901	125236.0	125061.0
902	125217.0	124981.0
903	124929.0	125496.0
904	124978.0	125514.0
905	124477.0	125393.0
906	124372.0	124853.0
907	124662.0	125549.0
908	124370.0	126040.0
909	124983.0	125702.0
910	125001.0	125324.0
911	125021.0	125837.0
912	124995.0	125939.0
913	124395.0	125260.0
914	124399.0	125287.0
915	124845.0	125385.0
916	124554.0	124429.0
917	124331.0	125088.0
918	124703.0	125409.0
919	124815.0	125360.0
920	125118.0	125423.0
921	125956.0	124817.0
922	125181.0	124996.0
923	124620.0	125280.0
924	124944.0	125095.0
925	124530.0	124849.0
926	124734.0	125386.0
927	125284.0	125503.0
928	124915.0	125189.0
929	124487.0	125234.0
930	125623.0	125068.0
931	123861.0	124947.0
932	124655.0	125240.0
933	124722.0	125100.0
934	124927.0	124333.0
935	124377.0	124730.0
936	124893.0	124826.0
937	124890.0	124482.0
938	125015.0	124677.0
939	124839.0	124628.0
940	124913.0	124355.0
941	123923.0	124985.0
942	124388.0	124648.0
943	124312.0	124949.0
944	124099.0	125229.0
945	124925.0	125180.0
946	124471.0	124362.0
947	124283.0	124358.0
948	125096.0	124555.0
949	124807.0	123746.0
950	124639.0	124896.0
951	124822.0	124608.0
952	124385.0	123992.0
953	125076.0	124110.0
954	125154.0	125197.0
955	124700.0	124241.0
956	124660.0	124654.0
957	124778.0	124124.0
958	124273.0	124292.0
959	124440.0	125164.0
960	125381.0	124498.0
961	125159.0	123923.0
962	124165.0	123946.0
963	125567.0	124030.0
964	124446.0	124130.0
965	124922.0	124447.0
966	124942.0	124218.0
967	124500.0	123789.0
968	124590.0	124136.0
969	124859.0	123943.0
970	124770.0	124529.0
971	124311.0	123941.0
972	124450.0	123938.0
973	124264.0	123724.0
974	123704.0	124214.0
975	124633.0	123620.0
976	124747.0	123424.0
977	123290.0	124165.0
978	124479.0	124255.0
979	124205.0	123606.0
980	124231.0	123770.0
981	125123.0	124163.0
982	124259.0	123656.0
983	124006.0	123781.0
984	124534.0	124673.0
985	124857.0	123474.0
986	124064.0	124152.0
987	124287.0	124080.0
988	124143.0	123764.0
989	123910.0	123669.0
990	124420.0	124132.0
991	124260.0	124075.0
992	123691.0	124065.0
993	124471.0	123501.0
994	123615.0	123435.0
995	123962.0	124209.0
996	124658.0	124089.0
997	123974.0	123823.0
998	123665.0	124128.0
999	124347.0	123971.0
1000	123697.0	123858.0
1001	124631.0	123697.0
1002	124266.0	124394.0
1003	123453.0	124044.0
1004	123528.0	124348.0
1005	123461.0	124577.0
1006	122998.0	123842.0
1007	123673.0	124130.0
1008	124503.0	123918.0
1009	123823.0	123730.0
1010	123502.0	124337.0
1011	125000.0	123992.0
1012	123820.0	123608.0
1013	123369.0	124196.0
1014	124339.0	123699.0
1015	123600.0	123837.0
1016	123712.0	123823.0
1017	123574.0	124101.0
1018	123185.0	124120.0
1019	124195.0	124159.0
1020	124443.0	124728.0
1021	123538.0	123913.0
1022	124181.0	124276.0
1023	124037.0	124174.0
1024	123567.0	124103.0
1025	123915.0	124277.0
1026	123612.0	124306.0
1027	123673.0	123773.0
1028	123480.0	124380.0
1029	123273.0	124321.0
1030	123693.0	123754.0
1031	123588.0	124385.0
1032	123830.0	124513.0
1033	123885.0	124823.0
1034	123805.0	125080.0
1035	123913.0	124529.0
1036	123713.0	123921.0
1037	123691.0	124488.0
1038	123723.0	123779.0
1039	123203.0	124031.0
1040	123460.0	124273.0
1041	123763.0	124131.0
1042	123334.0	124569.0
1043	123629.0	124475.0
1044	123936.0	123939.0
1045	123551.0	123907.0
1046	123853.0	124698.0
1047	124668.0	124567.0
1048	123631.0	124510.0
1049	123311.0	124807.0
1050	124197.0	124692.0
1051	123455.0	124569.0
1052	124271.0	124842.0
1053	124436.0	124451.0
1054	123617.0	124194.0
1055	124156.0	124328.0
1056	123734.0	124596.0
1057	123710.0	124208.0
1058	123445.0	125068.0
1059	123925.0	125413.0
1060	123972.0	124437.0
1061	123797.0	124919.0
1062	124185.0	124615.0
1063	123538.0	124174.0
1064	123745.0	125213.0
1065	124331.0	124478.0
1066	124013.0	124744.0
1067	123856.0	124606.0
1068	124035.0	125361.0
1069	124306.0	124811.0
1070	124066.0	125114.0
1071	123600.0	124660.0
1072	123739.0	124502.0
1073	124054.0	124382.0
1074	123518.0	125412.0
1075	123188.0	124701.0
1076	123595.0	124976.0
1077	124021.0	124788.0
1078	124168.0	124254.0
1079	123862.0	124264.0
1080	124064.0	124603.0
1081	123775.0	124535.0
1082	123912.0	124588.0
1083	124129.0	124495.0
1084	123516.0	124423.0
1085	123890.0	125048.0
1086	123893.0	124545.0
1087	124190.0	124343.0
1088	124125.0	125328.0
1089	124238.0	125195.0
1090	124512.0	125014.0
1091	124172.0	125310.0
1092	124025.0	124752.0
1093	123694.0	124353.0
1094	124034.0	124519.0
1095	124271.0	125090.0
1096	123645.0	123884.0
1097	123954.0	124199.0
1098	123998.0	124461.0
1099	124243.0	124958.0
1100	124105.0	124705.0
1101	123681.0	124939.0
1102	123623.0	124918.0
1103	123739.0	125018.0
1104	124608.0	124961.0
1105	124020.0	124600.0
1106	124075.0	125195.0
1107	124745.0	124882.0
1108	123664.0	124300.0
1109	123601.0	124943.0
1110	124201.0	124365.0
1111	123942.0	124458.0
1112	124082.0	124219.0
1113	124160.0	125015.0
1114	123735.0	124214.0
1115	124110.0	125353.0
1116	124510.0	124230.0
1117	124535.0	123874.0
1118	124210.0	124547.0
1119	124282.0	124584.0
1120	124496.0	124500.0
1121	123784.0	124009.0
1122	124443.0	124929.0
1123	124193.0	124282.0
1124	124611.0	124094.0
1125	124559.0	124415.0
1126	123988.0	123958.0
1127	123612.0	124553.0
1128	124528.0	124522.0
1129	124310.0	123755.0
1130	123897.0	124052.0
1131	124514.0	124559.0
1132	124062.0	123705.0
1133	124102.0	123783.0
1134	124597.0	124546.0
1135	124173.0	123543.0
1136	124128.0	124247.0
1137	124276.0	124452.0
1138	123734.0	124178.0
1139	124394.0	124186.0
1140	124352.0	124367.0
1141	124361.0	123726.0
1142	123245.0	123998.0
1143	124107.0	124572.0
1144	124184.0	123865.0
1145	123811.0	124383.0
1146	124820.0	124144.0
1147	124704.0	123288.0
1148	124447.0	124529.0
1149	124410.0	123803.0
1150	123920.0	123949.0
1151	124199.0	124491.0
1152	124497.0	123516.0
1153	124389.0	123321.0
1154	123795.0	123894.0
1155	124316.0	124439.0
1156	123489.0	123465.0
1157	124083.0	123693.0
1158	124433.0	123602.0
1159	124260.0	123097.0
1160	124483.0	123116.0
1161	123864.0	123715.0
1162	124096.0	123564.0
1163	124233.0	123883.0
1164	124299.0	123759.0
1165	123461.0	123097.0
1166	124071.0	123457.0
1167	123900.0	123298.0
1168	123782.0	123262.0
1169	123969.0	123646.0
1170	124332.0	124410.0
1171	124025.0	123397.0
1172	123587.0	123435.0
1173	123644.0	123459.0
1174	123774.0	123322.0
1175	123434.0	123289.0
1176	124280.0	123926.0
1177	123939.0	123317.0
1178	123577.0	123251.0
1179	123553.0	123330.0
1180	123651.0	123846.0
1181	123385.0	123289.0
1182	123795.0	123995.0
1183	123709.0	123452.0
1184	123338.0	123767.0
1185	124045.0	123266.0
1186	123668.0	123239.0
1187	123486.0	123348.0
1188	124001.0	123951.0
1189	123503.0	123648.0
1190	123583.0	123879.0
1191	123770.0	123545.0
1192	122891.0	123240.0
1193	123418.0	123393.0
1194	123603.0	124167.0
1195	122926.0	123669.0
1196	122892.0	123431.0
1197	123359.0	123610.0
1198	122949.0	123840.0
1199	123558.0	123953.0
1200	123829.0	123918.0
1201	123497.0	123327.0
1202	123179.0	124274.0
1203	123292.0	123803.0
1204	123066.0	122721.0
1205	123456.0	123739.0
1206	123821.0	123920.0
1207	123627.0	123711.0
1208	123194.0	124022.0
1209	123429.0	123666.0
1210	123414.0	123397.0
1211	122819.0	123596.0
1212	123702.0	123473.0
1213	123738.0	123407.0
1214	123179.0	123761.0
1215	122912.0	123670.0
1216	123112.0	123835.0
1217	123079.0	123494.0
1218	123330.0	123418.0
1219	123803.0	123676.0
1220	124130.0	124144.0
1221	124156.0	123671.0
1222	123171.0	123392.0
1223	122984.0	124447.0
1224	122979.0	123766.0
1225	122559.0	123556.0
1226	123277.0	123913.0
1227	122679.0	124174.0
1228	122457.0	122842.0
1229	122975.0	123874.0
1230	123481.0	124039.0
1231	122904.0	123978.0
1232	122773.0	124240.0
1233	123642.0	124148.0
1234	122573.0	123798.0
1235	123245.0	124003.0
1236	123551.0	123877.0
1237	124119.0	123668.0
1238	122683.0	123380.0
1239	123221.0	123753.0
1240	123205.0	123662.0
1241	123141.0	124363.0
1242	123138.0	124081.0
1243	123437.0	123704.0
1244	123316.0	123935.0
1245	123445.0	123556.0
1246	123157.0	123725.0
1247	122931.0	124331.0
1248	123979.0	123920.0
1249	123422.0	123731.0
1250	122419.0	123916.0
1251	123156.0	124237.0
1252	123558.0	123829.0
1253	123175.0	123937.0
1254	123624.0	123619.0
1255	123234.0	124247.0
1256	123409.0	124928.0
1257	123839.0	124065.0
1258	123286.0	124073.0
1259	123716.0	123601.0
1260	123640.0	124199.0
1261	123688.0	123510.0
1262	123450.0	123912.0
1263	123470.0	124166.0
1264	123026.0	124007.0
1265	123921.0	124158.0
1266	123575.0	123972.0
1267	123138.0	124100.0
1268	122978.0	124596.0
1269	123648.0	123806.0
1270	123053.0	124537.0
1271	122760.0	124438.0
1272	123595.0	124014.0
1273	123947.0	123555.0
1274	124044.0	123928.0
1275	123527.0	123640.0
1276	124091.0	124013.0
1277	123740.0	123963.0
1278	124083.0	124473.0
1279	123129.0	124245.0
1280	123565.0	124597.0
1281	123774.0	125079.0
1282	123519.0	124342.0
1283	124408.0	123858.0
1284	124121.0	123759.0
1285	123894.0	123982.0
1286	123646.0	123619.0
1287	123277.0	124203.0
1288	123340.0	124366.0
1289	123838.0	124074.0
1290	123938.0	123462.0
1291	124143.0	123980.0
1292	123230.0	124175.0
1293	124072.0	124243.0
1294	123935.0	123621.0
1295	123813.0	124279.0
1296	123266.0	123929.0
1297	123739.0	123826.0
1298	123837.0	124157.0
1299	124813.0	124249.0
1300	123250.0	124018.0
1301	123814.0	123751.0
1302	123369.0	123932.0
1303	123677.0	123916.0
1304	123318.0	123926.0
1305	123950.0	124001.0
1306	123553.0	123440.0
1307	123283.0	124077.0
1308	123128.0	123674.0
1309	124143.0	123965.0
1310	123469.0	123831.0
1311	123712.0	123668.0
1312	123373.0	124239.0
1313	123383.0	123786.0
1314	124608.0	123423.0
1315	124269.0	123708.0
1316	123966.0	123523.0
1317	123887.0	123882.0
1318	123362.0	123613.0
1319	123698.0	124017.0
1320	123548.0	123662.0
1321	123163.0	123866.0
1322	124023.0	123723.0
1323	123593.0	124498.0
1324	124036.0	123646.0
1325	123709.0	123923.0
1326	123556.0	123917.0
1327	123906.0	123631.0
1328	122820.0	124213.0
1329	123589.0	123732.0
1330	123519.0	123186.0
1331	123567.0	123627.0
1332	123746.0	123731.0
1333	123523.0	123253.0
1334	123333.0	123574.0
1335	123853.0	123243.0
1336	123621.0	123938.0
1337	123191.0	123086.0
1338	123713.0	123925.0
1339	123641.0	123767.0
1340	123432.0	122852.0
1341	123366.0	123459.0
1342	123675.0	123612.0
1343	123402.0	123358.0
1344	124173.0	123364.0
1345	123392.0	122506.0
1346	123859.0	123294.0
1347	123558.0	123182.0
1348	123627.0	123346.0
1349	123368.0	123488.0
1350	123584.0	123877.0
1351	123442.0	122796.0
1352	123321.0	123803.0
1353	123281.0	123690.0
1354	123389.0	122982.0
1355	123036.0	123746.0
1356	123084.0	123417.0
1357	123181.0	123284.0
1358	123388.0	123642.0
1359	123027.0	123606.0
1360	123057.0	123122.0
1361	123000.0	123087.0
1362	123532.0	123104.0
1363	123166.0	123113.0
1364	123736.0	122813.0
1365	123879.0	123171.0
1366	123157.0	123300.0
1367	123232.0	123879.0
1368	123667.0	123534.0
1369	123371.0	123186.0
1370	122800.0	123281.0
1371	123498.0	122591.0
1372	123188.0	123968.0
1373	122860.0	123110.0
1374	123353.0	122941.0
1375	123217.0	122617.0
1376	123421.0	122916.0
1377	123320.0	123054.0
1378	123567.0	122760.0
1379	123088.0	123247.0
1380	123630.0	123621.0
1381	122856.0	123031.0
1382	122995.0	123050.0
1383	123656.0	122971.0
1384	123289.0	122912.0
1385	123443.0	123652.0
1386	123723.0	122813.0
1387	123437.0	123001.0
1388	122815.0	123026.0
1389	122808.0	123271.0
1390	122635.0	123136.0
1391	122151.0	122757.0
1392	123278.0	122618.0
1393	123014.0	123162.0
1394	123199.0	123344.0
1395	122649.0	123579.0
1396	123610.0	123875.0
1397	123192.0	123530.0
1398	123209.0	123268.0
1399	123131.0	122814.0
1400	122456.0	123341.0
1401	123608.0	123103.0
1402	123177.0	123023.0
1403	123074.0	123380.0
1404	123272.0	123052.0
1405	122683.0	123317.0
1406	122650.0	123088.0
1407	122743.0	123100.0
1408	122927.0	123869.0
1409	123066.0	123248.0
1410	123463.0	123890.0
1411	123548.0	123117.0
1412	123809.0	123125.0
1413	122976.0	123203.0
1414	123252.0	122275.0
1415	123324.0	123534.0
1416	123646.0	123453.0
1417	122085.0	122735.0
1418	122378.0	123449.0
1419	123179.0	123734.0
1420	122566.0	123670.0
1421	122791.0	123102.0
1422	122671.0	123330.0
1423	123307.0	123142.0
1424	122860.0	123984.0
1425	122420.0	123847.0
1426	122595.0	123838.0
1427	122518.0	123935.0
1428	123194.0	123929.0
1429	123081.0	123516.0
1430	122648.0	123519.0
1431	123129.0	123825.0
1432	123555.0	122977.0
1433	122819.0	123889.0
1434	123385.0	123522.0
1435	123302.0	122926.0
1436	122637.0	123413.0
1437	123227.0	123235.0
1438	122462.0	123175.0
1439	122883.0	123726.0
1440	123124.0	123719.0
1441	122731.0	123219.0
1442	122861.0	123639.0
1443	123082.0	123976.0
1444	123237.0	123414.0
1445	123272.0	123462.0
1446	122682.0	123597.0
1447	123048.0	123227.0
1448	123001.0	123881.0
1449	122871.0	123378.0
1450	122577.0	123715.0
1451	123198.0	123318.0
1452	123787.0	123320.0
1453	123019.0	123201.0
1454	123555.0	123998.0
1455	122892.0	123936.0
1456	122594.0	123604.0
1457	123100.0	123578.0
1458	123054.0	123512.0
1459	123406.0	123746.0
1460	123063.0	124117.0
1461	123755.0	123854.0
1462	123019.0	123347.0
1463	122910.0	123966.0
1464	123058.0	123636.0
1465	123184.0	123474.0
1466	123237.0	123593.0
1467	123289.0	123770.0
1468	122342.0	123092.0
1469	122940.0	123526.0
1470	122913.0	124183.0
1471	122414.0	124359.0
1472	123057.0	123403.0
1473	123170.0	123387.0
1474	123007.0	122744.0
1475	123662.0	123186.0
1476	123083.0	123115.0
1477	122594.0	122903.0
1478	123364.0	123561.0
1479	122880.0	123784.0
1480	123163.0	123673.0
1481	122122.0	124042.0
1482	123828.0	123626.0
1483	123570.0	123893.0
1484	122520.0	123669.0
1485	123536.0	122987.0
1486	123443.0	123139.0
1487	123198.0	123167.0
1488	123647.0	123932.0
1489	122832.0	123731.0
1490	123160.0	123676.0
1491	123615.0	123799.0
1492	123403.0	123351.0
1493	123597.0	122463.0
1494	123198.0	123758.0
1495	123347.0	123257.0
1496	123043.0	123852.0
1497	123389.0	123391.0
1498	122751.0	123707.0
1499	123241.0	123718.0
1500	123307.0	123533.0
1501	123057.0	123160.0
1502	123102.0	122986.0
1503	123763.0	123488.0
1504	123173.0	123223.0
1505	122713.0	123516.0
1506	123693.0	123511.0
1507	123612.0	123278.0
1508	122629.0	123008.0
1509	123062.0	123486.0
1510	122822.0	122666.0
1511	123633.0	123252.0
1512	123096.0	123462.0
1513	123604.0	123092.0
1514	122836.0	123084.0
1515	123500.0	123261.0
1516	122893.0	123298.0
1517	122903.0	122819.0
1518	123022.0	122922.0
1519	122692.0	123492.0
1520	123473.0	123083.0
1521	123593.0	123718.0
1522	123093.0	123857.0
1523	122775.0	123578.0
1524	123607.0	123868.0
1525	122784.0	123308.0
1526	123507.0	123261.0
1527	122959.0	124164.0
1528	123248.0	123509.0
1529	122694.0	123509.0
1530	123362.0	123918.0
1531	123170.0	123006.0
1532	123802.0	123564.0
1533	123237.0	122842.0
1534	123754.0	123325.0
1535	122914.0	123363.0
1536	123157.0	123000.0
1537	123041.0	123669.0
1538	122519.0	122873.0
1539	123331.0	123378.0
1540	123144.0	123057.0
1541	123284.0	123566.0
1542	123747.0	123214.0
1543	123633.0	122327.0
1544	122965.0	122900.0
1545	123237.0	123399.0
1546	123050.0	122663.0
1547	123079.0	123365.0
1548	123468.0	123027.0
1549	123436.0	122712.0
1550	123299.0	122732.0
1551	123177.0	123611.0
1552	123328.0	122978.0
1553	122732.0	123284.0
1554	122966.0	122749.0
1555	123548.0	123058.0
1556	122707.0	123093.0
1557	122511.0	123430.0
1558	123057.0	122801.0
1559	123066.0	122847.0
1560	123251.0	123028.0
1561	122658.0	122735.0
1562	122835.0	123181.0
1563	122977.0	123449.0
1564	123330.0	122943.0
1565	122359.0	123112.0
1566	122556.0	122931.0
1567	122225.0	123059.0
1568	123097.0	123008.0
1569	122976.0	123111.0
1570	122805.0	123035.0
1571	122216.0	123044.0
1572	123014.0	123073.0
1573	123028.0	123047.0
1574	122402.0	123470.0
1575	122527.0	122928.0
1576	122095.0	123000.0
1577	122821.0	123126.0
1578	122598.0	123000.0
1579	122425.0	122658.0
1580	122751.0	122770.0
1581	123013.0	122918.0
1582	123752.0	122541.0
1583	122735.0	123240.0
1584	123180.0	123370.0
1585	122547.0	123382.0
1586	123162.0	123119.0
1587	122714.0	123217.0
1588	123265.0	122568.0
1589	123147.0	123549.0
1590	123049.0	122863.0
1591	123155.0	122946.0
1592	123383.0	122583.0
1593	122836.0	123560.0
1594	122448.0	122458.0
1595	122668.0	122830.0
1596	123199.0	123438.0
1597	123231.0	123001.0
1598	122850.0	123466.0
1599	122607.0	122668.0
1600	122798.0	123171.0
1601	122942.0	123048.0
1602	122915.0	123521.0
1603	122780.0	123339.0
1604	122491.0	123233.0
1605	122822.0	122591.0
1606	123182.0	122574.0
1607	122762.0	122463.0
1608	123480.0	123007.0
1609	122741.0	122879.0
1610	123115.0	123022.0
1611	122529.0	122844.0
1612	122878.0	122983.0
1613	123095.0	123203.0
1614	122650.0	123053.0
1615	122607.0	122553.0
1616	122300.0	123200.0
1617	123077.0	123315.0
1618	122252.0	123151.0
1619	122507.0	123329.0
1620	123336.0	123777.0
1621	123277.0	123268.0
1622	123741.0	123126.0
1623	123338.0	123014.0
1624	122930.0	122763.0
1625	123122.0	122502.0
1626	123148.0	123728.0
1627	122810.0	123404.0
1628	122891.0	123040.0
1629	122868.0	123313.0
1630	123163.0	123646.0
1631	123349.0	122809.0
1632	122983.0	123459.0
1633	122630.0	122983.0
1634	122740.0	123087.0
1635	122902.0	123216.0
1636	122862.0	123497.0
1637	122893.0	122938.0
1638	122388.0	123914.0
1639	123378.0	123604.0
1640	123035.0	123437.0
1641	122595.0	123476.0
1642	123213.0	123399.0
1643	122742.0	123507.0
1644	122882.0	123074.0
1645	122758.0	123094.0
1646	123481.0	123424.0
1647	123065.0	123078.0
1648	122811.0	123484.0
1649	123117.0	123541.0
1650	123255.0	123751.0
1651	123176.0	123110.0
1652	122763.0	123044.0
1653	122474.0	123183.0
1654	122815.0	122925.0
1655	123012.0	122807.0
1656	123330.0	123427.0
1657	122642.0	123201.0
1658	122736.0	123113.0
1659	122909.0	123005.0
1660	122659.0	122840.0
1661	122862.0	123317.0
1662	123347.0	123318.0
1663	122450.0	123263.0
1664	123136.0	122999.0
1665	122348.0	123530.0
1666	122871.0	123538.0
1667	122835.0	123704.0
1668	123592.0	122607.0
1669	123190.0	123172.0
1670	123720.0	122955.0
1671	122695.0	123178.0
1672	122699.0	123439.0
1673	122647.0	123357.0
1674	123143.0	123091.0
1675	123112.0	123059.0
1676	123190.0	122931.0
1677	122910.0	123074.0
1678	122621.0	123186.0
1679	123168.0	123423.0
1680	123687.0	123008.0
1681	123260.0	123205.0
1682	122500.0	123357.0
1683	122754.0	123003.0
1684	122625.0	123369.0
1685	122636.0	122707.0
1686	122811.0	123453.0
1687	122257.0	122935.0
1688	122510.0	122978.0
1689	122869.0	123675.0
1690	123322.0	123083.0
1691	123002.0	123222.0
1692	123170.0	123558.0
1693	123100.0	123467.0
1694	123735.0	123386.0
1695	123510.0	122702.0
1696	123219.0	122435.0
1697	123196.0	122815.0
1698	123136.0	123575.0
1699	123170.0	123219.0
1700	123362.0	123588.0
1701	122803.0	123106.0
1702	122650.0	122882.0
1703	122313.0	122982.0
1704	123006.0	123005.0
1705	123231.0	123328.0
1706	122663.0	122736.0
1707	123005.0	122935.0
1708	122916.0	122961.0
1709	122609.0	122837.0
1710	123178.0	123074.0
1711	122651.0	122892.0
1712	122016.0	122297.0
1713	122815.0	122830.0
1714	122808.0	122380.0
1715	122772.0	122396.0
1716	122644.0	122959.0
1717	122498.0	122858.0
1718	123052.0	123031.0
1719	123235.0	122769.0
1720	122934.0	122861.0
1721	123037.0	122618.0
1722	122242.0	122945.0
1723	122210.0	122528.0
1724	122330.0	122727.0
1725	122504.0	122764.0
1726	122425.0	122976.0
1727	122896.0	122712.0
1728	122565.0	123084.0
1729	121765.0	122637.0
1730	122171.0	122918.0
1731	122211.0	123184.0
1732	122272.0	122543.0
1733	122016.0	122768.0
1734	122387.0	123594.0
1735	122380.0	122933.0
1736	122482.0	123300.0
1737	122630.0	122666.0
1738	122707.0	122814.0
1739	122660.0	123689.0
1740	123234.0	122909.0
1741	122554.0	122545.0
1742	122755.0	123074.0
1743	122644.0	122397.0
1744	122118.0	122623.0
1745	122992.0	123217.0
1746	122365.0	123164.0
1747	122768.0	122922.0
1748	122713.0	123045.0
1749	122733.0	123367.0
1750	122243.0	122913.0
1751	122689.0	122649.0
1752	122421.0	122642.0
1753	122646.0	122756.0
1754	122009.0	122965.0
1755	123040.0	123090.0
1756	123243.0	123404.0
1757	122668.0	123175.0
1758	122944.0	123069.0
1759	122650.0	123185.0
1760	122653.0	122795.0
1761	122578.0	123268.0
1762	122208.0	122762.0
1763	122560.0	122862.0
1764	122800.0	122521.0
1765	123215.0	122735.0
1766	122504.0	122961.0
1767	122490.0	123572.0
1768	122250.0	122815.0
1769	122186.0	123265.0
1770	123066.0	123369.0
1771	122414.0	123111.0
1772	123095.0	122601.0
1773	122710.0	122928.0
1774	122274.0	123205.0
1775	122278.0	122517.0
1776	122400.0	122874.0
1777	122656.0	122738.0
1778	122346.0	122868.0
1779	122916.0	122567.0
1780	122674.0	122622.0
1781	122671.0	122916.0
1782	122730.0	123230.0
1783	122143.0	123102.0
1784	123096.0	123461.0
1785	122366.0	122253.0
1786	122464.0	122851.0
1787	123507.0	123252.0
1788	123179.0	123093.0
1789	122413.0	122778.0
1790	122784.0	123154.0
1791	123149.0	123056.0
1792	122679.0	122823.0
1793	122645.0	122752.0
1794	122789.0	122935.0
1795	122261.0	122646.0
1796	123250.0	122730.0
1797	122432.0	122924.0
1798	122172.0	122815.0
1799	122532.0	123278.0
1800	122527.0	122889.0
1801	122649.0	122527.0
1802	122126.0	122347.0
1803	122424.0	123076.0
1804	122793.0	122867.0
1805	122637.0	123550.0
1806	122673.0	123236.0
1807	122565.0	123146.0
1808	122763.0	122931.0
1809	123163.0	122154.0
1810	122166.0	123072.0
1811	122065.0	122482.0
1812	122833.0	123633.0
1813	122259.0	123709.0
1814	122208.0	123269.0
1815	122161.0	123425.0
1816	122670.0	122938.0
1817	122678.0	123360.0
1818	122719.0	122514.0
1819	123020.0	122815.0
1820	123221.0	122563.0
1821	122838.0	122797.0
1822	122542.0	122756.0
1823	122698.0	122779.0
1824	122752.0	123327.0
1825	122417.0	123122.0
1826	121948.0	123692.0
1827	122951.0	123184.0
1828	122540.0	123172.0
1829	122130.0	123461.0
1830	122662.0	122801.0
1831	122535.0	122978.0
1832	122129.0	122932.0
1833	122464.0	123160.0
1834	122014.0	122915.0
1835	122837.0	123333.0
1836	122445.0	123136.0
1837	122221.0	123255.0
1838	122683.0	122977.0
1839	122206.0	122798.0
1840	122419.0	122446.0
1841	122512.0	123113.0
1842	122851.0	123155.0
1843	122314.0	123063.0
1844	122703.0	123575.0
1845	122880.0	122955.0
1846	122389.0	123094.0
1847	122633.0	122834.0
1848	122542.0	123129.0
1849	122513.0	122336.0
1850	122538.0	123598.0
1851	122487.0	123051.0
1852	122509.0	123126.0
1853	123151.0	123218.0
1854	122921.0	122602.0
1855	122164.0	123309.0
1856	122619.0	123243.0
1857	123065.0	122794.0
1858	123221.0	122755.0
1859	122313.0	123021.0
1860	122811.0	122854.0
1861	122878.0	122948.0
1862	122773.0	122969.0
1863	122330.0	122877.0
1864	122473.0	122547.0
1865	122441.0	123255.0
1866	122950.0	123045.0
1867	122916.0	122720.0
1868	122970.0	122486.0
1869	122599.0	122623.0
1870	122264.0	122785.0
1871	122483.0	122850.0
1872	123058.0	122294.0
1873	122844.0	122233.0
1874	122464.0	123435.0
1875	122560.0	122948.0
1876	122818.0	123273.0
1877	122730.0	122444.0
1878	122160.0	122696.0
1879	122362.0	122606.0
1880	122889.0	123146.0
1881	122533.0	122536.0
1882	122628.0	122430.0
1883	122551.0	122405.0
1884	122684.0	123131.0
1885	122661.0	122376.0
1886	123250.0	122661.0
1887	122693.0	122600.0
1888	122666.0	122161.0
1889	122983.0	122713.0
1890	122301.0	122635.0
1891	121930.0	122904.0
1892	121885.0	122857.0
1893	123304.0	122454.0
1894	122717.0	122785.0
1895	122870.0	123331.0
1896	122674.0	122402.0
1897	122362.0	122885.0
1898	122377.0	122116.0
1899	121884.0	122981.0
1900	121797.0	122518.0
1901	122940.0	122910.0
1902	122176.0	122957.0
1903	122643.0	122208.0
1904	123089.0	122571.0
1905	122326.0	122275.0
1906	122717.0	122755.0
1907	122118.0	122783.0
1908	122142.0	122901.0
1909	122426.0	123060.0
1910	122982.0	122951.0
1911	122743.0	123277.0
1912	122699.0	122463.0
1913	121997.0	122792.0
1914	121867.0	122763.0
1915	122395.0	122424.0
1916	122438.0	122002.0
1917	122063.0	122250.0
1918	122115.0	122700.0
1919	122420.0	121958.0
1920	123264.0	122160.0
1921	122611.0	122142.0
1922	122779.0	122456.0
1923	122769.0	122552.0
1924	122317.0	122689.0
1925	121777.0	123128.0
1926	122511.0	122970.0
1927	122228.0	123200.0
1928	122192.0	123128.0
1929	122069.0	123221.0
1930	122579.0	122073.0
1931	122549.0	122600.0
1932	122253.0	122901.0
1933	121999.0	122138.0
1934	122948.0	122718.0
1935	122188.0	123204.0
1936	122859.0	122827.0
1937	122365.0	122366.0
1938	122947.0	122608.0
1939	122326.0	121947.0
1940	122641.0	122982.0
1941	123212.0	122555.0
1942	122687.0	122356.0
1943	123089.0	122362.0
1944	121831.0	122366.0
1945	122448.0	122330.0
1946	122622.0	122925.0
1947	122712.0	122452.0
1948	122207.0	121862.0
1949	122401.0	122384.0
1950	122310.0	122521.0
1951	122539.0	122473.0
1952	122142.0	122507.0
1953	122485.0	121474.0
1954	122299.0	122660.0
1955	122018.0	122719.0
1956	122509.0	122361.0
1957	121991.0	122139.0
1958	122002.0	123011.0
1959	122209.0	123317.0
1960	122302.0	122418.0
1961	122227.0	122600.0
1962	122328.0	122249.0
1963	122359.0	122373.0
1964	122812.0	123287.0
1965	122486.0	122877.0
1966	122161.0	122793.0
1967	121988.0	122676.0
1968	122492.0	122050.0
1969	122261.0	122222.0
1970	122085.0	122802.0
1971	122711.0	122316.0
1972	122032.0	122380.0
1973	122293.0	122324.0
1974	122390.0	122709.0
1975	122566.0	123686.0
1976	122428.0	123343.0
1977	121993.0	122563.0
1978	122810.0	122621.0
1979	122714.0	122845.0
1980	122224.0	122537.0
1981	122034.0	123064.0
1982	122291.0	122591.0
1983	123011.0	122080.0
1984	122549.0	122659.0
1985	122388.0	122356.0
1986	122270.0	122867.0
1987	122450.0	122610.0
1988	122158.0	122541.0
1989	122150.0	122652.0
1990	122423.0	122697.0
1991	122440.0	122807.0
1992	122224.0	123115.0
1993	122333.0	122618.0
1994	122184.0	122616.0
1995	122253.0	122988.0
1996	122301.0	123126.0
1997	122330.0	123424.0
1998	122193.0	122209.0
1999	122537.0	122621.0
