Distance in bp(Fragment Length Estimate: 152)(Peak Width Estimate: 152)	Same Strand (+ for Watson strand, - for Crick)	Opposite Strand
-2000	121905.0	122447.0
-1999	121858.0	122522.0
-1998	121929.0	122316.0
-1997	122682.0	122504.0
-1996	122386.0	122516.0
-1995	122300.0	122414.0
-1994	122412.0	122200.0
-1993	122674.0	122260.0
-1992	121996.0	121472.0
-1991	122496.0	122799.0
-1990	122084.0	122846.0
-1989	122285.0	122105.0
-1988	122537.0	122194.0
-1987	121897.0	122075.0
-1986	122129.0	121558.0
-1985	122092.0	121909.0
-1984	123222.0	121961.0
-1983	121749.0	122799.0
-1982	122157.0	122506.0
-1981	122859.0	122604.0
-1980	122233.0	122531.0
-1979	122542.0	122610.0
-1978	122503.0	122481.0
-1977	122198.0	121683.0
-1976	121987.0	122168.0
-1975	122464.0	122349.0
-1974	122121.0	122263.0
-1973	122236.0	122132.0
-1972	122626.0	121545.0
-1971	122586.0	122664.0
-1970	122329.0	122276.0
-1969	122456.0	122429.0
-1968	122390.0	122215.0
-1967	121580.0	121689.0
-1966	122273.0	121988.0
-1965	122322.0	122617.0
-1964	122472.0	122828.0
-1963	122454.0	122738.0
-1962	122063.0	122037.0
-1961	122243.0	122963.0
-1960	122248.0	121979.0
-1959	122420.0	122649.0
-1958	121932.0	122682.0
-1957	122073.0	122260.0
-1956	122746.0	122484.0
-1955	121911.0	122417.0
-1954	122490.0	122237.0
-1953	122210.0	122056.0
-1952	121852.0	122342.0
-1951	122161.0	122249.0
-1950	122279.0	122047.0
-1949	122526.0	122310.0
-1948	122220.0	122532.0
-1947	121936.0	121797.0
-1946	121547.0	122672.0
-1945	122560.0	123495.0
-1944	122117.0	122589.0
-1943	122312.0	122713.0
-1942	122427.0	122517.0
-1941	122721.0	122800.0
-1940	122557.0	122807.0
-1939	122366.0	122417.0
-1938	122774.0	122795.0
-1937	122470.0	123052.0
-1936	122332.0	122556.0
-1935	122634.0	122401.0
-1934	122265.0	122736.0
-1933	122349.0	122515.0
-1932	122380.0	122196.0
-1931	122888.0	122602.0
-1930	122336.0	122139.0
-1929	122416.0	122699.0
-1928	122055.0	122424.0
-1927	122424.0	122875.0
-1926	122846.0	122578.0
-1925	122388.0	122388.0
-1924	122365.0	121966.0
-1923	122943.0	122430.0
-1922	122673.0	122568.0
-1921	122087.0	123015.0
-1920	122752.0	122201.0
-1919	122111.0	122999.0
-1918	122257.0	122630.0
-1917	121974.0	122392.0
-1916	123377.0	122213.0
-1915	122426.0	123144.0
-1914	123127.0	122441.0
-1913	123052.0	122517.0
-1912	122091.0	122884.0
-1911	122123.0	122528.0
-1910	122652.0	122275.0
-1909	122545.0	122658.0
-1908	122388.0	122702.0
-1907	122473.0	122703.0
-1906	122377.0	122653.0
-1905	123137.0	122556.0
-1904	123328.0	122314.0
-1903	123305.0	122822.0
-1902	122836.0	122934.0
-1901	123353.0	122518.0
-1900	122356.0	122249.0
-1899	122806.0	122486.0
-1898	122062.0	122591.0
-1897	122463.0	123046.0
-1896	122227.0	123047.0
-1895	122987.0	122679.0
-1894	122851.0	122638.0
-1893	122856.0	123004.0
-1892	122515.0	122444.0
-1891	123015.0	122298.0
-1890	122248.0	122412.0
-1889	122729.0	122907.0
-1888	122682.0	122305.0
-1887	122921.0	122897.0
-1886	122327.0	122195.0
-1885	122734.0	122135.0
-1884	122486.0	122808.0
-1883	122036.0	122452.0
-1882	122925.0	122564.0
-1881	122412.0	122905.0
-1880	122523.0	122965.0
-1879	122066.0	123259.0
-1878	122462.0	123114.0
-1877	122716.0	122660.0
-1876	123123.0	122928.0
-1875	122791.0	122822.0
-1874	122713.0	122408.0
-1873	122652.0	122135.0
-1872	122364.0	122513.0
-1871	122584.0	122770.0
-1870	122196.0	123409.0
-1869	122570.0	123135.0
-1868	122022.0	122724.0
-1867	122547.0	122572.0
-1866	122771.0	122977.0
-1865	123118.0	122689.0
-1864	122696.0	122750.0
-1863	123487.0	123010.0
-1862	122773.0	122452.0
-1861	122830.0	122415.0
-1860	123317.0	122972.0
-1859	123180.0	122982.0
-1858	122439.0	122699.0
-1857	122733.0	122763.0
-1856	122878.0	122258.0
-1855	122643.0	122754.0
-1854	123006.0	123129.0
-1853	122324.0	123023.0
-1852	122932.0	122787.0
-1851	123286.0	122964.0
-1850	122824.0	122867.0
-1849	122568.0	122701.0
-1848	122741.0	122663.0
-1847	123135.0	123041.0
-1846	122415.0	122749.0
-1845	122946.0	122646.0
-1844	122727.0	122917.0
-1843	123270.0	122551.0
-1842	122432.0	121737.0
-1841	122932.0	122494.0
-1840	122630.0	122467.0
-1839	122486.0	123577.0
-1838	122594.0	122408.0
-1837	122262.0	122078.0
-1836	122752.0	122615.0
-1835	122924.0	122407.0
-1834	122592.0	121919.0
-1833	123065.0	122267.0
-1832	122827.0	122553.0
-1831	122596.0	122541.0
-1830	123268.0	122518.0
-1829	122444.0	122754.0
-1828	122142.0	122555.0
-1827	122481.0	122685.0
-1826	122916.0	122236.0
-1825	122555.0	122648.0
-1824	122178.0	122366.0
-1823	122854.0	122630.0
-1822	122763.0	122896.0
-1821	123102.0	122850.0
-1820	122727.0	123016.0
-1819	122915.0	122876.0
-1818	122684.0	122733.0
-1817	122008.0	122064.0
-1816	122907.0	122489.0
-1815	122153.0	122713.0
-1814	122083.0	123236.0
-1813	123095.0	122771.0
-1812	122990.0	122541.0
-1811	122717.0	122676.0
-1810	122776.0	122103.0
-1809	122464.0	122640.0
-1808	122624.0	122429.0
-1807	122609.0	122502.0
-1806	122685.0	122757.0
-1805	122330.0	122102.0
-1804	121868.0	122033.0
-1803	122666.0	122481.0
-1802	122757.0	122084.0
-1801	122412.0	122129.0
-1800	122500.0	122790.0
-1799	122524.0	122742.0
-1798	123059.0	122604.0
-1797	122183.0	122538.0
-1796	122634.0	122490.0
-1795	121825.0	122033.0
-1794	122327.0	122556.0
-1793	122359.0	123011.0
-1792	122111.0	122410.0
-1791	122265.0	122405.0
-1790	123169.0	122532.0
-1789	122641.0	122735.0
-1788	122527.0	122366.0
-1787	122350.0	122539.0
-1786	122839.0	122820.0
-1785	122405.0	122721.0
-1784	122776.0	122646.0
-1783	122547.0	122793.0
-1782	122369.0	122917.0
-1781	122656.0	122698.0
-1780	122567.0	122794.0
-1779	122614.0	122648.0
-1778	122867.0	122439.0
-1777	122196.0	122100.0
-1776	122932.0	122600.0
-1775	122174.0	122519.0
-1774	122391.0	123108.0
-1773	122950.0	122648.0
-1772	122599.0	122716.0
-1771	122422.0	122685.0
-1770	122783.0	122456.0
-1769	122555.0	122754.0
-1768	123059.0	122124.0
-1767	122786.0	122712.0
-1766	122575.0	122979.0
-1765	122197.0	122565.0
-1764	122177.0	122738.0
-1763	122916.0	123233.0
-1762	122672.0	122808.0
-1761	122986.0	122604.0
-1760	122201.0	122929.0
-1759	123053.0	123313.0
-1758	122461.0	122814.0
-1757	122997.0	122584.0
-1756	122371.0	123028.0
-1755	122317.0	122629.0
-1754	122867.0	123167.0
-1753	123204.0	122889.0
-1752	122779.0	123147.0
-1751	122626.0	122781.0
-1750	122180.0	122630.0
-1749	122080.0	122680.0
-1748	123127.0	123161.0
-1747	122735.0	122965.0
-1746	122894.0	122578.0
-1745	123429.0	123222.0
-1744	122921.0	122963.0
-1743	122664.0	122756.0
-1742	122921.0	122137.0
-1741	122811.0	122394.0
-1740	122615.0	122740.0
-1739	122745.0	122560.0
-1738	122340.0	123204.0
-1737	123149.0	123079.0
-1736	122556.0	122150.0
-1735	123060.0	122912.0
-1734	122740.0	122863.0
-1733	121843.0	122718.0
-1732	122650.0	123305.0
-1731	122025.0	122792.0
-1730	122804.0	122878.0
-1729	122869.0	123419.0
-1728	122785.0	122891.0
-1727	123304.0	122580.0
-1726	122343.0	122795.0
-1725	123065.0	123048.0
-1724	122529.0	123104.0
-1723	122704.0	122991.0
-1722	122924.0	122948.0
-1721	122988.0	122455.0
-1720	122654.0	123109.0
-1719	122512.0	123348.0
-1718	122734.0	122778.0
-1717	123244.0	123386.0
-1716	122772.0	123079.0
-1715	123028.0	123443.0
-1714	123065.0	122703.0
-1713	122944.0	122953.0
-1712	122642.0	122593.0
-1711	123088.0	122257.0
-1710	122530.0	123225.0
-1709	122925.0	123172.0
-1708	122691.0	122794.0
-1707	123120.0	122627.0
-1706	123205.0	123421.0
-1705	123733.0	123005.0
-1704	123468.0	122670.0
-1703	123104.0	123452.0
-1702	123417.0	122638.0
-1701	123158.0	122984.0
-1700	123027.0	122985.0
-1699	123473.0	123015.0
-1698	123094.0	123535.0
-1697	123129.0	122914.0
-1696	123500.0	123206.0
-1695	122989.0	123629.0
-1694	123128.0	123629.0
-1693	122643.0	122793.0
-1692	122870.0	123225.0
-1691	123560.0	123129.0
-1690	122874.0	123303.0
-1689	123064.0	122851.0
-1688	122831.0	122897.0
-1687	123525.0	121982.0
-1686	123438.0	122446.0
-1685	123150.0	122789.0
-1684	123178.0	123216.0
-1683	123825.0	122359.0
-1682	122856.0	122727.0
-1681	123090.0	122729.0
-1680	123069.0	122431.0
-1679	122472.0	122518.0
-1678	123373.0	122339.0
-1677	123154.0	122850.0
-1676	123806.0	122398.0
-1675	122852.0	122859.0
-1674	122405.0	122779.0
-1673	123009.0	123072.0
-1672	122997.0	122858.0
-1671	122551.0	123349.0
-1670	123398.0	122911.0
-1669	122810.0	123068.0
-1668	123075.0	122412.0
-1667	123036.0	122448.0
-1666	123440.0	122760.0
-1665	122911.0	123289.0
-1664	122883.0	123023.0
-1663	122945.0	122585.0
-1662	122926.0	122492.0
-1661	123224.0	122395.0
-1660	122713.0	122512.0
-1659	123186.0	122745.0
-1658	122756.0	122860.0
-1657	122967.0	122755.0
-1656	122687.0	122703.0
-1655	123156.0	122340.0
-1654	123219.0	122897.0
-1653	122656.0	122635.0
-1652	123058.0	122701.0
-1651	123228.0	122579.0
-1650	123452.0	122478.0
-1649	122558.0	122841.0
-1648	122659.0	123065.0
-1647	122707.0	123256.0
-1646	123373.0	122965.0
-1645	122887.0	123263.0
-1644	123469.0	123421.0
-1643	123479.0	122869.0
-1642	123218.0	123029.0
-1641	123047.0	122535.0
-1640	123550.0	122627.0
-1639	122883.0	122403.0
-1638	122513.0	122179.0
-1637	122665.0	122582.0
-1636	123360.0	122812.0
-1635	122896.0	122490.0
-1634	122854.0	122107.0
-1633	123234.0	123064.0
-1632	122795.0	122908.0
-1631	123131.0	122942.0
-1630	122652.0	122796.0
-1629	122684.0	122165.0
-1628	122939.0	122728.0
-1627	122173.0	123193.0
-1626	123084.0	123887.0
-1625	122938.0	123128.0
-1624	123072.0	122879.0
-1623	122841.0	123469.0
-1622	122809.0	123597.0
-1621	122445.0	123443.0
-1620	122490.0	123034.0
-1619	122656.0	122621.0
-1618	122832.0	123026.0
-1617	122758.0	123132.0
-1616	122917.0	122362.0
-1615	121825.0	123180.0
-1614	123368.0	122732.0
-1613	122493.0	122602.0
-1612	123380.0	123116.0
-1611	122548.0	122638.0
-1610	122755.0	122777.0
-1609	122871.0	122850.0
-1608	122533.0	122318.0
-1607	122692.0	122409.0
-1606	122511.0	123094.0
-1605	123140.0	122737.0
-1604	122601.0	122938.0
-1603	123164.0	122869.0
-1602	122474.0	123293.0
-1601	122562.0	122257.0
-1600	122784.0	122706.0
-1599	123011.0	123227.0
-1598	123225.0	123429.0
-1597	123355.0	123181.0
-1596	122629.0	122490.0
-1595	122988.0	123094.0
-1594	122510.0	122189.0
-1593	122611.0	122623.0
-1592	122602.0	123169.0
-1591	122662.0	123433.0
-1590	122508.0	122401.0
-1589	123080.0	123113.0
-1588	122481.0	122727.0
-1587	122396.0	122988.0
-1586	122316.0	122971.0
-1585	122111.0	123374.0
-1584	122749.0	123453.0
-1583	122409.0	123402.0
-1582	123565.0	122589.0
-1581	123055.0	122504.0
-1580	122234.0	122895.0
-1579	122715.0	123159.0
-1578	122948.0	122940.0
-1577	123246.0	122922.0
-1576	122754.0	122997.0
-1575	122921.0	122892.0
-1574	122656.0	123313.0
-1573	122896.0	123244.0
-1572	122174.0	123326.0
-1571	122730.0	123129.0
-1570	122910.0	123531.0
-1569	122610.0	122832.0
-1568	122173.0	123377.0
-1567	123214.0	123698.0
-1566	122626.0	122946.0
-1565	122405.0	122994.0
-1564	122172.0	124126.0
-1563	122881.0	123522.0
-1562	122862.0	123286.0
-1561	123072.0	123252.0
-1560	123060.0	122411.0
-1559	123200.0	123221.0
-1558	123148.0	123540.0
-1557	123021.0	123403.0
-1556	123188.0	123972.0
-1555	122953.0	123629.0
-1554	123179.0	123097.0
-1553	123380.0	123246.0
-1552	123459.0	122829.0
-1551	123258.0	123481.0
-1550	122632.0	122986.0
-1549	123580.0	123236.0
-1548	122974.0	123302.0
-1547	123306.0	123558.0
-1546	122580.0	123753.0
-1545	123226.0	123368.0
-1544	123102.0	123170.0
-1543	123218.0	123515.0
-1542	123015.0	123567.0
-1541	122948.0	122913.0
-1540	123285.0	123272.0
-1539	123588.0	123414.0
-1538	123634.0	122927.0
-1537	123446.0	123500.0
-1536	123121.0	123925.0
-1535	123272.0	124175.0
-1534	123522.0	123412.0
-1533	123231.0	123597.0
-1532	123423.0	123469.0
-1531	122824.0	122987.0
-1530	122712.0	123234.0
-1529	123460.0	123489.0
-1528	123196.0	123940.0
-1527	124139.0	123895.0
-1526	123545.0	123007.0
-1525	123128.0	123262.0
-1524	123488.0	123937.0
-1523	123253.0	122997.0
-1522	124240.0	124246.0
-1521	124014.0	122785.0
-1520	123009.0	123052.0
-1519	123507.0	123202.0
-1518	123474.0	122812.0
-1517	123382.0	123049.0
-1516	123069.0	122876.0
-1515	123251.0	123601.0
-1514	123524.0	123448.0
-1513	122992.0	123858.0
-1512	123152.0	123501.0
-1511	123746.0	122742.0
-1510	123813.0	123487.0
-1509	123840.0	123330.0
-1508	123343.0	123112.0
-1507	123876.0	123586.0
-1506	123858.0	123366.0
-1505	122890.0	123218.0
-1504	123557.0	123800.0
-1503	123287.0	123602.0
-1502	123004.0	123635.0
-1501	123144.0	123200.0
-1500	123699.0	123305.0
-1499	123397.0	123182.0
-1498	123894.0	122916.0
-1497	123938.0	123545.0
-1496	123195.0	123885.0
-1495	123407.0	123321.0
-1494	123348.0	123619.0
-1493	124174.0	123444.0
-1492	123805.0	123549.0
-1491	123870.0	122850.0
-1490	123542.0	123505.0
-1489	123600.0	123207.0
-1488	123099.0	123485.0
-1487	123352.0	122693.0
-1486	122968.0	122973.0
-1485	123947.0	122716.0
-1484	123774.0	123318.0
-1483	123579.0	123333.0
-1482	123226.0	123492.0
-1481	123542.0	122992.0
-1480	123814.0	123716.0
-1479	123608.0	123079.0
-1478	123292.0	123245.0
-1477	123300.0	122759.0
-1476	123615.0	122728.0
-1475	123502.0	122914.0
-1474	123289.0	123317.0
-1473	123695.0	123781.0
-1472	123593.0	123216.0
-1471	123591.0	123047.0
-1470	123713.0	123078.0
-1469	123340.0	122997.0
-1468	123349.0	122725.0
-1467	123821.0	122670.0
-1466	123973.0	122325.0
-1465	123613.0	123064.0
-1464	123344.0	122975.0
-1463	123560.0	123327.0
-1462	123186.0	122701.0
-1461	123428.0	122493.0
-1460	123155.0	122704.0
-1459	123490.0	122808.0
-1458	122739.0	122918.0
-1457	123172.0	122542.0
-1456	123036.0	122829.0
-1455	123799.0	123037.0
-1454	123735.0	123453.0
-1453	123737.0	123016.0
-1452	123311.0	122707.0
-1451	123107.0	123278.0
-1450	123508.0	122922.0
-1449	123637.0	122966.0
-1448	123584.0	123247.0
-1447	123304.0	122615.0
-1446	122778.0	123089.0
-1445	123188.0	122932.0
-1444	123143.0	122759.0
-1443	122945.0	123012.0
-1442	122846.0	122747.0
-1441	123014.0	122715.0
-1440	123464.0	122918.0
-1439	123316.0	122946.0
-1438	122620.0	123402.0
-1437	122838.0	122888.0
-1436	122899.0	122794.0
-1435	122619.0	123338.0
-1434	123463.0	122658.0
-1433	122976.0	123057.0
-1432	122703.0	122304.0
-1431	123187.0	123387.0
-1430	122453.0	122140.0
-1429	122560.0	122661.0
-1428	122975.0	122916.0
-1427	122999.0	122486.0
-1426	122432.0	122284.0
-1425	123084.0	123218.0
-1424	123284.0	122909.0
-1423	122285.0	122953.0
-1422	122945.0	123091.0
-1421	122955.0	123269.0
-1420	122234.0	123170.0
-1419	122369.0	122591.0
-1418	123152.0	122703.0
-1417	123076.0	122168.0
-1416	122940.0	122463.0
-1415	122717.0	122847.0
-1414	122866.0	122549.0
-1413	122544.0	122816.0
-1412	122744.0	122674.0
-1411	122659.0	122953.0
-1410	123040.0	122853.0
-1409	122247.0	122887.0
-1408	122956.0	122528.0
-1407	122382.0	123051.0
-1406	122894.0	123060.0
-1405	122805.0	123904.0
-1404	123096.0	123431.0
-1403	122717.0	123336.0
-1402	122285.0	123430.0
-1401	122645.0	123420.0
-1400	123222.0	123585.0
-1399	123170.0	123174.0
-1398	122948.0	122856.0
-1397	122305.0	122813.0
-1396	122313.0	123332.0
-1395	123128.0	123297.0
-1394	123065.0	123106.0
-1393	122708.0	123359.0
-1392	123054.0	123353.0
-1391	123151.0	123542.0
-1390	123701.0	123793.0
-1389	123196.0	123546.0
-1388	122492.0	123303.0
-1387	123495.0	123555.0
-1386	123248.0	124024.0
-1385	123224.0	123723.0
-1384	122969.0	123461.0
-1383	123424.0	123574.0
-1382	123186.0	123205.0
-1381	122925.0	122996.0
-1380	122740.0	123680.0
-1379	123130.0	123040.0
-1378	123235.0	122601.0
-1377	122704.0	123410.0
-1376	123191.0	123840.0
-1375	123500.0	123223.0
-1374	123368.0	123644.0
-1373	123035.0	123219.0
-1372	124277.0	122888.0
-1371	123759.0	123103.0
-1370	123355.0	123680.0
-1369	122969.0	123564.0
-1368	122852.0	123279.0
-1367	122922.0	123267.0
-1366	123203.0	123558.0
-1365	123649.0	124228.0
-1364	123040.0	123645.0
-1363	123363.0	123652.0
-1362	123694.0	123447.0
-1361	123476.0	123686.0
-1360	123391.0	123491.0
-1359	123744.0	123644.0
-1358	123637.0	123808.0
-1357	123055.0	123980.0
-1356	123721.0	124045.0
-1355	124224.0	124153.0
-1354	124083.0	123626.0
-1353	124091.0	123644.0
-1352	123522.0	123666.0
-1351	123625.0	124018.0
-1350	123478.0	124299.0
-1349	123482.0	124063.0
-1348	123829.0	124385.0
-1347	123302.0	123682.0
-1346	123899.0	124369.0
-1345	123803.0	124349.0
-1344	123810.0	123945.0
-1343	124488.0	123873.0
-1342	123979.0	123932.0
-1341	123922.0	124093.0
-1340	124142.0	123966.0
-1339	123971.0	124043.0
-1338	123679.0	123901.0
-1337	124685.0	123875.0
-1336	124023.0	123633.0
-1335	123598.0	124082.0
-1334	123832.0	123558.0
-1333	124149.0	124033.0
-1332	124446.0	123782.0
-1331	124291.0	123430.0
-1330	124146.0	124124.0
-1329	124074.0	123904.0
-1328	124299.0	123694.0
-1327	123796.0	123599.0
-1326	124130.0	124097.0
-1325	124254.0	123951.0
-1324	124196.0	124092.0
-1323	124399.0	123551.0
-1322	124086.0	123820.0
-1321	123701.0	123974.0
-1320	123947.0	124242.0
-1319	124179.0	123947.0
-1318	124303.0	124261.0
-1317	124061.0	123740.0
-1316	124063.0	123706.0
-1315	123957.0	123751.0
-1314	123884.0	123479.0
-1313	124451.0	122983.0
-1312	124135.0	123727.0
-1311	124054.0	124286.0
-1310	123938.0	123599.0
-1309	123445.0	123532.0
-1308	124308.0	123693.0
-1307	124525.0	123547.0
-1306	124702.0	123376.0
-1305	124060.0	123552.0
-1304	124488.0	123572.0
-1303	124616.0	124242.0
-1302	124112.0	123525.0
-1301	123883.0	123770.0
-1300	123840.0	123192.0
-1299	123922.0	122938.0
-1298	123840.0	122831.0
-1297	123907.0	123710.0
-1296	124422.0	123822.0
-1295	123790.0	124036.0
-1294	124018.0	123575.0
-1293	124449.0	123305.0
-1292	123769.0	123676.0
-1291	124003.0	123223.0
-1290	124196.0	123591.0
-1289	123392.0	122664.0
-1288	123705.0	122464.0
-1287	123825.0	122929.0
-1286	124109.0	123530.0
-1285	124024.0	123843.0
-1284	123807.0	122888.0
-1283	123317.0	123000.0
-1282	124163.0	123450.0
-1281	124171.0	123279.0
-1280	123613.0	123161.0
-1279	123803.0	123241.0
-1278	123889.0	122774.0
-1277	124111.0	122249.0
-1276	123860.0	122716.0
-1275	123817.0	123116.0
-1274	123715.0	123625.0
-1273	123411.0	123259.0
-1272	123322.0	123049.0
-1271	123129.0	122726.0
-1270	123502.0	123219.0
-1269	123144.0	123023.0
-1268	123230.0	123250.0
-1267	123382.0	123230.0
-1266	122986.0	122961.0
-1265	123831.0	123476.0
-1264	123698.0	123504.0
-1263	123710.0	122866.0
-1262	123357.0	123137.0
-1261	123845.0	122536.0
-1260	123617.0	123345.0
-1259	123392.0	122853.0
-1258	123324.0	122969.0
-1257	123573.0	123423.0
-1256	123870.0	122993.0
-1255	123570.0	123970.0
-1254	123653.0	123027.0
-1253	122686.0	122626.0
-1252	122934.0	122834.0
-1251	123662.0	122118.0
-1250	123352.0	122919.0
-1249	123036.0	123072.0
-1248	123347.0	123384.0
-1247	123654.0	123136.0
-1246	123570.0	123077.0
-1245	123004.0	122942.0
-1244	123672.0	123151.0
-1243	123098.0	122917.0
-1242	123337.0	122932.0
-1241	122853.0	122437.0
-1240	123526.0	123220.0
-1239	123608.0	123713.0
-1238	123315.0	123324.0
-1237	122991.0	123439.0
-1236	122997.0	123329.0
-1235	123487.0	123052.0
-1234	122737.0	123341.0
-1233	122824.0	123552.0
-1232	123183.0	123146.0
-1231	123093.0	122697.0
-1230	122938.0	123581.0
-1229	122575.0	123764.0
-1228	123053.0	122947.0
-1227	122553.0	123188.0
-1226	123106.0	123386.0
-1225	123088.0	123797.0
-1224	122534.0	123461.0
-1223	123814.0	123597.0
-1222	123619.0	123745.0
-1221	123301.0	123664.0
-1220	122808.0	123756.0
-1219	122499.0	123800.0
-1218	123177.0	123588.0
-1217	123447.0	123397.0
-1216	123428.0	122968.0
-1215	123052.0	123322.0
-1214	124035.0	123387.0
-1213	123502.0	123386.0
-1212	123415.0	123246.0
-1211	123454.0	123133.0
-1210	123054.0	123915.0
-1209	123323.0	123115.0
-1208	122829.0	123847.0
-1207	122767.0	123884.0
-1206	123427.0	124372.0
-1205	123440.0	124409.0
-1204	122794.0	123562.0
-1203	123201.0	123610.0
-1202	122839.0	123946.0
-1201	123156.0	123306.0
-1200	122754.0	123840.0
-1199	122342.0	123443.0
-1198	123131.0	124333.0
-1197	123347.0	123876.0
-1196	123259.0	122954.0
-1195	123684.0	123792.0
-1194	123506.0	124416.0
-1193	123109.0	124358.0
-1192	123761.0	124140.0
-1191	123565.0	124398.0
-1190	122997.0	123696.0
-1189	122883.0	123755.0
-1188	123530.0	124782.0
-1187	123333.0	124468.0
-1186	123835.0	124640.0
-1185	123353.0	124043.0
-1184	123622.0	124348.0
-1183	123729.0	124172.0
-1182	123917.0	124313.0
-1181	123272.0	124371.0
-1180	123426.0	124229.0
-1179	123857.0	124208.0
-1178	123642.0	124470.0
-1177	123634.0	124265.0
-1176	123664.0	123888.0
-1175	123653.0	123525.0
-1174	123777.0	124528.0
-1173	123886.0	125011.0
-1172	123428.0	124962.0
-1171	124001.0	124277.0
-1170	124566.0	124076.0
-1169	124230.0	124218.0
-1168	123706.0	124405.0
-1167	123585.0	124122.0
-1166	123671.0	124370.0
-1165	123868.0	124780.0
-1164	124408.0	123810.0
-1163	124511.0	123722.0
-1162	124356.0	124802.0
-1161	124058.0	124303.0
-1160	124218.0	124296.0
-1159	124367.0	124475.0
-1158	124812.0	124415.0
-1157	124645.0	123807.0
-1156	124468.0	124257.0
-1155	124631.0	124076.0
-1154	124055.0	124497.0
-1153	124180.0	124662.0
-1152	124231.0	124321.0
-1151	124706.0	124131.0
-1150	124462.0	124344.0
-1149	124699.0	124607.0
-1148	124327.0	124414.0
-1147	124856.0	124576.0
-1146	124488.0	124565.0
-1145	124244.0	124631.0
-1144	124757.0	124793.0
-1143	124613.0	124568.0
-1142	124092.0	124183.0
-1141	124634.0	124283.0
-1140	124520.0	123923.0
-1139	124009.0	124291.0
-1138	125005.0	124519.0
-1137	124593.0	124810.0
-1136	124804.0	123865.0
-1135	124387.0	124641.0
-1134	124803.0	124163.0
-1133	124603.0	124461.0
-1132	125114.0	123828.0
-1131	124620.0	123960.0
-1130	124276.0	123776.0
-1129	124674.0	123686.0
-1128	124949.0	124719.0
-1127	124225.0	123561.0
-1126	124783.0	123440.0
-1125	124373.0	124496.0
-1124	124561.0	124407.0
-1123	125026.0	124044.0
-1122	124433.0	124318.0
-1121	124511.0	124278.0
-1120	124918.0	123917.0
-1119	124667.0	124115.0
-1118	124549.0	123752.0
-1117	124841.0	123996.0
-1116	125096.0	124313.0
-1115	125135.0	123984.0
-1114	124509.0	124845.0
-1113	125097.0	124023.0
-1112	124261.0	123320.0
-1111	124780.0	123664.0
-1110	124704.0	123022.0
-1109	124869.0	123506.0
-1108	124551.0	124185.0
-1107	124629.0	124349.0
-1106	124643.0	123023.0
-1105	124460.0	123692.0
-1104	125374.0	124444.0
-1103	124608.0	124147.0
-1102	124694.0	124237.0
-1101	124405.0	124226.0
-1100	124500.0	123439.0
-1099	124752.0	123590.0
-1098	125000.0	122893.0
-1097	124110.0	123513.0
-1096	124987.0	124118.0
-1095	124547.0	123143.0
-1094	124049.0	123299.0
-1093	125040.0	123045.0
-1092	124511.0	122974.0
-1091	124199.0	123578.0
-1090	124138.0	123883.0
-1089	124148.0	123448.0
-1088	124623.0	123709.0
-1087	124262.0	123388.0
-1086	124481.0	123212.0
-1085	123997.0	122431.0
-1084	123077.0	123141.0
-1083	124377.0	122930.0
-1082	124149.0	123321.0
-1081	124277.0	123687.0
-1080	124410.0	123118.0
-1079	124431.0	123320.0
-1078	124146.0	123567.0
-1077	124616.0	124104.0
-1076	124484.0	123758.0
-1075	124094.0	124076.0
-1074	124469.0	122907.0
-1073	123990.0	122977.0
-1072	123476.0	123421.0
-1071	123517.0	122711.0
-1070	123670.0	123404.0
-1069	123954.0	123332.0
-1068	123690.0	123076.0
-1067	123780.0	123603.0
-1066	124146.0	123064.0
-1065	123916.0	123459.0
-1064	123209.0	122947.0
-1063	123343.0	123666.0
-1062	123969.0	122987.0
-1061	123563.0	123527.0
-1060	124116.0	123463.0
-1059	123083.0	123083.0
-1058	123754.0	123265.0
-1057	123189.0	123691.0
-1056	124057.0	123532.0
-1055	123199.0	123868.0
-1054	123393.0	123942.0
-1053	123363.0	123695.0
-1052	123826.0	123609.0
-1051	123747.0	123481.0
-1050	123832.0	123554.0
-1049	123685.0	123498.0
-1048	123876.0	124076.0
-1047	123406.0	123660.0
-1046	123415.0	123134.0
-1045	123778.0	123711.0
-1044	123561.0	123689.0
-1043	123335.0	123264.0
-1042	122943.0	123303.0
-1041	123719.0	123541.0
-1040	123681.0	123031.0
-1039	123828.0	123949.0
-1038	123078.0	123792.0
-1037	122917.0	123363.0
-1036	123049.0	123287.0
-1035	123466.0	124375.0
-1034	123574.0	123608.0
-1033	123643.0	123995.0
-1032	123386.0	123775.0
-1031	122981.0	123694.0
-1030	123326.0	123315.0
-1029	123803.0	124161.0
-1028	123595.0	123898.0
-1027	123229.0	123767.0
-1026	123271.0	123944.0
-1025	123376.0	123783.0
-1024	122712.0	123923.0
-1023	123301.0	124191.0
-1022	122980.0	123747.0
-1021	123464.0	124135.0
-1020	123491.0	124120.0
-1019	123696.0	123778.0
-1018	123487.0	124514.0
-1017	123817.0	124078.0
-1016	124030.0	123880.0
-1015	123335.0	124305.0
-1014	123458.0	124321.0
-1013	123631.0	123843.0
-1012	123554.0	124169.0
-1011	123952.0	124631.0
-1010	123275.0	124634.0
-1009	123448.0	124556.0
-1008	123646.0	124602.0
-1007	123464.0	124225.0
-1006	123785.0	124531.0
-1005	123494.0	124092.0
-1004	123648.0	124082.0
-1003	123665.0	124639.0
-1002	123543.0	124559.0
-1001	123353.0	124898.0
-1000	124258.0	125034.0
-999	123791.0	124069.0
-998	124044.0	124340.0
-997	124229.0	125254.0
-996	123684.0	125012.0
-995	123730.0	124946.0
-994	124110.0	125162.0
-993	124413.0	124932.0
-992	124065.0	124461.0
-991	124156.0	124668.0
-990	123951.0	124836.0
-989	123874.0	125259.0
-988	123628.0	124707.0
-987	124274.0	125612.0
-986	124567.0	125541.0
-985	123957.0	125252.0
-984	124455.0	125122.0
-983	123888.0	125442.0
-982	124191.0	125069.0
-981	124186.0	125188.0
-980	125042.0	124690.0
-979	124242.0	124969.0
-978	124495.0	124759.0
-977	124631.0	124865.0
-976	124043.0	124943.0
-975	124414.0	125519.0
-974	124400.0	125358.0
-973	124132.0	125031.0
-972	125032.0	126040.0
-971	124668.0	125363.0
-970	124725.0	125131.0
-969	124608.0	124811.0
-968	124493.0	125120.0
-967	125837.0	125258.0
-966	124659.0	125098.0
-965	124871.0	125140.0
-964	124968.0	125250.0
-963	125210.0	125050.0
-962	125617.0	124996.0
-961	125132.0	125260.0
-960	124790.0	125545.0
-959	125050.0	125426.0
-958	124471.0	125747.0
-957	125421.0	124331.0
-956	124852.0	125106.0
-955	124892.0	125149.0
-954	125431.0	124508.0
-953	124987.0	124921.0
-952	125407.0	125332.0
-951	125612.0	125812.0
-950	125697.0	125521.0
-949	125730.0	125010.0
-948	125703.0	124642.0
-947	125114.0	124931.0
-946	125018.0	124670.0
-945	124894.0	125004.0
-944	125079.0	125127.0
-943	125469.0	124467.0
-942	125933.0	124860.0
-941	125101.0	124286.0
-940	125553.0	124216.0
-939	125416.0	124367.0
-938	125787.0	124670.0
-937	125052.0	125081.0
-936	125785.0	124868.0
-935	125191.0	124224.0
-934	125307.0	125095.0
-933	125371.0	124708.0
-932	125608.0	124061.0
-931	125614.0	124647.0
-930	125497.0	124598.0
-929	125266.0	125333.0
-928	125188.0	124696.0
-927	125334.0	124343.0
-926	125130.0	124275.0
-925	125536.0	124471.0
-924	125485.0	123831.0
-923	125393.0	123534.0
-922	125143.0	124358.0
-921	125550.0	124480.0
-920	125662.0	124167.0
-919	125178.0	124034.0
-918	126011.0	124451.0
-917	125892.0	124188.0
-916	124975.0	124111.0
-915	125352.0	124477.0
-914	125272.0	123587.0
-913	125144.0	124403.0
-912	125423.0	124504.0
-911	125547.0	124135.0
-910	125664.0	123850.0
-909	125190.0	124043.0
-908	124936.0	123965.0
-907	125313.0	124254.0
-906	125406.0	123921.0
-905	125126.0	123265.0
-904	124459.0	124070.0
-903	125144.0	123306.0
-902	125413.0	123989.0
-901	124736.0	123754.0
-900	125226.0	123680.0
-899	124770.0	123666.0
-898	124425.0	123457.0
-897	124784.0	123777.0
-896	124727.0	123738.0
-895	124862.0	123317.0
-894	124703.0	123086.0
-893	124620.0	122762.0
-892	125080.0	123414.0
-891	124932.0	122932.0
-890	125130.0	124001.0
-889	124398.0	123609.0
-888	124855.0	123660.0
-887	124468.0	123466.0
-886	124447.0	123938.0
-885	124845.0	122899.0
-884	124481.0	123131.0
-883	124548.0	123547.0
-882	124642.0	122940.0
-881	124777.0	123145.0
-880	124032.0	123239.0
-879	124619.0	123144.0
-878	123821.0	123432.0
-877	123874.0	123000.0
-876	123951.0	123176.0
-875	123975.0	122800.0
-874	124422.0	124162.0
-873	124266.0	123233.0
-872	123519.0	122969.0
-871	123733.0	123774.0
-870	123794.0	123784.0
-869	123398.0	124247.0
-868	123699.0	124054.0
-867	124171.0	123611.0
-866	122946.0	123007.0
-865	123917.0	123886.0
-864	124134.0	123294.0
-863	123751.0	123513.0
-862	124177.0	124111.0
-861	123688.0	123910.0
-860	123645.0	123382.0
-859	123864.0	123601.0
-858	123873.0	124009.0
-857	123629.0	123512.0
-856	123775.0	123630.0
-855	124339.0	123569.0
-854	124016.0	123300.0
-853	123862.0	123877.0
-852	124111.0	123809.0
-851	123477.0	123467.0
-850	123020.0	123802.0
-849	123368.0	123763.0
-848	123272.0	124122.0
-847	123884.0	124189.0
-846	123271.0	123908.0
-845	123440.0	123933.0
-844	123487.0	124211.0
-843	123604.0	124249.0
-842	123400.0	124148.0
-841	123132.0	123835.0
-840	124197.0	124529.0
-839	123436.0	124706.0
-838	122881.0	124450.0
-837	123923.0	124515.0
-836	123812.0	124440.0
-835	123205.0	124817.0
-834	123803.0	124425.0
-833	123545.0	124613.0
-832	123643.0	124512.0
-831	123631.0	124557.0
-830	123638.0	124322.0
-829	123993.0	124557.0
-828	123797.0	124490.0
-827	123248.0	124637.0
-826	123786.0	124729.0
-825	123927.0	124653.0
-824	123350.0	124845.0
-823	123518.0	125196.0
-822	123638.0	124926.0
-821	123165.0	124424.0
-820	123587.0	124956.0
-819	123277.0	124893.0
-818	124451.0	124756.0
-817	124008.0	125664.0
-816	123724.0	124852.0
-815	124063.0	124624.0
-814	123512.0	124808.0
-813	124140.0	126131.0
-812	123835.0	125275.0
-811	124037.0	125698.0
-810	124287.0	125407.0
-809	123853.0	126088.0
-808	123536.0	125344.0
-807	124506.0	125489.0
-806	123487.0	125299.0
-805	124333.0	125540.0
-804	124327.0	125171.0
-803	123419.0	125645.0
-802	124097.0	125590.0
-801	124757.0	125779.0
-800	124291.0	124897.0
-799	124375.0	125530.0
-798	124834.0	125341.0
-797	124599.0	124939.0
-796	124474.0	125350.0
-795	124239.0	126371.0
-794	124540.0	125388.0
-793	124501.0	125915.0
-792	124612.0	125974.0
-791	124724.0	126034.0
-790	124588.0	125808.0
-789	124409.0	126020.0
-788	124570.0	125794.0
-787	124348.0	125617.0
-786	125314.0	126111.0
-785	125048.0	125888.0
-784	125575.0	125745.0
-783	125194.0	126033.0
-782	124753.0	125335.0
-781	124973.0	126019.0
-780	125814.0	125952.0
-779	125753.0	125465.0
-778	125365.0	126021.0
-777	125722.0	125610.0
-776	125422.0	125761.0
-775	125385.0	125888.0
-774	126017.0	126353.0
-773	125635.0	126164.0
-772	125075.0	125959.0
-771	125434.0	126250.0
-770	125537.0	125574.0
-769	126520.0	126289.0
-768	126235.0	125901.0
-767	126079.0	125878.0
-766	126036.0	126115.0
-765	126089.0	125903.0
-764	125763.0	124902.0
-763	125517.0	125823.0
-762	125990.0	126243.0
-761	125557.0	125870.0
-760	125861.0	125320.0
-759	126230.0	126113.0
-758	125859.0	125520.0
-757	126307.0	125715.0
-756	126297.0	126010.0
-755	126066.0	125737.0
-754	126517.0	125427.0
-753	126559.0	125387.0
-752	125691.0	125691.0
-751	126033.0	125202.0
-750	126652.0	125362.0
-749	126170.0	125228.0
-748	126255.0	125481.0
-747	126824.0	125402.0
-746	126316.0	125246.0
-745	126513.0	125622.0
-744	126001.0	124815.0
-743	126772.0	125814.0
-742	126717.0	125323.0
-741	126365.0	125324.0
-740	126228.0	125067.0
-739	126096.0	125275.0
-738	126682.0	125097.0
-737	126412.0	125136.0
-736	126108.0	125222.0
-735	126359.0	124783.0
-734	126594.0	124366.0
-733	126342.0	124801.0
-732	126547.0	124535.0
-731	125527.0	124380.0
-730	126157.0	125463.0
-729	126494.0	124667.0
-728	126408.0	123964.0
-727	126734.0	124543.0
-726	126196.0	124552.0
-725	125680.0	124480.0
-724	126242.0	124012.0
-723	126779.0	124177.0
-722	125531.0	124090.0
-721	125782.0	124856.0
-720	125327.0	124797.0
-719	125674.0	124565.0
-718	125576.0	124061.0
-717	126249.0	124750.0
-716	125263.0	123994.0
-715	125184.0	124413.0
-714	126411.0	124817.0
-713	126409.0	124139.0
-712	125412.0	124526.0
-711	125807.0	124543.0
-710	124868.0	123960.0
-709	125923.0	124072.0
-708	126189.0	124710.0
-707	125608.0	123621.0
-706	125548.0	124176.0
-705	126032.0	124048.0
-704	125628.0	123728.0
-703	125358.0	123800.0
-702	125564.0	123295.0
-701	125347.0	123695.0
-700	124918.0	124059.0
-699	125407.0	124044.0
-698	124752.0	123628.0
-697	124280.0	123270.0
-696	124858.0	123604.0
-695	124742.0	124188.0
-694	124986.0	123046.0
-693	125316.0	123734.0
-692	124932.0	123846.0
-691	124614.0	123418.0
-690	125397.0	123195.0
-689	125467.0	123127.0
-688	124796.0	124377.0
-687	124680.0	123952.0
-686	124126.0	122976.0
-685	124401.0	122953.0
-684	124423.0	123618.0
-683	124222.0	123788.0
-682	123965.0	123283.0
-681	123981.0	123935.0
-680	124565.0	123363.0
-679	124023.0	124011.0
-678	124676.0	124001.0
-677	124308.0	123626.0
-676	123484.0	124067.0
-675	124236.0	123662.0
-674	123927.0	123924.0
-673	124139.0	123634.0
-672	123859.0	124271.0
-671	123712.0	123354.0
-670	123982.0	123035.0
-669	124137.0	123304.0
-668	123262.0	123668.0
-667	122972.0	123769.0
-666	123878.0	123452.0
-665	123078.0	124215.0
-664	123059.0	123806.0
-663	124202.0	123870.0
-662	123950.0	123738.0
-661	123616.0	123673.0
-660	123277.0	124030.0
-659	123207.0	123781.0
-658	123531.0	124515.0
-657	123087.0	124426.0
-656	123471.0	124164.0
-655	123093.0	124243.0
-654	123520.0	124135.0
-653	122741.0	123611.0
-652	123480.0	124030.0
-651	123360.0	123979.0
-650	122558.0	124163.0
-649	123359.0	125024.0
-648	123755.0	124701.0
-647	123133.0	124747.0
-646	123621.0	124809.0
-645	123390.0	124175.0
-644	123416.0	124607.0
-643	123140.0	125022.0
-642	123753.0	125155.0
-641	123303.0	124355.0
-640	123690.0	125035.0
-639	123879.0	124875.0
-638	124139.0	124696.0
-637	123561.0	124599.0
-636	123918.0	125631.0
-635	123191.0	124893.0
-634	123382.0	125583.0
-633	123683.0	125443.0
-632	123691.0	125246.0
-631	123418.0	125819.0
-630	123809.0	125607.0
-629	123409.0	125439.0
-628	123529.0	126087.0
-627	123616.0	125446.0
-626	123634.0	125343.0
-625	124004.0	125208.0
-624	124208.0	125040.0
-623	123732.0	125837.0
-622	123577.0	125916.0
-621	123966.0	125850.0
-620	123385.0	126187.0
-619	123557.0	126452.0
-618	124276.0	126644.0
-617	124218.0	126190.0
-616	123840.0	125982.0
-615	124966.0	126864.0
-614	124276.0	126067.0
-613	123679.0	126392.0
-612	124557.0	126387.0
-611	124671.0	126422.0
-610	124181.0	126809.0
-609	124856.0	126822.0
-608	124865.0	126171.0
-607	125355.0	126895.0
-606	125203.0	126630.0
-605	124533.0	126385.0
-604	125114.0	126359.0
-603	125042.0	125880.0
-602	125120.0	125652.0
-601	125170.0	126743.0
-600	125258.0	125947.0
-599	124916.0	126727.0
-598	124901.0	126902.0
-597	125403.0	126834.0
-596	125768.0	127025.0
-595	126117.0	127387.0
-594	125707.0	126846.0
-593	126057.0	126898.0
-592	125446.0	127457.0
-591	126398.0	127023.0
-590	126034.0	126234.0
-589	126210.0	127596.0
-588	126850.0	127219.0
-587	126215.0	126766.0
-586	125752.0	127321.0
-585	126861.0	127022.0
-584	126746.0	127157.0
-583	126564.0	126856.0
-582	126961.0	126505.0
-581	126560.0	126696.0
-580	126925.0	126964.0
-579	127132.0	126652.0
-578	126865.0	126738.0
-577	127556.0	127064.0
-576	127208.0	127303.0
-575	127148.0	126758.0
-574	127156.0	126500.0
-573	128133.0	126535.0
-572	127529.0	126656.0
-571	127059.0	126996.0
-570	127530.0	127126.0
-569	127564.0	126967.0
-568	127938.0	127246.0
-567	128114.0	126796.0
-566	127159.0	126376.0
-565	127685.0	126727.0
-564	127900.0	125997.0
-563	127623.0	125583.0
-562	127469.0	126606.0
-561	128169.0	126764.0
-560	127743.0	126219.0
-559	127731.0	127157.0
-558	127473.0	126272.0
-557	127822.0	126465.0
-556	127616.0	125846.0
-555	128278.0	125491.0
-554	128208.0	126298.0
-553	128215.0	125444.0
-552	128782.0	126133.0
-551	127967.0	125262.0
-550	128263.0	125232.0
-549	128092.0	125561.0
-548	127158.0	125265.0
-547	127375.0	125331.0
-546	127907.0	125845.0
-545	127609.0	125458.0
-544	127949.0	125713.0
-543	127877.0	125502.0
-542	127473.0	125451.0
-541	128035.0	125777.0
-540	128776.0	124668.0
-539	127818.0	125159.0
-538	127627.0	125405.0
-537	127795.0	124930.0
-536	127149.0	124486.0
-535	127822.0	125107.0
-534	127637.0	125102.0
-533	127594.0	123997.0
-532	127675.0	125329.0
-531	127302.0	124906.0
-530	127978.0	124357.0
-529	127550.0	125120.0
-528	127351.0	124666.0
-527	126993.0	124036.0
-526	127367.0	123757.0
-525	127595.0	124536.0
-524	126819.0	124633.0
-523	126393.0	124665.0
-522	126445.0	124382.0
-521	126258.0	123783.0
-520	126904.0	124063.0
-519	126899.0	123646.0
-518	126277.0	123461.0
-517	126595.0	123946.0
-516	126475.0	124101.0
-515	125928.0	124237.0
-514	125947.0	124007.0
-513	126629.0	123965.0
-512	126155.0	123327.0
-511	125389.0	123911.0
-510	126548.0	123137.0
-509	125275.0	123784.0
-508	125992.0	123795.0
-507	126065.0	123467.0
-506	126256.0	123098.0
-505	125824.0	123959.0
-504	125913.0	123248.0
-503	125550.0	122897.0
-502	125119.0	123405.0
-501	125266.0	123607.0
-500	125170.0	122992.0
-499	124818.0	123085.0
-498	125062.0	123305.0
-497	124932.0	123212.0
-496	124524.0	123544.0
-495	124305.0	123532.0
-494	125070.0	123399.0
-493	124107.0	123208.0
-492	125096.0	123200.0
-491	124036.0	122684.0
-490	124793.0	123161.0
-489	124570.0	123469.0
-488	124246.0	123741.0
-487	123526.0	123795.0
-486	124447.0	123391.0
-485	124109.0	123268.0
-484	123598.0	123049.0
-483	123788.0	123877.0
-482	123432.0	122849.0
-481	123439.0	123019.0
-480	123948.0	123392.0
-479	122620.0	123287.0
-478	123316.0	124026.0
-477	123298.0	124105.0
-476	123300.0	123472.0
-475	123454.0	123580.0
-474	123577.0	123110.0
-473	123380.0	122648.0
-472	123791.0	123202.0
-471	123400.0	123777.0
-470	122906.0	123330.0
-469	123566.0	124020.0
-468	123684.0	124331.0
-467	122809.0	123667.0
-466	123009.0	123730.0
-465	123158.0	124395.0
-464	122497.0	124241.0
-463	123250.0	124013.0
-462	123437.0	124408.0
-461	122376.0	124253.0
-460	122845.0	124395.0
-459	123146.0	124492.0
-458	123005.0	124335.0
-457	123347.0	125163.0
-456	123359.0	124581.0
-455	122566.0	124210.0
-454	122695.0	125007.0
-453	123239.0	124560.0
-452	122826.0	124637.0
-451	123155.0	125322.0
-450	123296.0	125605.0
-449	122979.0	124829.0
-448	123235.0	125368.0
-447	122947.0	125801.0
-446	123341.0	125364.0
-445	122554.0	126048.0
-444	123177.0	125638.0
-443	123511.0	125833.0
-442	123754.0	126008.0
-441	123352.0	126186.0
-440	123426.0	125886.0
-439	123083.0	126619.0
-438	123430.0	126665.0
-437	124339.0	125800.0
-436	123141.0	126631.0
-435	123759.0	126841.0
-434	123970.0	125832.0
-433	123699.0	127276.0
-432	123821.0	127055.0
-431	123921.0	126431.0
-430	124124.0	127052.0
-429	124076.0	127424.0
-428	123448.0	126983.0
-427	124420.0	127618.0
-426	124288.0	127505.0
-425	124331.0	127855.0
-424	124462.0	128191.0
-423	124656.0	128284.0
-422	124585.0	127875.0
-421	124410.0	128224.0
-420	125525.0	127835.0
-419	125625.0	127444.0
-418	125118.0	127723.0
-417	125441.0	127480.0
-416	125354.0	128413.0
-415	125438.0	128271.0
-414	126075.0	128886.0
-413	126198.0	127818.0
-412	126308.0	127842.0
-411	127012.0	128798.0
-410	126614.0	128368.0
-409	126619.0	128683.0
-408	126397.0	128715.0
-407	126667.0	128058.0
-406	127136.0	128170.0
-405	127521.0	128529.0
-404	126830.0	128100.0
-403	127273.0	129315.0
-402	127433.0	128234.0
-401	127088.0	128093.0
-400	127848.0	129375.0
-399	127784.0	128885.0
-398	127999.0	128823.0
-397	128589.0	128163.0
-396	128782.0	129201.0
-395	128147.0	128908.0
-394	128690.0	129211.0
-393	128706.0	129775.0
-392	128255.0	128582.0
-391	128679.0	129277.0
-390	129651.0	128988.0
-389	129773.0	127903.0
-388	129635.0	128732.0
-387	129668.0	128891.0
-386	129510.0	128246.0
-385	129835.0	128985.0
-384	129950.0	129123.0
-383	129638.0	128687.0
-382	129718.0	129108.0
-381	130185.0	128608.0
-380	129437.0	128273.0
-379	130018.0	128527.0
-378	130961.0	128317.0
-377	130247.0	127954.0
-376	130121.0	128356.0
-375	130092.0	128317.0
-374	130088.0	127833.0
-373	130510.0	127971.0
-372	131082.0	127919.0
-371	130525.0	127086.0
-370	131007.0	128361.0
-369	131250.0	127547.0
-368	130674.0	127418.0
-367	130670.0	127642.0
-366	130821.0	127300.0
-365	130855.0	126868.0
-364	130830.0	128257.0
-363	131461.0	127537.0
-362	130936.0	126790.0
-361	130222.0	127468.0
-360	130446.0	126618.0
-359	130114.0	126358.0
-358	130249.0	127208.0
-357	130960.0	126861.0
-356	130226.0	125981.0
-355	130574.0	126709.0
-354	131027.0	126174.0
-353	130142.0	125828.0
-352	130767.0	126489.0
-351	130751.0	125673.0
-350	130055.0	125259.0
-349	129755.0	125499.0
-348	130452.0	125894.0
-347	129535.0	125056.0
-346	129902.0	125145.0
-345	130429.0	125310.0
-344	129626.0	125200.0
-343	130148.0	125142.0
-342	129646.0	125113.0
-341	129149.0	124727.0
-340	129612.0	125686.0
-339	129319.0	125330.0
-338	129081.0	124650.0
-337	129121.0	124718.0
-336	129580.0	124651.0
-335	128510.0	124227.0
-334	128031.0	124414.0
-333	129580.0	123978.0
-332	127842.0	123929.0
-331	128437.0	123816.0
-330	127903.0	123778.0
-329	127767.0	123331.0
-328	127642.0	124135.0
-327	127686.0	123994.0
-326	127638.0	123599.0
-325	127054.0	124342.0
-324	127380.0	124133.0
-323	126575.0	123013.0
-322	126210.0	123613.0
-321	126683.0	124376.0
-320	126379.0	123862.0
-319	125917.0	124050.0
-318	125857.0	123906.0
-317	125840.0	122570.0
-316	126178.0	123355.0
-315	125891.0	123193.0
-314	125369.0	122917.0
-313	125133.0	122964.0
-312	125580.0	123312.0
-311	125861.0	122696.0
-310	125452.0	123369.0
-309	125286.0	122831.0
-308	124938.0	123248.0
-307	124690.0	123043.0
-306	124840.0	123230.0
-305	124823.0	122670.0
-304	124303.0	123873.0
-303	124749.0	123668.0
-302	124158.0	122904.0
-301	123918.0	123130.0
-300	124651.0	123569.0
-299	123789.0	122703.0
-298	124500.0	123395.0
-297	124407.0	123309.0
-296	123444.0	122570.0
-295	123373.0	123361.0
-294	123819.0	123081.0
-293	123309.0	122569.0
-292	122820.0	123750.0
-291	123924.0	123345.0
-290	123376.0	122592.0
-289	122925.0	123666.0
-288	123475.0	123487.0
-287	122608.0	123074.0
-286	122996.0	123016.0
-285	123276.0	123082.0
-284	122538.0	123400.0
-283	121931.0	124011.0
-282	122670.0	124089.0
-281	122326.0	123345.0
-280	122896.0	123987.0
-279	123474.0	123777.0
-278	123137.0	124160.0
-277	123189.0	124347.0
-276	123391.0	124163.0
-275	122636.0	123959.0
-274	122719.0	124849.0
-273	123861.0	124357.0
-272	122660.0	124306.0
-271	122141.0	125022.0
-270	122963.0	125039.0
-269	122855.0	124390.0
-268	122938.0	124499.0
-267	123602.0	125576.0
-266	122153.0	125633.0
-265	123111.0	125214.0
-264	122772.0	126037.0
-263	121814.0	125978.0
-262	123032.0	126243.0
-261	123629.0	126605.0
-260	122841.0	126195.0
-259	123488.0	126971.0
-258	123715.0	126694.0
-257	123016.0	126351.0
-256	122840.0	126863.0
-255	123255.0	126899.0
-254	123859.0	126859.0
-253	122340.0	127559.0
-252	124134.0	127514.0
-251	123171.0	127202.0
-250	123245.0	127738.0
-249	124191.0	128000.0
-248	124028.0	127498.0
-247	123965.0	128279.0
-246	124553.0	128319.0
-245	124270.0	127520.0
-244	124279.0	128704.0
-243	124435.0	128905.0
-242	124570.0	129086.0
-241	124276.0	129261.0
-240	124786.0	129051.0
-239	124895.0	129064.0
-238	124983.0	129633.0
-237	125601.0	130052.0
-236	125311.0	128960.0
-235	125627.0	130478.0
-234	126584.0	131116.0
-233	125622.0	130339.0
-232	126083.0	130663.0
-231	126762.0	130869.0
-230	126478.0	130194.0
-229	126014.0	130906.0
-228	126963.0	130952.0
-227	126515.0	130836.0
-226	127140.0	131504.0
-225	127912.0	131342.0
-224	127776.0	131379.0
-223	128424.0	131523.0
-222	128855.0	131649.0
-221	128183.0	131708.0
-220	128212.0	131672.0
-219	129477.0	132371.0
-218	128450.0	131615.0
-217	130021.0	131919.0
-216	129938.0	132206.0
-215	129828.0	132323.0
-214	129241.0	132571.0
-213	130733.0	132603.0
-212	130519.0	131622.0
-211	130574.0	132685.0
-210	131992.0	132288.0
-209	130917.0	132334.0
-208	131599.0	132817.0
-207	133000.0	132609.0
-206	131922.0	131599.0
-205	132432.0	132915.0
-204	132501.0	131830.0
-203	132730.0	131544.0
-202	132431.0	132692.0
-201	133258.0	132107.0
-200	133316.0	131081.0
-199	133943.0	132235.0
-198	134514.0	131917.0
-197	133375.0	131127.0
-196	133686.0	131563.0
-195	134442.0	131373.0
-194	133678.0	131192.0
-193	134165.0	131610.0
-192	135389.0	131657.0
-191	135206.0	130731.0
-190	134989.0	131636.0
-189	135717.0	130722.0
-188	134596.0	130497.0
-187	135027.0	130955.0
-186	135831.0	130901.0
-185	135836.0	130159.0
-184	134724.0	130447.0
-183	135973.0	130655.0
-182	135720.0	129310.0
-181	134837.0	129941.0
-180	135664.0	129765.0
-179	135233.0	128920.0
-178	135371.0	129433.0
-177	135631.0	129271.0
-176	134694.0	128764.0
-175	134860.0	129356.0
-174	135473.0	128542.0
-173	134393.0	127880.0
-172	135214.0	129308.0
-171	135847.0	128169.0
-170	134888.0	127552.0
-169	134871.0	127485.0
-168	135521.0	127769.0
-167	134415.0	126620.0
-166	134211.0	127761.0
-165	134901.0	127338.0
-164	134231.0	126234.0
-163	134348.0	126839.0
-162	134175.0	126247.0
-161	133210.0	125575.0
-160	132629.0	126698.0
-159	133309.0	126198.0
-158	132617.0	125602.0
-157	132288.0	125805.0
-156	132943.0	126447.0
-155	131292.0	125118.0
-154	131580.0	126124.0
-153	132588.0	124919.0
-152	131072.0	124609.0
-151	130635.0	125534.0
-150	131578.0	125105.0
-149	129472.0	124828.0
-148	129786.0	124856.0
-147	130398.0	124518.0
-146	128659.0	124243.0
-145	127741.0	124000.0
-144	128246.0	124214.0
-143	128766.0	124008.0
-142	128139.0	124665.0
-141	128441.0	123714.0
-140	126616.0	123131.0
-139	125745.0	123846.0
-138	125956.0	123803.0
-137	124416.0	122958.0
-136	123894.0	124150.0
-135	124857.0	124392.0
-134	125577.0	123215.0
-133	125388.0	123449.0
-132	126803.0	124321.0
-131	125610.0	122228.0
-130	124860.0	123247.0
-129	125037.0	123678.0
-128	122926.0	122948.0
-127	122525.0	124087.0
-126	123168.0	123982.0
-125	122414.0	123554.0
-124	123608.0	124206.0
-123	125104.0	123636.0
-122	124704.0	122647.0
-121	124316.0	124060.0
-120	124347.0	123478.0
-119	122316.0	122784.0
-118	121999.0	124907.0
-117	122175.0	123944.0
-116	121798.0	123184.0
-115	121421.0	124008.0
-114	123180.0	124282.0
-113	123336.0	123268.0
-112	123919.0	123367.0
-111	124344.0	123108.0
-110	123803.0	122216.0
-109	123095.0	123776.0
-108	122804.0	124178.0
-107	121805.0	123734.0
-106	120938.0	124642.0
-105	121846.0	124498.0
-104	121654.0	123891.0
-103	122975.0	124584.0
-102	124507.0	124363.0
-101	124257.0	123304.0
-100	123997.0	124571.0
-99	124453.0	124802.0
-98	122780.0	124076.0
-97	122483.0	124806.0
-96	122782.0	125095.0
-95	122113.0	124572.0
-94	122483.0	125018.0
-93	124326.0	125130.0
-92	123067.0	124308.0
-91	124014.0	124948.0
-90	125008.0	124987.0
-89	124028.0	124799.0
-88	123647.0	125847.0
-87	123416.0	126263.0
-86	121949.0	125508.0
-85	122108.0	125860.0
-84	122627.0	126292.0
-83	122223.0	125809.0
-82	122570.0	127083.0
-81	124393.0	126915.0
-80	123481.0	126008.0
-79	123592.0	127166.0
-78	124261.0	127481.0
-77	123560.0	127044.0
-76	123244.0	128381.0
-75	124655.0	128286.0
-74	123521.0	127564.0
-73	123883.0	128544.0
-72	125178.0	128087.0
-71	125062.0	127463.0
-70	125351.0	128423.0
-69	126207.0	128005.0
-68	123853.0	128318.0
-67	123663.0	129929.0
-66	124705.0	130065.0
-65	124237.0	129653.0
-64	124321.0	130500.0
-63	125684.0	131180.0
-62	125439.0	129481.0
-61	125684.0	131596.0
-60	126456.0	131169.0
-59	125774.0	130689.0
-58	125592.0	132261.0
-57	125540.0	132273.0
-56	124003.0	131739.0
-55	124639.0	133365.0
-54	125512.0	133172.0
-53	126443.0	133132.0
-52	127188.0	134012.0
-51	129112.0	133670.0
-50	127835.0	133158.0
-49	127835.0	134216.0
-48	128843.0	135032.0
-47	127864.0	134522.0
-46	126872.0	135425.0
-45	127543.0	136200.0
-44	126807.0	135189.0
-43	127645.0	136601.0
-42	130554.0	136862.0
-41	130063.0	135304.0
-40	131384.0	137588.0
-39	134091.0	137115.0
-38	132386.0	136286.0
-37	132426.0	137574.0
-36	132146.0	138575.0
-35	130668.0	137054.0
-34	131043.0	138940.0
-33	133109.0	138947.0
-32	134184.0	137673.0
-31	134564.0	139172.0
-30	138394.0	138470.0
-29	136592.0	138002.0
-28	136233.0	139234.0
-27	136964.0	139677.0
-26	135074.0	139305.0
-25	134984.0	140608.0
-24	136061.0	140930.0
-23	133901.0	139039.0
-22	135208.0	140728.0
-21	138368.0	141618.0
-20	138849.0	141971.0
-19	139648.0	143072.0
-18	141278.0	143334.0
-17	139542.0	142383.0
-16	138685.0	144515.0
-15	138967.0	144949.0
-14	137527.0	144424.0
-13	138040.0	146576.0
-12	142149.0	147845.0
-11	142259.0	146701.0
-10	143531.0	149246.0
-9	146156.0	152187.0
-8	145100.0	154396.0
-7	141224.0	159640.0
-6	137165.0	161751.0
-5	132100.0	161244.0
-4	132113.0	162091.0
-3	146700.0	170241.0
-2	165722.0	162083.0
-1	253745.0	160992.0
0	2823.0	103989.0
1	254466.0	38479.0
2	166032.0	69459.0
3	147378.0	97645.0
4	131744.0	127332.0
5	132227.0	139654.0
6	137299.0	133181.0
7	142061.0	122134.0
8	145945.0	118657.0
9	146948.0	113323.0
10	143214.0	111983.0
11	142320.0	114757.0
12	142800.0	118754.0
13	137957.0	119255.0
14	137366.0	122933.0
15	139022.0	124283.0
16	139022.0	122350.0
17	139156.0	122615.0
18	141178.0	122651.0
19	139593.0	122034.0
20	138574.0	123632.0
21	138269.0	124323.0
22	135870.0	125847.0
23	134570.0	129531.0
24	135760.0	130125.0
25	134669.0	128810.0
26	135167.0	128663.0
27	137647.0	126936.0
28	136782.0	124284.0
29	136895.0	124383.0
30	137622.0	124559.0
31	134892.0	123685.0
32	133682.0	126773.0
33	133793.0	128047.0
34	131203.0	127971.0
35	130588.0	130809.0
36	131664.0	130976.0
37	131572.0	128326.0
38	132344.0	127425.0
39	133913.0	126338.0
40	131784.0	124711.0
41	131235.0	125551.0
42	131550.0	127574.0
43	128695.0	128891.0
44	127848.0	131364.0
45	128060.0	132156.0
46	127166.0	131342.0
47	127919.0	131492.0
48	129632.0	128827.0
49	128702.0	127408.0
50	128189.0	127682.0
51	128991.0	128145.0
52	127304.0	127813.0
53	126362.0	129191.0
54	126388.0	130216.0
55	124932.0	130473.0
56	124335.0	132053.0
57	126116.0	131669.0
58	126152.0	129986.0
59	126100.0	128937.0
60	127306.0	127646.0
61	125403.0	126443.0
62	125774.0	127839.0
63	126447.0	127899.0
64	125217.0	127138.0
65	124641.0	127727.0
66	125278.0	127810.0
67	124832.0	126337.0
68	125282.0	126734.0
69	126800.0	126063.0
70	126018.0	124776.0
71	124667.0	125190.0
72	126286.0	125974.0
73	124264.0	125835.0
74	124378.0	127186.0
75	124269.0	126776.0
76	123274.0	125788.0
77	123225.0	126219.0
78	125018.0	125084.0
79	123351.0	125048.0
80	124024.0	126183.0
81	124003.0	125815.0
82	122440.0	126057.0
83	122686.0	127227.0
84	123228.0	128720.0
85	122079.0	128116.0
86	122408.0	128344.0
87	124266.0	127262.0
88	123634.0	124613.0
89	124768.0	124304.0
90	125919.0	123823.0
91	125206.0	122938.0
92	123659.0	125117.0
93	125122.0	126094.0
94	122754.0	126161.0
95	121804.0	127790.0
96	123162.0	128609.0
97	123115.0	127363.0
98	122899.0	127091.0
99	124499.0	126169.0
100	124422.0	124511.0
101	124664.0	123773.0
102	125164.0	124791.0
103	123323.0	124428.0
104	122037.0	127746.0
105	122128.0	128987.0
106	120809.0	129707.0
107	121869.0	130579.0
108	123225.0	130724.0
109	123080.0	128007.0
110	124484.0	127047.0
111	125148.0	126603.0
112	124596.0	126744.0
113	123676.0	128486.0
114	124048.0	130469.0
115	121518.0	131311.0
116	121324.0	134061.0
117	122335.0	134564.0
118	122545.0	133833.0
119	123386.0	134330.0
120	125097.0	133571.0
121	125072.0	132263.0
122	124144.0	132769.0
123	125455.0	133826.0
124	123822.0	134666.0
125	122922.0	136619.0
126	123462.0	138989.0
127	122847.0	139308.0
128	123362.0	139694.0
129	125322.0	138777.0
130	125330.0	137483.0
131	126297.0	137409.0
132	127122.0	137372.0
133	125971.0	137599.0
134	125738.0	139736.0
135	126103.0	140897.0
136	125202.0	142002.0
137	125099.0	144830.0
138	125818.0	145508.0
139	125669.0	144568.0
140	127421.0	143922.0
141	129266.0	144192.0
142	128774.0	142941.0
143	128324.0	144021.0
144	130109.0	144193.0
145	128705.0	145563.0
146	129887.0	147529.0
147	130070.0	147278.0
148	130083.0	146635.0
149	130616.0	147283.0
150	131406.0	146610.0
151	130723.0	145414.0
152	131278.0	146199.0
153	132897.0	145572.0
154	131589.0	145182.0
155	131671.0	146420.0
156	132876.0	145931.0
157	132306.0	145148.0
158	132524.0	145353.0
159	133653.0	144015.0
160	132550.0	142510.0
161	133580.0	143064.0
162	134638.0	141953.0
163	134258.0	141210.0
164	133624.0	142453.0
165	134663.0	141854.0
166	133958.0	141528.0
167	134384.0	141684.0
168	135050.0	140506.0
169	134567.0	139892.0
170	135213.0	139902.0
171	135726.0	138750.0
172	135367.0	138251.0
173	135260.0	138018.0
174	135637.0	138401.0
175	135288.0	137508.0
176	135418.0	138013.0
177	136047.0	136715.0
178	135471.0	136141.0
179	135229.0	136831.0
180	136200.0	135482.0
181	135272.0	134789.0
182	136111.0	135216.0
183	136274.0	134073.0
184	135427.0	133855.0
185	134777.0	134103.0
186	135930.0	133139.0
187	134955.0	132531.0
188	134321.0	132788.0
189	136344.0	132322.0
190	134658.0	130852.0
191	134981.0	131498.0
192	135249.0	130934.0
193	134519.0	129725.0
194	134370.0	130276.0
195	134851.0	130377.0
196	134456.0	129383.0
197	134304.0	129839.0
198	134188.0	128994.0
199	133367.0	128446.0
200	133409.0	128391.0
201	133562.0	128089.0
202	132660.0	127166.0
203	131997.0	127979.0
204	132711.0	127730.0
205	132160.0	126774.0
206	131768.0	126569.0
207	133051.0	126796.0
208	131291.0	125790.0
209	131808.0	126320.0
210	131603.0	125913.0
211	130721.0	125137.0
212	130560.0	125741.0
213	131031.0	125636.0
214	130573.0	124863.0
215	130094.0	124968.0
216	130362.0	125133.0
217	129678.0	124541.0
218	128979.0	125196.0
219	129533.0	124956.0
220	129109.0	123579.0
221	128264.0	124136.0
222	129247.0	123733.0
223	128570.0	123758.0
224	127472.0	123510.0
225	128511.0	123605.0
226	127056.0	123938.0
227	126992.0	124081.0
228	127268.0	123750.0
229	126756.0	123128.0
230	126546.0	123285.0
231	126825.0	122839.0
232	125934.0	122733.0
233	126148.0	123129.0
234	126609.0	123293.0
235	125584.0	122868.0
236	125606.0	123486.0
237	125651.0	122712.0
238	125167.0	122655.0
239	124874.0	123733.0
240	125386.0	123113.0
241	123913.0	122722.0
242	125093.0	122731.0
243	125718.0	122663.0
244	124272.0	122863.0
245	124559.0	122662.0
246	124973.0	122806.0
247	124024.0	122730.0
248	124011.0	123873.0
249	124313.0	123385.0
250	123704.0	123649.0
251	123392.0	123343.0
252	124289.0	123215.0
253	122931.0	123070.0
254	122908.0	124105.0
255	123636.0	123514.0
256	123190.0	123437.0
257	123275.0	123882.0
258	123964.0	124232.0
259	122992.0	123668.0
260	123064.0	124073.0
261	123198.0	123435.0
262	122940.0	122902.0
263	123645.0	124232.0
264	123292.0	123625.0
265	122388.0	123830.0
266	122766.0	124147.0
267	123190.0	123865.0
268	122429.0	123423.0
269	122874.0	124127.0
270	123516.0	124340.0
271	123021.0	124644.0
272	123250.0	125365.0
273	123285.0	124963.0
274	122643.0	125173.0
275	123009.0	125530.0
276	123672.0	125757.0
277	122607.0	124637.0
278	122607.0	125440.0
279	123128.0	125959.0
280	122856.0	125892.0
281	122802.0	126203.0
282	123860.0	126571.0
283	123701.0	126054.0
284	123040.0	127047.0
285	123810.0	127082.0
286	123422.0	127158.0
287	123477.0	127451.0
288	123595.0	127320.0
289	122904.0	127175.0
290	122479.0	127331.0
291	123608.0	127737.0
292	124085.0	127556.0
293	123029.0	128070.0
294	124686.0	128321.0
295	124315.0	128427.0
296	124271.0	129197.0
297	124570.0	129388.0
298	124238.0	128938.0
299	124394.0	129310.0
300	124619.0	129528.0
301	124026.0	129406.0
302	124413.0	129885.0
303	124863.0	129954.0
304	124807.0	129834.0
305	124472.0	130620.0
306	124835.0	131645.0
307	125098.0	130690.0
308	125337.0	131550.0
309	126077.0	131565.0
310	125179.0	131335.0
311	125367.0	131739.0
312	125866.0	131603.0
313	125581.0	131676.0
314	126126.0	131549.0
315	126884.0	133269.0
316	126582.0	132075.0
317	126249.0	131787.0
318	126771.0	132691.0
319	127103.0	133000.0
320	126775.0	132841.0
321	126885.0	132865.0
322	126765.0	133505.0
323	127698.0	133225.0
324	127309.0	133295.0
325	127500.0	133216.0
326	127334.0	133611.0
327	127983.0	134023.0
328	127791.0	133913.0
329	127812.0	134182.0
330	127696.0	134155.0
331	127959.0	133339.0
332	128484.0	133597.0
333	129070.0	133893.0
334	127733.0	133664.0
335	128536.0	134286.0
336	128716.0	134130.0
337	129169.0	133530.0
338	128898.0	133898.0
339	130247.0	134260.0
340	129572.0	133410.0
341	129453.0	134092.0
342	130422.0	133560.0
343	129794.0	132852.0
344	129854.0	134177.0
345	130500.0	133499.0
346	130334.0	132855.0
347	130153.0	133566.0
348	130501.0	132957.0
349	130131.0	132620.0
350	130328.0	132763.0
351	131111.0	132423.0
352	130470.0	132060.0
353	130542.0	132698.0
354	130899.0	131861.0
355	130744.0	131692.0
356	130936.0	132057.0
357	130677.0	131049.0
358	130265.0	131626.0
359	130083.0	131934.0
360	131142.0	131317.0
361	130792.0	130576.0
362	131330.0	130833.0
363	131001.0	131252.0
364	130921.0	129469.0
365	131160.0	130258.0
366	130943.0	130104.0
367	130658.0	129249.0
368	131191.0	129866.0
369	130793.0	129313.0
370	130296.0	128886.0
371	130867.0	128663.0
372	131347.0	129071.0
373	130775.0	128084.0
374	130553.0	128487.0
375	130770.0	127983.0
376	130612.0	127157.0
377	130549.0	127940.0
378	130640.0	127788.0
379	130162.0	127182.0
380	130282.0	127200.0
381	130304.0	126868.0
382	130413.0	125851.0
383	129605.0	126146.0
384	130343.0	126413.0
385	129319.0	125967.0
386	129600.0	125967.0
387	130772.0	126659.0
388	128264.0	125192.0
389	129363.0	126084.0
390	129075.0	126064.0
391	129132.0	124558.0
392	128783.0	124968.0
393	129292.0	124486.0
394	127941.0	124012.0
395	128383.0	125056.0
396	129207.0	124689.0
397	127491.0	124780.0
398	127599.0	124509.0
399	128139.0	124288.0
400	127576.0	123505.0
401	127829.0	124112.0
402	127635.0	124417.0
403	128057.0	123120.0
404	127956.0	123618.0
405	127112.0	123335.0
406	127223.0	122762.0
407	127170.0	123856.0
408	126652.0	123480.0
409	126134.0	122933.0
410	126803.0	123751.0
411	126994.0	123551.0
412	126457.0	123177.0
413	126223.0	122617.0
414	125988.0	123016.0
415	125533.0	122064.0
416	125670.0	123021.0
417	126121.0	122492.0
418	126011.0	122748.0
419	125625.0	122992.0
420	125779.0	122761.0
421	125075.0	122986.0
422	124621.0	122776.0
423	125263.0	122986.0
424	124906.0	122781.0
425	124512.0	122937.0
426	124410.0	122906.0
427	124270.0	122599.0
428	124700.0	123147.0
429	125120.0	123028.0
430	124110.0	122629.0
431	124402.0	123439.0
432	124098.0	123087.0
433	124246.0	122799.0
434	123379.0	123323.0
435	124393.0	122899.0
436	124115.0	122587.0
437	123947.0	123585.0
438	124360.0	123143.0
439	123702.0	123327.0
440	123396.0	123307.0
441	124534.0	123501.0
442	123613.0	123138.0
443	123294.0	123047.0
444	123318.0	122846.0
445	122739.0	123282.0
446	123007.0	124344.0
447	123428.0	123762.0
448	123417.0	124263.0
449	123598.0	124070.0
450	123981.0	124132.0
451	123354.0	123894.0
452	122419.0	124357.0
453	123553.0	124156.0
454	122803.0	123621.0
455	123431.0	124475.0
456	123539.0	124157.0
457	123064.0	124601.0
458	122959.0	124574.0
459	123407.0	124754.0
460	122795.0	124746.0
461	123390.0	125063.0
462	123031.0	125807.0
463	122884.0	125341.0
464	123503.0	125761.0
465	123167.0	125289.0
466	123173.0	125606.0
467	123589.0	125768.0
468	123789.0	125742.0
469	123379.0	125759.0
470	123350.0	126286.0
471	123835.0	126262.0
472	123219.0	125838.0
473	123475.0	126348.0
474	124298.0	126073.0
475	123739.0	126688.0
476	123522.0	127090.0
477	123506.0	126467.0
478	124104.0	126644.0
479	123432.0	127131.0
480	124298.0	126976.0
481	123353.0	126760.0
482	124279.0	127967.0
483	124566.0	127473.0
484	124469.0	126824.0
485	125301.0	128048.0
486	123585.0	127680.0
487	124354.0	127901.0
488	124371.0	127939.0
489	125211.0	128308.0
490	124228.0	128034.0
491	124322.0	128356.0
492	124933.0	127878.0
493	125346.0	127727.0
494	125363.0	128042.0
495	125579.0	128833.0
496	125086.0	128658.0
497	124805.0	128749.0
498	125706.0	128509.0
499	125072.0	128333.0
500	124600.0	129148.0
501	126132.0	128587.0
502	125822.0	128460.0
503	125304.0	129186.0
504	126178.0	129125.0
505	126047.0	129030.0
506	125745.0	129321.0
507	125972.0	128929.0
508	125549.0	129938.0
509	126129.0	128890.0
510	126277.0	129155.0
511	126163.0	129969.0
512	125628.0	129640.0
513	126500.0	129771.0
514	125651.0	129049.0
515	126666.0	129866.0
516	127561.0	129793.0
517	126707.0	129353.0
518	126868.0	129921.0
519	126717.0	130033.0
520	127027.0	129428.0
521	126399.0	129963.0
522	127455.0	129439.0
523	126656.0	129305.0
524	127244.0	129513.0
525	127244.0	129660.0
526	126074.0	129498.0
527	127375.0	129840.0
528	127647.0	130165.0
529	127787.0	129244.0
530	128226.0	129520.0
531	127959.0	129394.0
532	127038.0	129228.0
533	127434.0	129275.0
534	128236.0	129267.0
535	127181.0	128488.0
536	127798.0	129514.0
537	127815.0	128829.0
538	127964.0	128514.0
539	128147.0	128749.0
540	128274.0	129436.0
541	128530.0	128862.0
542	127805.0	128558.0
543	128091.0	128346.0
544	127992.0	127547.0
545	128360.0	128149.0
546	128013.0	128143.0
547	128462.0	128327.0
548	127286.0	128553.0
549	127915.0	128466.0
550	128514.0	127952.0
551	128147.0	127678.0
552	128008.0	127708.0
553	127694.0	126451.0
554	127821.0	127178.0
555	127971.0	127297.0
556	127508.0	126513.0
557	128066.0	127302.0
558	128516.0	126308.0
559	127451.0	126366.0
560	127587.0	126381.0
561	128514.0	126596.0
562	128363.0	126419.0
563	127998.0	126405.0
564	128313.0	125798.0
565	127809.0	126120.0
566	127186.0	126350.0
567	128480.0	126044.0
568	126874.0	126218.0
569	126734.0	125693.0
570	127720.0	125683.0
571	127394.0	125508.0
572	127445.0	125477.0
573	128261.0	125129.0
574	127902.0	125307.0
575	127594.0	124853.0
576	127538.0	124279.0
577	127456.0	124583.0
578	126676.0	124948.0
579	127656.0	124868.0
580	127292.0	124310.0
581	126810.0	125046.0
582	127320.0	124455.0
583	126387.0	124034.0
584	126708.0	124195.0
585	127201.0	123609.0
586	126077.0	123814.0
587	126215.0	124119.0
588	126689.0	124211.0
589	126752.0	123899.0
590	126026.0	123875.0
591	126626.0	123606.0
592	126655.0	123416.0
593	126668.0	123364.0
594	126962.0	123663.0
595	126099.0	123720.0
596	126259.0	123382.0
597	125950.0	123729.0
598	125381.0	123209.0
599	125913.0	123606.0
600	125780.0	123478.0
601	125072.0	123488.0
602	125030.0	123560.0
603	125596.0	123034.0
604	125212.0	123204.0
605	124703.0	123347.0
606	125817.0	123232.0
607	124841.0	123520.0
608	125362.0	123461.0
609	125031.0	123124.0
610	124941.0	123043.0
611	125130.0	122890.0
612	124894.0	123131.0
613	124305.0	122944.0
614	124195.0	123091.0
615	124718.0	122874.0
616	124690.0	123157.0
617	124168.0	122830.0
618	124325.0	123158.0
619	124182.0	123031.0
620	124685.0	123337.0
621	124092.0	123214.0
622	124257.0	123363.0
623	124291.0	123381.0
624	123852.0	123138.0
625	124323.0	123215.0
626	123582.0	123063.0
627	123838.0	123916.0
628	124003.0	124001.0
629	123763.0	123590.0
630	123858.0	123883.0
631	123568.0	123519.0
632	123217.0	124493.0
633	124142.0	124028.0
634	123870.0	123926.0
635	123889.0	123766.0
636	123787.0	123818.0
637	123537.0	123714.0
638	123369.0	123674.0
639	124160.0	124132.0
640	123004.0	124415.0
641	123178.0	124154.0
642	123582.0	124678.0
643	123654.0	123725.0
644	122805.0	124651.0
645	123694.0	124973.0
646	123416.0	124354.0
647	123925.0	124742.0
648	123413.0	124738.0
649	122683.0	124137.0
650	123376.0	124437.0
651	123923.0	124651.0
652	123839.0	123909.0
653	123766.0	125293.0
654	123974.0	125162.0
655	123451.0	124355.0
656	123508.0	124315.0
657	123630.0	125386.0
658	122938.0	125045.0
659	123452.0	125515.0
660	124238.0	125365.0
661	123644.0	125300.0
662	123672.0	125494.0
663	124057.0	125799.0
664	123598.0	125522.0
665	123628.0	125725.0
666	124004.0	125305.0
667	123311.0	125302.0
668	124412.0	125943.0
669	124346.0	126447.0
670	123658.0	125854.0
671	124514.0	126619.0
672	123943.0	126214.0
673	124274.0	125968.0
674	123995.0	126415.0
675	124462.0	126548.0
676	123812.0	125770.0
677	124003.0	125919.0
678	124179.0	126792.0
679	124059.0	126089.0
680	124072.0	125990.0
681	124713.0	126781.0
682	124310.0	126125.0
683	125093.0	126434.0
684	124823.0	126879.0
685	124204.0	127036.0
686	124626.0	126676.0
687	124696.0	127006.0
688	124646.0	126570.0
689	124327.0	127238.0
690	124634.0	126712.0
691	124341.0	127037.0
692	124903.0	127341.0
693	124507.0	127274.0
694	125145.0	126753.0
695	124995.0	127496.0
696	125276.0	127498.0
697	124693.0	126996.0
698	125629.0	127292.0
699	125328.0	128117.0
700	125588.0	127206.0
701	125428.0	127438.0
702	125456.0	127167.0
703	125591.0	126960.0
704	125694.0	127355.0
705	125484.0	127689.0
706	124948.0	127240.0
707	124915.0	127594.0
708	125878.0	127707.0
709	125925.0	127353.0
710	125688.0	127032.0
711	126137.0	127277.0
712	125184.0	127017.0
713	125905.0	127275.0
714	126485.0	127394.0
715	125780.0	127569.0
716	125682.0	127437.0
717	126446.0	127436.0
718	126287.0	127270.0
719	125890.0	127297.0
720	126696.0	127173.0
721	126157.0	126670.0
722	126507.0	127362.0
723	126938.0	126906.0
724	126261.0	126813.0
725	125683.0	126568.0
726	126714.0	127015.0
727	126005.0	126301.0
728	126291.0	126157.0
729	126812.0	127028.0
730	126386.0	126261.0
731	126804.0	127244.0
732	126134.0	127064.0
733	126172.0	126363.0
734	125917.0	126669.0
735	126705.0	126306.0
736	126141.0	126392.0
737	126220.0	126166.0
738	126912.0	126314.0
739	125848.0	126046.0
740	126417.0	126346.0
741	126473.0	126143.0
742	126723.0	126218.0
743	126347.0	126490.0
744	126705.0	126304.0
745	126618.0	125564.0
746	126594.0	125677.0
747	126289.0	126076.0
748	126180.0	125839.0
749	126657.0	126313.0
750	127009.0	125877.0
751	126536.0	125163.0
752	126417.0	125508.0
753	126724.0	125775.0
754	126183.0	125688.0
755	125767.0	125357.0
756	126242.0	125198.0
757	126169.0	125096.0
758	126114.0	125551.0
759	125819.0	125752.0
760	126369.0	125140.0
761	125946.0	125418.0
762	126452.0	124278.0
763	125856.0	124775.0
764	125999.0	124610.0
765	126505.0	124352.0
766	126358.0	124293.0
767	125818.0	124402.0
768	126328.0	124454.0
769	126129.0	124499.0
770	126192.0	124401.0
771	125683.0	124501.0
772	125900.0	123962.0
773	125661.0	123785.0
774	125593.0	124041.0
775	125895.0	123673.0
776	125747.0	124280.0
777	125732.0	124455.0
778	125317.0	123433.0
779	124952.0	124355.0
780	125253.0	123821.0
781	125613.0	123888.0
782	125365.0	124137.0
783	125513.0	123866.0
784	124572.0	123664.0
785	124996.0	124048.0
786	125372.0	123686.0
787	125241.0	123308.0
788	124990.0	124193.0
789	125156.0	123466.0
790	124591.0	123510.0
791	125013.0	123320.0
792	125144.0	123736.0
793	125212.0	123176.0
794	124930.0	123716.0
795	125088.0	123514.0
796	124482.0	123980.0
797	124334.0	124254.0
798	124708.0	124142.0
799	124862.0	123551.0
800	124905.0	123622.0
801	125654.0	123500.0
802	125193.0	122953.0
803	124846.0	123057.0
804	124292.0	123050.0
805	124328.0	123647.0
806	124194.0	123708.0
807	124328.0	123648.0
808	124287.0	123660.0
809	124053.0	124466.0
810	123711.0	124039.0
811	124070.0	123155.0
812	123684.0	124117.0
813	124745.0	124111.0
814	124024.0	123231.0
815	124319.0	123502.0
816	124239.0	123921.0
817	123927.0	123805.0
818	124063.0	123745.0
819	124335.0	123911.0
820	123981.0	123843.0
821	123556.0	124309.0
822	124258.0	123737.0
823	123487.0	124027.0
824	124136.0	123860.0
825	124165.0	124088.0
826	123575.0	123946.0
827	123751.0	124305.0
828	124214.0	124213.0
829	123821.0	124121.0
830	123670.0	123658.0
831	123847.0	123643.0
832	123200.0	123630.0
833	123605.0	124350.0
834	123909.0	124294.0
835	123217.0	124345.0
836	123167.0	124715.0
837	124053.0	124514.0
838	123407.0	123962.0
839	123366.0	124380.0
840	123416.0	123971.0
841	123168.0	124000.0
842	123517.0	124968.0
843	123895.0	125016.0
844	123500.0	124565.0
845	123314.0	124908.0
846	123657.0	125169.0
847	123142.0	124169.0
848	123050.0	123654.0
849	124115.0	124483.0
850	123399.0	124745.0
851	123894.0	124978.0
852	124071.0	124659.0
853	123255.0	125321.0
854	123263.0	125140.0
855	123400.0	125964.0
856	123341.0	125217.0
857	124247.0	125103.0
858	124081.0	124995.0
859	123869.0	125061.0
860	124027.0	125678.0
861	123679.0	124952.0
862	123882.0	125191.0
863	123907.0	125243.0
864	123816.0	125845.0
865	124006.0	124711.0
866	123439.0	125111.0
867	123712.0	125852.0
868	123625.0	125432.0
869	124164.0	125410.0
870	124187.0	124955.0
871	124291.0	125589.0
872	123745.0	125876.0
873	124359.0	124874.0
874	124052.0	125564.0
875	123704.0	125886.0
876	124010.0	125826.0
877	124937.0	125610.0
878	123953.0	126039.0
879	124422.0	126199.0
880	124124.0	125621.0
881	124128.0	126090.0
882	124524.0	126880.0
883	123934.0	126122.0
884	125137.0	126208.0
885	124366.0	125976.0
886	124829.0	125816.0
887	125125.0	125714.0
888	125584.0	126229.0
889	124842.0	126196.0
890	124202.0	126809.0
891	125158.0	126384.0
892	124957.0	125746.0
893	125002.0	126409.0
894	125034.0	125789.0
895	124561.0	126175.0
896	125161.0	125521.0
897	125104.0	125955.0
898	124436.0	125869.0
899	125058.0	125658.0
900	125223.0	125762.0
901	125357.0	126041.0
902	124931.0	126407.0
903	125196.0	125613.0
904	125455.0	126384.0
905	125187.0	125783.0
906	125453.0	125628.0
907	125182.0	125451.0
908	125002.0	125984.0
909	125306.0	126734.0
910	124759.0	125838.0
911	124605.0	126005.0
912	125517.0	126099.0
913	125667.0	126011.0
914	125155.0	125948.0
915	125581.0	126121.0
916	125105.0	126213.0
917	125603.0	125775.0
918	125608.0	125393.0
919	125199.0	124987.0
920	125614.0	125916.0
921	125814.0	126116.0
922	125644.0	125971.0
923	125118.0	125510.0
924	125739.0	125256.0
925	125012.0	125509.0
926	125130.0	124966.0
927	125508.0	125893.0
928	125405.0	125785.0
929	125545.0	125407.0
930	125706.0	125852.0
931	125477.0	125768.0
932	125347.0	125102.0
933	125748.0	124965.0
934	125445.0	125323.0
935	125597.0	125180.0
936	126011.0	125448.0
937	125716.0	124868.0
938	125344.0	125377.0
939	125519.0	125257.0
940	125652.0	125485.0
941	125420.0	125280.0
942	125685.0	124934.0
943	125594.0	124854.0
944	125457.0	125144.0
945	125430.0	124798.0
946	125560.0	124908.0
947	125509.0	124816.0
948	125655.0	124557.0
949	124771.0	124669.0
950	125274.0	124678.0
951	125330.0	124659.0
952	125198.0	124296.0
953	125012.0	124842.0
954	125876.0	125139.0
955	125949.0	124209.0
956	125188.0	124685.0
957	124888.0	124105.0
958	125907.0	124394.0
959	125159.0	124171.0
960	125870.0	124288.0
961	125177.0	123891.0
962	125199.0	123862.0
963	125578.0	124088.0
964	125188.0	124055.0
965	124934.0	124298.0
966	125094.0	123795.0
967	125379.0	123556.0
968	125151.0	123645.0
969	124768.0	123367.0
970	125057.0	123318.0
971	125359.0	123793.0
972	124988.0	123807.0
973	124896.0	123881.0
974	124880.0	124271.0
975	125013.0	123451.0
976	124950.0	123584.0
977	124566.0	123784.0
978	124878.0	123898.0
979	124336.0	123396.0
980	124716.0	123523.0
981	124860.0	124354.0
982	124309.0	123895.0
983	124757.0	123707.0
984	124890.0	123697.0
985	124379.0	123567.0
986	124094.0	123595.0
987	124605.0	123276.0
988	124386.0	123639.0
989	124170.0	123746.0
990	124223.0	123852.0
991	124195.0	123774.0
992	124096.0	124240.0
993	124167.0	123653.0
994	124164.0	123756.0
995	124652.0	123327.0
996	124172.0	123518.0
997	124208.0	123544.0
998	123610.0	124015.0
999	123722.0	123649.0
1000	123454.0	124158.0
1001	123819.0	124098.0
1002	123821.0	123420.0
1003	123813.0	122818.0
1004	123938.0	123659.0
1005	124083.0	123339.0
1006	123828.0	123738.0
1007	123102.0	123233.0
1008	123613.0	123683.0
1009	123544.0	123964.0
1010	124550.0	123526.0
1011	124076.0	123637.0
1012	122987.0	123103.0
1013	123646.0	123658.0
1014	124274.0	123495.0
1015	123494.0	123353.0
1016	122836.0	123517.0
1017	123655.0	124093.0
1018	123491.0	122868.0
1019	123283.0	123441.0
1020	123411.0	123731.0
1021	123250.0	123798.0
1022	123777.0	123306.0
1023	124077.0	123719.0
1024	123148.0	123464.0
1025	123611.0	124205.0
1026	123750.0	124184.0
1027	123400.0	124292.0
1028	123303.0	124315.0
1029	123242.0	124278.0
1030	123091.0	123685.0
1031	123493.0	124487.0
1032	123839.0	124214.0
1033	123318.0	123930.0
1034	123706.0	123764.0
1035	123308.0	124513.0
1036	123936.0	123903.0
1037	123404.0	124441.0
1038	123544.0	123978.0
1039	123190.0	123949.0
1040	124597.0	124411.0
1041	123589.0	124573.0
1042	123098.0	124140.0
1043	123742.0	124389.0
1044	123770.0	124369.0
1045	123413.0	124240.0
1046	123314.0	124265.0
1047	124155.0	124277.0
1048	123123.0	123826.0
1049	123937.0	124623.0
1050	123537.0	124436.0
1051	123552.0	124664.0
1052	123421.0	124107.0
1053	124065.0	124706.0
1054	123229.0	124344.0
1055	123109.0	124428.0
1056	123358.0	124570.0
1057	124315.0	124875.0
1058	123682.0	125281.0
1059	123806.0	125059.0
1060	123519.0	124832.0
1061	123188.0	124759.0
1062	123289.0	124996.0
1063	124085.0	124920.0
1064	123909.0	125173.0
1065	123942.0	125469.0
1066	123420.0	124180.0
1067	124000.0	124578.0
1068	123976.0	125209.0
1069	124226.0	125298.0
1070	123730.0	125459.0
1071	123905.0	124918.0
1072	124097.0	125545.0
1073	124358.0	124992.0
1074	124229.0	125466.0
1075	123682.0	124961.0
1076	124166.0	124837.0
1077	124646.0	125330.0
1078	124664.0	125322.0
1079	123753.0	124675.0
1080	123952.0	125358.0
1081	124488.0	124870.0
1082	124073.0	124714.0
1083	123943.0	125199.0
1084	124814.0	125115.0
1085	124810.0	124917.0
1086	124096.0	125216.0
1087	124942.0	125357.0
1088	124555.0	125028.0
1089	124235.0	125055.0
1090	124044.0	124852.0
1091	124594.0	125071.0
1092	124109.0	125129.0
1093	124386.0	125060.0
1094	124336.0	125330.0
1095	124685.0	125356.0
1096	124885.0	125255.0
1097	124442.0	125727.0
1098	124597.0	125297.0
1099	124480.0	125308.0
1100	124577.0	125460.0
1101	125210.0	125240.0
1102	124551.0	125479.0
1103	124472.0	125720.0
1104	124880.0	125645.0
1105	125170.0	124737.0
1106	124928.0	124808.0
1107	124974.0	124958.0
1108	124433.0	125087.0
1109	124970.0	125487.0
1110	124824.0	124895.0
1111	125059.0	125203.0
1112	124700.0	124747.0
1113	125099.0	124726.0
1114	125030.0	124899.0
1115	125498.0	124678.0
1116	125112.0	125025.0
1117	125045.0	124359.0
1118	124103.0	125142.0
1119	124639.0	124495.0
1120	124201.0	124331.0
1121	125209.0	124457.0
1122	125533.0	124878.0
1123	125084.0	124795.0
1124	124776.0	124364.0
1125	124772.0	124437.0
1126	124685.0	124155.0
1127	124643.0	124970.0
1128	125165.0	124630.0
1129	125085.0	124992.0
1130	125300.0	124491.0
1131	125022.0	124556.0
1132	124927.0	124187.0
1133	125261.0	124358.0
1134	124488.0	123747.0
1135	124895.0	124045.0
1136	124556.0	124370.0
1137	125393.0	124402.0
1138	124675.0	124438.0
1139	124937.0	124898.0
1140	124749.0	124465.0
1141	125254.0	124214.0
1142	124914.0	123570.0
1143	124923.0	123696.0
1144	124747.0	124092.0
1145	124745.0	123930.0
1146	124892.0	123435.0
1147	124668.0	123917.0
1148	124429.0	124701.0
1149	124622.0	124221.0
1150	125174.0	123768.0
1151	124228.0	123867.0
1152	125392.0	124011.0
1153	124311.0	123553.0
1154	124440.0	123576.0
1155	124484.0	123140.0
1156	124241.0	123934.0
1157	124450.0	123677.0
1158	124143.0	123183.0
1159	124305.0	123340.0
1160	124244.0	123161.0
1161	124711.0	123351.0
1162	124479.0	123607.0
1163	124314.0	123260.0
1164	124638.0	123282.0
1165	123955.0	122779.0
1166	124119.0	122994.0
1167	123943.0	123251.0
1168	124533.0	123662.0
1169	124271.0	123842.0
1170	124346.0	123444.0
1171	124713.0	123211.0
1172	124448.0	122934.0
1173	124007.0	123422.0
1174	124002.0	123102.0
1175	123346.0	123429.0
1176	123881.0	123705.0
1177	123700.0	123906.0
1178	123902.0	123019.0
1179	123545.0	123254.0
1180	123642.0	123119.0
1181	123565.0	123661.0
1182	123444.0	123524.0
1183	123737.0	122639.0
1184	123806.0	123552.0
1185	123906.0	122583.0
1186	123662.0	122952.0
1187	123522.0	123131.0
1188	123549.0	122925.0
1189	123007.0	122458.0
1190	123751.0	123689.0
1191	123770.0	122627.0
1192	123251.0	123200.0
1193	123694.0	123467.0
1194	123873.0	123183.0
1195	123410.0	123122.0
1196	123614.0	123257.0
1197	123557.0	123325.0
1198	123862.0	123643.0
1199	123440.0	123406.0
1200	123905.0	123384.0
1201	123384.0	123869.0
1202	123081.0	123937.0
1203	123492.0	123582.0
1204	123354.0	123781.0
1205	123497.0	123502.0
1206	123424.0	123527.0
1207	124155.0	123276.0
1208	122712.0	123148.0
1209	123298.0	123125.0
1210	123437.0	123459.0
1211	123453.0	123260.0
1212	123901.0	123739.0
1213	123823.0	123754.0
1214	123419.0	123041.0
1215	123040.0	123898.0
1216	122925.0	124200.0
1217	123320.0	123597.0
1218	123184.0	123697.0
1219	124298.0	123343.0
1220	123039.0	123750.0
1221	123444.0	123852.0
1222	123135.0	123381.0
1223	123475.0	123442.0
1224	123112.0	123722.0
1225	123466.0	123458.0
1226	123259.0	123855.0
1227	123527.0	123659.0
1228	123684.0	123500.0
1229	123488.0	123712.0
1230	123264.0	123512.0
1231	123476.0	123356.0
1232	123622.0	124053.0
1233	122882.0	124014.0
1234	123498.0	124283.0
1235	122772.0	123931.0
1236	123278.0	123791.0
1237	123501.0	122880.0
1238	123366.0	123750.0
1239	123635.0	124152.0
1240	123458.0	123834.0
1241	123359.0	124242.0
1242	122584.0	124597.0
1243	123014.0	124244.0
1244	123094.0	124140.0
1245	122930.0	124360.0
1246	123342.0	124368.0
1247	123071.0	124447.0
1248	123351.0	123884.0
1249	123676.0	124091.0
1250	123207.0	124554.0
1251	123810.0	124655.0
1252	123700.0	124286.0
1253	123589.0	124714.0
1254	123573.0	124262.0
1255	123507.0	124578.0
1256	123464.0	124348.0
1257	124108.0	124077.0
1258	123713.0	124841.0
1259	124065.0	124474.0
1260	124119.0	124939.0
1261	123979.0	124745.0
1262	123828.0	124639.0
1263	123846.0	124602.0
1264	124277.0	124332.0
1265	123483.0	124597.0
1266	123768.0	124337.0
1267	123777.0	124724.0
1268	123872.0	124500.0
1269	123967.0	124445.0
1270	124075.0	124177.0
1271	123400.0	124615.0
1272	123687.0	124620.0
1273	123259.0	124589.0
1274	124192.0	125222.0
1275	123940.0	124471.0
1276	124078.0	124672.0
1277	123952.0	125017.0
1278	124426.0	125099.0
1279	123861.0	124825.0
1280	124891.0	124602.0
1281	124438.0	124899.0
1282	123940.0	124869.0
1283	124053.0	124971.0
1284	124401.0	124651.0
1285	124488.0	124413.0
1286	124528.0	125452.0
1287	124214.0	124406.0
1288	124184.0	124379.0
1289	124695.0	124826.0
1290	124558.0	124832.0
1291	124396.0	124384.0
1292	123577.0	125278.0
1293	124186.0	124852.0
1294	124589.0	124718.0
1295	124272.0	124283.0
1296	124041.0	124136.0
1297	124117.0	124656.0
1298	124375.0	124457.0
1299	124245.0	124885.0
1300	124710.0	124180.0
1301	123758.0	124486.0
1302	124277.0	123948.0
1303	124461.0	124015.0
1304	124167.0	124481.0
1305	124173.0	124089.0
1306	124016.0	123582.0
1307	124201.0	123796.0
1308	124035.0	124027.0
1309	124266.0	123866.0
1310	124324.0	124285.0
1311	124323.0	124229.0
1312	124136.0	124067.0
1313	123762.0	124041.0
1314	123658.0	124231.0
1315	124323.0	123940.0
1316	124177.0	123530.0
1317	123651.0	124612.0
1318	124332.0	124501.0
1319	123831.0	124003.0
1320	124528.0	124501.0
1321	123803.0	124101.0
1322	124353.0	124142.0
1323	124363.0	123794.0
1324	125068.0	123625.0
1325	124052.0	123500.0
1326	124021.0	123994.0
1327	123526.0	123132.0
1328	124223.0	124015.0
1329	124288.0	123134.0
1330	124338.0	123319.0
1331	124471.0	123877.0
1332	124266.0	123754.0
1333	124167.0	123793.0
1334	123296.0	123333.0
1335	124376.0	123841.0
1336	124184.0	123277.0
1337	123797.0	123487.0
1338	124297.0	123041.0
1339	124413.0	123583.0
1340	124260.0	123045.0
1341	123732.0	123099.0
1342	123793.0	123582.0
1343	124371.0	123395.0
1344	124218.0	123856.0
1345	123931.0	123649.0
1346	123752.0	122495.0
1347	124019.0	122787.0
1348	123581.0	122454.0
1349	123438.0	123265.0
1350	123700.0	123516.0
1351	123215.0	123548.0
1352	124013.0	123426.0
1353	123452.0	123202.0
1354	123946.0	122800.0
1355	124087.0	123168.0
1356	123314.0	122859.0
1357	123975.0	123299.0
1358	123553.0	123311.0
1359	124186.0	123022.0
1360	123567.0	122492.0
1361	122807.0	122905.0
1362	124392.0	123251.0
1363	124093.0	122818.0
1364	123237.0	123087.0
1365	123562.0	123102.0
1366	123320.0	123065.0
1367	123093.0	123491.0
1368	123426.0	123972.0
1369	123886.0	123443.0
1370	123966.0	123731.0
1371	123250.0	122284.0
1372	123469.0	123295.0
1373	123485.0	122864.0
1374	123256.0	122842.0
1375	123460.0	122995.0
1376	123519.0	123076.0
1377	123084.0	123946.0
1378	123418.0	123342.0
1379	123173.0	123558.0
1380	123861.0	123297.0
1381	123753.0	122952.0
1382	123158.0	123020.0
1383	123586.0	123158.0
1384	123621.0	122920.0
1385	122908.0	123095.0
1386	123174.0	123531.0
1387	123642.0	123337.0
1388	123096.0	122898.0
1389	123855.0	123082.0
1390	123179.0	122797.0
1391	123262.0	122319.0
1392	123439.0	122931.0
1393	123078.0	122769.0
1394	123143.0	122530.0
1395	123799.0	123162.0
1396	123047.0	123243.0
1397	123022.0	123200.0
1398	122980.0	123777.0
1399	123396.0	122933.0
1400	123209.0	123414.0
1401	123936.0	123347.0
1402	123443.0	123004.0
1403	123773.0	123104.0
1404	122842.0	123297.0
1405	122805.0	123184.0
1406	122914.0	123768.0
1407	123003.0	123339.0
1408	123206.0	123585.0
1409	122922.0	123076.0
1410	123640.0	123854.0
1411	123100.0	123550.0
1412	123335.0	123293.0
1413	122592.0	123896.0
1414	122964.0	123625.0
1415	123260.0	123354.0
1416	122998.0	123360.0
1417	122978.0	122798.0
1418	122780.0	123487.0
1419	123192.0	123449.0
1420	122909.0	123629.0
1421	123433.0	123359.0
1422	123564.0	123478.0
1423	123347.0	123320.0
1424	122763.0	124101.0
1425	122592.0	123287.0
1426	123044.0	124019.0
1427	123576.0	123895.0
1428	123215.0	123709.0
1429	123306.0	123905.0
1430	123534.0	123958.0
1431	123173.0	123205.0
1432	123356.0	123348.0
1433	123259.0	123400.0
1434	123740.0	123402.0
1435	123440.0	123972.0
1436	123491.0	123478.0
1437	123036.0	123619.0
1438	123007.0	123606.0
1439	123073.0	124184.0
1440	123178.0	123947.0
1441	123417.0	123747.0
1442	123094.0	123993.0
1443	123533.0	123979.0
1444	122959.0	124174.0
1445	123535.0	123883.0
1446	123485.0	123761.0
1447	124093.0	124538.0
1448	123395.0	123537.0
1449	123795.0	124095.0
1450	123132.0	123840.0
1451	123320.0	124002.0
1452	123314.0	124044.0
1453	123630.0	124281.0
1454	122806.0	123612.0
1455	123388.0	124111.0
1456	123330.0	123612.0
1457	123060.0	123589.0
1458	123464.0	123403.0
1459	123470.0	124145.0
1460	123908.0	124410.0
1461	123621.0	124209.0
1462	122880.0	123968.0
1463	123560.0	124224.0
1464	123380.0	123917.0
1465	124019.0	123859.0
1466	123312.0	124339.0
1467	123451.0	123838.0
1468	123658.0	124468.0
1469	123796.0	123727.0
1470	124417.0	124276.0
1471	123659.0	124280.0
1472	123907.0	123814.0
1473	123876.0	124139.0
1474	122998.0	123921.0
1475	123460.0	124115.0
1476	123795.0	124320.0
1477	124067.0	122837.0
1478	123239.0	123652.0
1479	123227.0	124013.0
1480	123534.0	123635.0
1481	123551.0	123771.0
1482	124518.0	123529.0
1483	124022.0	123850.0
1484	123879.0	123637.0
1485	123570.0	123998.0
1486	123501.0	123346.0
1487	123914.0	123150.0
1488	124864.0	123964.0
1489	123406.0	123773.0
1490	123918.0	123736.0
1491	124127.0	123935.0
1492	123571.0	124103.0
1493	123770.0	123599.0
1494	123987.0	123718.0
1495	123659.0	123785.0
1496	123602.0	123247.0
1497	124162.0	124209.0
1498	123487.0	123224.0
1499	123403.0	123341.0
1500	123894.0	123744.0
1501	123642.0	123137.0
1502	123417.0	123826.0
1503	123310.0	123469.0
1504	124556.0	123727.0
1505	123806.0	123603.0
1506	124218.0	123264.0
1507	123922.0	123617.0
1508	123626.0	123657.0
1509	123581.0	123821.0
1510	124044.0	123778.0
1511	123223.0	123306.0
1512	123397.0	123327.0
1513	123762.0	122679.0
1514	123201.0	122801.0
1515	123776.0	123181.0
1516	123300.0	123435.0
1517	122900.0	123274.0
1518	123964.0	123960.0
1519	123819.0	123408.0
1520	123610.0	123009.0
1521	123589.0	123628.0
1522	123747.0	123017.0
1523	123656.0	122672.0
1524	123401.0	123043.0
1525	123963.0	122987.0
1526	123380.0	123473.0
1527	123454.0	123060.0
1528	123557.0	122911.0
1529	123660.0	122480.0
1530	123284.0	123093.0
1531	123079.0	123620.0
1532	123507.0	123271.0
1533	122819.0	123783.0
1534	123301.0	123178.0
1535	123654.0	123095.0
1536	123175.0	123133.0
1537	123044.0	123379.0
1538	123310.0	123003.0
1539	123746.0	123463.0
1540	123449.0	122933.0
1541	123120.0	123833.0
1542	123580.0	123407.0
1543	123364.0	122837.0
1544	122853.0	122696.0
1545	123433.0	122706.0
1546	122945.0	122595.0
1547	122845.0	122915.0
1548	123655.0	123317.0
1549	123157.0	122822.0
1550	123412.0	122825.0
1551	123442.0	122692.0
1552	123227.0	122877.0
1553	122892.0	122960.0
1554	123253.0	123232.0
1555	123367.0	123362.0
1556	123107.0	123224.0
1557	123223.0	122913.0
1558	123393.0	122570.0
1559	123224.0	122885.0
1560	123164.0	123158.0
1561	123047.0	122974.0
1562	122593.0	122672.0
1563	123314.0	122824.0
1564	122960.0	122911.0
1565	123194.0	122911.0
1566	122672.0	123438.0
1567	123132.0	123340.0
1568	122796.0	123288.0
1569	123085.0	123461.0
1570	123034.0	123788.0
1571	122896.0	123432.0
1572	123121.0	123955.0
1573	122545.0	123631.0
1574	122732.0	122954.0
1575	122912.0	122715.0
1576	122677.0	123221.0
1577	122493.0	122911.0
1578	123327.0	123101.0
1579	122895.0	123489.0
1580	122657.0	123564.0
1581	122663.0	122873.0
1582	123000.0	123413.0
1583	123389.0	123306.0
1584	123136.0	123090.0
1585	123047.0	123053.0
1586	122888.0	122892.0
1587	122988.0	123200.0
1588	122694.0	123444.0
1589	123087.0	122933.0
1590	123317.0	122840.0
1591	123767.0	123182.0
1592	122961.0	123072.0
1593	123216.0	122973.0
1594	123245.0	123512.0
1595	122941.0	123271.0
1596	123247.0	123316.0
1597	123505.0	123437.0
1598	122435.0	123397.0
1599	122766.0	123005.0
1600	122924.0	123277.0
1601	123332.0	123498.0
1602	123095.0	123169.0
1603	122990.0	123734.0
1604	123084.0	123656.0
1605	123413.0	123399.0
1606	123355.0	123478.0
1607	123288.0	123204.0
1608	123668.0	123059.0
1609	123414.0	122991.0
1610	122392.0	123437.0
1611	122754.0	122972.0
1612	123263.0	123209.0
1613	122989.0	123117.0
1614	123048.0	123397.0
1615	122844.0	123345.0
1616	123359.0	123317.0
1617	122867.0	123579.0
1618	122878.0	123260.0
1619	123465.0	123784.0
1620	122997.0	123239.0
1621	122783.0	123077.0
1622	123484.0	123288.0
1623	123214.0	123630.0
1624	123001.0	123567.0
1625	122967.0	123522.0
1626	123336.0	123756.0
1627	123124.0	123325.0
1628	122917.0	123435.0
1629	123192.0	123502.0
1630	122931.0	123916.0
1631	123545.0	123567.0
1632	123579.0	123687.0
1633	123131.0	123498.0
1634	123053.0	123515.0
1635	123032.0	123207.0
1636	123694.0	123151.0
1637	122854.0	123838.0
1638	123177.0	123538.0
1639	122830.0	123888.0
1640	123717.0	123968.0
1641	123729.0	123980.0
1642	122709.0	123216.0
1643	122857.0	123337.0
1644	122943.0	123414.0
1645	123240.0	124109.0
1646	122660.0	123378.0
1647	123895.0	122885.0
1648	123683.0	123158.0
1649	122988.0	123252.0
1650	123174.0	123468.0
1651	122889.0	123382.0
1652	122767.0	122308.0
1653	122834.0	123798.0
1654	122989.0	123214.0
1655	122970.0	122921.0
1656	123026.0	123576.0
1657	122745.0	123363.0
1658	123024.0	122942.0
1659	123162.0	123396.0
1660	123403.0	123795.0
1661	123468.0	122938.0
1662	123221.0	123226.0
1663	123561.0	123722.0
1664	123706.0	123495.0
1665	122780.0	123083.0
1666	123414.0	123352.0
1667	123468.0	123433.0
1668	123292.0	123039.0
1669	123674.0	123956.0
1670	123710.0	123145.0
1671	123171.0	123427.0
1672	123366.0	123399.0
1673	122437.0	123413.0
1674	123854.0	122745.0
1675	122903.0	123531.0
1676	123294.0	123435.0
1677	123881.0	123532.0
1678	123368.0	123030.0
1679	123027.0	123360.0
1680	123858.0	122974.0
1681	123650.0	123088.0
1682	123823.0	123371.0
1683	123156.0	122910.0
1684	122959.0	122892.0
1685	122800.0	123022.0
1686	122939.0	123091.0
1687	123291.0	123395.0
1688	124024.0	123537.0
1689	123818.0	123170.0
1690	123447.0	122999.0
1691	123356.0	123458.0
1692	123804.0	123238.0
1693	122853.0	123091.0
1694	122851.0	123457.0
1695	123597.0	123261.0
1696	123925.0	123070.0
1697	123671.0	123531.0
1698	123458.0	122726.0
1699	123302.0	122496.0
1700	123139.0	123096.0
1701	123677.0	122864.0
1702	123529.0	122480.0
1703	123200.0	123099.0
1704	122665.0	122677.0
1705	123363.0	123182.0
1706	123218.0	122775.0
1707	123252.0	123015.0
1708	123379.0	122951.0
1709	123777.0	122474.0
1710	123776.0	122799.0
1711	124174.0	122461.0
1712	123800.0	122863.0
1713	123714.0	122585.0
1714	123412.0	122464.0
1715	123348.0	122476.0
1716	122709.0	122541.0
1717	123134.0	123076.0
1718	123029.0	122847.0
1719	123227.0	122592.0
1720	123617.0	122552.0
1721	123520.0	123274.0
1722	123571.0	122660.0
1723	123098.0	122262.0
1724	123230.0	122463.0
1725	123275.0	122499.0
1726	122480.0	123058.0
1727	123434.0	122934.0
1728	122569.0	122952.0
1729	123568.0	122533.0
1730	123203.0	122786.0
1731	122784.0	122456.0
1732	122265.0	122381.0
1733	122547.0	122846.0
1734	122609.0	123035.0
1735	122919.0	122332.0
1736	123170.0	122223.0
1737	122736.0	123170.0
1738	122900.0	123062.0
1739	122955.0	122826.0
1740	123762.0	123190.0
1741	122691.0	122695.0
1742	123321.0	122638.0
1743	123498.0	122776.0
1744	123149.0	122138.0
1745	122978.0	123253.0
1746	122524.0	122747.0
1747	122756.0	122847.0
1748	122474.0	122672.0
1749	122755.0	122996.0
1750	122246.0	123318.0
1751	122425.0	123368.0
1752	122833.0	122139.0
1753	122959.0	122644.0
1754	122755.0	122878.0
1755	122349.0	122586.0
1756	122785.0	122766.0
1757	123122.0	122866.0
1758	122774.0	123235.0
1759	122406.0	122682.0
1760	122876.0	123011.0
1761	122782.0	122599.0
1762	122815.0	122514.0
1763	122645.0	122575.0
1764	122686.0	123123.0
1765	122920.0	122554.0
1766	122977.0	123208.0
1767	122257.0	122727.0
1768	122888.0	122899.0
1769	122106.0	122748.0
1770	122631.0	122361.0
1771	122388.0	122152.0
1772	122445.0	122723.0
1773	122559.0	122935.0
1774	122208.0	122964.0
1775	122768.0	122617.0
1776	122474.0	123529.0
1777	122643.0	122487.0
1778	122394.0	123176.0
1779	123141.0	123076.0
1780	123025.0	122491.0
1781	123183.0	123051.0
1782	122552.0	122889.0
1783	122515.0	123484.0
1784	122674.0	123209.0
1785	122540.0	122709.0
1786	122663.0	122629.0
1787	122524.0	122867.0
1788	122461.0	122995.0
1789	122936.0	123103.0
1790	122773.0	123659.0
1791	123038.0	122755.0
1792	122887.0	122294.0
1793	122149.0	122793.0
1794	122215.0	122926.0
1795	122363.0	122792.0
1796	122622.0	123689.0
1797	123435.0	122934.0
1798	122542.0	123321.0
1799	123215.0	123225.0
1800	122795.0	122965.0
1801	122770.0	123654.0
1802	122764.0	123086.0
1803	122776.0	123080.0
1804	123463.0	123550.0
1805	122750.0	123402.0
1806	122791.0	123517.0
1807	122955.0	123102.0
1808	122975.0	123230.0
1809	123050.0	122911.0
1810	123306.0	123325.0
1811	122884.0	123439.0
1812	123460.0	122799.0
1813	122772.0	123182.0
1814	122529.0	123303.0
1815	122789.0	123001.0
1816	122847.0	123636.0
1817	122847.0	123175.0
1818	123295.0	122426.0
1819	122555.0	123988.0
1820	123437.0	122524.0
1821	122964.0	122996.0
1822	123124.0	122812.0
1823	122456.0	122930.0
1824	122954.0	122936.0
1825	122279.0	123027.0
1826	122036.0	123798.0
1827	123180.0	123359.0
1828	122742.0	123252.0
1829	123341.0	123154.0
1830	122975.0	122926.0
1831	123323.0	122639.0
1832	122458.0	122513.0
1833	123045.0	122909.0
1834	122927.0	123056.0
1835	123008.0	122811.0
1836	123183.0	123405.0
1837	122881.0	122849.0
1838	122756.0	122821.0
1839	122908.0	123199.0
1840	123236.0	123267.0
1841	123450.0	123361.0
1842	123076.0	122266.0
1843	123308.0	122550.0
1844	122835.0	122853.0
1845	123803.0	122811.0
1846	123259.0	123678.0
1847	123134.0	123659.0
1848	122924.0	122797.0
1849	123238.0	123507.0
1850	123193.0	123415.0
1851	123420.0	122769.0
1852	122918.0	122687.0
1853	122931.0	123948.0
1854	122928.0	123019.0
1855	123351.0	122559.0
1856	122882.0	122888.0
1857	122737.0	122786.0
1858	122504.0	122852.0
1859	122770.0	123053.0
1860	122921.0	122833.0
1861	123447.0	123105.0
1862	123472.0	123140.0
1863	123863.0	122561.0
1864	123217.0	123210.0
1865	122742.0	122862.0
1866	122702.0	123046.0
1867	122658.0	122875.0
1868	123384.0	123184.0
1869	123391.0	122178.0
1870	123065.0	122672.0
1871	122868.0	122763.0
1872	123103.0	122959.0
1873	123320.0	122815.0
1874	123398.0	122966.0
1875	122762.0	122608.0
1876	122559.0	122404.0
1877	122111.0	122017.0
1878	122616.0	122892.0
1879	123105.0	122547.0
1880	122379.0	123000.0
1881	122844.0	123608.0
1882	122700.0	122846.0
1883	123354.0	122566.0
1884	122827.0	122361.0
1885	122562.0	122579.0
1886	123555.0	123204.0
1887	123246.0	122533.0
1888	122764.0	123276.0
1889	122900.0	122963.0
1890	122613.0	122684.0
1891	122709.0	123010.0
1892	123189.0	122546.0
1893	122834.0	122568.0
1894	122580.0	122418.0
1895	122778.0	122133.0
1896	121875.0	122503.0
1897	122461.0	122400.0
1898	123018.0	122448.0
1899	123018.0	122483.0
1900	122433.0	122904.0
1901	122918.0	122961.0
1902	122631.0	123054.0
1903	122352.0	122469.0
1904	123189.0	122321.0
1905	122962.0	122381.0
1906	123148.0	122442.0
1907	122627.0	123336.0
1908	122644.0	122674.0
1909	122919.0	122917.0
1910	123271.0	122156.0
1911	123331.0	122639.0
1912	123071.0	122605.0
1913	122759.0	122651.0
1914	122647.0	122355.0
1915	122951.0	123071.0
1916	122919.0	122586.0
1917	122463.0	122507.0
1918	123086.0	122308.0
1919	122703.0	123162.0
1920	123440.0	122820.0
1921	122970.0	122519.0
1922	123126.0	122617.0
1923	122076.0	122531.0
1924	122458.0	122586.0
1925	122746.0	122800.0
1926	122628.0	122190.0
1927	122111.0	122738.0
1928	122669.0	122447.0
1929	123234.0	122750.0
1930	122343.0	122735.0
1931	122150.0	122849.0
1932	122709.0	122733.0
1933	122499.0	122570.0
1934	122932.0	122119.0
1935	122907.0	122244.0
1936	122560.0	122496.0
1937	122487.0	122400.0
1938	122937.0	122583.0
1939	122168.0	122000.0
1940	122187.0	123172.0
1941	122705.0	123227.0
1942	122766.0	122700.0
1943	122062.0	122124.0
1944	122512.0	122364.0
1945	122168.0	122515.0
1946	122023.0	122849.0
1947	122068.0	122897.0
1948	122221.0	122557.0
1949	122928.0	122954.0
1950	123102.0	123007.0
1951	122868.0	122302.0
1952	122753.0	122460.0
1953	122623.0	122662.0
1954	122091.0	122263.0
1955	122708.0	122901.0
1956	122958.0	122750.0
1957	122385.0	122672.0
1958	122117.0	122539.0
1959	122059.0	122681.0
1960	122263.0	122138.0
1961	122528.0	122531.0
1962	122324.0	122901.0
1963	122836.0	122553.0
1964	123027.0	122600.0
1965	122569.0	122516.0
1966	122624.0	122368.0
1967	122921.0	122219.0
1968	123019.0	122906.0
1969	122378.0	123255.0
1970	121968.0	122554.0
1971	122257.0	123322.0
1972	122521.0	122881.0
1973	122472.0	122839.0
1974	122723.0	122681.0
1975	123073.0	122130.0
1976	122895.0	123188.0
1977	122618.0	122468.0
1978	122899.0	122866.0
1979	122781.0	122888.0
1980	122599.0	122567.0
1981	122490.0	122760.0
1982	122157.0	122033.0
1983	122425.0	122987.0
1984	122903.0	122891.0
1985	122026.0	122788.0
1986	122654.0	122786.0
1987	122551.0	122554.0
1988	122055.0	122716.0
1989	122226.0	122389.0
1990	122234.0	123016.0
1991	122448.0	123022.0
1992	122275.0	122868.0
1993	122088.0	122952.0
1994	122217.0	122844.0
1995	122729.0	123037.0
1996	122536.0	122252.0
1997	122464.0	122275.0
1998	122582.0	122788.0
1999	122454.0	123003.0
