Distance in bp(Fragment Length Estimate: 153)(Peak Width Estimate: 153)	Same Strand (+ for Watson strand, - for Crick)	Opposite Strand
-2000	121475.0	120819.0
-1999	120883.0	120980.0
-1998	121728.0	120966.0
-1997	121105.0	120545.0
-1996	120821.0	120979.0
-1995	121304.0	120685.0
-1994	120687.0	120850.0
-1993	120973.0	120611.0
-1992	120774.0	120858.0
-1991	120811.0	120517.0
-1990	121082.0	120769.0
-1989	121123.0	121073.0
-1988	120660.0	120855.0
-1987	121132.0	120162.0
-1986	121216.0	120252.0
-1985	121255.0	120558.0
-1984	121303.0	120361.0
-1983	121526.0	120143.0
-1982	121610.0	120779.0
-1981	121478.0	120369.0
-1980	121785.0	120294.0
-1979	121143.0	121276.0
-1978	121210.0	120375.0
-1977	121445.0	120812.0
-1976	121399.0	120617.0
-1975	121250.0	120273.0
-1974	121521.0	120532.0
-1973	121188.0	120701.0
-1972	121203.0	120684.0
-1971	121713.0	120560.0
-1970	121162.0	120638.0
-1969	121469.0	121196.0
-1968	121233.0	120465.0
-1967	121065.0	120699.0
-1966	121681.0	120733.0
-1965	120888.0	120736.0
-1964	121283.0	120214.0
-1963	121209.0	120569.0
-1962	121973.0	120292.0
-1961	121259.0	120093.0
-1960	120746.0	120152.0
-1959	121299.0	120195.0
-1958	120457.0	119668.0
-1957	120972.0	120809.0
-1956	121868.0	120549.0
-1955	121199.0	120712.0
-1954	121256.0	120391.0
-1953	120730.0	120736.0
-1952	121199.0	120630.0
-1951	121289.0	120736.0
-1950	120690.0	120488.0
-1949	120596.0	119875.0
-1948	121624.0	120274.0
-1947	121191.0	120805.0
-1946	120768.0	120583.0
-1945	121012.0	121266.0
-1944	121457.0	120768.0
-1943	120864.0	120641.0
-1942	121143.0	120478.0
-1941	121121.0	121590.0
-1940	121128.0	121121.0
-1939	121298.0	120651.0
-1938	121084.0	120677.0
-1937	120751.0	121063.0
-1936	120922.0	120664.0
-1935	121073.0	121254.0
-1934	121020.0	120610.0
-1933	120999.0	120617.0
-1932	121273.0	120215.0
-1931	121348.0	120505.0
-1930	121460.0	120172.0
-1929	121201.0	121113.0
-1928	121233.0	120624.0
-1927	120710.0	120820.0
-1926	121022.0	120998.0
-1925	120670.0	120708.0
-1924	121005.0	120634.0
-1923	121018.0	121150.0
-1922	121347.0	120635.0
-1921	121229.0	120524.0
-1920	121170.0	120983.0
-1919	120817.0	120769.0
-1918	121221.0	121259.0
-1917	120996.0	120902.0
-1916	120712.0	120989.0
-1915	121093.0	120392.0
-1914	121090.0	121057.0
-1913	121018.0	121196.0
-1912	121385.0	121269.0
-1911	121467.0	121412.0
-1910	121033.0	120878.0
-1909	121569.0	120971.0
-1908	121481.0	120519.0
-1907	121467.0	121024.0
-1906	121473.0	120568.0
-1905	121278.0	120243.0
-1904	121432.0	120982.0
-1903	122126.0	120974.0
-1902	121152.0	121093.0
-1901	121049.0	120745.0
-1900	121278.0	120596.0
-1899	121414.0	120591.0
-1898	120880.0	120750.0
-1897	121151.0	120681.0
-1896	121391.0	121045.0
-1895	121485.0	121105.0
-1894	121639.0	120971.0
-1893	120811.0	120345.0
-1892	121522.0	120626.0
-1891	121883.0	120853.0
-1890	121378.0	121058.0
-1889	121094.0	121130.0
-1888	121269.0	121257.0
-1887	120482.0	120960.0
-1886	121130.0	120643.0
-1885	121327.0	120895.0
-1884	122017.0	121363.0
-1883	122009.0	120969.0
-1882	121917.0	121567.0
-1881	121678.0	121144.0
-1880	121610.0	121634.0
-1879	121101.0	121203.0
-1878	121411.0	120635.0
-1877	120946.0	120916.0
-1876	121443.0	120930.0
-1875	121943.0	120962.0
-1874	121481.0	121211.0
-1873	121371.0	120698.0
-1872	121626.0	120716.0
-1871	121562.0	120533.0
-1870	121520.0	120692.0
-1869	121942.0	121271.0
-1868	121737.0	120957.0
-1867	121319.0	121098.0
-1866	121386.0	121447.0
-1865	121353.0	121003.0
-1864	121491.0	120908.0
-1863	121594.0	121206.0
-1862	121633.0	121486.0
-1861	121491.0	121057.0
-1860	122166.0	120429.0
-1859	121464.0	121017.0
-1858	121601.0	120757.0
-1857	121764.0	120251.0
-1856	120941.0	120381.0
-1855	121652.0	121066.0
-1854	121902.0	120574.0
-1853	121539.0	120721.0
-1852	121970.0	121362.0
-1851	121480.0	121126.0
-1850	121344.0	120940.0
-1849	121460.0	120832.0
-1848	121615.0	120816.0
-1847	122302.0	120483.0
-1846	121103.0	120593.0
-1845	120903.0	121153.0
-1844	121096.0	121061.0
-1843	121961.0	120554.0
-1842	121065.0	120474.0
-1841	121107.0	120630.0
-1840	121254.0	120689.0
-1839	121878.0	121398.0
-1838	121902.0	121231.0
-1837	121709.0	121502.0
-1836	121847.0	121116.0
-1835	121470.0	120861.0
-1834	121175.0	121467.0
-1833	121248.0	120760.0
-1832	121721.0	120725.0
-1831	121541.0	120769.0
-1830	121118.0	120997.0
-1829	121067.0	120808.0
-1828	121330.0	120467.0
-1827	121323.0	121162.0
-1826	121889.0	121341.0
-1825	121951.0	121114.0
-1824	122391.0	120934.0
-1823	122101.0	120882.0
-1822	121754.0	121323.0
-1821	120886.0	120879.0
-1820	121707.0	120733.0
-1819	121897.0	120355.0
-1818	122029.0	120036.0
-1817	120330.0	120735.0
-1816	121071.0	121473.0
-1815	121419.0	121053.0
-1814	121564.0	121224.0
-1813	121576.0	121230.0
-1812	122163.0	121094.0
-1811	121626.0	121391.0
-1810	121942.0	121488.0
-1809	121296.0	120768.0
-1808	121306.0	121011.0
-1807	121510.0	121111.0
-1806	121559.0	121424.0
-1805	122255.0	120910.0
-1804	122394.0	121341.0
-1803	121717.0	121204.0
-1802	122083.0	120822.0
-1801	121511.0	120716.0
-1800	121672.0	120685.0
-1799	121940.0	120561.0
-1798	122144.0	120562.0
-1797	122024.0	120648.0
-1796	121260.0	121152.0
-1795	121394.0	120697.0
-1794	120856.0	120889.0
-1793	121444.0	121359.0
-1792	122209.0	121024.0
-1791	121868.0	120905.0
-1790	121470.0	120655.0
-1789	122040.0	120597.0
-1788	121478.0	120823.0
-1787	121626.0	120862.0
-1786	121280.0	121038.0
-1785	122265.0	121173.0
-1784	121581.0	120907.0
-1783	122259.0	121014.0
-1782	121270.0	121220.0
-1781	121780.0	121212.0
-1780	121614.0	121410.0
-1779	121018.0	121173.0
-1778	121354.0	120401.0
-1777	120910.0	121439.0
-1776	121921.0	120644.0
-1775	121965.0	120989.0
-1774	121761.0	120705.0
-1773	122119.0	120522.0
-1772	121588.0	120467.0
-1771	121967.0	120568.0
-1770	121729.0	120526.0
-1769	121156.0	120756.0
-1768	121325.0	121432.0
-1767	121598.0	121171.0
-1766	121949.0	121150.0
-1765	122046.0	121095.0
-1764	121802.0	121265.0
-1763	122105.0	120698.0
-1762	122000.0	121222.0
-1761	121664.0	121462.0
-1760	121287.0	121137.0
-1759	121068.0	121310.0
-1758	121007.0	120771.0
-1757	121359.0	120682.0
-1756	121170.0	121309.0
-1755	121221.0	121624.0
-1754	121781.0	121387.0
-1753	121301.0	121320.0
-1752	121694.0	121338.0
-1751	121554.0	121146.0
-1750	121179.0	121495.0
-1749	121287.0	121149.0
-1748	121049.0	121005.0
-1747	121320.0	121527.0
-1746	121826.0	121241.0
-1745	121727.0	121128.0
-1744	121790.0	121262.0
-1743	121989.0	121362.0
-1742	121994.0	121900.0
-1741	121671.0	121849.0
-1740	122162.0	121582.0
-1739	121994.0	121270.0
-1738	121916.0	121249.0
-1737	121996.0	121511.0
-1736	121922.0	121223.0
-1735	121805.0	121063.0
-1734	121741.0	121491.0
-1733	121919.0	121236.0
-1732	122002.0	121592.0
-1731	121600.0	120935.0
-1730	121735.0	121142.0
-1729	121198.0	121459.0
-1728	122173.0	120919.0
-1727	121753.0	121358.0
-1726	121694.0	121568.0
-1725	121494.0	120799.0
-1724	121470.0	121645.0
-1723	121798.0	120890.0
-1722	121823.0	121220.0
-1721	121861.0	121137.0
-1720	122503.0	121591.0
-1719	121681.0	121743.0
-1718	122069.0	121318.0
-1717	121569.0	121228.0
-1716	122193.0	121825.0
-1715	121029.0	121700.0
-1714	121669.0	121734.0
-1713	121380.0	122066.0
-1712	121877.0	121864.0
-1711	122105.0	121217.0
-1710	122213.0	121070.0
-1709	122266.0	121138.0
-1708	122047.0	120972.0
-1707	121804.0	121845.0
-1706	122264.0	121044.0
-1705	122083.0	121431.0
-1704	121927.0	120905.0
-1703	121687.0	121837.0
-1702	121541.0	121586.0
-1701	121417.0	121519.0
-1700	121578.0	121316.0
-1699	121922.0	121511.0
-1698	121743.0	121670.0
-1697	121635.0	121735.0
-1696	121861.0	121820.0
-1695	121306.0	121270.0
-1694	121682.0	121648.0
-1693	121918.0	121500.0
-1692	121632.0	122054.0
-1691	121729.0	121685.0
-1690	122305.0	121684.0
-1689	122114.0	121019.0
-1688	121752.0	120705.0
-1687	122035.0	121347.0
-1686	121974.0	121268.0
-1685	121995.0	120990.0
-1684	121776.0	121720.0
-1683	121708.0	121323.0
-1682	121775.0	121333.0
-1681	122191.0	121477.0
-1680	122263.0	121655.0
-1679	122077.0	121619.0
-1678	121646.0	121696.0
-1677	121829.0	122117.0
-1676	121923.0	121962.0
-1675	121897.0	121654.0
-1674	121318.0	122246.0
-1673	121442.0	121596.0
-1672	121967.0	121789.0
-1671	121407.0	121889.0
-1670	122100.0	121487.0
-1669	122452.0	122132.0
-1668	122470.0	121376.0
-1667	122498.0	121289.0
-1666	122063.0	121212.0
-1665	122000.0	121565.0
-1664	122046.0	121664.0
-1663	121811.0	121696.0
-1662	122462.0	121532.0
-1661	122418.0	121210.0
-1660	121729.0	122218.0
-1659	122340.0	121711.0
-1658	122158.0	122050.0
-1657	121581.0	121623.0
-1656	122285.0	122115.0
-1655	122022.0	121964.0
-1654	121828.0	122105.0
-1653	122230.0	122038.0
-1652	122241.0	121419.0
-1651	122058.0	121443.0
-1650	121877.0	121319.0
-1649	121499.0	121699.0
-1648	121757.0	121612.0
-1647	122113.0	121531.0
-1646	121644.0	121696.0
-1645	122329.0	121705.0
-1644	122559.0	121900.0
-1643	121959.0	121395.0
-1642	122189.0	121790.0
-1641	121925.0	121526.0
-1640	122429.0	121495.0
-1639	121999.0	121348.0
-1638	122095.0	121455.0
-1637	121740.0	121901.0
-1636	121636.0	121488.0
-1635	122048.0	121869.0
-1634	122373.0	121430.0
-1633	122368.0	121260.0
-1632	122210.0	121547.0
-1631	122005.0	121448.0
-1630	121359.0	121554.0
-1629	121867.0	121701.0
-1628	121549.0	121545.0
-1627	121709.0	121720.0
-1626	121700.0	121666.0
-1625	122289.0	121939.0
-1624	122102.0	121646.0
-1623	122137.0	121498.0
-1622	122019.0	121209.0
-1621	121627.0	121549.0
-1620	121761.0	121340.0
-1619	121889.0	121726.0
-1618	122182.0	121851.0
-1617	122627.0	121426.0
-1616	122135.0	122199.0
-1615	122268.0	121650.0
-1614	122377.0	121927.0
-1613	122280.0	121795.0
-1612	122133.0	121478.0
-1611	122078.0	121554.0
-1610	121761.0	121791.0
-1609	122428.0	121925.0
-1608	122224.0	121830.0
-1607	121776.0	121517.0
-1606	121698.0	121877.0
-1605	121654.0	121774.0
-1604	122222.0	121685.0
-1603	121994.0	121709.0
-1602	122203.0	122003.0
-1601	122641.0	121487.0
-1600	122303.0	121584.0
-1599	122840.0	121879.0
-1598	122378.0	121181.0
-1597	122122.0	121333.0
-1596	122673.0	121844.0
-1595	121655.0	121873.0
-1594	122153.0	121485.0
-1593	122046.0	122265.0
-1592	122625.0	121915.0
-1591	122559.0	121616.0
-1590	122074.0	121850.0
-1589	122203.0	121368.0
-1588	121960.0	120778.0
-1587	122640.0	121515.0
-1586	122043.0	121363.0
-1585	121930.0	121933.0
-1584	121993.0	122030.0
-1583	122021.0	121710.0
-1582	121854.0	121185.0
-1581	122004.0	121634.0
-1580	122516.0	121200.0
-1579	122189.0	121652.0
-1578	122058.0	122061.0
-1577	121902.0	122009.0
-1576	121841.0	121833.0
-1575	122089.0	121581.0
-1574	122092.0	121198.0
-1573	122426.0	121532.0
-1572	121785.0	121342.0
-1571	122176.0	121666.0
-1570	122159.0	121798.0
-1569	122194.0	121794.0
-1568	122170.0	121683.0
-1567	122402.0	121676.0
-1566	122363.0	121359.0
-1565	122205.0	121584.0
-1564	121717.0	121656.0
-1563	121809.0	122064.0
-1562	122308.0	121590.0
-1561	121938.0	122064.0
-1560	122326.0	122099.0
-1559	122218.0	121788.0
-1558	121981.0	121846.0
-1557	121928.0	122018.0
-1556	122544.0	121882.0
-1555	122507.0	121827.0
-1554	122170.0	122750.0
-1553	122127.0	122185.0
-1552	122534.0	122591.0
-1551	122551.0	122253.0
-1550	122306.0	122017.0
-1549	122831.0	121476.0
-1548	122158.0	122051.0
-1547	122305.0	121991.0
-1546	121904.0	122153.0
-1545	122560.0	121935.0
-1544	122192.0	121892.0
-1543	122287.0	122377.0
-1542	121994.0	121739.0
-1541	122928.0	121886.0
-1540	122056.0	121978.0
-1539	122086.0	122398.0
-1538	122105.0	122681.0
-1537	122260.0	121905.0
-1536	122261.0	121996.0
-1535	122549.0	121654.0
-1534	121865.0	122148.0
-1533	123064.0	122600.0
-1532	122959.0	122293.0
-1531	122431.0	121927.0
-1530	122439.0	122693.0
-1529	122608.0	121513.0
-1528	122086.0	122218.0
-1527	122671.0	122311.0
-1526	122515.0	121787.0
-1525	122991.0	122506.0
-1524	122771.0	121944.0
-1523	122889.0	122711.0
-1522	122626.0	122081.0
-1521	121993.0	122244.0
-1520	122279.0	122096.0
-1519	122197.0	122175.0
-1518	122245.0	121812.0
-1517	122195.0	122372.0
-1516	122906.0	122373.0
-1515	122429.0	121853.0
-1514	122199.0	122553.0
-1513	122594.0	123093.0
-1512	122414.0	122558.0
-1511	122765.0	122295.0
-1510	122463.0	122130.0
-1509	122761.0	122055.0
-1508	122724.0	122445.0
-1507	122880.0	122093.0
-1506	123025.0	121707.0
-1505	122468.0	122087.0
-1504	122194.0	121830.0
-1503	122444.0	121512.0
-1502	122475.0	121947.0
-1501	122497.0	122112.0
-1500	122607.0	121820.0
-1499	123036.0	121825.0
-1498	122547.0	122227.0
-1497	122727.0	121426.0
-1496	122368.0	121952.0
-1495	122308.0	122496.0
-1494	122321.0	122175.0
-1493	122824.0	122470.0
-1492	122799.0	122055.0
-1491	122564.0	122091.0
-1490	123109.0	121729.0
-1489	122261.0	122017.0
-1488	122388.0	122405.0
-1487	122597.0	121826.0
-1486	122549.0	122176.0
-1485	122523.0	122454.0
-1484	122264.0	121972.0
-1483	122687.0	122000.0
-1482	122774.0	121896.0
-1481	122677.0	121851.0
-1480	123026.0	122079.0
-1479	123203.0	122232.0
-1478	122505.0	121869.0
-1477	123102.0	122073.0
-1476	122778.0	121929.0
-1475	122617.0	121695.0
-1474	122883.0	122351.0
-1473	123209.0	121835.0
-1472	122733.0	122232.0
-1471	122817.0	121624.0
-1470	122614.0	121911.0
-1469	122963.0	122032.0
-1468	122779.0	122089.0
-1467	122955.0	121690.0
-1466	122290.0	121623.0
-1465	122011.0	122339.0
-1464	122740.0	122724.0
-1463	122996.0	121548.0
-1462	123094.0	122194.0
-1461	122921.0	122128.0
-1460	122632.0	121837.0
-1459	123147.0	122236.0
-1458	122833.0	122398.0
-1457	123157.0	121813.0
-1456	123302.0	122044.0
-1455	122782.0	122079.0
-1454	123143.0	122543.0
-1453	122579.0	122275.0
-1452	122980.0	122278.0
-1451	122375.0	122068.0
-1450	122186.0	122254.0
-1449	122830.0	122437.0
-1448	122553.0	122142.0
-1447	122938.0	122355.0
-1446	122413.0	122386.0
-1445	122987.0	121981.0
-1444	122851.0	121508.0
-1443	122593.0	121961.0
-1442	123350.0	121952.0
-1441	123056.0	122221.0
-1440	122791.0	121785.0
-1439	123009.0	121958.0
-1438	123053.0	121965.0
-1437	122487.0	121728.0
-1436	122735.0	121626.0
-1435	122586.0	121851.0
-1434	122661.0	122552.0
-1433	122736.0	122218.0
-1432	122729.0	121963.0
-1431	122727.0	122024.0
-1430	122473.0	121975.0
-1429	122651.0	121602.0
-1428	122832.0	121917.0
-1427	123118.0	121836.0
-1426	122568.0	121755.0
-1425	122505.0	121988.0
-1424	122469.0	121784.0
-1423	122834.0	121956.0
-1422	123068.0	122672.0
-1421	122378.0	122133.0
-1420	122856.0	121383.0
-1419	122896.0	122370.0
-1418	122056.0	121674.0
-1417	122333.0	122247.0
-1416	121900.0	122407.0
-1415	122413.0	122356.0
-1414	123016.0	122464.0
-1413	122846.0	122362.0
-1412	122092.0	121895.0
-1411	122317.0	122218.0
-1410	122968.0	122691.0
-1409	122399.0	122287.0
-1408	122961.0	122149.0
-1407	122862.0	122260.0
-1406	122449.0	122315.0
-1405	122779.0	122519.0
-1404	123223.0	121883.0
-1403	122845.0	122301.0
-1402	122541.0	122389.0
-1401	122531.0	122015.0
-1400	122861.0	122280.0
-1399	123230.0	122282.0
-1398	122767.0	122368.0
-1397	123294.0	122423.0
-1396	122923.0	122431.0
-1395	122631.0	122250.0
-1394	122682.0	122137.0
-1393	122899.0	122181.0
-1392	123092.0	122224.0
-1391	122707.0	122153.0
-1390	122965.0	123376.0
-1389	122771.0	122175.0
-1388	122346.0	122710.0
-1387	122199.0	123336.0
-1386	123039.0	123078.0
-1385	123080.0	122216.0
-1384	122817.0	122946.0
-1383	122636.0	122288.0
-1382	122691.0	121925.0
-1381	122725.0	121891.0
-1380	123387.0	122603.0
-1379	122749.0	121507.0
-1378	122674.0	122173.0
-1377	122976.0	122666.0
-1376	122803.0	122563.0
-1375	123279.0	122060.0
-1374	122759.0	122007.0
-1373	122939.0	122144.0
-1372	122909.0	122684.0
-1371	122470.0	122451.0
-1370	122545.0	122598.0
-1369	122722.0	122581.0
-1368	123419.0	122236.0
-1367	122625.0	122426.0
-1366	122267.0	123163.0
-1365	122972.0	123015.0
-1364	122672.0	122530.0
-1363	122947.0	122804.0
-1362	123682.0	122196.0
-1361	122772.0	123065.0
-1360	123090.0	122446.0
-1359	123619.0	123050.0
-1358	123224.0	122213.0
-1357	122871.0	122826.0
-1356	123016.0	122917.0
-1355	123162.0	122484.0
-1354	122726.0	123068.0
-1353	123186.0	122387.0
-1352	123051.0	123029.0
-1351	122887.0	122807.0
-1350	123444.0	122418.0
-1349	122854.0	122974.0
-1348	122908.0	123125.0
-1347	123553.0	122771.0
-1346	123063.0	123025.0
-1345	123033.0	123149.0
-1344	123084.0	123308.0
-1343	122717.0	122684.0
-1342	122855.0	123213.0
-1341	123206.0	122537.0
-1340	122708.0	122426.0
-1339	123436.0	122667.0
-1338	123569.0	122273.0
-1337	123668.0	122798.0
-1336	123493.0	123187.0
-1335	123813.0	123054.0
-1334	123440.0	122326.0
-1333	123566.0	122603.0
-1332	123290.0	122602.0
-1331	123026.0	122829.0
-1330	122554.0	123289.0
-1329	123569.0	122693.0
-1328	123206.0	123069.0
-1327	122866.0	122407.0
-1326	123466.0	122983.0
-1325	123901.0	122268.0
-1324	123525.0	122574.0
-1323	124136.0	122745.0
-1322	123192.0	122792.0
-1321	123249.0	122942.0
-1320	123422.0	122968.0
-1319	123131.0	122723.0
-1318	122966.0	122694.0
-1317	123062.0	122535.0
-1316	123416.0	122340.0
-1315	123963.0	122398.0
-1314	123646.0	122524.0
-1313	122935.0	122756.0
-1312	123044.0	122812.0
-1311	123774.0	122922.0
-1310	123159.0	123186.0
-1309	122930.0	122938.0
-1308	123189.0	122534.0
-1307	123061.0	123686.0
-1306	122967.0	123130.0
-1305	123323.0	123287.0
-1304	123215.0	122534.0
-1303	123376.0	122645.0
-1302	123655.0	122126.0
-1301	123140.0	122845.0
-1300	123678.0	122566.0
-1299	123329.0	122402.0
-1298	123158.0	122306.0
-1297	123665.0	122292.0
-1296	123446.0	122713.0
-1295	123228.0	122916.0
-1294	123318.0	122718.0
-1293	123176.0	122508.0
-1292	123641.0	122683.0
-1291	123297.0	123261.0
-1290	123631.0	122827.0
-1289	123163.0	122718.0
-1288	123564.0	122530.0
-1287	123588.0	122834.0
-1286	123019.0	122632.0
-1285	123070.0	122352.0
-1284	123545.0	122881.0
-1283	123159.0	123200.0
-1282	123141.0	122380.0
-1281	123486.0	123045.0
-1280	123064.0	123010.0
-1279	123091.0	122531.0
-1278	123559.0	122293.0
-1277	123311.0	122025.0
-1276	122984.0	122418.0
-1275	123402.0	122159.0
-1274	123170.0	122759.0
-1273	123263.0	123312.0
-1272	123178.0	121888.0
-1271	122759.0	122421.0
-1270	123282.0	122607.0
-1269	122911.0	122609.0
-1268	122414.0	122611.0
-1267	123100.0	122650.0
-1266	122743.0	123018.0
-1265	123215.0	121995.0
-1264	123372.0	122828.0
-1263	123484.0	122293.0
-1262	123201.0	122246.0
-1261	123217.0	122642.0
-1260	123023.0	122921.0
-1259	123198.0	122260.0
-1258	122698.0	122520.0
-1257	123033.0	122975.0
-1256	122736.0	122793.0
-1255	123275.0	122518.0
-1254	123574.0	122212.0
-1253	123208.0	122466.0
-1252	123283.0	122552.0
-1251	123407.0	122188.0
-1250	123393.0	122586.0
-1249	123022.0	122703.0
-1248	123399.0	122898.0
-1247	123222.0	122455.0
-1246	123227.0	122484.0
-1245	123117.0	122271.0
-1244	122135.0	122582.0
-1243	122730.0	122621.0
-1242	123449.0	122532.0
-1241	123020.0	122391.0
-1240	122886.0	122669.0
-1239	123116.0	122996.0
-1238	123593.0	123255.0
-1237	123616.0	122541.0
-1236	123743.0	122227.0
-1235	122967.0	122190.0
-1234	122607.0	122616.0
-1233	122409.0	123246.0
-1232	123176.0	122796.0
-1231	121769.0	122795.0
-1230	122889.0	122809.0
-1229	123453.0	122553.0
-1228	123025.0	122689.0
-1227	122288.0	123477.0
-1226	122891.0	122699.0
-1225	122748.0	122850.0
-1224	123451.0	123179.0
-1223	123340.0	122528.0
-1222	123396.0	123079.0
-1221	122968.0	122793.0
-1220	122665.0	123348.0
-1219	123116.0	122901.0
-1218	123020.0	122969.0
-1217	122926.0	123652.0
-1216	122639.0	123112.0
-1215	123282.0	123138.0
-1214	123328.0	122846.0
-1213	123659.0	123845.0
-1212	123734.0	122834.0
-1211	122835.0	122389.0
-1210	123420.0	123009.0
-1209	123602.0	122981.0
-1208	122754.0	122941.0
-1207	124024.0	122852.0
-1206	123219.0	123164.0
-1205	123081.0	123313.0
-1204	122814.0	123505.0
-1203	123335.0	123598.0
-1202	122822.0	123148.0
-1201	123088.0	123893.0
-1200	123573.0	123558.0
-1199	123681.0	123155.0
-1198	122971.0	123271.0
-1197	123594.0	123234.0
-1196	123615.0	123028.0
-1195	122609.0	123477.0
-1194	123467.0	123476.0
-1193	123299.0	123031.0
-1192	123784.0	123365.0
-1191	123888.0	123367.0
-1190	123254.0	123549.0
-1189	123509.0	123996.0
-1188	123604.0	123618.0
-1187	123684.0	123566.0
-1186	124000.0	123716.0
-1185	123352.0	123071.0
-1184	123445.0	122875.0
-1183	123991.0	123669.0
-1182	124256.0	123378.0
-1181	123407.0	123230.0
-1180	124031.0	123606.0
-1179	123886.0	123532.0
-1178	123113.0	123491.0
-1177	123423.0	123506.0
-1176	123589.0	123697.0
-1175	124228.0	123197.0
-1174	123745.0	123575.0
-1173	123626.0	123798.0
-1172	123828.0	123151.0
-1171	123193.0	123850.0
-1170	123374.0	123953.0
-1169	123970.0	123665.0
-1168	123866.0	123547.0
-1167	123338.0	123165.0
-1166	123732.0	123370.0
-1165	123596.0	124030.0
-1164	124018.0	123246.0
-1163	123638.0	123057.0
-1162	123676.0	123130.0
-1161	124247.0	123590.0
-1160	123781.0	123528.0
-1159	124144.0	123286.0
-1158	123584.0	123150.0
-1157	123989.0	123120.0
-1156	124309.0	123161.0
-1155	123608.0	123359.0
-1154	123862.0	123416.0
-1153	123789.0	123320.0
-1152	124048.0	123426.0
-1151	123334.0	122947.0
-1150	123844.0	123150.0
-1149	123837.0	123264.0
-1148	123895.0	123240.0
-1147	123289.0	123641.0
-1146	123990.0	123565.0
-1145	123473.0	123596.0
-1144	123564.0	123968.0
-1143	124108.0	124012.0
-1142	124067.0	123804.0
-1141	124111.0	123930.0
-1140	124776.0	123255.0
-1139	124031.0	123422.0
-1138	124066.0	123740.0
-1137	124473.0	123654.0
-1136	123232.0	123426.0
-1135	123674.0	123509.0
-1134	123540.0	123854.0
-1133	124186.0	123437.0
-1132	124345.0	123594.0
-1131	124228.0	124138.0
-1130	123812.0	123646.0
-1129	123297.0	123496.0
-1128	123801.0	123583.0
-1127	124036.0	123539.0
-1126	124141.0	123184.0
-1125	123996.0	123810.0
-1124	124028.0	123164.0
-1123	123945.0	123304.0
-1122	124613.0	123720.0
-1121	124374.0	123063.0
-1120	124237.0	123109.0
-1119	124384.0	123443.0
-1118	124028.0	123214.0
-1117	124090.0	123520.0
-1116	124003.0	123645.0
-1115	124077.0	123729.0
-1114	123613.0	123478.0
-1113	124393.0	122971.0
-1112	123867.0	122671.0
-1111	124421.0	123789.0
-1110	123787.0	123342.0
-1109	123966.0	123085.0
-1108	124091.0	123391.0
-1107	124593.0	123050.0
-1106	123817.0	123285.0
-1105	123887.0	123708.0
-1104	124282.0	123384.0
-1103	123739.0	123169.0
-1102	123549.0	123404.0
-1101	123853.0	123342.0
-1100	124320.0	122992.0
-1099	123986.0	123350.0
-1098	123789.0	123056.0
-1097	123619.0	123323.0
-1096	123997.0	123614.0
-1095	124155.0	123144.0
-1094	124635.0	122672.0
-1093	123898.0	123353.0
-1092	123983.0	123424.0
-1091	123604.0	123064.0
-1090	123730.0	123195.0
-1089	124061.0	123058.0
-1088	124181.0	123701.0
-1087	123865.0	122871.0
-1086	123840.0	122967.0
-1085	123466.0	123018.0
-1084	123796.0	123364.0
-1083	123766.0	123037.0
-1082	124204.0	123715.0
-1081	124396.0	123087.0
-1080	124351.0	123375.0
-1079	123281.0	123077.0
-1078	123721.0	123237.0
-1077	124362.0	123489.0
-1076	123870.0	122746.0
-1075	123959.0	122943.0
-1074	123992.0	123180.0
-1073	124080.0	122618.0
-1072	123554.0	122952.0
-1071	123882.0	123119.0
-1070	123885.0	123081.0
-1069	124553.0	123563.0
-1068	124410.0	123222.0
-1067	123510.0	122850.0
-1066	123747.0	123150.0
-1065	123842.0	124014.0
-1064	123811.0	123246.0
-1063	123946.0	123817.0
-1062	123451.0	122811.0
-1061	123593.0	122916.0
-1060	123494.0	122901.0
-1059	123697.0	123643.0
-1058	123633.0	123365.0
-1057	124288.0	123268.0
-1056	124305.0	122764.0
-1055	124018.0	123370.0
-1054	124017.0	123497.0
-1053	124275.0	123461.0
-1052	124029.0	123446.0
-1051	123906.0	123321.0
-1050	123952.0	123505.0
-1049	123947.0	123325.0
-1048	123707.0	123365.0
-1047	123547.0	124136.0
-1046	123317.0	123442.0
-1045	123916.0	123995.0
-1044	124348.0	123149.0
-1043	124131.0	123042.0
-1042	123916.0	123268.0
-1041	124626.0	123243.0
-1040	123907.0	123048.0
-1039	124268.0	123675.0
-1038	123710.0	123457.0
-1037	124481.0	123423.0
-1036	123384.0	123604.0
-1035	124145.0	124189.0
-1034	123196.0	123798.0
-1033	123775.0	124313.0
-1032	124171.0	123694.0
-1031	124243.0	124125.0
-1030	124203.0	123355.0
-1029	124089.0	123669.0
-1028	123901.0	123690.0
-1027	123890.0	123633.0
-1026	124026.0	123849.0
-1025	124258.0	123873.0
-1024	123466.0	123357.0
-1023	124218.0	124194.0
-1022	123712.0	124034.0
-1021	123236.0	123660.0
-1020	123958.0	124031.0
-1019	123764.0	123625.0
-1018	123831.0	123616.0
-1017	124258.0	124149.0
-1016	124518.0	123672.0
-1015	124285.0	123838.0
-1014	124067.0	123963.0
-1013	124490.0	123517.0
-1012	124092.0	123930.0
-1011	124817.0	124006.0
-1010	124224.0	123264.0
-1009	123746.0	124330.0
-1008	124134.0	124084.0
-1007	123902.0	124067.0
-1006	124171.0	124013.0
-1005	124818.0	124607.0
-1004	124300.0	123741.0
-1003	124791.0	124507.0
-1002	124781.0	124152.0
-1001	123805.0	123705.0
-1000	124362.0	124519.0
-999	124235.0	124239.0
-998	124512.0	124026.0
-997	123938.0	123802.0
-996	124215.0	124090.0
-995	124593.0	123829.0
-994	124470.0	124336.0
-993	124928.0	124028.0
-992	124977.0	123788.0
-991	124178.0	123740.0
-990	124580.0	124041.0
-989	124090.0	124012.0
-988	123359.0	123943.0
-987	124490.0	124127.0
-986	124491.0	124300.0
-985	124218.0	124213.0
-984	125046.0	124389.0
-983	125359.0	123786.0
-982	125191.0	124342.0
-981	124582.0	124400.0
-980	124590.0	124195.0
-979	124347.0	124398.0
-978	124457.0	124444.0
-977	125032.0	124005.0
-976	124802.0	124718.0
-975	124514.0	124344.0
-974	124782.0	124174.0
-973	124754.0	123922.0
-972	124676.0	124862.0
-971	124113.0	124304.0
-970	124555.0	124122.0
-969	124683.0	123977.0
-968	124665.0	123744.0
-967	124693.0	123575.0
-966	124842.0	123987.0
-965	124254.0	124118.0
-964	124237.0	123787.0
-963	124776.0	124273.0
-962	124326.0	124421.0
-961	124226.0	124364.0
-960	124723.0	124167.0
-959	124228.0	124385.0
-958	124936.0	125005.0
-957	124969.0	124125.0
-956	124727.0	123600.0
-955	124427.0	123829.0
-954	125014.0	124094.0
-953	125147.0	124115.0
-952	124536.0	124006.0
-951	124764.0	123704.0
-950	125019.0	123551.0
-949	124516.0	124615.0
-948	124829.0	124128.0
-947	124775.0	124514.0
-946	125043.0	124141.0
-945	124872.0	123823.0
-944	124442.0	124384.0
-943	124176.0	124935.0
-942	125014.0	124362.0
-941	124950.0	124184.0
-940	125107.0	124571.0
-939	125470.0	123911.0
-938	124981.0	124110.0
-937	124668.0	123673.0
-936	124759.0	124139.0
-935	124688.0	123985.0
-934	124795.0	124355.0
-933	124449.0	124512.0
-932	124803.0	123883.0
-931	125115.0	123999.0
-930	124926.0	123751.0
-929	124854.0	124144.0
-928	124478.0	124704.0
-927	124807.0	124003.0
-926	123856.0	123988.0
-925	124222.0	124042.0
-924	124656.0	124048.0
-923	124528.0	123711.0
-922	124743.0	124265.0
-921	125338.0	124078.0
-920	125169.0	124333.0
-919	124842.0	123748.0
-918	125190.0	124170.0
-917	124090.0	124162.0
-916	124804.0	124738.0
-915	124872.0	124563.0
-914	125069.0	123789.0
-913	124204.0	124176.0
-912	124694.0	124556.0
-911	124676.0	123650.0
-910	124238.0	124463.0
-909	124309.0	124185.0
-908	123795.0	123657.0
-907	124878.0	123411.0
-906	125189.0	123996.0
-905	124902.0	123833.0
-904	124787.0	124066.0
-903	125083.0	124145.0
-902	124281.0	123732.0
-901	125216.0	124365.0
-900	125155.0	123900.0
-899	124790.0	123348.0
-898	124484.0	123983.0
-897	124813.0	124305.0
-896	124823.0	123889.0
-895	124667.0	123855.0
-894	124859.0	124202.0
-893	124777.0	123569.0
-892	124689.0	124302.0
-891	125159.0	123606.0
-890	125035.0	124058.0
-889	124814.0	123962.0
-888	125024.0	123862.0
-887	124688.0	124575.0
-886	125126.0	123907.0
-885	125167.0	124455.0
-884	125119.0	123922.0
-883	124696.0	123850.0
-882	125001.0	124327.0
-881	124454.0	123747.0
-880	124684.0	124488.0
-879	125090.0	123892.0
-878	124428.0	124355.0
-877	124311.0	124061.0
-876	124894.0	123345.0
-875	124503.0	123769.0
-874	125056.0	124190.0
-873	125023.0	124155.0
-872	124818.0	123952.0
-871	124786.0	124526.0
-870	124822.0	124512.0
-869	124860.0	123489.0
-868	124985.0	124590.0
-867	124961.0	123822.0
-866	124089.0	124317.0
-865	124281.0	124185.0
-864	124750.0	123731.0
-863	124740.0	123901.0
-862	124644.0	124176.0
-861	125671.0	124115.0
-860	124799.0	123748.0
-859	125329.0	124445.0
-858	125370.0	124814.0
-857	124191.0	124412.0
-856	124544.0	124547.0
-855	125219.0	124978.0
-854	124825.0	123900.0
-853	124561.0	124198.0
-852	125290.0	124646.0
-851	124755.0	124367.0
-850	124902.0	124458.0
-849	125085.0	124404.0
-848	124145.0	124281.0
-847	124890.0	124121.0
-846	124555.0	124744.0
-845	124816.0	123887.0
-844	124410.0	124429.0
-843	124921.0	124443.0
-842	124824.0	123891.0
-841	125160.0	123707.0
-840	124961.0	124620.0
-839	124705.0	124136.0
-838	124819.0	124712.0
-837	124963.0	124433.0
-836	125050.0	124109.0
-835	124567.0	124957.0
-834	125439.0	124914.0
-833	124920.0	124577.0
-832	124951.0	124782.0
-831	125473.0	124747.0
-830	125108.0	124128.0
-829	124878.0	124828.0
-828	125030.0	125293.0
-827	124541.0	124532.0
-826	124859.0	124514.0
-825	125833.0	124177.0
-824	125292.0	123568.0
-823	125053.0	124475.0
-822	125388.0	124759.0
-821	125233.0	124341.0
-820	124891.0	123948.0
-819	125453.0	124619.0
-818	125118.0	123875.0
-817	124300.0	124834.0
-816	125778.0	124351.0
-815	124872.0	124206.0
-814	124844.0	124991.0
-813	125113.0	125011.0
-812	125292.0	124781.0
-811	124570.0	125016.0
-810	125148.0	124643.0
-809	125187.0	124611.0
-808	125378.0	124408.0
-807	125835.0	124799.0
-806	124868.0	124764.0
-805	125412.0	124907.0
-804	125655.0	124897.0
-803	124997.0	124626.0
-802	124854.0	124759.0
-801	125051.0	124586.0
-800	125129.0	124616.0
-799	124544.0	125212.0
-798	125107.0	125156.0
-797	124882.0	124448.0
-796	124650.0	124993.0
-795	125146.0	124913.0
-794	125139.0	125242.0
-793	124628.0	125168.0
-792	125707.0	124595.0
-791	125132.0	124399.0
-790	125143.0	124907.0
-789	124668.0	124410.0
-788	125359.0	124627.0
-787	124936.0	124545.0
-786	126170.0	124420.0
-785	125004.0	124595.0
-784	125531.0	125520.0
-783	125591.0	125374.0
-782	125397.0	124821.0
-781	124603.0	124933.0
-780	124988.0	124356.0
-779	125652.0	124405.0
-778	125894.0	124878.0
-777	126275.0	125511.0
-776	125448.0	124175.0
-775	125481.0	124752.0
-774	125892.0	124724.0
-773	125752.0	124830.0
-772	125515.0	124814.0
-771	126120.0	124995.0
-770	125025.0	124969.0
-769	124939.0	125175.0
-768	125626.0	124355.0
-767	125046.0	124749.0
-766	125721.0	125194.0
-765	125352.0	124819.0
-764	125147.0	124668.0
-763	124665.0	124886.0
-762	124863.0	125108.0
-761	125312.0	125042.0
-760	125399.0	125662.0
-759	125376.0	124836.0
-758	125801.0	124924.0
-757	125427.0	125223.0
-756	125613.0	125336.0
-755	125117.0	124669.0
-754	125642.0	125251.0
-753	126323.0	125207.0
-752	125329.0	124600.0
-751	125037.0	124813.0
-750	125345.0	125467.0
-749	124999.0	124752.0
-748	125154.0	124869.0
-747	125533.0	124458.0
-746	125077.0	124536.0
-745	125609.0	125531.0
-744	125651.0	124942.0
-743	125564.0	124915.0
-742	125218.0	125187.0
-741	125611.0	125207.0
-740	125027.0	125188.0
-739	125722.0	124936.0
-738	125244.0	125054.0
-737	126064.0	124609.0
-736	125224.0	125299.0
-735	125627.0	125519.0
-734	126040.0	124730.0
-733	125522.0	125135.0
-732	125666.0	124798.0
-731	125899.0	124734.0
-730	126088.0	125469.0
-729	126319.0	124522.0
-728	125987.0	124594.0
-727	125332.0	125221.0
-726	125448.0	124817.0
-725	125208.0	125513.0
-724	125803.0	125257.0
-723	126323.0	125320.0
-722	126166.0	125169.0
-721	125628.0	124558.0
-720	126006.0	124727.0
-719	125756.0	125062.0
-718	125308.0	125326.0
-717	126380.0	125038.0
-716	125564.0	125185.0
-715	125834.0	125466.0
-714	125800.0	124818.0
-713	125790.0	125105.0
-712	125718.0	125092.0
-711	126015.0	125772.0
-710	125743.0	124752.0
-709	125487.0	125008.0
-708	125652.0	124909.0
-707	125958.0	124697.0
-706	125486.0	125348.0
-705	126303.0	124602.0
-704	125129.0	124456.0
-703	125224.0	124895.0
-702	125972.0	124997.0
-701	125635.0	124856.0
-700	125887.0	125576.0
-699	125343.0	125291.0
-698	125356.0	124771.0
-697	125432.0	125128.0
-696	126309.0	125024.0
-695	124966.0	124979.0
-694	126130.0	124911.0
-693	126163.0	125220.0
-692	125459.0	124586.0
-691	125784.0	125440.0
-690	125931.0	124958.0
-689	125396.0	125070.0
-688	125465.0	125558.0
-687	125970.0	125382.0
-686	125298.0	124697.0
-685	125677.0	124893.0
-684	126900.0	124716.0
-683	126267.0	124649.0
-682	125880.0	124936.0
-681	126015.0	124559.0
-680	125783.0	124821.0
-679	125664.0	125367.0
-678	125501.0	124470.0
-677	126065.0	124772.0
-676	126061.0	125575.0
-675	125905.0	124986.0
-674	125759.0	124274.0
-673	125424.0	124968.0
-672	126351.0	125184.0
-671	125904.0	124277.0
-670	124553.0	124928.0
-669	126344.0	125083.0
-668	125379.0	124572.0
-667	126066.0	124788.0
-666	125949.0	125173.0
-665	125606.0	124506.0
-664	125319.0	124804.0
-663	125765.0	124792.0
-662	125837.0	124716.0
-661	125988.0	125127.0
-660	125437.0	125065.0
-659	125237.0	124542.0
-658	124666.0	124372.0
-657	125440.0	125348.0
-656	125392.0	125046.0
-655	125676.0	125171.0
-654	126063.0	125317.0
-653	125364.0	123709.0
-652	124706.0	124652.0
-651	125660.0	124835.0
-650	125374.0	124723.0
-649	124946.0	125453.0
-648	125264.0	125414.0
-647	125536.0	124639.0
-646	125569.0	125472.0
-645	126110.0	124466.0
-644	125810.0	124768.0
-643	125575.0	125010.0
-642	125798.0	125265.0
-641	125324.0	124294.0
-640	124966.0	124906.0
-639	125202.0	124420.0
-638	124936.0	124637.0
-637	125938.0	125123.0
-636	125838.0	125465.0
-635	124715.0	124948.0
-634	124681.0	124857.0
-633	124897.0	124902.0
-632	124769.0	124917.0
-631	125068.0	125347.0
-630	125795.0	125075.0
-629	124517.0	124428.0
-628	125361.0	125655.0
-627	125287.0	124872.0
-626	124982.0	124422.0
-625	124753.0	125041.0
-624	124822.0	125142.0
-623	124618.0	125248.0
-622	125039.0	125729.0
-621	125659.0	125364.0
-620	124830.0	125228.0
-619	124979.0	125466.0
-618	125821.0	125072.0
-617	125146.0	125510.0
-616	125335.0	125520.0
-615	125174.0	125407.0
-614	124922.0	124738.0
-613	124684.0	126160.0
-612	125714.0	126032.0
-611	125056.0	124857.0
-610	124682.0	125535.0
-609	125112.0	126028.0
-608	125400.0	125379.0
-607	125222.0	125155.0
-606	125357.0	125977.0
-605	124742.0	124814.0
-604	124632.0	125562.0
-603	125949.0	126072.0
-602	125351.0	125544.0
-601	124791.0	125699.0
-600	125455.0	125954.0
-599	125547.0	125341.0
-598	125443.0	126165.0
-597	126106.0	126109.0
-596	125771.0	126082.0
-595	125181.0	126229.0
-594	126043.0	125642.0
-593	125286.0	125613.0
-592	125676.0	125872.0
-591	126761.0	125643.0
-590	125873.0	125924.0
-589	125738.0	126618.0
-588	126132.0	126237.0
-587	125972.0	125720.0
-586	125667.0	125683.0
-585	125824.0	125736.0
-584	125872.0	125815.0
-583	125492.0	126283.0
-582	126269.0	126260.0
-581	125895.0	125596.0
-580	126331.0	126634.0
-579	126484.0	125877.0
-578	126180.0	125565.0
-577	126361.0	125928.0
-576	126365.0	125732.0
-575	126262.0	125942.0
-574	125530.0	126138.0
-573	126592.0	126257.0
-572	126345.0	125953.0
-571	125986.0	126160.0
-570	126210.0	126509.0
-569	125476.0	125718.0
-568	126475.0	126772.0
-567	126601.0	126702.0
-566	126663.0	126056.0
-565	125736.0	126020.0
-564	126521.0	126309.0
-563	126708.0	126004.0
-562	126594.0	126316.0
-561	126805.0	126665.0
-560	126187.0	126009.0
-559	126771.0	127269.0
-558	126990.0	125976.0
-557	126029.0	126030.0
-556	126535.0	126791.0
-555	127745.0	125592.0
-554	126637.0	125728.0
-553	126442.0	126501.0
-552	127199.0	126869.0
-551	127041.0	126243.0
-550	126164.0	126391.0
-549	127288.0	126847.0
-548	126862.0	125661.0
-547	126398.0	126457.0
-546	127454.0	127236.0
-545	127294.0	126202.0
-544	126879.0	126572.0
-543	127757.0	126350.0
-542	126914.0	126390.0
-541	126796.0	126157.0
-540	127473.0	126745.0
-539	126706.0	126464.0
-538	126893.0	126797.0
-537	127277.0	126598.0
-536	126248.0	126234.0
-535	127189.0	126231.0
-534	127264.0	126273.0
-533	126871.0	126697.0
-532	127434.0	126642.0
-531	127643.0	125474.0
-530	126676.0	125814.0
-529	127013.0	126767.0
-528	127406.0	125910.0
-527	126802.0	126145.0
-526	127029.0	126492.0
-525	127266.0	125464.0
-524	126795.0	126151.0
-523	126982.0	126440.0
-522	127623.0	126062.0
-521	127347.0	125424.0
-520	126697.0	126008.0
-519	127938.0	125718.0
-518	127133.0	125122.0
-517	127176.0	125245.0
-516	127296.0	126340.0
-515	127237.0	125333.0
-514	126823.0	125824.0
-513	127117.0	126311.0
-512	127135.0	125486.0
-511	126186.0	125154.0
-510	127182.0	125612.0
-509	126577.0	125068.0
-508	126956.0	125638.0
-507	127514.0	126074.0
-506	126452.0	125840.0
-505	126742.0	125821.0
-504	127346.0	126060.0
-503	127020.0	124736.0
-502	126635.0	126063.0
-501	127833.0	125685.0
-500	127013.0	125200.0
-499	126963.0	126083.0
-498	127326.0	125408.0
-497	126541.0	125182.0
-496	126685.0	125429.0
-495	127604.0	125042.0
-494	127155.0	124705.0
-493	126732.0	124960.0
-492	127325.0	125489.0
-491	126763.0	124792.0
-490	126562.0	125663.0
-489	127224.0	125159.0
-488	126151.0	124414.0
-487	126008.0	125116.0
-486	127333.0	124727.0
-485	126170.0	124915.0
-484	126558.0	125324.0
-483	127052.0	125010.0
-482	125668.0	124251.0
-481	125800.0	125219.0
-480	127244.0	124735.0
-479	126104.0	124307.0
-478	125772.0	124395.0
-477	126509.0	124959.0
-476	125787.0	124537.0
-475	126134.0	124778.0
-474	126486.0	124380.0
-473	125283.0	124469.0
-472	125837.0	125031.0
-471	125449.0	124581.0
-470	125716.0	124931.0
-469	125893.0	124945.0
-468	126272.0	124343.0
-467	125087.0	124939.0
-466	125112.0	125257.0
-465	125960.0	125378.0
-464	125504.0	124256.0
-463	125583.0	124556.0
-462	125410.0	124451.0
-461	125090.0	124703.0
-460	125270.0	125279.0
-459	126071.0	125443.0
-458	124969.0	124717.0
-457	125535.0	125000.0
-456	126146.0	125198.0
-455	125416.0	124393.0
-454	125146.0	125015.0
-453	125526.0	125514.0
-452	124190.0	124425.0
-451	124652.0	125152.0
-450	125509.0	125518.0
-449	124915.0	125008.0
-448	124769.0	125672.0
-447	125133.0	124805.0
-446	124325.0	124560.0
-445	124754.0	125395.0
-444	126285.0	125437.0
-443	125294.0	124986.0
-442	124868.0	126144.0
-441	125324.0	125725.0
-440	124616.0	125249.0
-439	124767.0	126333.0
-438	125190.0	125506.0
-437	125324.0	125012.0
-436	124972.0	126283.0
-435	125285.0	125982.0
-434	124714.0	125279.0
-433	124733.0	126056.0
-432	125448.0	126333.0
-431	124990.0	125135.0
-430	124656.0	125658.0
-429	125441.0	125843.0
-428	125002.0	125802.0
-427	125057.0	126008.0
-426	125979.0	126461.0
-425	124937.0	125904.0
-424	125275.0	126093.0
-423	125950.0	126106.0
-422	125241.0	126317.0
-421	124972.0	126865.0
-420	125926.0	127423.0
-419	125496.0	126896.0
-418	125160.0	127659.0
-417	125883.0	127351.0
-416	125020.0	126724.0
-415	125449.0	127471.0
-414	125979.0	127248.0
-413	125374.0	126362.0
-412	125891.0	127390.0
-411	126231.0	127331.0
-410	125399.0	126972.0
-409	125947.0	127626.0
-408	126071.0	127221.0
-407	125844.0	126777.0
-406	126261.0	127929.0
-405	127096.0	127685.0
-404	126464.0	127507.0
-403	126152.0	127893.0
-402	126740.0	127400.0
-401	125886.0	127548.0
-400	126013.0	128037.0
-399	127074.0	127771.0
-398	126172.0	127770.0
-397	126993.0	128150.0
-396	127836.0	127939.0
-395	126888.0	127746.0
-394	126520.0	128587.0
-393	127287.0	128396.0
-392	126533.0	128137.0
-391	126742.0	128683.0
-390	127665.0	128394.0
-389	127330.0	127624.0
-388	127061.0	128531.0
-387	127651.0	128226.0
-386	127399.0	128286.0
-385	127040.0	128136.0
-384	128475.0	128214.0
-383	127479.0	127667.0
-382	127760.0	128843.0
-381	128338.0	129383.0
-380	128124.0	128174.0
-379	128426.0	128365.0
-378	129045.0	128561.0
-377	128357.0	127381.0
-376	127507.0	128337.0
-375	129024.0	128876.0
-374	128392.0	128137.0
-373	127947.0	128460.0
-372	129124.0	128663.0
-371	128668.0	129157.0
-370	128429.0	128538.0
-369	129533.0	128057.0
-368	128595.0	127334.0
-367	129360.0	128253.0
-366	129705.0	128112.0
-365	128958.0	127274.0
-364	128779.0	128476.0
-363	129523.0	128297.0
-362	128649.0	128033.0
-361	128736.0	128690.0
-360	128815.0	128163.0
-359	128764.0	127570.0
-358	128861.0	128330.0
-357	129718.0	127502.0
-356	128618.0	127400.0
-355	128827.0	128391.0
-354	129956.0	127607.0
-353	128891.0	126942.0
-352	129279.0	127477.0
-351	129918.0	127533.0
-350	128756.0	127328.0
-349	129010.0	127348.0
-348	130105.0	127645.0
-347	128893.0	126903.0
-346	128653.0	127480.0
-345	129982.0	127210.0
-344	128939.0	126754.0
-343	129081.0	127613.0
-342	130141.0	126904.0
-341	128600.0	126265.0
-340	129265.0	127061.0
-339	129288.0	126608.0
-338	128901.0	125645.0
-337	129243.0	126937.0
-336	129455.0	127068.0
-335	128942.0	126438.0
-334	128789.0	127232.0
-333	129341.0	126679.0
-332	129258.0	126082.0
-331	129410.0	127179.0
-330	129572.0	126757.0
-329	128795.0	125666.0
-328	128552.0	126353.0
-327	128787.0	126943.0
-326	127786.0	125431.0
-325	128680.0	125814.0
-324	129217.0	126504.0
-323	128484.0	125433.0
-322	127864.0	126172.0
-321	128750.0	126491.0
-320	127996.0	125666.0
-319	127996.0	126226.0
-318	128762.0	125745.0
-317	127956.0	124500.0
-316	127792.0	125822.0
-315	128521.0	125713.0
-314	127567.0	125134.0
-313	127288.0	125876.0
-312	128295.0	125564.0
-311	127629.0	124772.0
-310	127290.0	125249.0
-309	128073.0	125078.0
-308	127185.0	124737.0
-307	126747.0	125223.0
-306	127538.0	125755.0
-305	126650.0	124128.0
-304	126653.0	125049.0
-303	127483.0	125594.0
-302	126679.0	124341.0
-301	126498.0	125352.0
-300	127011.0	124989.0
-299	126228.0	124734.0
-298	126006.0	124887.0
-297	127282.0	125050.0
-296	125956.0	125150.0
-295	125586.0	125196.0
-294	126559.0	124868.0
-293	125875.0	124697.0
-292	125836.0	124875.0
-291	126309.0	124983.0
-290	125313.0	124454.0
-289	124878.0	124859.0
-288	126376.0	125266.0
-287	125576.0	124334.0
-286	125573.0	125282.0
-285	126387.0	125179.0
-284	125422.0	124240.0
-283	124937.0	125384.0
-282	125627.0	124761.0
-281	124682.0	124265.0
-280	124743.0	125940.0
-279	125212.0	124902.0
-278	124685.0	124519.0
-277	123809.0	125164.0
-276	125180.0	125233.0
-275	124342.0	125190.0
-274	125004.0	126208.0
-273	125726.0	125736.0
-272	124186.0	124863.0
-271	125122.0	125382.0
-270	125209.0	125106.0
-269	124438.0	125364.0
-268	124718.0	126044.0
-267	125269.0	125599.0
-266	124379.0	125274.0
-265	124206.0	126264.0
-264	126192.0	126090.0
-263	124223.0	125143.0
-262	124680.0	126628.0
-261	124988.0	126567.0
-260	124169.0	125206.0
-259	124497.0	126588.0
-258	125634.0	125880.0
-257	124685.0	125778.0
-256	124310.0	126752.0
-255	125778.0	126763.0
-254	124645.0	125827.0
-253	124466.0	126782.0
-252	125753.0	127188.0
-251	124699.0	126309.0
-250	125078.0	127251.0
-249	125852.0	126785.0
-248	125083.0	125975.0
-247	124828.0	127854.0
-246	126185.0	128008.0
-245	125133.0	126657.0
-244	124567.0	127668.0
-243	125695.0	127884.0
-242	125242.0	127317.0
-241	125277.0	128359.0
-240	125979.0	128667.0
-239	125813.0	127434.0
-238	125549.0	128849.0
-237	126601.0	128818.0
-236	125545.0	127976.0
-235	125486.0	128695.0
-234	126534.0	128802.0
-233	125742.0	127961.0
-232	125699.0	129459.0
-231	127301.0	129336.0
-230	126786.0	128595.0
-229	126549.0	129483.0
-228	126860.0	129951.0
-227	126977.0	128458.0
-226	126671.0	130136.0
-225	128003.0	130118.0
-224	127084.0	129002.0
-223	126988.0	130149.0
-222	128386.0	130435.0
-221	127468.0	129482.0
-220	126746.0	130525.0
-219	128812.0	130250.0
-218	128085.0	129598.0
-217	128241.0	130431.0
-216	129835.0	130218.0
-215	128077.0	129491.0
-214	128545.0	131170.0
-213	129968.0	130859.0
-212	128734.0	130769.0
-211	128867.0	131144.0
-210	129882.0	131439.0
-209	129425.0	130168.0
-208	129406.0	131432.0
-207	130751.0	130673.0
-206	129613.0	130314.0
-205	129452.0	130741.0
-204	130512.0	131034.0
-203	130320.0	130248.0
-202	130391.0	131455.0
-201	130852.0	131037.0
-200	130922.0	130067.0
-199	131017.0	131435.0
-198	132135.0	130985.0
-197	131231.0	129921.0
-196	130610.0	130831.0
-195	131614.0	131795.0
-194	131128.0	130304.0
-193	131220.0	131725.0
-192	133426.0	130846.0
-191	131083.0	130303.0
-190	131631.0	131532.0
-189	133028.0	131162.0
-188	131653.0	129752.0
-187	131572.0	130722.0
-186	132972.0	130670.0
-185	131424.0	129192.0
-184	131844.0	130697.0
-183	133509.0	130628.0
-182	131955.0	129338.0
-181	132422.0	131018.0
-180	133572.0	130308.0
-179	131961.0	128547.0
-178	131736.0	130306.0
-177	132647.0	130173.0
-176	131929.0	128720.0
-175	132367.0	130181.0
-174	132976.0	129814.0
-173	132818.0	128491.0
-172	131814.0	130347.0
-171	133441.0	129748.0
-170	131814.0	128373.0
-169	132016.0	129443.0
-168	133818.0	129651.0
-167	132219.0	128146.0
-166	131036.0	128847.0
-165	133059.0	128837.0
-164	131155.0	127149.0
-163	131082.0	129088.0
-162	132691.0	128754.0
-161	131239.0	127192.0
-160	131513.0	128286.0
-159	132787.0	128438.0
-158	131477.0	127214.0
-157	131453.0	128191.0
-156	132530.0	128099.0
-155	131520.0	126890.0
-154	130853.0	127811.0
-153	132696.0	127653.0
-152	130454.0	126234.0
-151	131227.0	127871.0
-150	132444.0	126735.0
-149	131549.0	126339.0
-148	130933.0	127105.0
-147	131935.0	126755.0
-146	130893.0	125427.0
-145	130230.0	127067.0
-144	132273.0	126703.0
-143	130965.0	125814.0
-142	130479.0	125996.0
-141	132083.0	125855.0
-140	129680.0	125234.0
-139	129034.0	126024.0
-138	129745.0	125878.0
-137	128872.0	125621.0
-136	128761.0	126721.0
-135	129853.0	126156.0
-134	128530.0	125123.0
-133	129214.0	126006.0
-132	130916.0	126197.0
-131	129783.0	124785.0
-130	129188.0	126045.0
-129	129915.0	124951.0
-128	128368.0	124216.0
-127	127829.0	126055.0
-126	128749.0	125600.0
-125	127573.0	124349.0
-124	127662.0	126441.0
-123	129908.0	125840.0
-122	128803.0	124064.0
-121	129063.0	125453.0
-120	130109.0	125179.0
-119	128220.0	124274.0
-118	127379.0	125415.0
-117	128237.0	126207.0
-116	126228.0	124534.0
-115	126492.0	125788.0
-114	128282.0	126065.0
-113	128004.0	124974.0
-112	128617.0	125632.0
-111	130561.0	125116.0
-110	128808.0	123872.0
-109	128626.0	125628.0
-108	128840.0	125386.0
-107	126804.0	124312.0
-106	125733.0	125973.0
-105	127861.0	126065.0
-104	126216.0	125282.0
-103	127298.0	126413.0
-102	129872.0	125674.0
-101	128093.0	124505.0
-100	128277.0	125531.0
-99	129879.0	125562.0
-98	127740.0	125041.0
-97	127205.0	126078.0
-96	128105.0	126502.0
-95	126800.0	125422.0
-94	126767.0	126896.0
-93	128508.0	126508.0
-92	128343.0	124961.0
-91	127872.0	126918.0
-90	129479.0	126688.0
-89	128490.0	125099.0
-88	128206.0	126595.0
-87	128939.0	126938.0
-86	127122.0	125823.0
-85	127241.0	127164.0
-84	128354.0	127564.0
-83	127146.0	126078.0
-82	127445.0	127081.0
-81	129545.0	127281.0
-80	127923.0	126053.0
-79	128043.0	127295.0
-78	129031.0	127021.0
-77	127954.0	126958.0
-76	128092.0	128072.0
-75	129359.0	128165.0
-74	128010.0	127467.0
-73	128440.0	129007.0
-72	130448.0	129002.0
-71	129495.0	127161.0
-70	129693.0	128710.0
-69	131547.0	128001.0
-68	129529.0	126384.0
-67	129447.0	128661.0
-66	130656.0	129000.0
-65	129213.0	127957.0
-64	129104.0	130972.0
-63	130867.0	130491.0
-62	129736.0	128887.0
-61	130225.0	130407.0
-60	131955.0	130505.0
-59	130562.0	128559.0
-58	130399.0	130391.0
-57	130986.0	130535.0
-56	129042.0	129649.0
-55	128969.0	131338.0
-54	131856.0	132015.0
-53	131033.0	130215.0
-52	132199.0	132044.0
-51	134761.0	132010.0
-50	132837.0	130594.0
-49	132766.0	132534.0
-48	134799.0	131860.0
-47	131964.0	130843.0
-46	131873.0	133571.0
-45	133680.0	134142.0
-44	131847.0	132520.0
-43	132277.0	133968.0
-42	135063.0	134439.0
-41	134144.0	132396.0
-40	135024.0	134927.0
-39	138393.0	134246.0
-38	135753.0	133387.0
-37	135763.0	135241.0
-36	137044.0	134927.0
-35	134238.0	132861.0
-34	134323.0	135807.0
-33	137614.0	136349.0
-32	136626.0	134244.0
-31	138059.0	136657.0
-30	141445.0	135823.0
-29	139317.0	134204.0
-28	139240.0	136492.0
-27	140912.0	136619.0
-26	138390.0	134406.0
-25	137676.0	137632.0
-24	140418.0	137911.0
-23	137151.0	136090.0
-22	138021.0	138972.0
-21	140668.0	139400.0
-20	140295.0	138033.0
-19	141212.0	140479.0
-18	144148.0	140035.0
-17	140953.0	139096.0
-16	140563.0	142231.0
-15	142039.0	143094.0
-14	139309.0	141259.0
-13	140233.0	145627.0
-12	144767.0	146688.0
-11	143111.0	143904.0
-10	142483.0	147312.0
-9	147076.0	150209.0
-8	144485.0	151549.0
-7	141505.0	159099.0
-6	140842.0	162779.0
-5	133817.0	161522.0
-4	133753.0	165726.0
-3	148978.0	176264.0
-2	167435.0	171628.0
-1	256353.0	170073.0
0	2959.0	114584.0
1	256728.0	34703.0
2	167676.0	66507.0
3	147529.0	88576.0
4	133226.0	114961.0
5	133885.0	130917.0
6	139526.0	127477.0
7	141313.0	118538.0
8	144071.0	118186.0
9	146747.0	115916.0
10	143198.0	113696.0
11	142398.0	116472.0
12	144176.0	119595.0
13	139507.0	118646.0
14	139806.0	122458.0
15	142424.0	123752.0
16	140838.0	122239.0
17	141294.0	123989.0
18	144383.0	123614.0
19	141589.0	122163.0
20	140460.0	123695.0
21	141405.0	124988.0
22	137810.0	125647.0
23	137201.0	130087.0
24	139957.0	130709.0
25	137757.0	128189.0
26	138438.0	129615.0
27	140966.0	128132.0
28	139589.0	124785.0
29	139644.0	125838.0
30	141660.0	125811.0
31	137981.0	124453.0
32	136650.0	127990.0
33	136858.0	128454.0
34	134404.0	128550.0
35	134668.0	132513.0
36	137537.0	132462.0
37	135786.0	129462.0
38	136419.0	129595.0
39	138663.0	127990.0
40	135031.0	126175.0
41	134228.0	127832.0
42	135722.0	129702.0
43	132167.0	129907.0
44	132503.0	132222.0
45	134648.0	132734.0
46	132033.0	130829.0
47	132345.0	132402.0
48	134470.0	131868.0
49	132517.0	129379.0
50	132778.0	130185.0
51	134506.0	129800.0
52	132103.0	128879.0
53	130707.0	131007.0
54	131812.0	130992.0
55	129432.0	130381.0
56	129809.0	133516.0
57	131563.0	133687.0
58	130550.0	131048.0
59	130640.0	130811.0
60	132287.0	129537.0
61	129947.0	128004.0
62	129562.0	130428.0
63	131502.0	130627.0
64	129094.0	128370.0
65	128769.0	130000.0
66	130834.0	129960.0
67	129245.0	128399.0
68	129335.0	130273.0
69	131459.0	129021.0
70	130274.0	126509.0
71	129489.0	127505.0
72	130281.0	127748.0
73	128626.0	127338.0
74	128264.0	129526.0
75	129447.0	129099.0
76	128476.0	128207.0
77	127787.0	128656.0
78	129398.0	129067.0
79	127894.0	127351.0
80	127875.0	129047.0
81	129066.0	129323.0
82	127626.0	128133.0
83	127052.0	130385.0
84	128194.0	130758.0
85	126542.0	129681.0
86	126977.0	131587.0
87	129388.0	130102.0
88	128861.0	127094.0
89	128701.0	128294.0
90	129721.0	127558.0
91	128500.0	126368.0
92	127472.0	128881.0
93	129117.0	130246.0
94	126932.0	129934.0
95	126563.0	131925.0
96	128032.0	132106.0
97	127574.0	129539.0
98	127856.0	131040.0
99	129745.0	129788.0
100	128317.0	127447.0
101	128677.0	128629.0
102	129404.0	128247.0
103	127582.0	127799.0
104	126766.0	130746.0
105	127861.0	131881.0
106	125775.0	132014.0
107	127385.0	133685.0
108	128544.0	132865.0
109	128466.0	130098.0
110	128883.0	130290.0
111	130558.0	129141.0
112	128825.0	128513.0
113	127863.0	130576.0
114	128917.0	131494.0
115	126596.0	131856.0
116	126028.0	133869.0
117	128338.0	135341.0
118	127246.0	133865.0
119	128251.0	135055.0
120	130957.0	133171.0
121	129281.0	131247.0
122	129571.0	132378.0
123	130158.0	132490.0
124	128464.0	132045.0
125	127531.0	135201.0
126	128361.0	136465.0
127	127228.0	135813.0
128	128526.0	137296.0
129	130768.0	136519.0
130	129588.0	133647.0
131	130183.0	134437.0
132	131265.0	133718.0
133	129256.0	132560.0
134	128743.0	135621.0
135	129323.0	136465.0
136	127792.0	136766.0
137	128503.0	138698.0
138	130144.0	139327.0
139	129303.0	137228.0
140	130417.0	138459.0
141	132136.0	137794.0
142	131032.0	135618.0
143	131451.0	137794.0
144	132691.0	137182.0
145	130304.0	136285.0
146	130424.0	138468.0
147	132060.0	138616.0
148	130821.0	136835.0
149	131715.0	138628.0
150	132186.0	138033.0
151	131027.0	137122.0
152	131382.0	138462.0
153	132964.0	138650.0
154	131468.0	136858.0
155	131546.0	138511.0
156	132480.0	138642.0
157	131146.0	137023.0
158	131300.0	138189.0
159	132779.0	137873.0
160	131569.0	136901.0
161	131794.0	138473.0
162	132822.0	137387.0
163	131830.0	136451.0
164	131705.0	138317.0
165	133483.0	138785.0
166	132687.0	137126.0
167	132252.0	138473.0
168	133659.0	137858.0
169	132223.0	135759.0
170	132032.0	137164.0
171	133468.0	136671.0
172	132605.0	135696.0
173	132319.0	137219.0
174	132941.0	136752.0
175	131962.0	135303.0
176	131680.0	137201.0
177	133083.0	136775.0
178	131961.0	135180.0
179	132293.0	137292.0
180	133713.0	136027.0
181	132384.0	134836.0
182	132175.0	134921.0
183	133692.0	135624.0
184	131734.0	134254.0
185	131781.0	135295.0
186	133054.0	134926.0
187	132042.0	133276.0
188	132034.0	134654.0
189	132653.0	134052.0
190	132088.0	133008.0
191	131681.0	133710.0
192	132699.0	133079.0
193	131647.0	132839.0
194	131328.0	132992.0
195	132546.0	133232.0
196	131219.0	132042.0
197	131142.0	132585.0
198	132253.0	132451.0
199	130962.0	130837.0
200	130546.0	132229.0
201	131515.0	131908.0
202	129994.0	130283.0
203	129946.0	132004.0
204	130643.0	131481.0
205	129373.0	130525.0
206	129729.0	131695.0
207	131167.0	130994.0
208	128835.0	130248.0
209	129320.0	131136.0
210	130474.0	130354.0
211	129101.0	129335.0
212	128927.0	130779.0
213	130115.0	130343.0
214	128565.0	128466.0
215	128196.0	130577.0
216	128897.0	130622.0
217	127894.0	129284.0
218	128119.0	129838.0
219	128951.0	130291.0
220	128373.0	129056.0
221	128303.0	129970.0
222	128440.0	130244.0
223	127270.0	129371.0
224	127640.0	130204.0
225	128067.0	130372.0
226	126784.0	128629.0
227	126655.0	129737.0
228	127328.0	129526.0
229	126712.0	129422.0
230	126876.0	129473.0
231	127139.0	129141.0
232	126019.0	128858.0
233	125835.0	130047.0
234	126516.0	129543.0
235	125516.0	128973.0
236	126453.0	130364.0
237	126987.0	130148.0
238	125518.0	129360.0
239	124792.0	130251.0
240	126263.0	129940.0
241	124969.0	129142.0
242	125044.0	130250.0
243	126436.0	130507.0
244	125094.0	129098.0
245	125067.0	130603.0
246	126119.0	130786.0
247	124745.0	130531.0
248	124725.0	131752.0
249	125408.0	131262.0
250	124384.0	130111.0
251	124765.0	131588.0
252	126197.0	130776.0
253	125042.0	130061.0
254	125007.0	130991.0
255	125258.0	131050.0
256	124883.0	129914.0
257	124708.0	131252.0
258	126125.0	131608.0
259	124381.0	131049.0
260	124592.0	131802.0
261	125588.0	131953.0
262	124996.0	130901.0
263	124951.0	131841.0
264	124863.0	131528.0
265	124251.0	131838.0
266	124744.0	132514.0
267	126299.0	132767.0
268	124949.0	131568.0
269	124609.0	132826.0
270	125717.0	132158.0
271	124794.0	132339.0
272	124799.0	132401.0
273	125840.0	133530.0
274	124807.0	132249.0
275	124645.0	133373.0
276	125308.0	133225.0
277	124954.0	132873.0
278	124876.0	133712.0
279	126198.0	133498.0
280	124896.0	133659.0
281	125301.0	134469.0
282	126477.0	134029.0
283	125444.0	133133.0
284	125324.0	134686.0
285	126067.0	134954.0
286	124960.0	133350.0
287	125477.0	134412.0
288	126558.0	134587.0
289	125638.0	133390.0
290	125334.0	134861.0
291	126881.0	134643.0
292	125895.0	134260.0
293	125502.0	134711.0
294	126987.0	134835.0
295	126406.0	133856.0
296	126428.0	134573.0
297	127028.0	135760.0
298	126261.0	134090.0
299	126274.0	134650.0
300	127793.0	135024.0
301	126315.0	133982.0
302	126989.0	135373.0
303	127556.0	134754.0
304	126900.0	134157.0
305	127304.0	135965.0
306	127671.0	135891.0
307	126786.0	135035.0
308	127004.0	135779.0
309	128294.0	135515.0
310	127350.0	134771.0
311	127660.0	134954.0
312	128845.0	134965.0
313	127723.0	134242.0
314	127335.0	134605.0
315	128079.0	135145.0
316	128201.0	134162.0
317	127648.0	135265.0
318	128362.0	134948.0
319	127522.0	134893.0
320	128591.0	135241.0
321	129144.0	135262.0
322	128157.0	134508.0
323	128785.0	135502.0
324	129661.0	134408.0
325	128728.0	134437.0
326	128534.0	134927.0
327	129412.0	135098.0
328	128565.0	134531.0
329	129069.0	134641.0
330	129678.0	134680.0
331	128510.0	133542.0
332	128168.0	134687.0
333	129209.0	134286.0
334	128524.0	133543.0
335	128088.0	133842.0
336	129700.0	133892.0
337	128776.0	133595.0
338	128967.0	134221.0
339	129586.0	133604.0
340	128967.0	132262.0
341	128704.0	133025.0
342	130395.0	133165.0
343	129612.0	132040.0
344	129622.0	132839.0
345	130180.0	133271.0
346	129601.0	133014.0
347	129835.0	132681.0
348	129630.0	132614.0
349	129612.0	131725.0
350	129386.0	132339.0
351	130454.0	131730.0
352	129459.0	131144.0
353	128884.0	132522.0
354	129951.0	131237.0
355	129124.0	131155.0
356	129445.0	131033.0
357	130092.0	131509.0
358	128802.0	130616.0
359	129235.0	131533.0
360	129841.0	130904.0
361	129087.0	130307.0
362	128654.0	130525.0
363	129151.0	130193.0
364	129059.0	129986.0
365	129023.0	130517.0
366	129479.0	130809.0
367	129253.0	129745.0
368	128311.0	129888.0
369	129101.0	129969.0
370	128413.0	128957.0
371	128618.0	129125.0
372	128902.0	128963.0
373	128058.0	129098.0
374	128415.0	129546.0
375	128715.0	128222.0
376	128448.0	128093.0
377	128353.0	128748.0
378	128925.0	129037.0
379	128198.0	127847.0
380	127936.0	128826.0
381	128479.0	128654.0
382	127337.0	127594.0
383	127397.0	128388.0
384	127953.0	128604.0
385	127630.0	127497.0
386	127120.0	127468.0
387	127858.0	127813.0
388	127181.0	126656.0
389	127123.0	127577.0
390	127757.0	127756.0
391	126638.0	127065.0
392	126994.0	127244.0
393	128037.0	127353.0
394	126785.0	126911.0
395	127179.0	127627.0
396	127334.0	127460.0
397	126563.0	126064.0
398	127021.0	127414.0
399	127109.0	127084.0
400	126809.0	126382.0
401	126068.0	127476.0
402	126843.0	127503.0
403	126475.0	127260.0
404	126356.0	127384.0
405	127085.0	126893.0
406	126253.0	126270.0
407	126490.0	127771.0
408	126190.0	126933.0
409	125459.0	126795.0
410	126285.0	126839.0
411	126148.0	126845.0
412	125322.0	125984.0
413	125883.0	126670.0
414	126326.0	127090.0
415	125281.0	126688.0
416	125702.0	127669.0
417	126504.0	127020.0
418	125765.0	127092.0
419	125369.0	127157.0
420	126213.0	127327.0
421	125216.0	126385.0
422	124467.0	127509.0
423	125698.0	127291.0
424	125455.0	126521.0
425	125315.0	127682.0
426	125514.0	127069.0
427	124746.0	127204.0
428	125163.0	127301.0
429	125096.0	127829.0
430	125282.0	127637.0
431	124683.0	127586.0
432	125924.0	127564.0
433	124667.0	127050.0
434	124844.0	128010.0
435	125522.0	128081.0
436	124390.0	126889.0
437	124721.0	127465.0
438	125420.0	127556.0
439	125065.0	127097.0
440	124897.0	128089.0
441	125026.0	128341.0
442	124608.0	127491.0
443	125327.0	128177.0
444	125181.0	127429.0
445	124607.0	127720.0
446	124256.0	128573.0
447	125717.0	128677.0
448	124955.0	127937.0
449	124990.0	128466.0
450	125561.0	128209.0
451	124877.0	127725.0
452	124879.0	128488.0
453	125833.0	128988.0
454	125191.0	128756.0
455	125198.0	129095.0
456	125705.0	129633.0
457	125438.0	128821.0
458	125545.0	128998.0
459	126027.0	128155.0
460	125107.0	128430.0
461	125623.0	129228.0
462	126511.0	129171.0
463	126083.0	128727.0
464	126417.0	129110.0
465	126259.0	129049.0
466	125234.0	129032.0
467	125421.0	129540.0
468	126615.0	128771.0
469	125510.0	128890.0
470	125162.0	129129.0
471	126194.0	129257.0
472	126243.0	128529.0
473	125967.0	128840.0
474	126737.0	130032.0
475	126053.0	128740.0
476	125909.0	129562.0
477	126211.0	129119.0
478	126024.0	128842.0
479	126237.0	129626.0
480	126892.0	128998.0
481	126728.0	128866.0
482	126745.0	129861.0
483	127065.0	129438.0
484	126978.0	128958.0
485	126451.0	128995.0
486	126754.0	128700.0
487	126135.0	129039.0
488	126203.0	130006.0
489	126754.0	130036.0
490	126168.0	129200.0
491	126769.0	129917.0
492	127257.0	129322.0
493	126705.0	128608.0
494	126939.0	129103.0
495	127645.0	129314.0
496	126642.0	128965.0
497	126755.0	129213.0
498	126739.0	129444.0
499	126853.0	129283.0
500	126259.0	129959.0
501	127315.0	129201.0
502	126838.0	128092.0
503	126571.0	129340.0
504	127812.0	129600.0
505	127006.0	129001.0
506	127142.0	129060.0
507	127028.0	129301.0
508	126674.0	127942.0
509	126815.0	128936.0
510	128184.0	129106.0
511	126799.0	128738.0
512	127185.0	129243.0
513	127400.0	128513.0
514	127104.0	128638.0
515	127096.0	128778.0
516	127317.0	128201.0
517	127469.0	128256.0
518	127651.0	128776.0
519	128318.0	128307.0
520	127368.0	127774.0
521	127003.0	127824.0
522	127368.0	127961.0
523	127697.0	128222.0
524	127288.0	128918.0
525	127844.0	128041.0
526	126899.0	127941.0
527	127348.0	128012.0
528	127375.0	127670.0
529	126910.0	127617.0
530	127475.0	127475.0
531	127563.0	127336.0
532	127331.0	127564.0
533	127253.0	128300.0
534	127812.0	127834.0
535	127020.0	127648.0
536	127211.0	127683.0
537	127760.0	127318.0
538	126754.0	127236.0
539	127121.0	127244.0
540	127423.0	127521.0
541	127368.0	126935.0
542	126993.0	127629.0
543	127077.0	126679.0
544	126912.0	127087.0
545	126914.0	127173.0
546	127529.0	127253.0
547	126762.0	126884.0
548	126688.0	127017.0
549	127297.0	127097.0
550	127086.0	126209.0
551	127028.0	126927.0
552	126709.0	127004.0
553	126164.0	126289.0
554	126830.0	126712.0
555	127120.0	127076.0
556	126179.0	126668.0
557	126685.0	126519.0
558	126193.0	126237.0
559	126090.0	126402.0
560	126417.0	126548.0
561	126481.0	126738.0
562	126132.0	126588.0
563	125936.0	126352.0
564	126706.0	126059.0
565	126083.0	125863.0
566	126542.0	126130.0
567	127163.0	126722.0
568	126333.0	125937.0
569	125780.0	126352.0
570	126576.0	125645.0
571	125988.0	126043.0
572	125902.0	126628.0
573	126797.0	126658.0
574	126200.0	126021.0
575	125552.0	126485.0
576	126320.0	126077.0
577	126168.0	125984.0
578	126141.0	126196.0
579	126228.0	126180.0
580	125743.0	125606.0
581	125520.0	126575.0
582	126391.0	126045.0
583	125871.0	125392.0
584	125195.0	125650.0
585	125773.0	125811.0
586	126241.0	125604.0
587	125675.0	126044.0
588	126490.0	125607.0
589	124961.0	125326.0
590	125404.0	126015.0
591	125801.0	126012.0
592	126282.0	125565.0
593	126138.0	126079.0
594	126392.0	126022.0
595	125757.0	125877.0
596	125976.0	125841.0
597	125806.0	125479.0
598	125342.0	125450.0
599	124832.0	126232.0
600	125588.0	125740.0
601	125268.0	126212.0
602	125525.0	126080.0
603	125638.0	126121.0
604	124739.0	125521.0
605	125822.0	125538.0
606	125394.0	126509.0
607	125239.0	126348.0
608	125183.0	126769.0
609	125188.0	126069.0
610	125294.0	126382.0
611	125540.0	126737.0
612	125626.0	127037.0
613	124662.0	125902.0
614	124975.0	126144.0
615	125710.0	126979.0
616	125796.0	126245.0
617	125616.0	126854.0
618	125947.0	126130.0
619	125444.0	125940.0
620	125349.0	126918.0
621	125971.0	126120.0
622	125121.0	125945.0
623	125702.0	126468.0
624	126270.0	126085.0
625	125470.0	125414.0
626	125967.0	126344.0
627	125677.0	126319.0
628	125305.0	126143.0
629	125566.0	126590.0
630	125616.0	126603.0
631	125496.0	126533.0
632	124808.0	126916.0
633	125428.0	126638.0
634	125305.0	126790.0
635	125107.0	127410.0
636	125958.0	126537.0
637	125263.0	126522.0
638	125638.0	126515.0
639	125907.0	126573.0
640	124980.0	126396.0
641	125364.0	127005.0
642	125579.0	127086.0
643	125125.0	126879.0
644	125196.0	126564.0
645	126171.0	127055.0
646	126095.0	126401.0
647	125867.0	127236.0
648	125965.0	126762.0
649	125836.0	126121.0
650	125235.0	126515.0
651	126049.0	127158.0
652	125618.0	126035.0
653	125447.0	126780.0
654	125125.0	126159.0
655	126107.0	125870.0
656	125631.0	126911.0
657	125377.0	127085.0
658	124963.0	126343.0
659	125322.0	126664.0
660	125914.0	126927.0
661	125255.0	126655.0
662	125587.0	126810.0
663	125736.0	126778.0
664	126030.0	126388.0
665	125925.0	126619.0
666	126494.0	126439.0
667	126106.0	126439.0
668	125959.0	127092.0
669	125825.0	126797.0
670	125334.0	126536.0
671	125928.0	126863.0
672	126676.0	126806.0
673	125651.0	125794.0
674	125336.0	126753.0
675	126203.0	126705.0
676	125615.0	125825.0
677	125653.0	127172.0
678	126241.0	126570.0
679	125986.0	126305.0
680	124886.0	126580.0
681	126069.0	126909.0
682	125521.0	126772.0
683	125949.0	126570.0
684	126022.0	126239.0
685	125767.0	126070.0
686	125664.0	126566.0
687	126254.0	126519.0
688	126124.0	126174.0
689	125363.0	126749.0
690	126099.0	126406.0
691	125376.0	126030.0
692	125198.0	126805.0
693	126107.0	127069.0
694	125107.0	126317.0
695	125893.0	126740.0
696	125789.0	126149.0
697	125713.0	125627.0
698	125685.0	126385.0
699	125576.0	126710.0
700	125698.0	126510.0
701	125567.0	126596.0
702	125768.0	125537.0
703	125582.0	124899.0
704	125474.0	126000.0
705	125876.0	125559.0
706	125760.0	126441.0
707	125625.0	126176.0
708	126191.0	126826.0
709	125257.0	126194.0
710	125806.0	126946.0
711	126266.0	126266.0
712	126229.0	125942.0
713	125660.0	126378.0
714	126415.0	126028.0
715	125518.0	125706.0
716	125701.0	126539.0
717	125910.0	125729.0
718	125837.0	126125.0
719	125273.0	126869.0
720	126293.0	125667.0
721	125925.0	125809.0
722	125453.0	126082.0
723	125762.0	126213.0
724	125522.0	125193.0
725	125226.0	125826.0
726	126212.0	125754.0
727	125701.0	125758.0
728	125395.0	125761.0
729	125863.0	125974.0
730	125746.0	125575.0
731	125882.0	125907.0
732	125567.0	126148.0
733	125772.0	125437.0
734	125481.0	126285.0
735	125964.0	126064.0
736	124828.0	125498.0
737	124751.0	126346.0
738	126280.0	125840.0
739	125412.0	125736.0
740	125664.0	125519.0
741	125931.0	125691.0
742	125697.0	124670.0
743	125699.0	126045.0
744	125753.0	126371.0
745	125885.0	125414.0
746	125110.0	126175.0
747	125961.0	125811.0
748	125213.0	125241.0
749	125192.0	126313.0
750	125724.0	125317.0
751	125637.0	125994.0
752	125681.0	125855.0
753	125983.0	125814.0
754	124959.0	125206.0
755	125052.0	125605.0
756	125244.0	125906.0
757	124998.0	125162.0
758	124745.0	126017.0
759	125374.0	125909.0
760	125171.0	126170.0
761	125446.0	126007.0
762	125806.0	125378.0
763	125780.0	125432.0
764	124950.0	126345.0
765	125593.0	125581.0
766	125187.0	125184.0
767	125327.0	125876.0
768	125585.0	125862.0
769	125039.0	124805.0
770	125182.0	125451.0
771	125536.0	125174.0
772	124507.0	125591.0
773	124539.0	125950.0
774	125374.0	125474.0
775	125057.0	125112.0
776	125151.0	125643.0
777	125314.0	125735.0
778	124707.0	125680.0
779	124481.0	125819.0
780	125068.0	126075.0
781	125334.0	125855.0
782	125625.0	125845.0
783	124944.0	125603.0
784	124391.0	125381.0
785	124575.0	125541.0
786	125659.0	125934.0
787	125005.0	125116.0
788	125218.0	125233.0
789	126038.0	124992.0
790	125082.0	125610.0
791	124918.0	125309.0
792	125443.0	125783.0
793	125137.0	125451.0
794	125050.0	125685.0
795	125259.0	125662.0
796	124620.0	125552.0
797	124988.0	125651.0
798	125398.0	125535.0
799	125109.0	125949.0
800	125171.0	125952.0
801	125377.0	125694.0
802	125128.0	124725.0
803	125581.0	125145.0
804	125636.0	125429.0
805	125443.0	125216.0
806	124949.0	125778.0
807	124934.0	125827.0
808	124780.0	124954.0
809	125051.0	125688.0
810	124981.0	125721.0
811	125173.0	125712.0
812	124953.0	126196.0
813	125029.0	125652.0
814	125109.0	125521.0
815	125070.0	125522.0
816	125407.0	124996.0
817	125136.0	125309.0
818	124958.0	125794.0
819	125175.0	125403.0
820	125037.0	125374.0
821	124486.0	125897.0
822	124774.0	125970.0
823	124862.0	125491.0
824	125132.0	125813.0
825	125338.0	125822.0
826	125476.0	124694.0
827	125385.0	125152.0
828	125003.0	125163.0
829	124757.0	125301.0
830	124690.0	125429.0
831	124750.0	125526.0
832	124478.0	125613.0
833	124909.0	126051.0
834	125411.0	126151.0
835	125272.0	125859.0
836	124754.0	126222.0
837	124854.0	125933.0
838	125217.0	124985.0
839	124712.0	125687.0
840	125165.0	125532.0
841	124913.0	125210.0
842	125249.0	125970.0
843	125331.0	125982.0
844	125015.0	125205.0
845	125660.0	124987.0
846	125480.0	125564.0
847	125068.0	124904.0
848	124942.0	125500.0
849	124565.0	125598.0
850	124649.0	124925.0
851	124735.0	125854.0
852	125446.0	125614.0
853	124687.0	125645.0
854	124890.0	125292.0
855	125853.0	124586.0
856	124452.0	125193.0
857	124126.0	126286.0
858	125015.0	125702.0
859	124935.0	125901.0
860	124939.0	125373.0
861	124997.0	125365.0
862	125113.0	124831.0
863	125055.0	125111.0
864	125527.0	125493.0
865	124714.0	125395.0
866	124205.0	125933.0
867	125102.0	125629.0
868	125013.0	124788.0
869	125355.0	125202.0
870	125118.0	124895.0
871	124535.0	125040.0
872	124831.0	125246.0
873	124614.0	125251.0
874	124697.0	125049.0
875	124712.0	125152.0
876	125287.0	125925.0
877	124965.0	124996.0
878	124489.0	125735.0
879	125126.0	125656.0
880	125140.0	125290.0
881	124987.0	125201.0
882	124819.0	125491.0
883	124963.0	125596.0
884	124619.0	125524.0
885	124593.0	124902.0
886	124474.0	124550.0
887	124859.0	125200.0
888	124313.0	125296.0
889	124681.0	125399.0
890	125124.0	125475.0
891	124662.0	125345.0
892	124368.0	124731.0
893	124568.0	125129.0
894	124671.0	124954.0
895	125011.0	124856.0
896	124151.0	125303.0
897	124439.0	125773.0
898	124249.0	125222.0
899	124609.0	125701.0
900	125117.0	125481.0
901	124792.0	124633.0
902	124752.0	125160.0
903	125193.0	125349.0
904	124966.0	125033.0
905	124761.0	125660.0
906	124972.0	125167.0
907	124550.0	124745.0
908	124410.0	125139.0
909	124781.0	125207.0
910	124452.0	124782.0
911	124884.0	126009.0
912	124261.0	125486.0
913	124214.0	125193.0
914	124033.0	125294.0
915	125290.0	125276.0
916	124688.0	124432.0
917	124161.0	124635.0
918	124909.0	125253.0
919	124825.0	124978.0
920	124630.0	124953.0
921	125030.0	125283.0
922	124789.0	124985.0
923	124948.0	125142.0
924	124862.0	125394.0
925	125165.0	125146.0
926	125136.0	125384.0
927	124921.0	125079.0
928	124718.0	125445.0
929	124621.0	125278.0
930	125207.0	125003.0
931	124970.0	124396.0
932	124669.0	125107.0
933	124791.0	124973.0
934	124878.0	124410.0
935	124524.0	124603.0
936	124771.0	125546.0
937	124318.0	124976.0
938	124602.0	125183.0
939	125382.0	124900.0
940	125074.0	125141.0
941	125034.0	124717.0
942	124928.0	124884.0
943	124224.0	124947.0
944	124587.0	124996.0
945	124920.0	125177.0
946	124676.0	125480.0
947	124533.0	125850.0
948	125365.0	124924.0
949	124550.0	124783.0
950	124406.0	124845.0
951	125275.0	124960.0
952	124199.0	124727.0
953	124071.0	125087.0
954	124877.0	125691.0
955	124415.0	125035.0
956	125307.0	124858.0
957	124926.0	124931.0
958	124746.0	124959.0
959	124341.0	124643.0
960	124518.0	125681.0
961	124609.0	125626.0
962	124415.0	125473.0
963	124603.0	124787.0
964	124213.0	125371.0
965	124968.0	125444.0
966	124800.0	124848.0
967	124872.0	124211.0
968	125118.0	125551.0
969	124973.0	125023.0
970	124404.0	124794.0
971	124634.0	124948.0
972	124645.0	125371.0
973	125024.0	124528.0
974	124214.0	124555.0
975	125220.0	124660.0
976	123861.0	125034.0
977	124324.0	124894.0
978	124868.0	125008.0
979	124487.0	125242.0
980	124078.0	124317.0
981	124929.0	125021.0
982	123838.0	124455.0
983	124951.0	124305.0
984	124939.0	124892.0
985	124890.0	124319.0
986	124520.0	124826.0
987	124765.0	124627.0
988	124459.0	124595.0
989	124714.0	124935.0
990	124342.0	124868.0
991	124510.0	125023.0
992	124575.0	125246.0
993	125116.0	124802.0
994	124487.0	124853.0
995	124422.0	124928.0
996	124151.0	124528.0
997	124999.0	124577.0
998	124565.0	124745.0
999	124351.0	124779.0
1000	123999.0	124627.0
1001	124181.0	124656.0
1002	124456.0	124934.0
1003	124220.0	124340.0
1004	123690.0	124224.0
1005	124777.0	124851.0
1006	123980.0	124463.0
1007	123776.0	124951.0
1008	124658.0	124494.0
1009	124697.0	124903.0
1010	124167.0	124545.0
1011	124495.0	124981.0
1012	123821.0	124239.0
1013	124268.0	124862.0
1014	124576.0	124668.0
1015	123745.0	125025.0
1016	124065.0	124807.0
1017	124087.0	124280.0
1018	124067.0	124343.0
1019	123758.0	124297.0
1020	124090.0	124401.0
1021	123901.0	124333.0
1022	124514.0	124101.0
1023	124490.0	124831.0
1024	124732.0	124591.0
1025	123725.0	124659.0
1026	124242.0	124691.0
1027	124223.0	124923.0
1028	123593.0	125003.0
1029	124343.0	125182.0
1030	124443.0	124547.0
1031	124162.0	123808.0
1032	124475.0	124612.0
1033	123948.0	124604.0
1034	123604.0	124842.0
1035	123968.0	124497.0
1036	123659.0	124156.0
1037	124345.0	124994.0
1038	123867.0	124578.0
1039	124169.0	124056.0
1040	123780.0	123851.0
1041	124209.0	124526.0
1042	124352.0	124542.0
1043	124194.0	124866.0
1044	124449.0	124444.0
1045	124063.0	124233.0
1046	124175.0	124046.0
1047	124148.0	123573.0
1048	123485.0	124563.0
1049	124361.0	124365.0
1050	124191.0	124423.0
1051	123829.0	123833.0
1052	124430.0	124872.0
1053	123871.0	124042.0
1054	123188.0	124708.0
1055	123466.0	124887.0
1056	123862.0	124481.0
1057	123932.0	124328.0
1058	123860.0	124277.0
1059	123746.0	124423.0
1060	123889.0	124453.0
1061	123696.0	124126.0
1062	124503.0	124248.0
1063	124060.0	124542.0
1064	123484.0	123822.0
1065	123533.0	124519.0
1066	123710.0	123551.0
1067	123637.0	124283.0
1068	123994.0	125128.0
1069	124082.0	124382.0
1070	123968.0	124611.0
1071	124038.0	125051.0
1072	123855.0	124864.0
1073	124514.0	124372.0
1074	124101.0	124366.0
1075	123445.0	124772.0
1076	123470.0	124176.0
1077	124032.0	124439.0
1078	123934.0	124821.0
1079	123948.0	124249.0
1080	124370.0	124472.0
1081	123661.0	124439.0
1082	123497.0	124414.0
1083	124003.0	124718.0
1084	123399.0	124859.0
1085	123572.0	124131.0
1086	123752.0	124648.0
1087	124105.0	124331.0
1088	123877.0	125178.0
1089	123962.0	124927.0
1090	123557.0	124287.0
1091	123153.0	124866.0
1092	123583.0	124464.0
1093	123158.0	124524.0
1094	123701.0	124491.0
1095	124075.0	123925.0
1096	123620.0	124414.0
1097	124038.0	124568.0
1098	124210.0	124706.0
1099	124128.0	124696.0
1100	123981.0	124712.0
1101	124535.0	124242.0
1102	123899.0	124683.0
1103	122754.0	124873.0
1104	124334.0	125435.0
1105	124315.0	124224.0
1106	124321.0	124993.0
1107	124076.0	124757.0
1108	124164.0	124412.0
1109	123967.0	125037.0
1110	124064.0	125056.0
1111	123674.0	124800.0
1112	124095.0	125012.0
1113	124872.0	124405.0
1114	124021.0	124737.0
1115	123663.0	125063.0
1116	124109.0	124596.0
1117	124197.0	124074.0
1118	123993.0	124510.0
1119	124005.0	124867.0
1120	123928.0	124389.0
1121	124231.0	124954.0
1122	124293.0	124657.0
1123	124155.0	124539.0
1124	124312.0	124732.0
1125	124386.0	125064.0
1126	124643.0	124790.0
1127	124692.0	124823.0
1128	124386.0	123975.0
1129	124118.0	123897.0
1130	124046.0	124424.0
1131	124802.0	124437.0
1132	124161.0	124905.0
1133	124163.0	124132.0
1134	124397.0	124644.0
1135	123616.0	125111.0
1136	124438.0	125186.0
1137	124570.0	124825.0
1138	123912.0	124490.0
1139	123528.0	124674.0
1140	124264.0	124269.0
1141	124592.0	124151.0
1142	124341.0	124515.0
1143	123887.0	124906.0
1144	123648.0	124396.0
1145	123685.0	124397.0
1146	124457.0	124578.0
1147	123501.0	124363.0
1148	123903.0	124562.0
1149	123827.0	124264.0
1150	124187.0	124033.0
1151	124523.0	124422.0
1152	125174.0	124351.0
1153	124318.0	123489.0
1154	124549.0	124064.0
1155	123738.0	124317.0
1156	123574.0	124120.0
1157	122923.0	124016.0
1158	123796.0	124252.0
1159	124055.0	124469.0
1160	123773.0	124387.0
1161	124650.0	124366.0
1162	123454.0	123998.0
1163	124194.0	124113.0
1164	123835.0	123640.0
1165	124120.0	123793.0
1166	124111.0	124109.0
1167	124020.0	124152.0
1168	124027.0	123741.0
1169	123414.0	124116.0
1170	123882.0	124320.0
1171	123587.0	123441.0
1172	123516.0	123900.0
1173	123812.0	124229.0
1174	123425.0	123940.0
1175	123309.0	124023.0
1176	123902.0	124056.0
1177	123449.0	123546.0
1178	123370.0	123777.0
1179	123413.0	123548.0
1180	123766.0	123673.0
1181	123934.0	123894.0
1182	124147.0	123779.0
1183	123625.0	123784.0
1184	123985.0	124111.0
1185	123339.0	123338.0
1186	123488.0	123815.0
1187	124272.0	123697.0
1188	123756.0	124169.0
1189	123131.0	123314.0
1190	123040.0	123561.0
1191	123077.0	123699.0
1192	122683.0	123223.0
1193	122638.0	123815.0
1194	123866.0	123350.0
1195	122940.0	123579.0
1196	122889.0	123582.0
1197	123313.0	123450.0
1198	123222.0	123409.0
1199	123494.0	124114.0
1200	123689.0	123827.0
1201	123143.0	123488.0
1202	122793.0	124206.0
1203	123735.0	123725.0
1204	122926.0	123350.0
1205	123205.0	123603.0
1206	123080.0	123838.0
1207	122930.0	124273.0
1208	123536.0	123911.0
1209	123287.0	124161.0
1210	123254.0	123743.0
1211	122922.0	123679.0
1212	123203.0	123810.0
1213	123103.0	123932.0
1214	123371.0	123877.0
1215	122946.0	123325.0
1216	122909.0	123618.0
1217	123636.0	124175.0
1218	123596.0	123580.0
1219	123248.0	123288.0
1220	123632.0	123228.0
1221	123059.0	123759.0
1222	123185.0	123676.0
1223	122614.0	123497.0
1224	123657.0	123512.0
1225	122839.0	123950.0
1226	123368.0	123984.0
1227	123221.0	123324.0
1228	123244.0	122865.0
1229	123369.0	123406.0
1230	123173.0	123341.0
1231	122845.0	123466.0
1232	122793.0	123913.0
1233	123225.0	123663.0
1234	122896.0	123528.0
1235	122965.0	124055.0
1236	123299.0	124313.0
1237	123160.0	124026.0
1238	122844.0	124076.0
1239	122842.0	123838.0
1240	123396.0	123777.0
1241	123055.0	123560.0
1242	123199.0	124504.0
1243	123577.0	123536.0
1244	123206.0	123781.0
1245	123130.0	123378.0
1246	122583.0	123921.0
1247	122685.0	123555.0
1248	122877.0	123925.0
1249	123382.0	123384.0
1250	123456.0	123879.0
1251	123403.0	123625.0
1252	123558.0	123546.0
1253	123956.0	123915.0
1254	123235.0	123467.0
1255	123437.0	123468.0
1256	123427.0	123781.0
1257	123764.0	123983.0
1258	122769.0	123598.0
1259	123383.0	123865.0
1260	123972.0	124115.0
1261	123027.0	123577.0
1262	124008.0	123751.0
1263	123338.0	123474.0
1264	123034.0	123711.0
1265	123041.0	123857.0
1266	123205.0	123757.0
1267	123145.0	123972.0
1268	122725.0	123682.0
1269	123470.0	124174.0
1270	122933.0	123761.0
1271	122642.0	124133.0
1272	123353.0	123897.0
1273	122921.0	124110.0
1274	123588.0	124105.0
1275	123530.0	123882.0
1276	123860.0	123846.0
1277	123115.0	123854.0
1278	123364.0	124037.0
1279	123435.0	124022.0
1280	123728.0	124105.0
1281	122951.0	124354.0
1282	123379.0	124641.0
1283	123013.0	124188.0
1284	123987.0	123798.0
1285	123104.0	123747.0
1286	123834.0	124385.0
1287	123929.0	124092.0
1288	123759.0	123710.0
1289	123104.0	124433.0
1290	123840.0	124508.0
1291	123629.0	123895.0
1292	123369.0	123836.0
1293	123112.0	124168.0
1294	123515.0	124429.0
1295	123722.0	123781.0
1296	123761.0	124137.0
1297	123552.0	124163.0
1298	123453.0	123767.0
1299	123796.0	124186.0
1300	124106.0	123703.0
1301	123678.0	123799.0
1302	123715.0	123905.0
1303	123311.0	123383.0
1304	123432.0	123319.0
1305	123475.0	124216.0
1306	123422.0	123605.0
1307	123290.0	123831.0
1308	123408.0	123943.0
1309	122691.0	123472.0
1310	123790.0	123918.0
1311	123612.0	123978.0
1312	123265.0	123266.0
1313	123107.0	123824.0
1314	123605.0	123666.0
1315	123121.0	123307.0
1316	123067.0	123501.0
1317	123630.0	123689.0
1318	123701.0	123300.0
1319	123476.0	123687.0
1320	123543.0	122927.0
1321	123142.0	123845.0
1322	122806.0	123960.0
1323	122816.0	123887.0
1324	122991.0	123545.0
1325	123112.0	123176.0
1326	123394.0	124105.0
1327	123274.0	123330.0
1328	122960.0	123770.0
1329	123422.0	123524.0
1330	122757.0	122984.0
1331	123140.0	123903.0
1332	123087.0	123663.0
1333	123754.0	123668.0
1334	123148.0	123620.0
1335	123503.0	123515.0
1336	122600.0	123378.0
1337	123124.0	123862.0
1338	123275.0	123444.0
1339	123377.0	123582.0
1340	122803.0	122818.0
1341	123081.0	123507.0
1342	123322.0	123631.0
1343	123502.0	123925.0
1344	123190.0	123391.0
1345	123280.0	123191.0
1346	122766.0	123465.0
1347	123284.0	123686.0
1348	122868.0	123189.0
1349	122328.0	124111.0
1350	123026.0	123542.0
1351	122910.0	122901.0
1352	122808.0	123775.0
1353	122394.0	122964.0
1354	122918.0	122868.0
1355	122898.0	123538.0
1356	123588.0	123610.0
1357	123084.0	123505.0
1358	123392.0	123698.0
1359	123074.0	122987.0
1360	122911.0	123241.0
1361	122554.0	123229.0
1362	122684.0	123483.0
1363	122758.0	122812.0
1364	122437.0	123479.0
1365	122730.0	123361.0
1366	122833.0	122942.0
1367	122671.0	123176.0
1368	122795.0	123112.0
1369	122494.0	123611.0
1370	122653.0	123064.0
1371	122506.0	123364.0
1372	122371.0	122915.0
1373	122694.0	123218.0
1374	123151.0	123381.0
1375	122625.0	123143.0
1376	123383.0	123741.0
1377	123386.0	123301.0
1378	122536.0	122760.0
1379	122302.0	123474.0
1380	122985.0	123386.0
1381	122892.0	123096.0
1382	122857.0	123550.0
1383	122806.0	123228.0
1384	122471.0	122880.0
1385	122791.0	123184.0
1386	123081.0	122959.0
1387	122964.0	123138.0
1388	122705.0	123144.0
1389	123090.0	122843.0
1390	122312.0	122760.0
1391	122437.0	122750.0
1392	123057.0	123153.0
1393	122616.0	123161.0
1394	123037.0	123244.0
1395	122475.0	122818.0
1396	122112.0	123036.0
1397	122139.0	123694.0
1398	122992.0	122942.0
1399	122285.0	123362.0
1400	121870.0	123213.0
1401	122575.0	123072.0
1402	122665.0	123167.0
1403	123020.0	122953.0
1404	122934.0	122999.0
1405	123282.0	122933.0
1406	122950.0	123345.0
1407	122787.0	122441.0
1408	122080.0	122827.0
1409	122398.0	123193.0
1410	122379.0	123010.0
1411	122497.0	122826.0
1412	122499.0	123307.0
1413	122627.0	123828.0
1414	122529.0	122962.0
1415	122680.0	123360.0
1416	122615.0	123353.0
1417	122343.0	123565.0
1418	122794.0	123021.0
1419	122801.0	123474.0
1420	122796.0	123067.0
1421	123061.0	122852.0
1422	122240.0	123616.0
1423	122555.0	123301.0
1424	121842.0	124007.0
1425	122711.0	123188.0
1426	122936.0	123564.0
1427	122552.0	123159.0
1428	122468.0	123471.0
1429	123167.0	123208.0
1430	123402.0	123285.0
1431	123123.0	123245.0
1432	123133.0	122878.0
1433	122211.0	123799.0
1434	122907.0	123541.0
1435	122633.0	123992.0
1436	122361.0	123658.0
1437	122150.0	123403.0
1438	122245.0	123302.0
1439	122336.0	124021.0
1440	122754.0	123119.0
1441	122525.0	123578.0
1442	122446.0	122952.0
1443	122546.0	123359.0
1444	122717.0	123212.0
1445	122455.0	123561.0
1446	123019.0	123377.0
1447	123010.0	123247.0
1448	123066.0	123843.0
1449	123114.0	123545.0
1450	122779.0	123170.0
1451	122899.0	123657.0
1452	123117.0	124247.0
1453	122518.0	123267.0
1454	122624.0	123142.0
1455	123160.0	123229.0
1456	122654.0	123481.0
1457	122680.0	123219.0
1458	123219.0	123231.0
1459	122893.0	123377.0
1460	122632.0	123645.0
1461	122938.0	122867.0
1462	123013.0	122998.0
1463	122080.0	123254.0
1464	122992.0	122850.0
1465	122952.0	123717.0
1466	122498.0	123080.0
1467	122689.0	122580.0
1468	122835.0	123588.0
1469	122710.0	123763.0
1470	122477.0	123442.0
1471	122539.0	123515.0
1472	122653.0	123578.0
1473	123424.0	123679.0
1474	123378.0	123836.0
1475	123182.0	123398.0
1476	122663.0	123138.0
1477	122818.0	123525.0
1478	122818.0	123605.0
1479	122904.0	123136.0
1480	123330.0	123641.0
1481	122838.0	123265.0
1482	123043.0	123126.0
1483	122386.0	122987.0
1484	122607.0	123086.0
1485	123014.0	122592.0
1486	122807.0	123048.0
1487	123126.0	123244.0
1488	123098.0	123356.0
1489	123346.0	123760.0
1490	122538.0	123931.0
1491	123240.0	123394.0
1492	122306.0	122992.0
1493	123274.0	123324.0
1494	122650.0	123821.0
1495	122750.0	123269.0
1496	122515.0	123204.0
1497	122916.0	123068.0
1498	122978.0	123480.0
1499	123605.0	122811.0
1500	123389.0	123140.0
1501	122234.0	122625.0
1502	122848.0	122986.0
1503	122755.0	123050.0
1504	122856.0	123682.0
1505	122888.0	122977.0
1506	123421.0	122769.0
1507	123156.0	122964.0
1508	122645.0	123042.0
1509	123255.0	123147.0
1510	122852.0	122371.0
1511	122731.0	122367.0
1512	122928.0	122611.0
1513	122638.0	122268.0
1514	122655.0	123038.0
1515	122081.0	123049.0
1516	122548.0	123142.0
1517	121790.0	123260.0
1518	122244.0	123101.0
1519	122454.0	122698.0
1520	122545.0	122727.0
1521	122829.0	123251.0
1522	122307.0	122547.0
1523	122294.0	123031.0
1524	122486.0	123539.0
1525	123117.0	122275.0
1526	122453.0	122805.0
1527	122654.0	122420.0
1528	122448.0	122266.0
1529	122870.0	122921.0
1530	122196.0	122705.0
1531	122189.0	122724.0
1532	122168.0	122766.0
1533	122252.0	122485.0
1534	121998.0	122768.0
1535	122262.0	122646.0
1536	122210.0	123009.0
1537	122230.0	122944.0
1538	122364.0	122569.0
1539	121885.0	123003.0
1540	121827.0	122943.0
1541	122182.0	122823.0
1542	121920.0	122805.0
1543	122419.0	122963.0
1544	122906.0	122627.0
1545	122345.0	122934.0
1546	122093.0	122522.0
1547	122032.0	122556.0
1548	122231.0	123386.0
1549	122494.0	123048.0
1550	122709.0	122464.0
1551	122308.0	122486.0
1552	122286.0	122687.0
1553	122298.0	122727.0
1554	121826.0	122952.0
1555	122039.0	122510.0
1556	122374.0	123111.0
1557	122303.0	122516.0
1558	122473.0	122465.0
1559	122036.0	122289.0
1560	121852.0	122223.0
1561	122289.0	122625.0
1562	122344.0	122377.0
1563	122089.0	122239.0
1564	121631.0	122604.0
1565	121696.0	122288.0
1566	121828.0	123036.0
1567	122371.0	123110.0
1568	122760.0	122365.0
1569	122221.0	122958.0
1570	122283.0	122851.0
1571	121400.0	122261.0
1572	122148.0	122791.0
1573	121982.0	122781.0
1574	121898.0	122922.0
1575	122509.0	122872.0
1576	121936.0	122582.0
1577	121978.0	122792.0
1578	122180.0	122629.0
1579	122461.0	122660.0
1580	122648.0	123114.0
1581	122634.0	122457.0
1582	122193.0	122482.0
1583	121986.0	123090.0
1584	122371.0	122392.0
1585	121919.0	122609.0
1586	122150.0	122637.0
1587	122278.0	122894.0
1588	122659.0	122856.0
1589	122134.0	122545.0
1590	122132.0	122211.0
1591	122364.0	122532.0
1592	121825.0	122078.0
1593	122121.0	122586.0
1594	121929.0	122784.0
1595	122343.0	123218.0
1596	121997.0	122999.0
1597	121731.0	122578.0
1598	122071.0	122729.0
1599	121827.0	122688.0
1600	122152.0	122644.0
1601	122141.0	122405.0
1602	122861.0	122383.0
1603	122659.0	122415.0
1604	122247.0	122757.0
1605	122184.0	123093.0
1606	122408.0	122611.0
1607	121673.0	122758.0
1608	121671.0	122747.0
1609	122359.0	122543.0
1610	121999.0	122084.0
1611	122062.0	122638.0
1612	121949.0	122904.0
1613	122401.0	123038.0
1614	122197.0	122490.0
1615	121891.0	122865.0
1616	122086.0	122646.0
1617	121624.0	122700.0
1618	122153.0	122680.0
1619	121629.0	122479.0
1620	121792.0	121968.0
1621	122173.0	122739.0
1622	122272.0	122581.0
1623	122067.0	123106.0
1624	122280.0	122570.0
1625	122122.0	122353.0
1626	121703.0	122222.0
1627	122590.0	122146.0
1628	122261.0	122304.0
1629	122175.0	122412.0
1630	122210.0	122597.0
1631	122414.0	122656.0
1632	121529.0	122486.0
1633	122404.0	122910.0
1634	121736.0	122719.0
1635	122128.0	122701.0
1636	122215.0	122798.0
1637	121845.0	122668.0
1638	121952.0	123183.0
1639	121919.0	122849.0
1640	121567.0	122879.0
1641	122494.0	123114.0
1642	121893.0	122645.0
1643	121599.0	122422.0
1644	122185.0	123029.0
1645	121329.0	122462.0
1646	121723.0	123361.0
1647	122375.0	123065.0
1648	122090.0	122758.0
1649	122570.0	123112.0
1650	122457.0	122716.0
1651	121958.0	122993.0
1652	122100.0	122782.0
1653	121677.0	122913.0
1654	122456.0	122584.0
1655	122358.0	122817.0
1656	122181.0	122647.0
1657	122732.0	122444.0
1658	122200.0	122110.0
1659	122516.0	122459.0
1660	122090.0	122247.0
1661	122376.0	122571.0
1662	122314.0	122803.0
1663	121751.0	122820.0
1664	122019.0	122591.0
1665	122575.0	122647.0
1666	122062.0	122714.0
1667	122483.0	122210.0
1668	122397.0	122612.0
1669	122186.0	122584.0
1670	122357.0	122727.0
1671	122220.0	122511.0
1672	122071.0	122130.0
1673	121787.0	122795.0
1674	122509.0	122806.0
1675	121816.0	122265.0
1676	122349.0	122448.0
1677	122096.0	122675.0
1678	121796.0	122616.0
1679	122256.0	122299.0
1680	122215.0	122332.0
1681	121839.0	122448.0
1682	121804.0	122574.0
1683	121917.0	122373.0
1684	121319.0	121543.0
1685	121882.0	122123.0
1686	122122.0	122318.0
1687	122369.0	122458.0
1688	122803.0	122339.0
1689	122372.0	122723.0
1690	122128.0	121722.0
1691	122195.0	122575.0
1692	121869.0	122225.0
1693	122520.0	121985.0
1694	122176.0	122257.0
1695	122095.0	122397.0
1696	122146.0	122392.0
1697	122689.0	122407.0
1698	121984.0	122218.0
1699	122269.0	121687.0
1700	122115.0	121978.0
1701	121919.0	121894.0
1702	122520.0	122222.0
1703	121614.0	121806.0
1704	121550.0	122472.0
1705	122272.0	122611.0
1706	122336.0	122400.0
1707	122510.0	122217.0
1708	121993.0	122522.0
1709	121302.0	121842.0
1710	121622.0	121969.0
1711	122379.0	121181.0
1712	122015.0	121803.0
1713	121886.0	122325.0
1714	122269.0	121993.0
1715	121689.0	121684.0
1716	121800.0	122227.0
1717	121840.0	122821.0
1718	121947.0	122463.0
1719	121884.0	122341.0
1720	122065.0	121953.0
1721	121633.0	121971.0
1722	121460.0	122268.0
1723	121950.0	122064.0
1724	121652.0	122489.0
1725	121911.0	122774.0
1726	121668.0	122453.0
1727	121564.0	122315.0
1728	121480.0	122782.0
1729	121726.0	122570.0
1730	121647.0	121970.0
1731	121678.0	122100.0
1732	121757.0	122521.0
1733	122009.0	122368.0
1734	121632.0	122001.0
1735	121568.0	122122.0
1736	121573.0	122131.0
1737	121896.0	122013.0
1738	122045.0	122164.0
1739	122064.0	122574.0
1740	121409.0	122213.0
1741	121644.0	121741.0
1742	121640.0	122169.0
1743	121331.0	121963.0
1744	121543.0	122529.0
1745	121958.0	122006.0
1746	121275.0	122305.0
1747	121614.0	121907.0
1748	121667.0	122538.0
1749	121482.0	122674.0
1750	121335.0	122265.0
1751	121857.0	122829.0
1752	121571.0	122336.0
1753	121820.0	122338.0
1754	121825.0	122443.0
1755	121636.0	122043.0
1756	121412.0	122518.0
1757	121952.0	122229.0
1758	121923.0	121598.0
1759	121588.0	122262.0
1760	121966.0	121838.0
1761	122062.0	122263.0
1762	121911.0	121839.0
1763	121617.0	122052.0
1764	121561.0	122310.0
1765	121321.0	122354.0
1766	121092.0	122673.0
1767	121147.0	122225.0
1768	121037.0	122049.0
1769	121372.0	121967.0
1770	121385.0	122005.0
1771	121369.0	121770.0
1772	122103.0	122383.0
1773	121990.0	122600.0
1774	121613.0	122792.0
1775	121306.0	122422.0
1776	121316.0	121734.0
1777	121359.0	121310.0
1778	121572.0	122211.0
1779	121920.0	122285.0
1780	122094.0	122705.0
1781	121671.0	122131.0
1782	121836.0	121993.0
1783	121695.0	121898.0
1784	121434.0	122160.0
1785	121699.0	121948.0
1786	121592.0	122253.0
1787	122241.0	121619.0
1788	121978.0	121677.0
1789	121857.0	121519.0
1790	121276.0	121966.0
1791	121919.0	121968.0
1792	121557.0	121888.0
1793	121674.0	121790.0
1794	121484.0	122461.0
1795	121862.0	122385.0
1796	121289.0	122570.0
1797	121360.0	122440.0
1798	122050.0	121761.0
1799	121107.0	122322.0
1800	121759.0	122271.0
1801	121430.0	121698.0
1802	121800.0	122314.0
1803	121758.0	122843.0
1804	121469.0	122676.0
1805	121733.0	122042.0
1806	121475.0	122107.0
1807	121203.0	121815.0
1808	121659.0	121780.0
1809	122037.0	122174.0
1810	121369.0	121465.0
1811	121262.0	122034.0
1812	122202.0	122010.0
1813	122084.0	122145.0
1814	121908.0	122297.0
1815	121492.0	122763.0
1816	121699.0	122101.0
1817	121756.0	121144.0
1818	121288.0	122170.0
1819	121725.0	122190.0
1820	121890.0	122132.0
1821	121834.0	121484.0
1822	121487.0	122451.0
1823	121328.0	122796.0
1824	121699.0	122548.0
1825	121509.0	121651.0
1826	121083.0	121855.0
1827	122045.0	121696.0
1828	121480.0	121683.0
1829	121441.0	121977.0
1830	121849.0	122320.0
1831	121587.0	122381.0
1832	121319.0	121946.0
1833	121940.0	122005.0
1834	121457.0	121657.0
1835	121240.0	122261.0
1836	121843.0	122330.0
1837	122115.0	121795.0
1838	121516.0	122307.0
1839	121543.0	122347.0
1840	121915.0	121511.0
1841	122255.0	122053.0
1842	121563.0	121589.0
1843	120966.0	121927.0
1844	121629.0	121750.0
1845	121738.0	122214.0
1846	121313.0	121970.0
1847	121614.0	122579.0
1848	121827.0	122374.0
1849	121278.0	122165.0
1850	121892.0	121742.0
1851	121653.0	121864.0
1852	121778.0	122277.0
1853	121328.0	122072.0
1854	122149.0	121778.0
1855	121296.0	121839.0
1856	121965.0	122079.0
1857	121347.0	121761.0
1858	121753.0	121784.0
1859	121927.0	121943.0
1860	121967.0	122197.0
1861	121774.0	122326.0
1862	121670.0	121941.0
1863	121642.0	121797.0
1864	121548.0	122164.0
1865	121918.0	122697.0
1866	121656.0	121550.0
1867	121220.0	121500.0
1868	121021.0	121815.0
1869	121387.0	121543.0
1870	121538.0	121869.0
1871	121902.0	121268.0
1872	121587.0	121424.0
1873	121023.0	122073.0
1874	121783.0	121950.0
1875	120557.0	121527.0
1876	121770.0	122079.0
1877	121372.0	121791.0
1878	121365.0	122085.0
1879	121857.0	122002.0
1880	121954.0	122148.0
1881	121259.0	121404.0
1882	121567.0	121361.0
1883	121555.0	121041.0
1884	121547.0	121196.0
1885	120795.0	121501.0
1886	121364.0	121631.0
1887	121081.0	121565.0
1888	121430.0	122086.0
1889	120894.0	122561.0
1890	120873.0	121732.0
1891	121429.0	121511.0
1892	121281.0	121903.0
1893	121108.0	121070.0
1894	121509.0	121568.0
1895	121892.0	122042.0
1896	120972.0	121982.0
1897	121233.0	121708.0
1898	120980.0	121870.0
1899	120732.0	121735.0
1900	121437.0	121738.0
1901	121345.0	121898.0
1902	121416.0	121328.0
1903	121172.0	121802.0
1904	121220.0	121069.0
1905	121725.0	121370.0
1906	121107.0	121861.0
1907	121381.0	121332.0
1908	121348.0	121462.0
1909	121557.0	121544.0
1910	121008.0	121609.0
1911	121352.0	121766.0
1912	121576.0	121371.0
1913	121032.0	121812.0
1914	121273.0	121568.0
1915	121281.0	121554.0
1916	121480.0	121170.0
1917	121273.0	122099.0
1918	122055.0	122296.0
1919	120988.0	122053.0
1920	121262.0	121874.0
1921	120577.0	121719.0
1922	120879.0	121605.0
1923	121307.0	121830.0
1924	121231.0	121431.0
1925	121314.0	122009.0
1926	121219.0	121373.0
1927	121216.0	121783.0
1928	120998.0	122071.0
1929	122036.0	121958.0
1930	121542.0	121719.0
1931	121520.0	120816.0
1932	121279.0	121204.0
1933	121630.0	121469.0
1934	121255.0	121597.0
1935	121046.0	121250.0
1936	121239.0	120975.0
1937	120782.0	121353.0
1938	121372.0	121737.0
1939	121445.0	121671.0
1940	121431.0	121176.0
1941	120884.0	121275.0
1942	120329.0	121694.0
1943	120621.0	121849.0
1944	121060.0	122097.0
1945	121277.0	121674.0
1946	121060.0	121312.0
1947	120636.0	121996.0
1948	121213.0	121460.0
1949	121272.0	121657.0
1950	121399.0	121775.0
1951	120972.0	121536.0
1952	120749.0	121691.0
1953	120890.0	122010.0
1954	120567.0	121403.0
1955	121305.0	121675.0
1956	121052.0	121135.0
1957	121385.0	121404.0
1958	120893.0	121758.0
1959	120968.0	121438.0
1960	121332.0	121721.0
1961	120745.0	121649.0
1962	121227.0	122026.0
1963	121618.0	121327.0
1964	121135.0	121238.0
1965	121508.0	121248.0
1966	121184.0	121353.0
1967	121061.0	121231.0
1968	121240.0	121288.0
1969	121288.0	121618.0
1970	121207.0	121641.0
1971	120759.0	121603.0
1972	120577.0	121030.0
1973	121028.0	121912.0
1974	120861.0	121893.0
1975	121027.0	121540.0
1976	120597.0	121604.0
1977	121253.0	121635.0
1978	120939.0	120908.0
1979	121292.0	121772.0
1980	120868.0	121397.0
1981	120659.0	121835.0
1982	120744.0	121482.0
1983	121100.0	121526.0
1984	121079.0	121724.0
1985	121697.0	121776.0
1986	121679.0	120888.0
1987	121426.0	120882.0
1988	121073.0	121303.0
1989	120947.0	121483.0
1990	121112.0	122022.0
1991	120948.0	121940.0
1992	121172.0	121522.0
1993	120803.0	121207.0
1994	120268.0	121266.0
1995	120801.0	121641.0
1996	120801.0	121652.0
1997	120902.0	122169.0
1998	121389.0	122404.0
1999	121279.0	121681.0
