Distance in bp(Fragment Length Estimate: 152)(Peak Width Estimate: 152)	Same Strand (+ for Watson strand, - for Crick)	Opposite Strand
-2000	121400.0	120471.0
-1999	121066.0	120782.0
-1998	121331.0	120581.0
-1997	121332.0	120186.0
-1996	121060.0	121044.0
-1995	121402.0	121066.0
-1994	120834.0	120702.0
-1993	120922.0	120990.0
-1992	120687.0	120695.0
-1991	121079.0	120828.0
-1990	121025.0	120616.0
-1989	120894.0	120852.0
-1988	120660.0	120387.0
-1987	120528.0	120439.0
-1986	121642.0	120857.0
-1985	121262.0	120110.0
-1984	120945.0	120361.0
-1983	121148.0	121533.0
-1982	121294.0	120475.0
-1981	120919.0	119978.0
-1980	121119.0	120648.0
-1979	121137.0	120337.0
-1978	121465.0	120356.0
-1977	120542.0	120140.0
-1976	120881.0	120039.0
-1975	120946.0	120403.0
-1974	121396.0	120144.0
-1973	121439.0	120459.0
-1972	120910.0	120227.0
-1971	121474.0	120862.0
-1970	120519.0	120061.0
-1969	121289.0	120872.0
-1968	121086.0	120168.0
-1967	121817.0	119827.0
-1966	121367.0	120743.0
-1965	121512.0	120312.0
-1964	121187.0	121379.0
-1963	121189.0	121116.0
-1962	121092.0	120440.0
-1961	121163.0	120244.0
-1960	121277.0	120369.0
-1959	121389.0	120673.0
-1958	121034.0	120528.0
-1957	121192.0	120123.0
-1956	121435.0	120244.0
-1955	120961.0	120437.0
-1954	121681.0	120441.0
-1953	121191.0	120906.0
-1952	121021.0	121115.0
-1951	121031.0	120774.0
-1950	120566.0	120850.0
-1949	120818.0	121245.0
-1948	121097.0	120461.0
-1947	120834.0	120922.0
-1946	120795.0	120654.0
-1945	121101.0	120392.0
-1944	121829.0	120445.0
-1943	121271.0	121388.0
-1942	121318.0	121044.0
-1941	121755.0	120713.0
-1940	121267.0	120831.0
-1939	121621.0	120301.0
-1938	121157.0	120092.0
-1937	121198.0	121031.0
-1936	121212.0	120588.0
-1935	121548.0	120888.0
-1934	121285.0	120460.0
-1933	120476.0	120529.0
-1932	121278.0	120574.0
-1931	121052.0	120416.0
-1930	121105.0	120466.0
-1929	121496.0	121053.0
-1928	121221.0	120589.0
-1927	121182.0	121293.0
-1926	121399.0	120983.0
-1925	121097.0	121265.0
-1924	121712.0	121370.0
-1923	121099.0	121279.0
-1922	121260.0	121242.0
-1921	121547.0	121070.0
-1920	121217.0	120666.0
-1919	121771.0	120541.0
-1918	121504.0	120656.0
-1917	121222.0	121009.0
-1916	121223.0	120669.0
-1915	121249.0	121016.0
-1914	121689.0	120429.0
-1913	121619.0	120691.0
-1912	121104.0	121193.0
-1911	121406.0	121328.0
-1910	121441.0	121171.0
-1909	121175.0	121180.0
-1908	121738.0	121266.0
-1907	121179.0	120898.0
-1906	120785.0	120535.0
-1905	121771.0	120301.0
-1904	121110.0	121127.0
-1903	121767.0	120681.0
-1902	121956.0	120723.0
-1901	121962.0	120169.0
-1900	120962.0	120340.0
-1899	121279.0	120831.0
-1898	120600.0	121156.0
-1897	121284.0	121168.0
-1896	121600.0	121028.0
-1895	121506.0	120641.0
-1894	121717.0	120829.0
-1893	121395.0	121168.0
-1892	121620.0	121793.0
-1891	120925.0	120937.0
-1890	121527.0	120838.0
-1889	121391.0	120723.0
-1888	121604.0	120887.0
-1887	120826.0	120881.0
-1886	121511.0	121132.0
-1885	121346.0	121154.0
-1884	121318.0	120999.0
-1883	122077.0	121241.0
-1882	120865.0	120475.0
-1881	121647.0	120999.0
-1880	120897.0	120955.0
-1879	121233.0	120953.0
-1878	120782.0	121194.0
-1877	121118.0	121109.0
-1876	121954.0	120534.0
-1875	121285.0	120972.0
-1874	121424.0	121366.0
-1873	121268.0	120866.0
-1872	121530.0	121320.0
-1871	121444.0	121155.0
-1870	121327.0	121167.0
-1869	121369.0	120748.0
-1868	121507.0	120104.0
-1867	121267.0	121340.0
-1866	121458.0	120795.0
-1865	121471.0	120994.0
-1864	121158.0	121046.0
-1863	121607.0	120887.0
-1862	121696.0	121091.0
-1861	121129.0	121047.0
-1860	121407.0	120894.0
-1859	121530.0	120652.0
-1858	121219.0	120693.0
-1857	121491.0	121184.0
-1856	121184.0	120747.0
-1855	121615.0	120961.0
-1854	122130.0	121077.0
-1853	121709.0	120971.0
-1852	122264.0	121277.0
-1851	121493.0	121447.0
-1850	121475.0	120662.0
-1849	121095.0	121814.0
-1848	121655.0	122236.0
-1847	121526.0	121250.0
-1846	121874.0	120689.0
-1845	121831.0	121418.0
-1844	122035.0	121214.0
-1843	121502.0	120735.0
-1842	120994.0	120687.0
-1841	120586.0	120912.0
-1840	121301.0	121179.0
-1839	121318.0	120690.0
-1838	121583.0	120536.0
-1837	121605.0	121245.0
-1836	122227.0	121467.0
-1835	121921.0	121700.0
-1834	121538.0	120928.0
-1833	121477.0	121826.0
-1832	121140.0	121333.0
-1831	120846.0	121366.0
-1830	121594.0	121800.0
-1829	121791.0	121371.0
-1828	121051.0	121340.0
-1827	121631.0	121182.0
-1826	121685.0	120424.0
-1825	121975.0	120848.0
-1824	121782.0	121223.0
-1823	121871.0	120380.0
-1822	121685.0	120816.0
-1821	121530.0	121295.0
-1820	122111.0	121438.0
-1819	121463.0	120348.0
-1818	121901.0	120952.0
-1817	121630.0	120997.0
-1816	121881.0	121340.0
-1815	121286.0	120872.0
-1814	121885.0	121555.0
-1813	121096.0	120958.0
-1812	121540.0	120966.0
-1811	121462.0	120315.0
-1810	121823.0	120982.0
-1809	122018.0	121097.0
-1808	121169.0	120960.0
-1807	121087.0	120936.0
-1806	121491.0	120699.0
-1805	121857.0	120593.0
-1804	121727.0	121002.0
-1803	122220.0	120342.0
-1802	121162.0	121316.0
-1801	121878.0	120643.0
-1800	121603.0	121527.0
-1799	121324.0	120810.0
-1798	121432.0	120741.0
-1797	121638.0	121128.0
-1796	121384.0	121019.0
-1795	121388.0	120972.0
-1794	121487.0	121645.0
-1793	121914.0	121440.0
-1792	122413.0	121039.0
-1791	121334.0	121272.0
-1790	121677.0	121149.0
-1789	121449.0	121094.0
-1788	122236.0	121067.0
-1787	121880.0	120777.0
-1786	121086.0	121497.0
-1785	121556.0	121270.0
-1784	122525.0	120738.0
-1783	122022.0	120928.0
-1782	121497.0	120898.0
-1781	121433.0	121046.0
-1780	121240.0	120624.0
-1779	122016.0	120571.0
-1778	121479.0	121186.0
-1777	121319.0	121002.0
-1776	121077.0	121114.0
-1775	121882.0	120929.0
-1774	121923.0	120796.0
-1773	122408.0	120997.0
-1772	121900.0	121322.0
-1771	121665.0	121193.0
-1770	121338.0	121009.0
-1769	121314.0	121279.0
-1768	121791.0	120964.0
-1767	121770.0	120981.0
-1766	121629.0	121158.0
-1765	121530.0	120575.0
-1764	121576.0	120812.0
-1763	121695.0	121081.0
-1762	121435.0	120495.0
-1761	120951.0	121379.0
-1760	121123.0	121742.0
-1759	121494.0	121701.0
-1758	121222.0	121242.0
-1757	121945.0	120990.0
-1756	121260.0	121413.0
-1755	121307.0	120467.0
-1754	121412.0	121184.0
-1753	122124.0	121343.0
-1752	121308.0	121287.0
-1751	121632.0	121575.0
-1750	121395.0	121365.0
-1749	121387.0	121342.0
-1748	121403.0	121625.0
-1747	121748.0	121720.0
-1746	122235.0	121329.0
-1745	121862.0	121491.0
-1744	122038.0	121316.0
-1743	121388.0	121174.0
-1742	122034.0	120747.0
-1741	121448.0	121703.0
-1740	121461.0	121423.0
-1739	122094.0	121484.0
-1738	121372.0	121886.0
-1737	121920.0	121290.0
-1736	121862.0	120823.0
-1735	122459.0	122057.0
-1734	122022.0	121105.0
-1733	122069.0	120504.0
-1732	122034.0	121141.0
-1731	121783.0	121485.0
-1730	122029.0	121210.0
-1729	121492.0	121733.0
-1728	122630.0	120588.0
-1727	121637.0	121256.0
-1726	122251.0	121138.0
-1725	121881.0	121770.0
-1724	121500.0	121296.0
-1723	121801.0	121015.0
-1722	122394.0	122108.0
-1721	121574.0	121731.0
-1720	121100.0	121362.0
-1719	121604.0	121773.0
-1718	121941.0	121420.0
-1717	121841.0	121462.0
-1716	121810.0	121736.0
-1715	121644.0	120862.0
-1714	121460.0	121315.0
-1713	122200.0	121301.0
-1712	122534.0	121097.0
-1711	121922.0	120967.0
-1710	122189.0	121012.0
-1709	121278.0	121502.0
-1708	121779.0	121618.0
-1707	121695.0	121291.0
-1706	121499.0	121226.0
-1705	121992.0	122041.0
-1704	121908.0	121202.0
-1703	121597.0	121456.0
-1702	121763.0	121643.0
-1701	122166.0	121043.0
-1700	121435.0	121479.0
-1699	121843.0	121771.0
-1698	121584.0	121411.0
-1697	121826.0	121731.0
-1696	122460.0	121727.0
-1695	121943.0	120940.0
-1694	121679.0	121066.0
-1693	121812.0	121715.0
-1692	121699.0	121436.0
-1691	122133.0	121557.0
-1690	122314.0	121246.0
-1689	122533.0	121411.0
-1688	122219.0	121264.0
-1687	121918.0	122130.0
-1686	122107.0	121333.0
-1685	121788.0	121098.0
-1684	121946.0	121104.0
-1683	122756.0	121447.0
-1682	122159.0	121030.0
-1681	122790.0	121391.0
-1680	123157.0	121223.0
-1679	122377.0	121282.0
-1678	122151.0	121463.0
-1677	121952.0	121409.0
-1676	121776.0	121397.0
-1675	121553.0	121789.0
-1674	121629.0	121418.0
-1673	121827.0	121082.0
-1672	122222.0	121411.0
-1671	121707.0	121712.0
-1670	122202.0	121649.0
-1669	122477.0	121661.0
-1668	121967.0	121779.0
-1667	121720.0	121798.0
-1666	121913.0	121218.0
-1665	122434.0	121341.0
-1664	122345.0	121203.0
-1663	122464.0	121429.0
-1662	121912.0	121650.0
-1661	122290.0	121629.0
-1660	122182.0	121911.0
-1659	122984.0	121695.0
-1658	122422.0	121551.0
-1657	122490.0	121795.0
-1656	122145.0	121543.0
-1655	122010.0	121440.0
-1654	121487.0	120859.0
-1653	122172.0	121332.0
-1652	121992.0	120705.0
-1651	121926.0	121428.0
-1650	122809.0	121501.0
-1649	121779.0	121289.0
-1648	121418.0	121454.0
-1647	122061.0	121650.0
-1646	121930.0	121597.0
-1645	121482.0	122160.0
-1644	121916.0	121419.0
-1643	122166.0	121551.0
-1642	122664.0	121083.0
-1641	122527.0	121395.0
-1640	122357.0	121936.0
-1639	122326.0	121725.0
-1638	122114.0	121616.0
-1637	121751.0	121309.0
-1636	121729.0	121227.0
-1635	122322.0	121236.0
-1634	122221.0	121043.0
-1633	121770.0	121218.0
-1632	122324.0	121563.0
-1631	121768.0	121302.0
-1630	122096.0	121880.0
-1629	121575.0	121420.0
-1628	122007.0	121776.0
-1627	121842.0	122054.0
-1626	122285.0	122152.0
-1625	122300.0	121197.0
-1624	122212.0	121111.0
-1623	122406.0	121260.0
-1622	121954.0	121586.0
-1621	121847.0	121678.0
-1620	123055.0	122224.0
-1619	122348.0	122067.0
-1618	122486.0	121958.0
-1617	121901.0	121373.0
-1616	122156.0	121165.0
-1615	121819.0	121383.0
-1614	122002.0	122046.0
-1613	122589.0	121810.0
-1612	122122.0	121506.0
-1611	122900.0	121073.0
-1610	122063.0	121298.0
-1609	122191.0	121530.0
-1608	122432.0	121559.0
-1607	122036.0	121177.0
-1606	122420.0	121489.0
-1605	122615.0	121639.0
-1604	122124.0	122162.0
-1603	122242.0	121470.0
-1602	122403.0	121828.0
-1601	122025.0	121779.0
-1600	122167.0	121431.0
-1599	122766.0	121775.0
-1598	122449.0	121881.0
-1597	122031.0	121710.0
-1596	122214.0	122205.0
-1595	122468.0	122041.0
-1594	121886.0	121663.0
-1593	122282.0	122464.0
-1592	122207.0	121103.0
-1591	121938.0	121730.0
-1590	122502.0	121794.0
-1589	122306.0	121536.0
-1588	121918.0	121582.0
-1587	122335.0	121437.0
-1586	122055.0	121247.0
-1585	122013.0	121437.0
-1584	122138.0	121966.0
-1583	122129.0	121336.0
-1582	122094.0	122022.0
-1581	122672.0	121268.0
-1580	122748.0	121272.0
-1579	122505.0	120797.0
-1578	122326.0	122009.0
-1577	121956.0	121591.0
-1576	122060.0	121822.0
-1575	122271.0	121627.0
-1574	121942.0	121601.0
-1573	122771.0	122131.0
-1572	122321.0	121394.0
-1571	121854.0	121667.0
-1570	122158.0	121639.0
-1569	121998.0	121828.0
-1568	121969.0	122054.0
-1567	122084.0	121738.0
-1566	122857.0	121469.0
-1565	122036.0	121422.0
-1564	122093.0	122161.0
-1563	121840.0	121023.0
-1562	122158.0	121899.0
-1561	122065.0	121908.0
-1560	121996.0	121981.0
-1559	122469.0	122218.0
-1558	122095.0	121586.0
-1557	121459.0	122017.0
-1556	121957.0	122704.0
-1555	122123.0	122358.0
-1554	122349.0	122119.0
-1553	121933.0	121823.0
-1552	122795.0	121774.0
-1551	122551.0	121996.0
-1550	122138.0	121928.0
-1549	121887.0	121734.0
-1548	122019.0	122597.0
-1547	121830.0	122322.0
-1546	121790.0	121822.0
-1545	122816.0	122099.0
-1544	122026.0	121595.0
-1543	121857.0	122228.0
-1542	122552.0	122055.0
-1541	121753.0	122029.0
-1540	122043.0	121948.0
-1539	122054.0	121678.0
-1538	122775.0	121856.0
-1537	122197.0	122004.0
-1536	122364.0	122303.0
-1535	122640.0	121505.0
-1534	123179.0	121224.0
-1533	122722.0	121428.0
-1532	122887.0	121624.0
-1531	122911.0	122199.0
-1530	122389.0	121834.0
-1529	122351.0	121650.0
-1528	122529.0	122187.0
-1527	122716.0	122287.0
-1526	122703.0	121579.0
-1525	122644.0	122049.0
-1524	123184.0	122004.0
-1523	123368.0	122319.0
-1522	122784.0	121606.0
-1521	122467.0	121954.0
-1520	122962.0	122334.0
-1519	122882.0	122218.0
-1518	122855.0	121810.0
-1517	122353.0	122090.0
-1516	122824.0	121955.0
-1515	122670.0	122411.0
-1514	122370.0	122308.0
-1513	122501.0	122687.0
-1512	122407.0	122737.0
-1511	122932.0	121889.0
-1510	122079.0	122904.0
-1509	122839.0	122138.0
-1508	123295.0	122582.0
-1507	122545.0	122159.0
-1506	123230.0	122149.0
-1505	122753.0	121791.0
-1504	122264.0	122158.0
-1503	122669.0	121952.0
-1502	122834.0	121432.0
-1501	122887.0	122222.0
-1500	122751.0	122180.0
-1499	123192.0	122780.0
-1498	122938.0	122110.0
-1497	122506.0	122015.0
-1496	122542.0	121995.0
-1495	122123.0	122513.0
-1494	122874.0	122436.0
-1493	123184.0	122436.0
-1492	123208.0	122171.0
-1491	123351.0	122572.0
-1490	122603.0	122213.0
-1489	122942.0	121678.0
-1488	122142.0	122341.0
-1487	123121.0	121750.0
-1486	122760.0	121993.0
-1485	122829.0	122434.0
-1484	122788.0	121937.0
-1483	122397.0	122636.0
-1482	122792.0	122164.0
-1481	123040.0	121790.0
-1480	122633.0	121709.0
-1479	123383.0	122564.0
-1478	123294.0	121841.0
-1477	123015.0	122629.0
-1476	123073.0	121947.0
-1475	122880.0	122107.0
-1474	122985.0	122783.0
-1473	123101.0	122029.0
-1472	123217.0	121880.0
-1471	123169.0	122159.0
-1470	123151.0	122462.0
-1469	123112.0	122053.0
-1468	122956.0	122741.0
-1467	123247.0	122551.0
-1466	123140.0	122324.0
-1465	123031.0	121817.0
-1464	123314.0	122676.0
-1463	123013.0	122255.0
-1462	122553.0	122179.0
-1461	122386.0	122553.0
-1460	122757.0	121693.0
-1459	122714.0	121930.0
-1458	122477.0	122337.0
-1457	122622.0	122058.0
-1456	123134.0	122223.0
-1455	122996.0	122048.0
-1454	122880.0	122265.0
-1453	122945.0	121869.0
-1452	122647.0	122388.0
-1451	122873.0	121809.0
-1450	123074.0	121555.0
-1449	122304.0	121549.0
-1448	121970.0	121761.0
-1447	122517.0	121923.0
-1446	122637.0	121943.0
-1445	122611.0	121722.0
-1444	122040.0	121401.0
-1443	122652.0	122125.0
-1442	122486.0	121638.0
-1441	122773.0	121934.0
-1440	122702.0	122136.0
-1439	122934.0	121677.0
-1438	122884.0	121474.0
-1437	122528.0	122115.0
-1436	122641.0	121893.0
-1435	122478.0	122149.0
-1434	122612.0	122053.0
-1433	122198.0	122131.0
-1432	122536.0	121897.0
-1431	122399.0	121803.0
-1430	122725.0	121431.0
-1429	122840.0	121725.0
-1428	123024.0	121938.0
-1427	122541.0	121897.0
-1426	122966.0	121983.0
-1425	122872.0	121915.0
-1424	122540.0	121709.0
-1423	123184.0	121805.0
-1422	122474.0	121699.0
-1421	122208.0	122174.0
-1420	122253.0	122010.0
-1419	122208.0	122162.0
-1418	121656.0	122414.0
-1417	122557.0	122240.0
-1416	122507.0	122222.0
-1415	122179.0	122555.0
-1414	122397.0	121857.0
-1413	122577.0	122008.0
-1412	122980.0	121982.0
-1411	122666.0	122178.0
-1410	122878.0	122017.0
-1409	122440.0	121913.0
-1408	122163.0	122205.0
-1407	122694.0	122259.0
-1406	122161.0	122975.0
-1405	122581.0	122438.0
-1404	122842.0	122713.0
-1403	122568.0	122365.0
-1402	122554.0	122225.0
-1401	122914.0	122238.0
-1400	122380.0	121934.0
-1399	122616.0	122706.0
-1398	122315.0	122405.0
-1397	122591.0	122444.0
-1396	122693.0	122248.0
-1395	122562.0	121977.0
-1394	122827.0	122000.0
-1393	122563.0	122184.0
-1392	122491.0	121607.0
-1391	123297.0	121993.0
-1390	123147.0	122068.0
-1389	122019.0	122338.0
-1388	122891.0	122196.0
-1387	122910.0	122269.0
-1386	122656.0	122433.0
-1385	122555.0	122390.0
-1384	122951.0	122696.0
-1383	122752.0	122132.0
-1382	122855.0	122071.0
-1381	123145.0	122689.0
-1380	123076.0	123112.0
-1379	123106.0	122473.0
-1378	122670.0	122363.0
-1377	122947.0	122610.0
-1376	123081.0	121965.0
-1375	123085.0	122888.0
-1374	123362.0	122729.0
-1373	122991.0	122282.0
-1372	122902.0	122043.0
-1371	123143.0	122231.0
-1370	122943.0	122719.0
-1369	122594.0	122694.0
-1368	122593.0	122432.0
-1367	122657.0	121973.0
-1366	122474.0	122437.0
-1365	122160.0	122143.0
-1364	122452.0	122445.0
-1363	122649.0	122069.0
-1362	123272.0	122706.0
-1361	123260.0	122609.0
-1360	122675.0	122947.0
-1359	123350.0	122057.0
-1358	123272.0	122151.0
-1357	123142.0	122846.0
-1356	123278.0	122563.0
-1355	122685.0	122031.0
-1354	122718.0	122351.0
-1353	122569.0	122533.0
-1352	123368.0	122665.0
-1351	122913.0	123078.0
-1350	123357.0	122930.0
-1349	123258.0	122535.0
-1348	123087.0	122388.0
-1347	123051.0	122472.0
-1346	122872.0	122564.0
-1345	122803.0	122713.0
-1344	123099.0	122928.0
-1343	123443.0	122772.0
-1342	123279.0	122512.0
-1341	122963.0	122944.0
-1340	122670.0	122644.0
-1339	122983.0	123468.0
-1338	122969.0	123068.0
-1337	123244.0	122781.0
-1336	123864.0	122427.0
-1335	123677.0	122699.0
-1334	123323.0	122429.0
-1333	123224.0	122481.0
-1332	122898.0	122295.0
-1331	123755.0	122906.0
-1330	123636.0	122613.0
-1329	122970.0	123122.0
-1328	122813.0	122763.0
-1327	123334.0	122962.0
-1326	123484.0	122659.0
-1325	122921.0	122919.0
-1324	123323.0	122360.0
-1323	123847.0	123153.0
-1322	123399.0	122783.0
-1321	122836.0	122379.0
-1320	123002.0	122651.0
-1319	123479.0	122264.0
-1318	123735.0	123105.0
-1317	123440.0	121716.0
-1316	122408.0	122252.0
-1315	122755.0	122748.0
-1314	123860.0	122900.0
-1313	122923.0	122014.0
-1312	122959.0	122291.0
-1311	123272.0	122656.0
-1310	123087.0	122939.0
-1309	123572.0	122910.0
-1308	123711.0	123062.0
-1307	123510.0	122766.0
-1306	122983.0	122672.0
-1305	123534.0	122631.0
-1304	123192.0	121827.0
-1303	123400.0	122386.0
-1302	123327.0	122180.0
-1301	122862.0	122381.0
-1300	123766.0	122794.0
-1299	123133.0	123008.0
-1298	123949.0	122649.0
-1297	123214.0	122589.0
-1296	123056.0	122890.0
-1295	122967.0	123081.0
-1294	123518.0	123151.0
-1293	123606.0	122773.0
-1292	123098.0	122859.0
-1291	123352.0	122150.0
-1290	123725.0	122480.0
-1289	122844.0	122452.0
-1288	123479.0	122078.0
-1287	123032.0	121895.0
-1286	122719.0	122226.0
-1285	123808.0	122418.0
-1284	123571.0	122847.0
-1283	123281.0	121872.0
-1282	122978.0	122163.0
-1281	123869.0	122750.0
-1280	123134.0	122739.0
-1279	123134.0	122453.0
-1278	123538.0	122423.0
-1277	123074.0	122675.0
-1276	123318.0	122207.0
-1275	123387.0	122349.0
-1274	123671.0	122573.0
-1273	123600.0	122631.0
-1272	123485.0	122288.0
-1271	123217.0	122095.0
-1270	123760.0	122427.0
-1269	123283.0	122211.0
-1268	123092.0	122558.0
-1267	123220.0	122426.0
-1266	123105.0	122757.0
-1265	123046.0	122171.0
-1264	122930.0	123095.0
-1263	123344.0	122180.0
-1262	122723.0	121997.0
-1261	123312.0	122342.0
-1260	123263.0	122414.0
-1259	122899.0	122016.0
-1258	122514.0	122897.0
-1257	123134.0	122400.0
-1256	123157.0	122697.0
-1255	123604.0	122829.0
-1254	123192.0	122760.0
-1253	122618.0	122411.0
-1252	123311.0	122197.0
-1251	123963.0	122572.0
-1250	122223.0	121799.0
-1249	123349.0	122204.0
-1248	122719.0	122613.0
-1247	122816.0	121796.0
-1246	122705.0	122371.0
-1245	122854.0	122720.0
-1244	123022.0	122058.0
-1243	122872.0	122444.0
-1242	123421.0	122242.0
-1241	122657.0	122088.0
-1240	123228.0	122161.0
-1239	122610.0	122737.0
-1238	122768.0	121857.0
-1237	122885.0	122843.0
-1236	123784.0	122583.0
-1235	123222.0	122688.0
-1234	122803.0	122584.0
-1233	122745.0	122515.0
-1232	122493.0	122335.0
-1231	122821.0	122799.0
-1230	123175.0	123316.0
-1229	123022.0	122693.0
-1228	123290.0	122940.0
-1227	123111.0	122116.0
-1226	122806.0	122353.0
-1225	123075.0	122867.0
-1224	122716.0	122359.0
-1223	122835.0	123118.0
-1222	123437.0	123105.0
-1221	122720.0	122704.0
-1220	122793.0	123123.0
-1219	123002.0	122946.0
-1218	123015.0	123151.0
-1217	123046.0	122944.0
-1216	122634.0	122841.0
-1215	122829.0	123149.0
-1214	122652.0	122981.0
-1213	123609.0	123089.0
-1212	122549.0	122825.0
-1211	123032.0	123006.0
-1210	122955.0	122552.0
-1209	123042.0	123243.0
-1208	123229.0	122892.0
-1207	123482.0	122825.0
-1206	123228.0	122853.0
-1205	122667.0	123187.0
-1204	123025.0	123215.0
-1203	122784.0	123028.0
-1202	122923.0	123297.0
-1201	123414.0	123253.0
-1200	123333.0	122644.0
-1199	123116.0	122881.0
-1198	123574.0	123033.0
-1197	123804.0	122726.0
-1196	123043.0	122537.0
-1195	123069.0	123352.0
-1194	123165.0	122727.0
-1193	123093.0	122686.0
-1192	123106.0	123116.0
-1191	123774.0	123937.0
-1190	123891.0	123165.0
-1189	123118.0	122921.0
-1188	123516.0	123513.0
-1187	122933.0	123601.0
-1186	123665.0	123043.0
-1185	123274.0	123125.0
-1184	123580.0	123202.0
-1183	123483.0	122646.0
-1182	123659.0	123357.0
-1181	123216.0	123128.0
-1180	123112.0	123664.0
-1179	123640.0	123456.0
-1178	123535.0	123363.0
-1177	123459.0	123196.0
-1176	123300.0	122959.0
-1175	123586.0	123115.0
-1174	123100.0	123436.0
-1173	123952.0	122991.0
-1172	123475.0	122955.0
-1171	123428.0	123437.0
-1170	123803.0	123801.0
-1169	123950.0	122886.0
-1168	123584.0	123257.0
-1167	123605.0	123347.0
-1166	124013.0	123561.0
-1165	123213.0	123758.0
-1164	124053.0	123308.0
-1163	123787.0	122809.0
-1162	124269.0	123763.0
-1161	124000.0	123787.0
-1160	124080.0	122940.0
-1159	124047.0	123602.0
-1158	123595.0	123341.0
-1157	123711.0	123158.0
-1156	124004.0	123192.0
-1155	123269.0	123617.0
-1154	123927.0	123607.0
-1153	124111.0	123324.0
-1152	123866.0	123946.0
-1151	123159.0	122546.0
-1150	123932.0	123033.0
-1149	124275.0	123684.0
-1148	124091.0	123459.0
-1147	123766.0	123016.0
-1146	123904.0	123811.0
-1145	124175.0	123523.0
-1144	124128.0	123559.0
-1143	124904.0	123270.0
-1142	124703.0	123035.0
-1141	123837.0	123177.0
-1140	124097.0	122641.0
-1139	123862.0	123464.0
-1138	124319.0	123304.0
-1137	123933.0	123403.0
-1136	124020.0	124066.0
-1135	124310.0	123631.0
-1134	124779.0	123698.0
-1133	123817.0	123144.0
-1132	124218.0	123460.0
-1131	124282.0	123807.0
-1130	124101.0	123600.0
-1129	124159.0	123580.0
-1128	124141.0	123435.0
-1127	123769.0	123412.0
-1126	124020.0	123353.0
-1125	123484.0	124019.0
-1124	124348.0	122790.0
-1123	124255.0	123501.0
-1122	124551.0	123588.0
-1121	123953.0	123254.0
-1120	124376.0	122748.0
-1119	124085.0	123030.0
-1118	124133.0	123393.0
-1117	124633.0	123339.0
-1116	124123.0	123193.0
-1115	123425.0	123189.0
-1114	123547.0	123242.0
-1113	123883.0	122991.0
-1112	123819.0	122884.0
-1111	124667.0	123382.0
-1110	124464.0	122797.0
-1109	123955.0	122945.0
-1108	124623.0	123395.0
-1107	123809.0	123308.0
-1106	123916.0	122770.0
-1105	123305.0	123074.0
-1104	123867.0	123404.0
-1103	123774.0	123173.0
-1102	123434.0	123206.0
-1101	124366.0	123576.0
-1100	124110.0	123401.0
-1099	123693.0	123255.0
-1098	123815.0	123090.0
-1097	124224.0	122953.0
-1096	123682.0	123467.0
-1095	124275.0	123096.0
-1094	123618.0	122824.0
-1093	123988.0	122832.0
-1092	123985.0	123130.0
-1091	123828.0	123043.0
-1090	124203.0	123644.0
-1089	124325.0	122940.0
-1088	123949.0	122619.0
-1087	123826.0	122860.0
-1086	123776.0	123226.0
-1085	124156.0	122879.0
-1084	123898.0	123510.0
-1083	123457.0	123867.0
-1082	123679.0	123829.0
-1081	123462.0	123775.0
-1080	123708.0	123602.0
-1079	124037.0	123044.0
-1078	124589.0	123005.0
-1077	123520.0	123178.0
-1076	124342.0	122337.0
-1075	124022.0	122795.0
-1074	124371.0	123031.0
-1073	124450.0	123125.0
-1072	123330.0	122997.0
-1071	123822.0	123443.0
-1070	124321.0	123033.0
-1069	123904.0	123158.0
-1068	124496.0	123264.0
-1067	123737.0	123033.0
-1066	124563.0	122670.0
-1065	124292.0	123092.0
-1064	124123.0	122669.0
-1063	124173.0	123510.0
-1062	123826.0	122968.0
-1061	123580.0	123106.0
-1060	123363.0	123128.0
-1059	123648.0	122999.0
-1058	123502.0	122620.0
-1057	123893.0	123361.0
-1056	124089.0	123267.0
-1055	123225.0	123090.0
-1054	123383.0	122947.0
-1053	123788.0	122982.0
-1052	124125.0	122842.0
-1051	124290.0	123023.0
-1050	124125.0	123307.0
-1049	123872.0	123126.0
-1048	123281.0	122777.0
-1047	123683.0	123255.0
-1046	123529.0	123149.0
-1045	123234.0	122974.0
-1044	124189.0	122572.0
-1043	123538.0	122771.0
-1042	123978.0	123293.0
-1041	124440.0	122965.0
-1040	123542.0	123517.0
-1039	123576.0	123029.0
-1038	123714.0	123466.0
-1037	123742.0	123242.0
-1036	123701.0	122923.0
-1035	124534.0	123074.0
-1034	123589.0	123267.0
-1033	123617.0	123292.0
-1032	123564.0	123398.0
-1031	123418.0	123046.0
-1030	123176.0	123353.0
-1029	124264.0	123712.0
-1028	123533.0	123214.0
-1027	123759.0	123163.0
-1026	124021.0	123343.0
-1025	123555.0	123678.0
-1024	124023.0	123716.0
-1023	124395.0	123366.0
-1022	124091.0	123492.0
-1021	123925.0	122964.0
-1020	124550.0	123742.0
-1019	123884.0	123792.0
-1018	124386.0	123550.0
-1017	123927.0	123588.0
-1016	124278.0	123035.0
-1015	124345.0	123114.0
-1014	124173.0	123892.0
-1013	123818.0	123930.0
-1012	123708.0	123891.0
-1011	123718.0	123455.0
-1010	124288.0	123344.0
-1009	124132.0	123330.0
-1008	123786.0	123841.0
-1007	123644.0	123673.0
-1006	123965.0	123895.0
-1005	124386.0	124285.0
-1004	124195.0	123547.0
-1003	124491.0	123851.0
-1002	124740.0	123671.0
-1001	123689.0	123787.0
-1000	123873.0	124507.0
-999	124195.0	123476.0
-998	124002.0	124334.0
-997	123938.0	124043.0
-996	124268.0	124083.0
-995	124037.0	123547.0
-994	124223.0	123774.0
-993	124500.0	123907.0
-992	124215.0	123706.0
-991	123973.0	124053.0
-990	123897.0	123848.0
-989	124311.0	124347.0
-988	124349.0	123461.0
-987	124775.0	124134.0
-986	124483.0	124401.0
-985	124657.0	124380.0
-984	124773.0	124678.0
-983	124890.0	123469.0
-982	124585.0	124237.0
-981	125065.0	124320.0
-980	124931.0	123992.0
-979	124597.0	123741.0
-978	124925.0	123756.0
-977	124741.0	124311.0
-976	124818.0	124381.0
-975	124930.0	124194.0
-974	124514.0	124225.0
-973	124673.0	123849.0
-972	125207.0	124021.0
-971	124838.0	123749.0
-970	125090.0	124490.0
-969	125039.0	123578.0
-968	125312.0	124112.0
-967	125264.0	124914.0
-966	124569.0	123636.0
-965	125068.0	123645.0
-964	124514.0	124668.0
-963	124520.0	124158.0
-962	125058.0	124308.0
-961	124768.0	123984.0
-960	124264.0	124237.0
-959	124486.0	123834.0
-958	124932.0	124202.0
-957	125680.0	123960.0
-956	124939.0	123590.0
-955	124709.0	124312.0
-954	124608.0	123718.0
-953	124647.0	123943.0
-952	124240.0	123539.0
-951	124925.0	123814.0
-950	124803.0	123555.0
-949	125325.0	124261.0
-948	124624.0	123614.0
-947	125220.0	123883.0
-946	125094.0	124381.0
-945	124836.0	123699.0
-944	124429.0	124242.0
-943	124172.0	124126.0
-942	124856.0	124151.0
-941	124824.0	123623.0
-940	125042.0	124303.0
-939	124679.0	124296.0
-938	125470.0	123928.0
-937	125730.0	124140.0
-936	125119.0	124306.0
-935	125243.0	124486.0
-934	124893.0	124684.0
-933	124996.0	124223.0
-932	125278.0	124005.0
-931	125462.0	124329.0
-930	125344.0	123408.0
-929	124979.0	124208.0
-928	124854.0	124031.0
-927	125106.0	124140.0
-926	124669.0	123687.0
-925	124667.0	124184.0
-924	124802.0	123628.0
-923	124920.0	123960.0
-922	124413.0	123924.0
-921	125546.0	123631.0
-920	125260.0	123560.0
-919	124610.0	123895.0
-918	124791.0	123685.0
-917	124429.0	123581.0
-916	124727.0	124136.0
-915	125161.0	123886.0
-914	124628.0	123399.0
-913	124538.0	124205.0
-912	125571.0	123955.0
-911	124538.0	123663.0
-910	125146.0	124161.0
-909	124989.0	124186.0
-908	124892.0	124523.0
-907	125143.0	123607.0
-906	124694.0	124046.0
-905	125212.0	123591.0
-904	125157.0	124148.0
-903	125302.0	123979.0
-902	125144.0	123746.0
-901	124597.0	123758.0
-900	124918.0	123620.0
-899	124859.0	124136.0
-898	124534.0	123696.0
-897	124869.0	124137.0
-896	124290.0	123840.0
-895	124592.0	123922.0
-894	125309.0	123727.0
-893	124743.0	123453.0
-892	124367.0	123920.0
-891	125051.0	124097.0
-890	124539.0	124154.0
-889	124218.0	124099.0
-888	124903.0	123930.0
-887	124734.0	123823.0
-886	124885.0	123433.0
-885	125003.0	124223.0
-884	124808.0	124388.0
-883	124821.0	124304.0
-882	125100.0	124446.0
-881	125410.0	124289.0
-880	124081.0	124033.0
-879	125226.0	124178.0
-878	124537.0	123537.0
-877	124535.0	123949.0
-876	124973.0	123334.0
-875	124483.0	122923.0
-874	124648.0	123580.0
-873	125016.0	123413.0
-872	124396.0	123503.0
-871	124318.0	123902.0
-870	124528.0	124059.0
-869	124013.0	124360.0
-868	125095.0	124112.0
-867	124595.0	123803.0
-866	124421.0	123812.0
-865	124244.0	123745.0
-864	124778.0	123863.0
-863	125170.0	123342.0
-862	124665.0	123671.0
-861	124760.0	123539.0
-860	124693.0	123686.0
-859	124882.0	123475.0
-858	124814.0	123894.0
-857	124441.0	123843.0
-856	124683.0	123910.0
-855	125073.0	123777.0
-854	124448.0	123960.0
-853	124570.0	124065.0
-852	124838.0	123776.0
-851	124226.0	123556.0
-850	124852.0	124159.0
-849	124945.0	124490.0
-848	124323.0	123926.0
-847	124324.0	124552.0
-846	124934.0	124558.0
-845	124558.0	124281.0
-844	124319.0	124044.0
-843	124525.0	124166.0
-842	124421.0	123421.0
-841	124934.0	124076.0
-840	125030.0	124284.0
-839	124523.0	124208.0
-838	124685.0	123850.0
-837	124586.0	123883.0
-836	124148.0	124100.0
-835	124634.0	124652.0
-834	125001.0	123925.0
-833	124902.0	124159.0
-832	124571.0	124244.0
-831	124745.0	124155.0
-830	124081.0	125205.0
-829	125063.0	124076.0
-828	124393.0	124271.0
-827	124363.0	124494.0
-826	124773.0	124259.0
-825	124564.0	123914.0
-824	125177.0	124509.0
-823	124050.0	124337.0
-822	124798.0	124506.0
-821	124478.0	123527.0
-820	124508.0	123712.0
-819	125032.0	124625.0
-818	125040.0	124722.0
-817	125170.0	124525.0
-816	124781.0	124501.0
-815	124518.0	124079.0
-814	124532.0	124474.0
-813	125316.0	124471.0
-812	124859.0	124562.0
-811	125113.0	124717.0
-810	124754.0	123792.0
-809	125452.0	124176.0
-808	125146.0	124148.0
-807	124713.0	124385.0
-806	124744.0	124389.0
-805	124790.0	124467.0
-804	125208.0	124593.0
-803	125110.0	124152.0
-802	125078.0	124768.0
-801	125039.0	125130.0
-800	125185.0	125073.0
-799	125240.0	124636.0
-798	125343.0	124723.0
-797	125052.0	124415.0
-796	124887.0	124714.0
-795	125081.0	124554.0
-794	125325.0	124863.0
-793	125280.0	124683.0
-792	125222.0	124966.0
-791	124854.0	124385.0
-790	125124.0	124615.0
-789	124928.0	124947.0
-788	125341.0	124821.0
-787	124647.0	124732.0
-786	125769.0	124621.0
-785	125604.0	124057.0
-784	125351.0	125168.0
-783	126070.0	124896.0
-782	124602.0	124240.0
-781	124762.0	125061.0
-780	124883.0	125411.0
-779	125028.0	124590.0
-778	125137.0	124747.0
-777	126176.0	125054.0
-776	125130.0	124669.0
-775	124980.0	124837.0
-774	125709.0	124651.0
-773	125250.0	124639.0
-772	125224.0	125321.0
-771	125816.0	125208.0
-770	125167.0	124354.0
-769	125710.0	124758.0
-768	125748.0	124665.0
-767	125264.0	124301.0
-766	125575.0	124837.0
-765	125418.0	124822.0
-764	125585.0	125062.0
-763	125599.0	125620.0
-762	125342.0	125232.0
-761	125751.0	125263.0
-760	125495.0	125334.0
-759	125751.0	125103.0
-758	124976.0	124486.0
-757	124799.0	125591.0
-756	125640.0	125030.0
-755	125767.0	124875.0
-754	125740.0	125042.0
-753	126293.0	125290.0
-752	125949.0	124730.0
-751	125793.0	125116.0
-750	126201.0	124634.0
-749	125590.0	124484.0
-748	125593.0	124994.0
-747	125792.0	124822.0
-746	125756.0	125179.0
-745	125762.0	124916.0
-744	125969.0	125358.0
-743	125457.0	124831.0
-742	124938.0	125363.0
-741	125872.0	125284.0
-740	125154.0	124949.0
-739	126058.0	125113.0
-738	126361.0	125159.0
-737	125412.0	125014.0
-736	125848.0	125050.0
-735	125784.0	125365.0
-734	125860.0	124398.0
-733	126402.0	125696.0
-732	126320.0	125212.0
-731	126031.0	124061.0
-730	125065.0	124739.0
-729	126302.0	125451.0
-728	125843.0	125106.0
-727	126714.0	125126.0
-726	126029.0	125252.0
-725	126231.0	125200.0
-724	125996.0	125687.0
-723	126196.0	125107.0
-722	126417.0	125137.0
-721	125967.0	124930.0
-720	125955.0	124624.0
-719	125530.0	124543.0
-718	125864.0	125497.0
-717	125765.0	124539.0
-716	126034.0	125222.0
-715	125866.0	125274.0
-714	125804.0	124667.0
-713	125756.0	124645.0
-712	125771.0	124938.0
-711	125982.0	125690.0
-710	125863.0	124527.0
-709	125737.0	125061.0
-708	126322.0	125475.0
-707	125060.0	124427.0
-706	125685.0	124962.0
-705	125513.0	125580.0
-704	125353.0	124520.0
-703	125759.0	124301.0
-702	126003.0	125018.0
-701	125891.0	124403.0
-700	125739.0	124771.0
-699	125516.0	124404.0
-698	125564.0	124873.0
-697	125632.0	124908.0
-696	126446.0	124981.0
-695	125876.0	124151.0
-694	125136.0	124358.0
-693	125794.0	124599.0
-692	125783.0	124789.0
-691	125938.0	125343.0
-690	125735.0	124601.0
-689	125454.0	123928.0
-688	125581.0	124641.0
-687	125557.0	124241.0
-686	125871.0	124909.0
-685	125691.0	124290.0
-684	125709.0	124257.0
-683	125450.0	124197.0
-682	125440.0	124726.0
-681	126103.0	125393.0
-680	125492.0	124141.0
-679	125791.0	124453.0
-678	125493.0	124988.0
-677	125776.0	124434.0
-676	125997.0	125148.0
-675	126028.0	123988.0
-674	125634.0	124033.0
-673	125298.0	124566.0
-672	126270.0	124642.0
-671	125372.0	124754.0
-670	125310.0	124459.0
-669	125697.0	124542.0
-668	125421.0	124434.0
-667	124689.0	124650.0
-666	126374.0	124810.0
-665	125304.0	124342.0
-664	125200.0	124198.0
-663	125452.0	124096.0
-662	125180.0	123593.0
-661	125544.0	124437.0
-660	125671.0	124694.0
-659	125321.0	124191.0
-658	124985.0	124297.0
-657	125194.0	124653.0
-656	125349.0	124695.0
-655	125267.0	124383.0
-654	125105.0	124871.0
-653	124933.0	124385.0
-652	125008.0	124693.0
-651	125379.0	125013.0
-650	124331.0	124608.0
-649	125254.0	125169.0
-648	125348.0	124919.0
-647	125173.0	124653.0
-646	124771.0	125197.0
-645	125713.0	124904.0
-644	124638.0	124490.0
-643	125300.0	124506.0
-642	125423.0	124720.0
-641	124671.0	124509.0
-640	125445.0	125268.0
-639	125510.0	124343.0
-638	125729.0	123693.0
-637	125537.0	124988.0
-636	125434.0	125542.0
-635	125109.0	124558.0
-634	124872.0	124401.0
-633	125187.0	125173.0
-632	124680.0	125015.0
-631	124857.0	125561.0
-630	125468.0	125162.0
-629	124617.0	124782.0
-628	124722.0	125216.0
-627	125450.0	125278.0
-626	124885.0	124888.0
-625	124757.0	125270.0
-624	125503.0	125265.0
-623	125058.0	125003.0
-622	124715.0	125854.0
-621	125426.0	125038.0
-620	124617.0	125264.0
-619	125591.0	125413.0
-618	125546.0	125318.0
-617	125085.0	125588.0
-616	125448.0	125023.0
-615	125468.0	125493.0
-614	125088.0	125077.0
-613	124520.0	125245.0
-612	125738.0	125721.0
-611	125252.0	125599.0
-610	124934.0	125762.0
-609	125966.0	125500.0
-608	125616.0	125418.0
-607	125226.0	125670.0
-606	125037.0	126104.0
-605	125224.0	124886.0
-604	125282.0	125605.0
-603	126098.0	126262.0
-602	125831.0	125697.0
-601	125395.0	125734.0
-600	125913.0	125940.0
-599	125657.0	125668.0
-598	125318.0	126708.0
-597	126269.0	126739.0
-596	126002.0	126045.0
-595	125458.0	125935.0
-594	125680.0	126425.0
-593	125408.0	125908.0
-592	125520.0	125869.0
-591	126297.0	126338.0
-590	125926.0	125964.0
-589	125751.0	126076.0
-588	126204.0	125811.0
-587	125851.0	126149.0
-586	126135.0	126351.0
-585	126167.0	125698.0
-584	125944.0	125983.0
-583	125647.0	126505.0
-582	126469.0	126645.0
-581	125973.0	126395.0
-580	126091.0	126802.0
-579	126672.0	126389.0
-578	125918.0	126087.0
-577	125985.0	126673.0
-576	126405.0	125588.0
-575	126154.0	126729.0
-574	126798.0	126420.0
-573	126591.0	125966.0
-572	126327.0	126239.0
-571	125804.0	126163.0
-570	126749.0	126071.0
-569	126107.0	126410.0
-568	125928.0	126862.0
-567	127309.0	126709.0
-566	126400.0	126671.0
-565	126644.0	126550.0
-564	126607.0	126995.0
-563	126514.0	125867.0
-562	126921.0	126493.0
-561	126783.0	126858.0
-560	126835.0	125806.0
-559	126717.0	126645.0
-558	127521.0	126478.0
-557	126577.0	125885.0
-556	126704.0	126239.0
-555	127542.0	126980.0
-554	126950.0	125546.0
-553	126707.0	126948.0
-552	127337.0	126055.0
-551	126844.0	125373.0
-550	127144.0	125700.0
-549	126804.0	126095.0
-548	126635.0	126438.0
-547	126842.0	126263.0
-546	127184.0	125829.0
-545	127392.0	125867.0
-544	126942.0	126148.0
-543	127416.0	126031.0
-542	127289.0	125729.0
-541	126934.0	125875.0
-540	127462.0	125769.0
-539	127137.0	126085.0
-538	127201.0	126389.0
-537	127521.0	125994.0
-536	127190.0	125038.0
-535	126611.0	125972.0
-534	127222.0	125912.0
-533	126922.0	126626.0
-532	127436.0	126409.0
-531	127181.0	126271.0
-530	126627.0	125461.0
-529	126868.0	125794.0
-528	127743.0	125927.0
-527	127620.0	125550.0
-526	127105.0	126087.0
-525	127173.0	126429.0
-524	127443.0	125291.0
-523	126976.0	126167.0
-522	127186.0	125870.0
-521	127133.0	125908.0
-520	126655.0	126222.0
-519	127406.0	125667.0
-518	127594.0	125336.0
-517	127079.0	125549.0
-516	127051.0	125351.0
-515	126575.0	125853.0
-514	126864.0	125323.0
-513	126751.0	125320.0
-512	126629.0	124948.0
-511	126731.0	125419.0
-510	126563.0	125912.0
-509	126330.0	125195.0
-508	126986.0	126001.0
-507	127144.0	125547.0
-506	126622.0	124812.0
-505	127290.0	125069.0
-504	127049.0	125142.0
-503	126458.0	124397.0
-502	125926.0	125017.0
-501	126959.0	125105.0
-500	126538.0	124421.0
-499	126342.0	125213.0
-498	126365.0	125129.0
-497	126250.0	124796.0
-496	126495.0	124812.0
-495	126798.0	124844.0
-494	125675.0	124801.0
-493	126192.0	125201.0
-492	126145.0	125378.0
-491	126437.0	124068.0
-490	125638.0	124793.0
-489	126252.0	125018.0
-488	126412.0	124939.0
-487	126355.0	124710.0
-486	126546.0	124714.0
-485	126191.0	123962.0
-484	126068.0	124934.0
-483	126353.0	124460.0
-482	125657.0	124569.0
-481	125904.0	125010.0
-480	125538.0	125214.0
-479	125717.0	124016.0
-478	125360.0	124960.0
-477	126376.0	125199.0
-476	125967.0	124799.0
-475	125456.0	124853.0
-474	126134.0	124471.0
-473	126088.0	124462.0
-472	125399.0	124756.0
-471	125553.0	124743.0
-470	124541.0	124593.0
-469	124927.0	125408.0
-468	125284.0	125452.0
-467	125157.0	124455.0
-466	125044.0	125110.0
-465	125835.0	125998.0
-464	125277.0	125025.0
-463	125025.0	125008.0
-462	125245.0	124611.0
-461	124899.0	124851.0
-460	125160.0	125157.0
-459	125073.0	124985.0
-458	124960.0	124959.0
-457	125142.0	125509.0
-456	125427.0	125102.0
-455	124895.0	124555.0
-454	125009.0	124566.0
-453	125179.0	124551.0
-452	125075.0	125288.0
-451	124743.0	124912.0
-450	125027.0	125292.0
-449	124941.0	125156.0
-448	124962.0	124733.0
-447	125271.0	125147.0
-446	124555.0	125110.0
-445	124596.0	125573.0
-444	125207.0	125112.0
-443	125362.0	125646.0
-442	125208.0	125696.0
-441	125117.0	125568.0
-440	125034.0	125226.0
-439	124586.0	125386.0
-438	125080.0	125703.0
-437	124686.0	125721.0
-436	124771.0	126051.0
-435	125314.0	126239.0
-434	124910.0	125943.0
-433	125141.0	126235.0
-432	125560.0	126327.0
-431	124919.0	125590.0
-430	125442.0	126709.0
-429	124783.0	126093.0
-428	124530.0	125971.0
-427	125103.0	126414.0
-426	125430.0	126216.0
-425	125356.0	125615.0
-424	125392.0	126922.0
-423	125583.0	126866.0
-422	125026.0	126647.0
-421	125583.0	127100.0
-420	126219.0	126914.0
-419	125263.0	125653.0
-418	125114.0	127407.0
-417	125961.0	127199.0
-416	125994.0	126669.0
-415	125629.0	128042.0
-414	125855.0	127256.0
-413	125627.0	127127.0
-412	125877.0	127266.0
-411	126135.0	126970.0
-410	125828.0	127423.0
-409	126141.0	127849.0
-408	126974.0	127157.0
-407	125857.0	127001.0
-406	125865.0	127510.0
-405	126754.0	127402.0
-404	126307.0	127529.0
-403	126112.0	127699.0
-402	127069.0	127605.0
-401	126819.0	126892.0
-400	126602.0	127944.0
-399	127232.0	128146.0
-398	126727.0	128063.0
-397	126962.0	128168.0
-396	127117.0	127591.0
-395	126618.0	127466.0
-394	127319.0	128203.0
-393	127402.0	128293.0
-392	126491.0	128007.0
-391	126980.0	128610.0
-390	127717.0	128323.0
-389	127081.0	127707.0
-388	127359.0	128361.0
-387	127716.0	128147.0
-386	127239.0	128482.0
-385	128257.0	128585.0
-384	128873.0	128364.0
-383	128088.0	127934.0
-382	128378.0	129079.0
-381	128988.0	128447.0
-380	127894.0	127525.0
-379	128363.0	128649.0
-378	128047.0	128332.0
-377	128385.0	127453.0
-376	128011.0	128216.0
-375	128696.0	128207.0
-374	127794.0	127445.0
-373	127955.0	127956.0
-372	128974.0	128383.0
-371	128524.0	128094.0
-370	128289.0	128354.0
-369	129027.0	128566.0
-368	128873.0	127389.0
-367	128671.0	127885.0
-366	129210.0	128124.0
-365	129278.0	127357.0
-364	129070.0	127482.0
-363	128815.0	127903.0
-362	128661.0	127638.0
-361	128572.0	128096.0
-360	128847.0	127777.0
-359	129097.0	126925.0
-358	128860.0	127807.0
-357	129360.0	127689.0
-356	128543.0	127330.0
-355	129032.0	127704.0
-354	129548.0	127152.0
-353	129185.0	126707.0
-352	129388.0	127114.0
-351	129362.0	127007.0
-350	128688.0	127119.0
-349	128924.0	127477.0
-348	129870.0	127231.0
-347	128697.0	126255.0
-346	128823.0	126831.0
-345	129369.0	126680.0
-344	129070.0	127378.0
-343	129068.0	127043.0
-342	129629.0	127029.0
-341	128949.0	126018.0
-340	128530.0	126847.0
-339	129404.0	126548.0
-338	128407.0	126494.0
-337	128589.0	126495.0
-336	128991.0	126652.0
-335	128743.0	126087.0
-334	128752.0	126262.0
-333	129253.0	126602.0
-332	128803.0	125453.0
-331	128233.0	126708.0
-330	128890.0	126543.0
-329	128119.0	125727.0
-328	128176.0	126221.0
-327	128967.0	125713.0
-326	128004.0	125045.0
-325	128006.0	126104.0
-324	128604.0	125864.0
-323	128149.0	125309.0
-322	128150.0	125856.0
-321	128373.0	126102.0
-320	128789.0	125478.0
-319	127439.0	125498.0
-318	127971.0	125967.0
-317	126771.0	125317.0
-316	127596.0	125895.0
-315	127733.0	125583.0
-314	127031.0	125239.0
-313	126766.0	126095.0
-312	127954.0	125548.0
-311	127067.0	124364.0
-310	126822.0	125141.0
-309	127146.0	125034.0
-308	126881.0	124455.0
-307	127051.0	125297.0
-306	127045.0	124924.0
-305	126483.0	123936.0
-304	126097.0	125115.0
-303	127074.0	124932.0
-302	126283.0	124232.0
-301	126298.0	125735.0
-300	126707.0	125272.0
-299	125914.0	124562.0
-298	125568.0	125450.0
-297	127283.0	125457.0
-296	125889.0	124361.0
-295	126023.0	125573.0
-294	126711.0	124943.0
-293	125923.0	124300.0
-292	125776.0	124797.0
-291	126424.0	125442.0
-290	125738.0	124320.0
-289	125573.0	125303.0
-288	126351.0	124328.0
-287	125798.0	124792.0
-286	125919.0	124820.0
-285	126567.0	124927.0
-284	125599.0	124181.0
-283	125257.0	125272.0
-282	125768.0	124989.0
-281	125575.0	124876.0
-280	125413.0	125674.0
-279	125901.0	125041.0
-278	125558.0	124629.0
-277	125058.0	124942.0
-276	125687.0	124980.0
-275	124489.0	124817.0
-274	125074.0	126230.0
-273	125391.0	125936.0
-272	124823.0	124520.0
-271	125417.0	125042.0
-270	125358.0	125412.0
-269	124757.0	124747.0
-268	124968.0	125792.0
-267	125185.0	126124.0
-266	124794.0	124831.0
-265	124893.0	126029.0
-264	125463.0	126050.0
-263	124974.0	125178.0
-262	124897.0	126200.0
-261	125381.0	126606.0
-260	124820.0	125502.0
-259	125008.0	126478.0
-258	125603.0	126248.0
-257	124847.0	125760.0
-256	125179.0	126297.0
-255	125563.0	126144.0
-254	124838.0	125614.0
-253	124866.0	127008.0
-252	125789.0	126924.0
-251	125217.0	126295.0
-250	124851.0	127186.0
-249	126072.0	127071.0
-248	124882.0	127046.0
-247	125317.0	127164.0
-246	126081.0	127876.0
-245	125169.0	127285.0
-244	125461.0	127647.0
-243	126151.0	128087.0
-242	125390.0	127108.0
-241	125316.0	128051.0
-240	126472.0	128388.0
-239	125795.0	127961.0
-238	124978.0	128289.0
-237	126690.0	127857.0
-236	125038.0	127919.0
-235	125815.0	128507.0
-234	127104.0	128809.0
-233	126367.0	128305.0
-232	126536.0	128880.0
-231	127310.0	129155.0
-230	126840.0	128478.0
-229	127021.0	129261.0
-228	128002.0	129932.0
-227	127326.0	128875.0
-226	126530.0	129803.0
-225	127543.0	129218.0
-224	127243.0	130039.0
-223	127172.0	129665.0
-222	128336.0	130140.0
-221	128026.0	129238.0
-220	127612.0	130418.0
-219	128917.0	130766.0
-218	128110.0	129491.0
-217	128428.0	130184.0
-216	129035.0	130496.0
-215	129175.0	129145.0
-214	128636.0	130889.0
-213	130003.0	130416.0
-212	129645.0	129846.0
-211	129626.0	130397.0
-210	130471.0	130371.0
-209	129253.0	129598.0
-208	129719.0	130809.0
-207	130926.0	130714.0
-206	130177.0	129808.0
-205	130285.0	130555.0
-204	131215.0	130502.0
-203	130344.0	130157.0
-202	130605.0	131210.0
-201	131477.0	130523.0
-200	130789.0	130397.0
-199	131464.0	130854.0
-198	132089.0	131147.0
-197	130986.0	130050.0
-196	131289.0	131338.0
-195	132354.0	131960.0
-194	131335.0	129965.0
-193	132120.0	130625.0
-192	132370.0	131106.0
-191	132279.0	129735.0
-190	132018.0	131107.0
-189	132928.0	130659.0
-188	132304.0	129676.0
-187	132435.0	130161.0
-186	133062.0	129629.0
-185	132161.0	129460.0
-184	131691.0	129906.0
-183	133275.0	129716.0
-182	132651.0	129189.0
-181	132411.0	130511.0
-180	133648.0	129552.0
-179	132280.0	129262.0
-178	132235.0	129616.0
-177	133117.0	129277.0
-176	132141.0	128367.0
-175	132616.0	129589.0
-174	133028.0	129309.0
-173	132074.0	128517.0
-172	132597.0	129085.0
-171	133104.0	128721.0
-170	132348.0	128762.0
-169	132484.0	129357.0
-168	133075.0	128992.0
-167	132260.0	127960.0
-166	132393.0	128500.0
-165	133338.0	128523.0
-164	132038.0	127165.0
-163	131626.0	128222.0
-162	132432.0	127439.0
-161	132097.0	126483.0
-160	131441.0	128153.0
-159	132989.0	127587.0
-158	131541.0	127711.0
-157	131095.0	128447.0
-156	132745.0	128207.0
-155	131973.0	126490.0
-154	131680.0	127152.0
-153	132194.0	126788.0
-152	131478.0	126398.0
-151	131303.0	127392.0
-150	132433.0	126417.0
-149	131156.0	125846.0
-148	131048.0	126669.0
-147	131628.0	126665.0
-146	130293.0	125395.0
-145	130351.0	127375.0
-144	131796.0	125969.0
-143	130938.0	125704.0
-142	131130.0	125953.0
-141	131716.0	126083.0
-140	129561.0	125189.0
-139	129115.0	126477.0
-138	130170.0	126194.0
-137	128948.0	125168.0
-136	128493.0	126076.0
-135	129455.0	126130.0
-134	129099.0	125091.0
-133	129232.0	126088.0
-132	130612.0	125844.0
-131	130047.0	124733.0
-130	129595.0	125332.0
-129	130494.0	125734.0
-128	128203.0	124915.0
-127	128051.0	125342.0
-126	128867.0	125533.0
-125	128210.0	124737.0
-124	128601.0	125625.0
-123	130013.0	125357.0
-122	129052.0	124499.0
-121	129663.0	125324.0
-120	130220.0	124976.0
-119	128245.0	124326.0
-118	127534.0	125777.0
-117	128508.0	125922.0
-116	126451.0	125085.0
-115	127168.0	126281.0
-114	129240.0	125955.0
-113	128106.0	124841.0
-112	129009.0	125313.0
-111	130719.0	125083.0
-110	129885.0	124494.0
-109	129052.0	125499.0
-108	129398.0	125313.0
-107	127611.0	125075.0
-106	126753.0	125720.0
-105	128451.0	125598.0
-104	128073.0	125150.0
-103	128492.0	125455.0
-102	130245.0	125709.0
-101	130135.0	125023.0
-100	130393.0	125410.0
-99	130641.0	125901.0
-98	129218.0	124505.0
-97	127859.0	126299.0
-96	129042.0	126739.0
-95	127537.0	125268.0
-94	127982.0	126255.0
-93	129955.0	126196.0
-92	129565.0	124562.0
-91	130186.0	125479.0
-90	130916.0	125723.0
-89	130047.0	124402.0
-88	129920.0	125512.0
-87	130078.0	126408.0
-86	128624.0	125986.0
-85	128096.0	126502.0
-84	129031.0	126537.0
-83	128722.0	126275.0
-82	129116.0	126786.0
-81	131047.0	126405.0
-80	129490.0	125997.0
-79	129309.0	126416.0
-78	130584.0	126227.0
-77	129339.0	125768.0
-76	129278.0	126717.0
-75	131085.0	127504.0
-74	129378.0	126681.0
-73	129591.0	128437.0
-72	131306.0	127553.0
-71	130795.0	126171.0
-70	130973.0	127530.0
-69	132488.0	127276.0
-68	130941.0	126017.0
-67	130550.0	128165.0
-66	131666.0	128101.0
-65	130455.0	127272.0
-64	130092.0	129612.0
-63	131901.0	129443.0
-62	131288.0	127832.0
-61	131909.0	129449.0
-60	132979.0	128810.0
-59	131608.0	128115.0
-58	132036.0	130215.0
-57	132785.0	130246.0
-56	130881.0	129269.0
-55	131331.0	131285.0
-54	132785.0	130743.0
-53	131712.0	130263.0
-52	132911.0	131563.0
-51	135057.0	130846.0
-50	133904.0	130455.0
-49	134530.0	132052.0
-48	135837.0	132359.0
-47	134610.0	131392.0
-46	133396.0	132498.0
-45	135399.0	132345.0
-44	133670.0	131549.0
-43	134137.0	132906.0
-42	137176.0	132987.0
-41	135800.0	131937.0
-40	136839.0	134053.0
-39	138786.0	133640.0
-38	138456.0	132906.0
-37	137629.0	134407.0
-36	137766.0	134697.0
-35	135731.0	133284.0
-34	136125.0	135178.0
-33	138966.0	135574.0
-32	138898.0	134330.0
-31	139535.0	136134.0
-30	142633.0	135623.0
-29	141472.0	134312.0
-28	141317.0	136747.0
-27	142705.0	136419.0
-26	140442.0	134587.0
-25	139620.0	137866.0
-24	140725.0	137991.0
-23	139465.0	136544.0
-22	138861.0	139156.0
-21	142362.0	139439.0
-20	142148.0	137993.0
-19	143374.0	140982.0
-18	145644.0	141446.0
-17	143406.0	139854.0
-16	143135.0	142088.0
-15	143878.0	143010.0
-14	142339.0	141880.0
-13	142019.0	145840.0
-12	146683.0	147255.0
-11	145367.0	145165.0
-10	146320.0	148983.0
-9	150511.0	151339.0
-8	149514.0	152490.0
-7	146129.0	160074.0
-6	143360.0	163581.0
-5	138418.0	162568.0
-4	139418.0	165559.0
-3	155572.0	174832.0
-2	173555.0	166515.0
-1	261317.0	165186.0
0	3062.0	110083.0
1	261079.0	38982.0
2	174431.0	67451.0
3	155140.0	91305.0
4	138865.0	117686.0
5	138829.0	133101.0
6	143502.0	128386.0
7	145073.0	118846.0
8	148975.0	117465.0
9	150100.0	113738.0
10	146171.0	111456.0
11	145484.0	114841.0
12	146383.0	116987.0
13	142510.0	117674.0
14	142161.0	120889.0
15	144010.0	122345.0
16	143345.0	120686.0
17	143684.0	122506.0
18	145918.0	123101.0
19	142910.0	121122.0
20	141736.0	123735.0
21	142261.0	125075.0
22	139966.0	125767.0
23	138562.0	129210.0
24	140825.0	130518.0
25	139137.0	128204.0
26	140458.0	128889.0
27	143009.0	127958.0
28	140562.0	124924.0
29	140989.0	125257.0
30	142356.0	125356.0
31	139345.0	124087.0
32	137506.0	127656.0
33	138315.0	128441.0
34	136247.0	128986.0
35	136378.0	131401.0
36	138023.0	131877.0
37	137034.0	129320.0
38	137438.0	130199.0
39	138486.0	129047.0
40	136904.0	127124.0
41	136062.0	128924.0
42	136458.0	130030.0
43	133627.0	130154.0
44	133106.0	132673.0
45	134915.0	133455.0
46	133684.0	132338.0
47	134048.0	133574.0
48	135599.0	132353.0
49	134408.0	130291.0
50	134232.0	131288.0
51	134609.0	130680.0
52	133283.0	129835.0
53	131504.0	132467.0
54	132434.0	133087.0
55	130876.0	131518.0
56	131147.0	134552.0
57	132729.0	133486.0
58	131813.0	132057.0
59	131753.0	131089.0
60	133622.0	130280.0
61	131787.0	129205.0
62	131508.0	130885.0
63	132898.0	131103.0
64	131026.0	129833.0
65	130124.0	131413.0
66	131728.0	131505.0
67	130426.0	129699.0
68	130927.0	130673.0
69	132022.0	130345.0
70	130922.0	128263.0
71	130976.0	128964.0
72	131501.0	129756.0
73	129703.0	129115.0
74	129531.0	130896.0
75	130619.0	130374.0
76	129694.0	129114.0
77	129445.0	129672.0
78	131134.0	129349.0
79	129548.0	128157.0
80	129674.0	130714.0
81	129945.0	130144.0
82	129005.0	129116.0
83	129039.0	131322.0
84	129637.0	131806.0
85	128040.0	130876.0
86	128792.0	132395.0
87	129459.0	130211.0
88	129883.0	128460.0
89	129944.0	129063.0
90	131263.0	128193.0
91	129555.0	127045.0
92	128838.0	129508.0
93	130277.0	129714.0
94	127950.0	129948.0
95	127926.0	132536.0
96	128772.0	132221.0
97	128099.0	130710.0
98	128981.0	131637.0
99	130676.0	130511.0
100	129601.0	128711.0
101	129005.0	128571.0
102	130154.0	129239.0
103	128431.0	129103.0
104	127850.0	131544.0
105	128192.0	132150.0
106	127009.0	132240.0
107	127555.0	134137.0
108	129138.0	132962.0
109	128174.0	131364.0
110	129191.0	131403.0
111	130131.0	130740.0
112	128794.0	129780.0
113	127399.0	132034.0
114	128442.0	133092.0
115	127254.0	134248.0
116	126844.0	135559.0
117	128590.0	136621.0
118	127818.0	135237.0
119	128491.0	136512.0
120	130320.0	135337.0
121	129146.0	133328.0
122	129545.0	134591.0
123	130320.0	134474.0
124	128112.0	135235.0
125	128260.0	137132.0
126	128499.0	137994.0
127	127658.0	138202.0
128	128474.0	138944.0
129	130626.0	137982.0
130	129896.0	135715.0
131	130404.0	135830.0
132	131448.0	135819.0
133	129257.0	134971.0
134	129596.0	137929.0
135	129623.0	138696.0
136	128443.0	139286.0
137	128662.0	141772.0
138	129673.0	142102.0
139	128943.0	140834.0
140	129768.0	141069.0
141	131384.0	140096.0
142	130354.0	139382.0
143	130750.0	140273.0
144	131302.0	140187.0
145	130381.0	141141.0
146	130547.0	141958.0
147	132167.0	142259.0
148	130375.0	140575.0
149	130688.0	141625.0
150	131798.0	141498.0
151	131714.0	140455.0
152	131873.0	142037.0
153	132450.0	142140.0
154	131204.0	140836.0
155	131448.0	141649.0
156	132160.0	142305.0
157	131612.0	141729.0
158	131792.0	141983.0
159	132859.0	141115.0
160	131346.0	140160.0
161	132005.0	141494.0
162	132878.0	140687.0
163	132437.0	140327.0
164	132494.0	141476.0
165	133180.0	141217.0
166	131489.0	140061.0
167	132070.0	140707.0
168	133498.0	140717.0
169	132326.0	139820.0
170	132202.0	140719.0
171	133223.0	140368.0
172	132773.0	139103.0
173	132739.0	140193.0
174	133624.0	139921.0
175	132524.0	138802.0
176	131528.0	139439.0
177	133334.0	139776.0
178	132149.0	138561.0
179	131639.0	139480.0
180	133662.0	138809.0
181	132320.0	137605.0
182	132839.0	138614.0
183	132753.0	138850.0
184	131828.0	137554.0
185	131980.0	138213.0
186	132861.0	137849.0
187	131947.0	136678.0
188	132014.0	137025.0
189	133325.0	136903.0
190	131408.0	136050.0
191	132046.0	136780.0
192	132803.0	135562.0
193	131087.0	134784.0
194	131140.0	135769.0
195	132104.0	135788.0
196	130700.0	134763.0
197	131547.0	135141.0
198	131282.0	135540.0
199	131074.0	133661.0
200	130955.0	134705.0
201	131489.0	133398.0
202	130230.0	133268.0
203	129643.0	133935.0
204	130557.0	133483.0
205	129613.0	133260.0
206	129609.0	133413.0
207	129931.0	133536.0
208	129299.0	132309.0
209	129025.0	133589.0
210	130015.0	133251.0
211	129359.0	132094.0
212	128702.0	132426.0
213	129816.0	132421.0
214	128416.0	132066.0
215	128786.0	132831.0
216	129067.0	132566.0
217	128413.0	132017.0
218	128163.0	132609.0
219	128551.0	131992.0
220	128031.0	131355.0
221	128155.0	132085.0
222	128400.0	131780.0
223	127259.0	130364.0
224	127022.0	131978.0
225	128109.0	131694.0
226	127523.0	130844.0
227	127124.0	131612.0
228	127278.0	130983.0
229	126977.0	130393.0
230	126002.0	131541.0
231	126869.0	131057.0
232	126600.0	129762.0
233	125712.0	132172.0
234	126758.0	131406.0
235	125757.0	131006.0
236	126166.0	132258.0
237	126492.0	132288.0
238	125289.0	131070.0
239	125227.0	131843.0
240	126219.0	131032.0
241	125270.0	131225.0
242	125627.0	131971.0
243	125772.0	131624.0
244	125202.0	130995.0
245	125067.0	131856.0
246	125721.0	131890.0
247	125140.0	131772.0
248	125052.0	132091.0
249	125560.0	132166.0
250	125229.0	131736.0
251	125152.0	132198.0
252	125649.0	131698.0
253	125197.0	131259.0
254	124684.0	131893.0
255	125480.0	132169.0
256	125291.0	130987.0
257	125413.0	132410.0
258	125347.0	131705.0
259	124291.0	131869.0
260	125300.0	133112.0
261	126121.0	133202.0
262	125510.0	132127.0
263	125494.0	132648.0
264	125441.0	132832.0
265	124796.0	132407.0
266	124404.0	132587.0
267	125568.0	133146.0
268	124664.0	132057.0
269	124810.0	132290.0
270	125462.0	133397.0
271	124959.0	131817.0
272	124936.0	133027.0
273	125096.0	133406.0
274	125005.0	133036.0
275	124854.0	133859.0
276	125980.0	133556.0
277	124847.0	132911.0
278	125441.0	133122.0
279	125701.0	133229.0
280	124881.0	132903.0
281	124768.0	133997.0
282	125545.0	133982.0
283	125260.0	133200.0
284	125111.0	134035.0
285	126197.0	133928.0
286	125603.0	133787.0
287	125507.0	134229.0
288	125666.0	134766.0
289	125507.0	133910.0
290	126222.0	134413.0
291	126269.0	133971.0
292	125808.0	133880.0
293	126006.0	134615.0
294	126230.0	134292.0
295	125869.0	133448.0
296	125862.0	134956.0
297	126073.0	134635.0
298	125756.0	134165.0
299	126417.0	135099.0
300	126837.0	134945.0
301	126116.0	133748.0
302	126082.0	134552.0
303	126927.0	134602.0
304	126454.0	135163.0
305	126638.0	135348.0
306	126757.0	134605.0
307	126275.0	134999.0
308	126064.0	135275.0
309	127720.0	134970.0
310	126854.0	134303.0
311	127035.0	134795.0
312	128003.0	134844.0
313	127347.0	134538.0
314	126938.0	134800.0
315	127669.0	134940.0
316	127362.0	134704.0
317	126612.0	135410.0
318	128279.0	135005.0
319	127917.0	134333.0
320	127380.0	134938.0
321	128453.0	134734.0
322	127593.0	134193.0
323	127790.0	134903.0
324	128913.0	134533.0
325	127653.0	133984.0
326	127934.0	134392.0
327	128688.0	134698.0
328	128707.0	133817.0
329	128063.0	134558.0
330	128633.0	134850.0
331	128371.0	134338.0
332	127783.0	134494.0
333	129424.0	134698.0
334	128670.0	133923.0
335	128084.0	133860.0
336	129022.0	134594.0
337	128830.0	133260.0
338	128545.0	133302.0
339	129052.0	133929.0
340	128838.0	133322.0
341	128798.0	134011.0
342	129708.0	133761.0
343	128161.0	133108.0
344	128185.0	133683.0
345	129155.0	133150.0
346	128835.0	132678.0
347	129077.0	132862.0
348	129391.0	133008.0
349	128691.0	132466.0
350	128905.0	132931.0
351	129193.0	132684.0
352	128728.0	132423.0
353	128634.0	133254.0
354	129730.0	132155.0
355	128731.0	132126.0
356	128804.0	132201.0
357	129469.0	131976.0
358	128921.0	131497.0
359	128652.0	131456.0
360	129865.0	131521.0
361	129209.0	131355.0
362	128992.0	131402.0
363	129885.0	131381.0
364	128991.0	130959.0
365	128569.0	131459.0
366	129828.0	130548.0
367	128656.0	130230.0
368	128642.0	130575.0
369	128990.0	130738.0
370	127896.0	129793.0
371	128047.0	130224.0
372	128572.0	129821.0
373	128533.0	128993.0
374	128282.0	129861.0
375	128856.0	129862.0
376	127730.0	129041.0
377	127951.0	130063.0
378	128598.0	129694.0
379	127761.0	128860.0
380	127017.0	129293.0
381	128366.0	128501.0
382	127920.0	128865.0
383	127635.0	128563.0
384	128244.0	128467.0
385	127642.0	127875.0
386	127070.0	128201.0
387	127809.0	128612.0
388	127123.0	128302.0
389	127053.0	128231.0
390	127593.0	127908.0
391	127364.0	127349.0
392	126822.0	128856.0
393	127269.0	128542.0
394	126913.0	127562.0
395	126149.0	127994.0
396	127744.0	128321.0
397	126922.0	126587.0
398	126352.0	128489.0
399	126936.0	128078.0
400	126425.0	126546.0
401	126033.0	127934.0
402	126972.0	128100.0
403	126557.0	126516.0
404	126328.0	127551.0
405	126395.0	127777.0
406	126134.0	127719.0
407	126151.0	127403.0
408	126398.0	127815.0
409	126152.0	126880.0
410	126009.0	126528.0
411	125969.0	127354.0
412	125800.0	127006.0
413	125981.0	127515.0
414	125972.0	127491.0
415	125890.0	126803.0
416	126073.0	126808.0
417	126552.0	127668.0
418	125293.0	126875.0
419	125339.0	127224.0
420	125879.0	126876.0
421	124842.0	126960.0
422	125019.0	127982.0
423	125698.0	127522.0
424	125044.0	126969.0
425	125336.0	127344.0
426	125294.0	126922.0
427	126049.0	126679.0
428	125400.0	127760.0
429	125195.0	127348.0
430	125400.0	127272.0
431	124545.0	127424.0
432	125330.0	127581.0
433	124735.0	126821.0
434	124996.0	128127.0
435	125327.0	127478.0
436	124817.0	126529.0
437	124928.0	128202.0
438	125479.0	127332.0
439	124815.0	126979.0
440	125027.0	128134.0
441	125095.0	127786.0
442	125075.0	127039.0
443	125774.0	127330.0
444	124691.0	127823.0
445	124904.0	128052.0
446	124688.0	128488.0
447	125398.0	127884.0
448	125191.0	128000.0
449	124698.0	128106.0
450	125165.0	128223.0
451	125465.0	128018.0
452	125139.0	128305.0
453	125550.0	127884.0
454	125170.0	127881.0
455	125349.0	128075.0
456	125835.0	128267.0
457	124984.0	127925.0
458	125164.0	128676.0
459	124661.0	128096.0
460	124947.0	128194.0
461	124647.0	128816.0
462	125052.0	128255.0
463	124837.0	128394.0
464	125045.0	128898.0
465	126174.0	128583.0
466	124639.0	127896.0
467	125250.0	128797.0
468	125783.0	128510.0
469	125325.0	128063.0
470	125214.0	129105.0
471	125697.0	128621.0
472	125407.0	128715.0
473	125559.0	129174.0
474	125405.0	129095.0
475	125275.0	129171.0
476	125899.0	129429.0
477	126221.0	128931.0
478	125632.0	128455.0
479	125522.0	129496.0
480	126179.0	128415.0
481	125508.0	128469.0
482	126113.0	129299.0
483	125811.0	129088.0
484	125772.0	128333.0
485	125762.0	129086.0
486	126110.0	128526.0
487	125462.0	128217.0
488	126080.0	129254.0
489	126549.0	129112.0
490	125673.0	128420.0
491	125841.0	129795.0
492	127023.0	128440.0
493	126326.0	128733.0
494	126186.0	128857.0
495	126867.0	129393.0
496	126027.0	129059.0
497	126343.0	128970.0
498	126384.0	128051.0
499	125751.0	129025.0
500	126067.0	128883.0
501	126661.0	128797.0
502	126552.0	128488.0
503	126102.0	129077.0
504	126441.0	128505.0
505	126901.0	128567.0
506	127108.0	128838.0
507	126431.0	128695.0
508	126407.0	128743.0
509	126755.0	129059.0
510	126907.0	128497.0
511	126473.0	128716.0
512	125983.0	129105.0
513	126692.0	128621.0
514	127147.0	128535.0
515	126663.0	128898.0
516	126829.0	128516.0
517	126541.0	128492.0
518	126625.0	128421.0
519	127432.0	128777.0
520	126592.0	128524.0
521	127222.0	128507.0
522	127092.0	128613.0
523	126677.0	128052.0
524	126808.0	128527.0
525	127504.0	128455.0
526	127036.0	128066.0
527	126773.0	128635.0
528	127560.0	127934.0
529	126327.0	127286.0
530	126693.0	127914.0
531	127234.0	128235.0
532	127098.0	127563.0
533	126938.0	127550.0
534	126677.0	127967.0
535	126327.0	127030.0
536	127403.0	128043.0
537	127124.0	127645.0
538	126941.0	127314.0
539	126176.0	127782.0
540	126748.0	127127.0
541	126464.0	127100.0
542	126275.0	128048.0
543	126654.0	127156.0
544	126629.0	127115.0
545	126682.0	127245.0
546	126983.0	127046.0
547	126768.0	127066.0
548	126584.0	127404.0
549	126554.0	126935.0
550	126811.0	127013.0
551	126995.0	126850.0
552	127151.0	127420.0
553	126792.0	126989.0
554	127139.0	127122.0
555	127069.0	126676.0
556	126978.0	126362.0
557	126676.0	126677.0
558	126984.0	126733.0
559	126309.0	126363.0
560	125783.0	126603.0
561	126732.0	125911.0
562	126452.0	126088.0
563	126585.0	126254.0
564	127017.0	126304.0
565	126172.0	125959.0
566	126229.0	126201.0
567	127161.0	126316.0
568	126754.0	126139.0
569	126491.0	126052.0
570	126797.0	125946.0
571	126019.0	125343.0
572	126102.0	126063.0
573	126158.0	126608.0
574	125778.0	125989.0
575	125948.0	126181.0
576	126389.0	126116.0
577	126034.0	125612.0
578	126023.0	126069.0
579	126225.0	125793.0
580	125406.0	125869.0
581	126086.0	125811.0
582	126200.0	125785.0
583	125353.0	125491.0
584	125582.0	126067.0
585	126021.0	125952.0
586	125962.0	125601.0
587	125870.0	125887.0
588	125640.0	125585.0
589	125609.0	125452.0
590	124983.0	125956.0
591	125764.0	125579.0
592	125687.0	125562.0
593	125574.0	125537.0
594	125827.0	125746.0
595	125847.0	124971.0
596	125211.0	126187.0
597	125884.0	125512.0
598	124823.0	125396.0
599	125410.0	125592.0
600	125968.0	125258.0
601	124748.0	125198.0
602	124640.0	125736.0
603	125600.0	125300.0
604	125084.0	125719.0
605	124639.0	125663.0
606	125831.0	125367.0
607	124849.0	125496.0
608	124630.0	126193.0
609	125836.0	125465.0
610	125245.0	125229.0
611	125091.0	125388.0
612	125607.0	126198.0
613	124279.0	125516.0
614	124716.0	126032.0
615	125744.0	126646.0
616	125533.0	125670.0
617	125160.0	125923.0
618	125368.0	125519.0
619	125103.0	125159.0
620	125356.0	125751.0
621	124864.0	125572.0
622	124510.0	125604.0
623	124927.0	125583.0
624	125122.0	125514.0
625	124897.0	125624.0
626	125162.0	125651.0
627	125497.0	126117.0
628	124850.0	125842.0
629	124938.0	125179.0
630	125338.0	125634.0
631	124053.0	125326.0
632	124596.0	126357.0
633	125417.0	125817.0
634	124775.0	125876.0
635	124803.0	125921.0
636	125936.0	126256.0
637	125211.0	126300.0
638	125046.0	125966.0
639	125185.0	126271.0
640	125589.0	126374.0
641	125449.0	126563.0
642	124899.0	126065.0
643	125131.0	126116.0
644	125863.0	126505.0
645	125654.0	125826.0
646	125305.0	125858.0
647	124896.0	126376.0
648	125315.0	126014.0
649	125021.0	125961.0
650	125213.0	126486.0
651	125033.0	126115.0
652	124365.0	126420.0
653	124966.0	126871.0
654	125763.0	126183.0
655	125083.0	126295.0
656	125364.0	126584.0
657	125197.0	126254.0
658	125154.0	126435.0
659	124564.0	125869.0
660	125147.0	126370.0
661	124779.0	126669.0
662	125219.0	126549.0
663	125805.0	126647.0
664	125378.0	125861.0
665	125060.0	126300.0
666	126053.0	126128.0
667	125009.0	125966.0
668	125534.0	126531.0
669	125668.0	126596.0
670	124739.0	126028.0
671	125671.0	126756.0
672	125863.0	126608.0
673	125888.0	125927.0
674	124929.0	126344.0
675	125720.0	126301.0
676	125492.0	126212.0
677	125317.0	126481.0
678	125429.0	126083.0
679	125033.0	126563.0
680	124958.0	126238.0
681	126008.0	125657.0
682	125589.0	126116.0
683	124974.0	125829.0
684	125785.0	126151.0
685	125142.0	126237.0
686	125066.0	126290.0
687	125714.0	125979.0
688	124792.0	126084.0
689	125586.0	126057.0
690	126331.0	126265.0
691	125722.0	126266.0
692	125727.0	126469.0
693	125855.0	125996.0
694	125474.0	125795.0
695	125328.0	125919.0
696	126108.0	126102.0
697	125401.0	126326.0
698	124947.0	126589.0
699	125407.0	126909.0
700	125117.0	126009.0
701	125070.0	126436.0
702	126083.0	126342.0
703	125426.0	126392.0
704	125308.0	126242.0
705	125549.0	126623.0
706	125935.0	125975.0
707	124994.0	126087.0
708	125490.0	125761.0
709	125545.0	126519.0
710	125605.0	125802.0
711	125859.0	126162.0
712	125589.0	126040.0
713	125781.0	126436.0
714	125686.0	126668.0
715	125436.0	126484.0
716	125216.0	125957.0
717	126164.0	126008.0
718	125375.0	125839.0
719	125835.0	126355.0
720	125946.0	125712.0
721	125376.0	126215.0
722	125883.0	126357.0
723	126401.0	125812.0
724	125775.0	125940.0
725	125388.0	125697.0
726	126095.0	126010.0
727	125354.0	124865.0
728	125718.0	125725.0
729	125712.0	125605.0
730	125388.0	125369.0
731	125312.0	126084.0
732	125267.0	125892.0
733	125342.0	125765.0
734	125739.0	125292.0
735	125606.0	125761.0
736	125444.0	125665.0
737	125906.0	125961.0
738	125380.0	125476.0
739	125316.0	125413.0
740	125665.0	125925.0
741	125495.0	125800.0
742	125408.0	125447.0
743	125840.0	125891.0
744	125895.0	125632.0
745	125338.0	125156.0
746	125376.0	125440.0
747	125159.0	125529.0
748	125107.0	125660.0
749	125353.0	126338.0
750	125622.0	125999.0
751	125400.0	124644.0
752	125176.0	125723.0
753	124984.0	125432.0
754	125440.0	125058.0
755	125489.0	125457.0
756	125485.0	125685.0
757	125488.0	124949.0
758	125032.0	125909.0
759	125889.0	125786.0
760	124591.0	125854.0
761	125024.0	125611.0
762	125355.0	125530.0
763	125142.0	124980.0
764	125380.0	125132.0
765	125766.0	125670.0
766	125327.0	125015.0
767	125778.0	125158.0
768	125696.0	124672.0
769	125153.0	125260.0
770	125306.0	125203.0
771	125391.0	124718.0
772	125256.0	124886.0
773	125304.0	124885.0
774	124865.0	125704.0
775	124873.0	124666.0
776	125062.0	125793.0
777	125422.0	125537.0
778	124491.0	125171.0
779	124289.0	124965.0
780	125294.0	124984.0
781	125371.0	124510.0
782	124914.0	124957.0
783	125039.0	125811.0
784	124608.0	125111.0
785	124980.0	125227.0
786	125197.0	125213.0
787	124855.0	124563.0
788	124362.0	125094.0
789	124810.0	125156.0
790	124930.0	125153.0
791	124597.0	125153.0
792	124923.0	125072.0
793	125087.0	125220.0
794	125462.0	125410.0
795	125166.0	125528.0
796	124381.0	124427.0
797	124799.0	124942.0
798	124222.0	125519.0
799	124683.0	125235.0
800	124601.0	125663.0
801	124722.0	125199.0
802	124648.0	124740.0
803	124522.0	124950.0
804	124901.0	125504.0
805	124458.0	124530.0
806	124753.0	125273.0
807	124865.0	124795.0
808	124282.0	125081.0
809	124625.0	125532.0
810	124436.0	124876.0
811	124455.0	124694.0
812	124777.0	124614.0
813	124611.0	124640.0
814	124607.0	125005.0
815	124672.0	124750.0
816	124493.0	125017.0
817	124387.0	124373.0
818	124296.0	125312.0
819	124356.0	124328.0
820	125017.0	124669.0
821	124122.0	125272.0
822	124519.0	125019.0
823	124353.0	125212.0
824	124475.0	124915.0
825	124813.0	125386.0
826	124869.0	124642.0
827	124887.0	125359.0
828	124704.0	125172.0
829	124619.0	125219.0
830	124084.0	125492.0
831	124390.0	125180.0
832	124357.0	124644.0
833	124139.0	125412.0
834	123867.0	125283.0
835	124418.0	125395.0
836	124479.0	124622.0
837	124163.0	125816.0
838	124165.0	125227.0
839	124074.0	125315.0
840	125036.0	124681.0
841	124429.0	124993.0
842	123871.0	124969.0
843	124494.0	124815.0
844	124334.0	124696.0
845	123971.0	125592.0
846	124836.0	125321.0
847	124551.0	125451.0
848	124484.0	125817.0
849	124311.0	125650.0
850	124339.0	125147.0
851	124181.0	125312.0
852	124488.0	125608.0
853	124241.0	125302.0
854	124096.0	125157.0
855	124430.0	125246.0
856	124324.0	125326.0
857	124381.0	125457.0
858	125233.0	124871.0
859	124718.0	124974.0
860	124861.0	124675.0
861	124966.0	125026.0
862	124280.0	124893.0
863	124844.0	125144.0
864	123904.0	124906.0
865	123925.0	124958.0
866	124802.0	125633.0
867	123761.0	125325.0
868	124863.0	125299.0
869	124650.0	125669.0
870	124534.0	125436.0
871	124769.0	124900.0
872	124282.0	125563.0
873	124136.0	125918.0
874	124839.0	125193.0
875	124779.0	125347.0
876	124927.0	125687.0
877	125039.0	124580.0
878	123945.0	125257.0
879	124649.0	125559.0
880	124543.0	125692.0
881	124635.0	125175.0
882	124529.0	125369.0
883	124261.0	125122.0
884	124224.0	125169.0
885	124394.0	125436.0
886	124052.0	124407.0
887	124851.0	124748.0
888	125277.0	125458.0
889	125049.0	125449.0
890	124663.0	125422.0
891	124405.0	125853.0
892	124632.0	125590.0
893	124082.0	125141.0
894	124442.0	125193.0
895	124725.0	125148.0
896	123885.0	125613.0
897	124717.0	125460.0
898	124565.0	125441.0
899	124302.0	125713.0
900	124354.0	125274.0
901	124125.0	124981.0
902	124290.0	125281.0
903	124557.0	125121.0
904	125159.0	124895.0
905	124534.0	125201.0
906	124356.0	125207.0
907	124837.0	124730.0
908	124053.0	125640.0
909	124638.0	125069.0
910	124304.0	125371.0
911	124753.0	125381.0
912	124477.0	125446.0
913	124677.0	124502.0
914	124636.0	125224.0
915	125216.0	124868.0
916	124597.0	125271.0
917	124388.0	124709.0
918	124675.0	125690.0
919	124951.0	124936.0
920	124457.0	125404.0
921	125045.0	125305.0
922	124957.0	124936.0
923	124681.0	125574.0
924	124949.0	124769.0
925	124352.0	124783.0
926	124477.0	124534.0
927	124345.0	125577.0
928	124940.0	124646.0
929	124083.0	125513.0
930	124126.0	125191.0
931	124890.0	125044.0
932	124953.0	125204.0
933	124610.0	124912.0
934	124073.0	124662.0
935	124502.0	125411.0
936	124599.0	124873.0
937	124201.0	124563.0
938	124251.0	125011.0
939	125316.0	124672.0
940	124685.0	125128.0
941	124564.0	124846.0
942	124693.0	124562.0
943	124755.0	124458.0
944	124315.0	124788.0
945	124587.0	124946.0
946	124736.0	124865.0
947	124154.0	125469.0
948	124340.0	125540.0
949	123703.0	125144.0
950	124229.0	124751.0
951	124736.0	124968.0
952	123941.0	124900.0
953	123885.0	125267.0
954	125441.0	125262.0
955	124929.0	125529.0
956	125142.0	125363.0
957	125308.0	124733.0
958	125112.0	124028.0
959	124457.0	124248.0
960	125178.0	125161.0
961	124616.0	124842.0
962	124427.0	125031.0
963	124572.0	124915.0
964	124329.0	124789.0
965	124893.0	124984.0
966	124599.0	124100.0
967	124710.0	125049.0
968	124608.0	124651.0
969	124529.0	124403.0
970	124642.0	124033.0
971	123934.0	124620.0
972	124993.0	124145.0
973	124494.0	123857.0
974	124373.0	124985.0
975	124597.0	124071.0
976	123854.0	123993.0
977	123689.0	124287.0
978	124218.0	124506.0
979	124155.0	124262.0
980	124201.0	124282.0
981	124253.0	124224.0
982	124044.0	124436.0
983	124327.0	124065.0
984	124143.0	124359.0
985	124141.0	123593.0
986	123573.0	124236.0
987	124604.0	124253.0
988	124336.0	124152.0
989	124402.0	123865.0
990	123658.0	124467.0
991	123991.0	124983.0
992	123985.0	124235.0
993	123537.0	124487.0
994	124509.0	124059.0
995	123996.0	123313.0
996	123744.0	123913.0
997	124363.0	124486.0
998	123985.0	124182.0
999	124155.0	123982.0
1000	123302.0	124276.0
1001	123846.0	124216.0
1002	124417.0	124279.0
1003	123888.0	124009.0
1004	124038.0	124601.0
1005	124278.0	124513.0
1006	124253.0	124426.0
1007	123826.0	124661.0
1008	123928.0	124533.0
1009	124050.0	123939.0
1010	123691.0	124204.0
1011	123884.0	124254.0
1012	123287.0	123837.0
1013	124275.0	124724.0
1014	123872.0	124334.0
1015	123893.0	124162.0
1016	123050.0	124593.0
1017	124211.0	124257.0
1018	123897.0	124086.0
1019	123850.0	124237.0
1020	124257.0	124611.0
1021	123513.0	123956.0
1022	123522.0	124092.0
1023	124121.0	124170.0
1024	123710.0	123718.0
1025	123974.0	124069.0
1026	124489.0	124804.0
1027	123850.0	124143.0
1028	123101.0	124695.0
1029	123413.0	124262.0
1030	123479.0	124007.0
1031	124029.0	124017.0
1032	123631.0	124368.0
1033	123620.0	124338.0
1034	123751.0	124225.0
1035	124073.0	124591.0
1036	124097.0	124530.0
1037	123348.0	124593.0
1038	124342.0	124272.0
1039	123667.0	124420.0
1040	123310.0	124523.0
1041	123847.0	124184.0
1042	123997.0	124005.0
1043	123966.0	124433.0
1044	124144.0	124579.0
1045	123483.0	124569.0
1046	123193.0	124958.0
1047	123779.0	124365.0
1048	123543.0	124296.0
1049	123965.0	124509.0
1050	123575.0	124135.0
1051	123113.0	123629.0
1052	123642.0	123801.0
1053	123325.0	124918.0
1054	123377.0	124650.0
1055	123164.0	124243.0
1056	123582.0	123934.0
1057	123552.0	124263.0
1058	123318.0	124859.0
1059	123601.0	125182.0
1060	123654.0	124767.0
1061	123546.0	124438.0
1062	123687.0	124364.0
1063	124104.0	124442.0
1064	123756.0	124577.0
1065	124265.0	124501.0
1066	123977.0	124669.0
1067	123075.0	124286.0
1068	123272.0	125448.0
1069	124087.0	124980.0
1070	123377.0	124829.0
1071	124275.0	124793.0
1072	123868.0	124263.0
1073	124211.0	124980.0
1074	123942.0	124854.0
1075	123229.0	124543.0
1076	124012.0	124688.0
1077	124414.0	124480.0
1078	124169.0	124575.0
1079	124758.0	124448.0
1080	123886.0	123905.0
1081	124139.0	124261.0
1082	123197.0	124004.0
1083	123216.0	124352.0
1084	123618.0	124691.0
1085	123903.0	123996.0
1086	123725.0	124449.0
1087	124007.0	123921.0
1088	123828.0	124499.0
1089	123934.0	124102.0
1090	123718.0	123949.0
1091	123681.0	124116.0
1092	123857.0	124907.0
1093	123255.0	124286.0
1094	123759.0	124857.0
1095	123579.0	125105.0
1096	123420.0	124724.0
1097	123752.0	125024.0
1098	124045.0	124675.0
1099	124097.0	124781.0
1100	123851.0	124596.0
1101	123698.0	124703.0
1102	123111.0	124373.0
1103	123790.0	124537.0
1104	123850.0	124985.0
1105	124218.0	124826.0
1106	123929.0	124585.0
1107	124858.0	124433.0
1108	124019.0	124700.0
1109	123945.0	124657.0
1110	124073.0	123916.0
1111	123816.0	124164.0
1112	123525.0	124363.0
1113	123509.0	124542.0
1114	123871.0	124235.0
1115	124195.0	124565.0
1116	123274.0	124649.0
1117	123506.0	124420.0
1118	124027.0	125017.0
1119	124410.0	124669.0
1120	124741.0	124726.0
1121	123823.0	124945.0
1122	124014.0	124524.0
1123	123735.0	124304.0
1124	124551.0	124162.0
1125	123977.0	124720.0
1126	123334.0	124973.0
1127	124197.0	124123.0
1128	124369.0	124506.0
1129	123665.0	124968.0
1130	123690.0	124735.0
1131	124052.0	124191.0
1132	123919.0	124587.0
1133	123917.0	124533.0
1134	124010.0	124470.0
1135	123464.0	124564.0
1136	123796.0	123879.0
1137	123603.0	124991.0
1138	124166.0	124125.0
1139	123619.0	124096.0
1140	123937.0	124760.0
1141	124046.0	124414.0
1142	124181.0	123500.0
1143	124579.0	124394.0
1144	124002.0	124120.0
1145	124153.0	123831.0
1146	123359.0	124161.0
1147	123483.0	124567.0
1148	124600.0	124333.0
1149	123971.0	123784.0
1150	124344.0	123855.0
1151	123599.0	123935.0
1152	124278.0	123673.0
1153	123638.0	124085.0
1154	123510.0	123856.0
1155	123323.0	123627.0
1156	123713.0	123771.0
1157	123627.0	124277.0
1158	123688.0	124269.0
1159	123548.0	123384.0
1160	123795.0	123535.0
1161	123882.0	123704.0
1162	123483.0	123432.0
1163	123523.0	123592.0
1164	124415.0	123436.0
1165	123815.0	123465.0
1166	123850.0	123402.0
1167	123659.0	123519.0
1168	123491.0	123650.0
1169	123293.0	123755.0
1170	124327.0	123980.0
1171	123632.0	123559.0
1172	123280.0	123591.0
1173	123107.0	122823.0
1174	123610.0	123241.0
1175	123715.0	123556.0
1176	123298.0	123225.0
1177	123741.0	123682.0
1178	123335.0	123844.0
1179	123215.0	123970.0
1180	123295.0	124237.0
1181	123297.0	123779.0
1182	123287.0	123564.0
1183	123273.0	123585.0
1184	123085.0	123506.0
1185	123581.0	123886.0
1186	124192.0	123276.0
1187	123532.0	124399.0
1188	123168.0	123583.0
1189	123531.0	123523.0
1190	123343.0	123481.0
1191	122706.0	123340.0
1192	122594.0	122429.0
1193	123348.0	123729.0
1194	123594.0	124084.0
1195	123371.0	124261.0
1196	122876.0	123303.0
1197	123254.0	123273.0
1198	123599.0	123095.0
1199	122762.0	123409.0
1200	123590.0	124164.0
1201	122795.0	123864.0
1202	122773.0	123878.0
1203	123064.0	123725.0
1204	122887.0	123584.0
1205	122880.0	123865.0
1206	122619.0	123464.0
1207	122727.0	123619.0
1208	123101.0	123165.0
1209	123359.0	123711.0
1210	123539.0	123873.0
1211	123071.0	123840.0
1212	123576.0	123724.0
1213	123262.0	123728.0
1214	122594.0	123553.0
1215	123330.0	124029.0
1216	122724.0	123484.0
1217	122852.0	123774.0
1218	122842.0	124076.0
1219	122982.0	123500.0
1220	122384.0	123619.0
1221	123368.0	123422.0
1222	123214.0	123302.0
1223	123217.0	123763.0
1224	122464.0	123495.0
1225	123024.0	123856.0
1226	122332.0	123508.0
1227	122910.0	124321.0
1228	123063.0	123599.0
1229	122934.0	123770.0
1230	122783.0	123480.0
1231	122727.0	123671.0
1232	122733.0	123726.0
1233	123011.0	123532.0
1234	122843.0	123737.0
1235	122985.0	123523.0
1236	123046.0	123727.0
1237	123254.0	123839.0
1238	122824.0	123513.0
1239	122743.0	123442.0
1240	123113.0	123927.0
1241	123119.0	123455.0
1242	122796.0	123325.0
1243	123121.0	123279.0
1244	122709.0	124014.0
1245	122641.0	123469.0
1246	123206.0	123803.0
1247	122660.0	124075.0
1248	122946.0	123559.0
1249	123355.0	124043.0
1250	122967.0	123650.0
1251	122824.0	124071.0
1252	123470.0	124192.0
1253	122834.0	123531.0
1254	123240.0	123673.0
1255	123342.0	124118.0
1256	122939.0	124394.0
1257	123202.0	124141.0
1258	122697.0	123686.0
1259	122579.0	123494.0
1260	123190.0	123580.0
1261	123473.0	123827.0
1262	123278.0	124080.0
1263	123043.0	124271.0
1264	123150.0	122982.0
1265	122988.0	123206.0
1266	123468.0	123923.0
1267	123503.0	124094.0
1268	123029.0	124102.0
1269	122936.0	124483.0
1270	122752.0	123476.0
1271	122716.0	123851.0
1272	123700.0	123766.0
1273	123088.0	124113.0
1274	123223.0	124346.0
1275	123306.0	124527.0
1276	123076.0	123742.0
1277	122952.0	124049.0
1278	123541.0	124078.0
1279	123293.0	124403.0
1280	122384.0	124448.0
1281	122692.0	124049.0
1282	122882.0	123992.0
1283	123484.0	123977.0
1284	122901.0	124298.0
1285	123364.0	124504.0
1286	123184.0	123733.0
1287	123745.0	124198.0
1288	123758.0	123910.0
1289	123242.0	124446.0
1290	123795.0	123759.0
1291	122958.0	124117.0
1292	123420.0	124584.0
1293	123422.0	123275.0
1294	122832.0	123705.0
1295	123046.0	123323.0
1296	123818.0	124142.0
1297	122907.0	123724.0
1298	123470.0	124038.0
1299	123447.0	123439.0
1300	123257.0	123871.0
1301	123460.0	123715.0
1302	123244.0	123878.0
1303	123330.0	123597.0
1304	123163.0	123975.0
1305	122999.0	123803.0
1306	122985.0	123994.0
1307	123227.0	123734.0
1308	123084.0	123682.0
1309	123243.0	123543.0
1310	123142.0	123467.0
1311	123680.0	123933.0
1312	123136.0	123661.0
1313	123518.0	123663.0
1314	123502.0	123859.0
1315	124064.0	123361.0
1316	123851.0	123128.0
1317	123655.0	123697.0
1318	122929.0	123531.0
1319	123004.0	123589.0
1320	123728.0	123585.0
1321	123258.0	123342.0
1322	123299.0	123836.0
1323	123199.0	123655.0
1324	123344.0	123349.0
1325	123033.0	123442.0
1326	123467.0	123384.0
1327	123398.0	122950.0
1328	123180.0	123767.0
1329	122825.0	123758.0
1330	123047.0	123260.0
1331	123217.0	123451.0
1332	122883.0	123092.0
1333	122837.0	123564.0
1334	122771.0	123243.0
1335	123227.0	123657.0
1336	122410.0	123304.0
1337	122634.0	123282.0
1338	122558.0	123189.0
1339	122703.0	123403.0
1340	122915.0	123145.0
1341	122730.0	122676.0
1342	122587.0	123228.0
1343	122371.0	123076.0
1344	123421.0	123081.0
1345	122557.0	123075.0
1346	122386.0	123248.0
1347	122701.0	123133.0
1348	123042.0	123262.0
1349	123052.0	123609.0
1350	122611.0	123710.0
1351	122824.0	124144.0
1352	122320.0	123266.0
1353	122583.0	123247.0
1354	122215.0	123408.0
1355	122992.0	122719.0
1356	122827.0	123048.0
1357	122685.0	123158.0
1358	122194.0	123253.0
1359	123078.0	123139.0
1360	122461.0	123045.0
1361	122158.0	122895.0
1362	122686.0	123188.0
1363	122581.0	122855.0
1364	122702.0	123150.0
1365	122090.0	123185.0
1366	122243.0	123439.0
1367	122045.0	123355.0
1368	123072.0	123670.0
1369	123144.0	123352.0
1370	122523.0	123101.0
1371	122399.0	123100.0
1372	122892.0	122999.0
1373	122294.0	123114.0
1374	122354.0	123206.0
1375	122684.0	123346.0
1376	121843.0	123035.0
1377	122628.0	123360.0
1378	122792.0	123060.0
1379	122533.0	123543.0
1380	122179.0	123895.0
1381	122150.0	123687.0
1382	122187.0	122996.0
1383	122829.0	123459.0
1384	122386.0	122990.0
1385	122815.0	123701.0
1386	122030.0	123225.0
1387	122845.0	123011.0
1388	122603.0	122897.0
1389	122359.0	123315.0
1390	122503.0	123385.0
1391	122602.0	123208.0
1392	122835.0	122994.0
1393	123127.0	122984.0
1394	122423.0	122932.0
1395	121961.0	123831.0
1396	122830.0	123118.0
1397	122519.0	123497.0
1398	122456.0	123393.0
1399	122552.0	122638.0
1400	122203.0	122649.0
1401	122545.0	122866.0
1402	122711.0	123225.0
1403	122464.0	122880.0
1404	123195.0	122481.0
1405	122720.0	123010.0
1406	122093.0	123000.0
1407	122226.0	122835.0
1408	122304.0	123088.0
1409	122048.0	123644.0
1410	122688.0	123307.0
1411	122292.0	123220.0
1412	121762.0	123395.0
1413	122493.0	123113.0
1414	122454.0	123063.0
1415	122733.0	123664.0
1416	122633.0	122742.0
1417	121489.0	122979.0
1418	122105.0	122890.0
1419	122140.0	123203.0
1420	122209.0	122778.0
1421	122061.0	123076.0
1422	122567.0	123130.0
1423	122490.0	123584.0
1424	122180.0	123390.0
1425	122387.0	123297.0
1426	123355.0	123308.0
1427	121959.0	123353.0
1428	121925.0	123458.0
1429	122810.0	123370.0
1430	122555.0	122782.0
1431	122828.0	123486.0
1432	122485.0	123099.0
1433	122547.0	123735.0
1434	122728.0	123242.0
1435	122418.0	123175.0
1436	122357.0	123547.0
1437	122263.0	123317.0
1438	121922.0	123552.0
1439	122459.0	123359.0
1440	122673.0	123659.0
1441	123149.0	122835.0
1442	122668.0	123425.0
1443	122450.0	123915.0
1444	122598.0	123230.0
1445	122775.0	123514.0
1446	123029.0	123392.0
1447	122860.0	123077.0
1448	122294.0	122832.0
1449	122809.0	123068.0
1450	122540.0	123240.0
1451	122640.0	123068.0
1452	122775.0	123447.0
1453	122322.0	123428.0
1454	122967.0	123242.0
1455	122793.0	123304.0
1456	123079.0	123289.0
1457	122770.0	123747.0
1458	123051.0	123130.0
1459	122457.0	123801.0
1460	122753.0	123874.0
1461	122353.0	123493.0
1462	122238.0	123632.0
1463	122480.0	123366.0
1464	122801.0	123427.0
1465	122493.0	123031.0
1466	122820.0	123286.0
1467	122720.0	123299.0
1468	123013.0	123149.0
1469	122560.0	122508.0
1470	122998.0	123378.0
1471	122752.0	122740.0
1472	122117.0	122614.0
1473	122540.0	122960.0
1474	122967.0	123264.0
1475	122867.0	123323.0
1476	122939.0	123129.0
1477	122727.0	123254.0
1478	121998.0	122919.0
1479	122875.0	123231.0
1480	122631.0	123642.0
1481	122039.0	122462.0
1482	122809.0	123288.0
1483	122921.0	122736.0
1484	122616.0	123300.0
1485	123056.0	123102.0
1486	122760.0	122595.0
1487	123046.0	123012.0
1488	122306.0	123165.0
1489	122493.0	123066.0
1490	122867.0	123218.0
1491	122550.0	122710.0
1492	122756.0	122908.0
1493	122889.0	123374.0
1494	122941.0	123333.0
1495	122515.0	122968.0
1496	122204.0	122887.0
1497	122611.0	122835.0
1498	122619.0	123174.0
1499	122619.0	122742.0
1500	122956.0	123262.0
1501	122301.0	122818.0
1502	122800.0	123174.0
1503	123212.0	123533.0
1504	122856.0	122407.0
1505	122407.0	123303.0
1506	122358.0	122956.0
1507	122196.0	122939.0
1508	121864.0	123425.0
1509	123070.0	122584.0
1510	122143.0	122187.0
1511	121874.0	122691.0
1512	122723.0	123069.0
1513	122109.0	122855.0
1514	122869.0	122725.0
1515	121905.0	122692.0
1516	122111.0	122327.0
1517	122089.0	122486.0
1518	122345.0	123049.0
1519	122283.0	122918.0
1520	122762.0	122806.0
1521	122864.0	122079.0
1522	122829.0	122760.0
1523	122082.0	122763.0
1524	122348.0	122038.0
1525	122515.0	122300.0
1526	121965.0	122548.0
1527	122295.0	123060.0
1528	122525.0	122440.0
1529	122517.0	123049.0
1530	122742.0	122628.0
1531	122449.0	122782.0
1532	122512.0	122613.0
1533	122362.0	122376.0
1534	122200.0	121982.0
1535	122292.0	122658.0
1536	122682.0	122427.0
1537	122822.0	122208.0
1538	122092.0	122695.0
1539	122073.0	122587.0
1540	121747.0	122575.0
1541	122138.0	122708.0
1542	122236.0	122926.0
1543	121806.0	121966.0
1544	121920.0	122675.0
1545	122277.0	122584.0
1546	122468.0	122323.0
1547	121973.0	122294.0
1548	122322.0	122843.0
1549	122783.0	122705.0
1550	122225.0	122713.0
1551	122313.0	122835.0
1552	122013.0	122518.0
1553	121804.0	122036.0
1554	121867.0	122895.0
1555	122290.0	122061.0
1556	122474.0	122846.0
1557	121782.0	122998.0
1558	121952.0	122365.0
1559	122269.0	123065.0
1560	122423.0	122317.0
1561	122095.0	122720.0
1562	122274.0	122500.0
1563	121747.0	123040.0
1564	122217.0	122738.0
1565	121313.0	122045.0
1566	122105.0	122819.0
1567	122088.0	122388.0
1568	122046.0	122375.0
1569	122533.0	122648.0
1570	122018.0	122567.0
1571	121913.0	122372.0
1572	121907.0	122489.0
1573	121783.0	123160.0
1574	121936.0	122732.0
1575	121053.0	122256.0
1576	122380.0	122480.0
1577	121421.0	122960.0
1578	121640.0	122929.0
1579	121594.0	122688.0
1580	121715.0	122523.0
1581	121657.0	123251.0
1582	122310.0	122354.0
1583	121729.0	122514.0
1584	121268.0	122297.0
1585	121739.0	122634.0
1586	121981.0	122491.0
1587	122281.0	122561.0
1588	122010.0	123021.0
1589	122264.0	122675.0
1590	122213.0	122695.0
1591	122214.0	122185.0
1592	122052.0	122600.0
1593	122139.0	122242.0
1594	121791.0	122722.0
1595	121954.0	122863.0
1596	122030.0	122417.0
1597	121530.0	122510.0
1598	121752.0	122608.0
1599	122354.0	123017.0
1600	122028.0	122829.0
1601	122057.0	122763.0
1602	122195.0	122202.0
1603	122524.0	122441.0
1604	122441.0	122158.0
1605	121271.0	122424.0
1606	122019.0	122115.0
1607	121606.0	122431.0
1608	121717.0	122234.0
1609	122758.0	122729.0
1610	122109.0	122775.0
1611	121842.0	122946.0
1612	121760.0	122725.0
1613	122143.0	122623.0
1614	121947.0	122694.0
1615	121708.0	122176.0
1616	121657.0	122484.0
1617	121951.0	122614.0
1618	121792.0	122307.0
1619	122149.0	122679.0
1620	121774.0	122294.0
1621	122476.0	122489.0
1622	121940.0	122764.0
1623	122000.0	122784.0
1624	122010.0	121871.0
1625	122412.0	122881.0
1626	121739.0	122866.0
1627	122060.0	122443.0
1628	121916.0	121929.0
1629	121694.0	122192.0
1630	122255.0	122587.0
1631	122139.0	123020.0
1632	122154.0	122411.0
1633	121409.0	122411.0
1634	121713.0	122752.0
1635	122248.0	123217.0
1636	121937.0	122557.0
1637	121685.0	122148.0
1638	122119.0	122709.0
1639	121780.0	122490.0
1640	121849.0	123014.0
1641	121846.0	122593.0
1642	121758.0	122320.0
1643	122125.0	122473.0
1644	122548.0	122416.0
1645	122030.0	122488.0
1646	121728.0	122739.0
1647	121995.0	122487.0
1648	122236.0	122474.0
1649	122096.0	122377.0
1650	121824.0	122507.0
1651	121939.0	122662.0
1652	121573.0	122041.0
1653	121519.0	122727.0
1654	121651.0	122510.0
1655	121963.0	122574.0
1656	121955.0	122988.0
1657	121600.0	122428.0
1658	122654.0	122397.0
1659	122059.0	122331.0
1660	121962.0	122825.0
1661	121427.0	123010.0
1662	121836.0	122533.0
1663	121519.0	122526.0
1664	122029.0	122774.0
1665	122394.0	122684.0
1666	121889.0	122455.0
1667	122251.0	122458.0
1668	121897.0	122438.0
1669	121647.0	122252.0
1670	121673.0	122118.0
1671	122305.0	122264.0
1672	121987.0	122553.0
1673	121932.0	122564.0
1674	122265.0	122224.0
1675	121397.0	122437.0
1676	121878.0	122101.0
1677	121823.0	122365.0
1678	121717.0	122553.0
1679	121205.0	123056.0
1680	121462.0	122729.0
1681	121729.0	122327.0
1682	121619.0	122566.0
1683	122157.0	122711.0
1684	121846.0	121831.0
1685	121702.0	122275.0
1686	122635.0	122177.0
1687	121859.0	122006.0
1688	122111.0	122331.0
1689	121883.0	121332.0
1690	122231.0	122735.0
1691	121836.0	122696.0
1692	122084.0	122422.0
1693	121883.0	122426.0
1694	122159.0	122658.0
1695	121596.0	122164.0
1696	121724.0	121878.0
1697	121788.0	122201.0
1698	122251.0	121920.0
1699	122444.0	122109.0
1700	121544.0	122126.0
1701	121952.0	121991.0
1702	121916.0	122602.0
1703	122046.0	122252.0
1704	121782.0	122310.0
1705	121912.0	121795.0
1706	121818.0	121983.0
1707	121723.0	122628.0
1708	121153.0	122181.0
1709	121143.0	122065.0
1710	121454.0	122363.0
1711	121786.0	121753.0
1712	121883.0	122055.0
1713	122385.0	121951.0
1714	122284.0	122096.0
1715	121619.0	122085.0
1716	121616.0	121932.0
1717	121646.0	122083.0
1718	121498.0	122153.0
1719	121849.0	122287.0
1720	121613.0	121908.0
1721	121499.0	121916.0
1722	121439.0	121845.0
1723	121332.0	121902.0
1724	121540.0	122615.0
1725	121949.0	121939.0
1726	120858.0	122531.0
1727	121876.0	122307.0
1728	121697.0	122378.0
1729	121390.0	122557.0
1730	121572.0	122412.0
1731	121833.0	122300.0
1732	121370.0	122508.0
1733	121238.0	121934.0
1734	121091.0	122149.0
1735	121264.0	122484.0
1736	121522.0	122346.0
1737	121787.0	122699.0
1738	121896.0	122270.0
1739	122133.0	121912.0
1740	121617.0	122140.0
1741	121588.0	122225.0
1742	121399.0	122323.0
1743	122034.0	122592.0
1744	121332.0	122286.0
1745	121845.0	121562.0
1746	121517.0	122375.0
1747	121469.0	121906.0
1748	120926.0	121765.0
1749	121584.0	122000.0
1750	121880.0	122336.0
1751	121627.0	122488.0
1752	121285.0	121742.0
1753	121079.0	122037.0
1754	121570.0	121844.0
1755	121543.0	122231.0
1756	121529.0	122480.0
1757	121893.0	121884.0
1758	121723.0	122154.0
1759	121630.0	121463.0
1760	121167.0	122540.0
1761	121402.0	122633.0
1762	121231.0	121968.0
1763	121075.0	122309.0
1764	121019.0	122127.0
1765	121443.0	122589.0
1766	121139.0	122044.0
1767	121400.0	122192.0
1768	121303.0	122896.0
1769	121940.0	122113.0
1770	122085.0	121941.0
1771	121059.0	122481.0
1772	121445.0	122385.0
1773	121730.0	122149.0
1774	120963.0	122443.0
1775	121459.0	122457.0
1776	121979.0	122175.0
1777	120676.0	122383.0
1778	121211.0	122312.0
1779	121565.0	122179.0
1780	121424.0	121839.0
1781	121645.0	122731.0
1782	121639.0	122464.0
1783	122106.0	122342.0
1784	121469.0	121748.0
1785	121356.0	122168.0
1786	121265.0	122210.0
1787	121175.0	121943.0
1788	121728.0	121521.0
1789	121789.0	122096.0
1790	121911.0	121807.0
1791	122043.0	121747.0
1792	121713.0	121993.0
1793	121462.0	121845.0
1794	121278.0	122085.0
1795	121183.0	122094.0
1796	121533.0	122265.0
1797	121517.0	121910.0
1798	121958.0	122418.0
1799	121730.0	122071.0
1800	121820.0	122220.0
1801	121712.0	122406.0
1802	121494.0	122315.0
1803	121673.0	121893.0
1804	122180.0	121742.0
1805	121427.0	121885.0
1806	121882.0	122188.0
1807	121571.0	122087.0
1808	121263.0	122320.0
1809	121205.0	121882.0
1810	121232.0	121786.0
1811	121013.0	122209.0
1812	121320.0	121882.0
1813	121416.0	121383.0
1814	121159.0	121898.0
1815	121083.0	122476.0
1816	121379.0	122642.0
1817	121292.0	122690.0
1818	121944.0	122235.0
1819	121411.0	121837.0
1820	121385.0	121876.0
1821	121300.0	121774.0
1822	121365.0	121841.0
1823	121541.0	121876.0
1824	121933.0	121329.0
1825	121032.0	121700.0
1826	121727.0	122259.0
1827	121386.0	121647.0
1828	121058.0	122490.0
1829	121653.0	122170.0
1830	121849.0	122228.0
1831	121495.0	122281.0
1832	121350.0	121824.0
1833	121851.0	121897.0
1834	120779.0	121791.0
1835	121326.0	122299.0
1836	121366.0	121924.0
1837	121250.0	122227.0
1838	121218.0	122037.0
1839	121265.0	122115.0
1840	121347.0	121411.0
1841	121452.0	121672.0
1842	121703.0	121680.0
1843	121264.0	121810.0
1844	121524.0	121804.0
1845	121874.0	122034.0
1846	121020.0	121599.0
1847	121818.0	122305.0
1848	121551.0	121896.0
1849	121503.0	122048.0
1850	120953.0	121803.0
1851	121036.0	121964.0
1852	121375.0	121763.0
1853	120909.0	121642.0
1854	120800.0	122046.0
1855	121131.0	121592.0
1856	120900.0	121360.0
1857	121193.0	121906.0
1858	121020.0	122006.0
1859	121457.0	121502.0
1860	121952.0	122152.0
1861	121365.0	122104.0
1862	122412.0	121694.0
1863	121481.0	122049.0
1864	121912.0	121345.0
1865	121417.0	122825.0
1866	122270.0	122286.0
1867	120522.0	121586.0
1868	121511.0	121346.0
1869	121472.0	121234.0
1870	121612.0	121614.0
1871	122053.0	121608.0
1872	121618.0	121273.0
1873	121646.0	121631.0
1874	121138.0	122293.0
1875	121457.0	121706.0
1876	121403.0	121684.0
1877	121661.0	121729.0
1878	121301.0	121679.0
1879	121417.0	121609.0
1880	120864.0	122004.0
1881	120643.0	122142.0
1882	120842.0	122419.0
1883	120500.0	121884.0
1884	121794.0	122199.0
1885	121086.0	121556.0
1886	121139.0	121958.0
1887	121814.0	121152.0
1888	121479.0	121539.0
1889	120863.0	122006.0
1890	121525.0	121556.0
1891	121626.0	121406.0
1892	121026.0	122006.0
1893	121554.0	122060.0
1894	121448.0	121707.0
1895	121131.0	122338.0
1896	120977.0	121694.0
1897	121324.0	121303.0
1898	121248.0	121825.0
1899	120556.0	122237.0
1900	121190.0	121760.0
1901	121124.0	121606.0
1902	121195.0	121590.0
1903	121215.0	121317.0
1904	121005.0	121247.0
1905	121355.0	121756.0
1906	121147.0	121704.0
1907	121252.0	121664.0
1908	121412.0	122463.0
1909	121190.0	121601.0
1910	121497.0	121708.0
1911	121111.0	122287.0
1912	120550.0	121464.0
1913	121351.0	121826.0
1914	121864.0	121652.0
1915	121407.0	121287.0
1916	121501.0	121002.0
1917	121636.0	121116.0
1918	121521.0	122080.0
1919	120770.0	121641.0
1920	120855.0	121620.0
1921	121278.0	121785.0
1922	121196.0	121878.0
1923	120949.0	121640.0
1924	120374.0	121498.0
1925	120769.0	122187.0
1926	120511.0	122106.0
1927	120823.0	121059.0
1928	120769.0	121263.0
1929	120685.0	121388.0
1930	120924.0	120890.0
1931	120783.0	121908.0
1932	121201.0	121877.0
1933	120884.0	121554.0
1934	120766.0	121373.0
1935	120900.0	121730.0
1936	120820.0	121416.0
1937	120752.0	121559.0
1938	121197.0	121280.0
1939	120847.0	121383.0
1940	121076.0	121141.0
1941	121176.0	121620.0
1942	120467.0	122152.0
1943	120395.0	121897.0
1944	120520.0	121964.0
1945	121124.0	121504.0
1946	120237.0	120910.0
1947	120959.0	121768.0
1948	121254.0	121755.0
1949	120493.0	121779.0
1950	120770.0	121963.0
1951	120853.0	121628.0
1952	121627.0	121521.0
1953	120889.0	121686.0
1954	121510.0	121533.0
1955	121115.0	121249.0
1956	120920.0	121764.0
1957	120741.0	121513.0
1958	120256.0	121890.0
1959	120884.0	122015.0
1960	121031.0	121428.0
1961	120907.0	122194.0
1962	121068.0	121738.0
1963	121224.0	121468.0
1964	121306.0	121271.0
1965	121022.0	121244.0
1966	120897.0	121090.0
1967	120976.0	121396.0
1968	120823.0	121554.0
1969	120936.0	121452.0
1970	121282.0	121535.0
1971	121053.0	121312.0
1972	120935.0	120793.0
1973	120491.0	121232.0
1974	120553.0	121604.0
1975	120652.0	121487.0
1976	120774.0	121437.0
1977	120527.0	121394.0
1978	121093.0	121700.0
1979	121479.0	121634.0
1980	121119.0	121700.0
1981	121545.0	120916.0
1982	121313.0	121664.0
1983	120725.0	121602.0
1984	120721.0	121492.0
1985	120553.0	121288.0
1986	121134.0	121477.0
1987	121013.0	121563.0
1988	120877.0	121114.0
1989	120974.0	121425.0
1990	120671.0	121345.0
1991	121221.0	121816.0
1992	120535.0	121205.0
1993	120845.0	121092.0
1994	120703.0	121316.0
1995	121152.0	121277.0
1996	121033.0	121600.0
1997	121084.0	121458.0
1998	120879.0	121608.0
1999	120924.0	122311.0
