Distance in bp(Fragment Length Estimate: 141)(Peak Width Estimate: 141)	Same Strand (+ for Watson strand, - for Crick)	Opposite Strand
-2000	90373.0	89675.0
-1999	90937.0	89678.0
-1998	91325.0	89609.0
-1997	90388.0	89910.0
-1996	90575.0	90062.0
-1995	90688.0	89808.0
-1994	90991.0	90245.0
-1993	91245.0	89706.0
-1992	90968.0	90149.0
-1991	91348.0	90375.0
-1990	90244.0	89647.0
-1989	90438.0	89855.0
-1988	90767.0	89677.0
-1987	90949.0	90145.0
-1986	90753.0	89479.0
-1985	90871.0	89541.0
-1984	90673.0	89621.0
-1983	91120.0	90425.0
-1982	91377.0	89628.0
-1981	90612.0	90233.0
-1980	91555.0	89865.0
-1979	91066.0	89982.0
-1978	91470.0	89704.0
-1977	90887.0	89818.0
-1976	90759.0	89531.0
-1975	91088.0	89996.0
-1974	91042.0	89802.0
-1973	90610.0	89986.0
-1972	90981.0	89746.0
-1971	90742.0	89780.0
-1970	90851.0	89404.0
-1969	90755.0	89685.0
-1968	91020.0	89872.0
-1967	90873.0	90284.0
-1966	91159.0	90020.0
-1965	91407.0	89899.0
-1964	91248.0	89918.0
-1963	91094.0	90112.0
-1962	91144.0	89803.0
-1961	90652.0	90015.0
-1960	90889.0	90106.0
-1959	91369.0	89676.0
-1958	91415.0	89694.0
-1957	90431.0	89412.0
-1956	91092.0	89782.0
-1955	90543.0	90057.0
-1954	90935.0	89911.0
-1953	90584.0	90323.0
-1952	90821.0	90641.0
-1951	91110.0	90053.0
-1950	91023.0	90000.0
-1949	90572.0	89914.0
-1948	91435.0	89898.0
-1947	91116.0	89860.0
-1946	90908.0	89826.0
-1945	90684.0	90272.0
-1944	90857.0	90067.0
-1943	91380.0	90295.0
-1942	90906.0	90246.0
-1941	91116.0	89671.0
-1940	91289.0	90210.0
-1939	91761.0	89604.0
-1938	91453.0	90037.0
-1937	91781.0	89660.0
-1936	91279.0	90207.0
-1935	90988.0	90322.0
-1934	91017.0	89633.0
-1933	91308.0	90018.0
-1932	91044.0	90425.0
-1931	91181.0	89970.0
-1930	91451.0	89967.0
-1929	91274.0	90196.0
-1928	91368.0	89506.0
-1927	91307.0	90524.0
-1926	91768.0	90346.0
-1925	91026.0	89784.0
-1924	91714.0	89556.0
-1923	90922.0	90286.0
-1922	91497.0	89912.0
-1921	90780.0	90327.0
-1920	91394.0	90480.0
-1919	91181.0	89661.0
-1918	91179.0	90128.0
-1917	90868.0	89906.0
-1916	92255.0	90354.0
-1915	91458.0	89935.0
-1914	91645.0	90316.0
-1913	91382.0	90225.0
-1912	91383.0	90153.0
-1911	91436.0	90150.0
-1910	91239.0	90690.0
-1909	91403.0	90346.0
-1908	91429.0	90404.0
-1907	91482.0	90251.0
-1906	91374.0	90399.0
-1905	91919.0	90579.0
-1904	91497.0	89974.0
-1903	91671.0	90161.0
-1902	91628.0	89885.0
-1901	91817.0	90532.0
-1900	91316.0	89873.0
-1899	91086.0	89955.0
-1898	91414.0	90028.0
-1897	91199.0	89745.0
-1896	91472.0	90753.0
-1895	91687.0	89926.0
-1894	91674.0	90579.0
-1893	90884.0	90468.0
-1892	91806.0	90359.0
-1891	91072.0	90324.0
-1890	91711.0	90077.0
-1889	91607.0	90311.0
-1888	91173.0	89900.0
-1887	91544.0	90461.0
-1886	91076.0	90339.0
-1885	91371.0	90902.0
-1884	91804.0	90513.0
-1883	91493.0	90213.0
-1882	91456.0	90303.0
-1881	91916.0	90408.0
-1880	91492.0	90988.0
-1879	91755.0	90525.0
-1878	91857.0	90627.0
-1877	91738.0	90336.0
-1876	91536.0	90173.0
-1875	91702.0	90751.0
-1874	91827.0	90318.0
-1873	91883.0	90502.0
-1872	91665.0	90531.0
-1871	91762.0	90046.0
-1870	91523.0	90308.0
-1869	91842.0	90456.0
-1868	91987.0	90995.0
-1867	91707.0	90775.0
-1866	92009.0	90698.0
-1865	91098.0	90986.0
-1864	91861.0	90305.0
-1863	91874.0	90502.0
-1862	91988.0	89888.0
-1861	92315.0	90465.0
-1860	92013.0	90550.0
-1859	91767.0	90486.0
-1858	92217.0	90489.0
-1857	92069.0	90674.0
-1856	91479.0	90206.0
-1855	92141.0	90415.0
-1854	91767.0	90839.0
-1853	91643.0	90409.0
-1852	92280.0	90391.0
-1851	92068.0	90371.0
-1850	91982.0	90834.0
-1849	92556.0	90832.0
-1848	92140.0	90392.0
-1847	92173.0	90355.0
-1846	91722.0	90542.0
-1845	92081.0	90537.0
-1844	92361.0	90734.0
-1843	92067.0	90332.0
-1842	92152.0	90748.0
-1841	92333.0	90775.0
-1840	92128.0	90662.0
-1839	91958.0	90589.0
-1838	92138.0	91499.0
-1837	92330.0	90785.0
-1836	92101.0	91057.0
-1835	92258.0	91339.0
-1834	92475.0	90429.0
-1833	92404.0	90797.0
-1832	91980.0	90742.0
-1831	92102.0	90759.0
-1830	92383.0	91257.0
-1829	92066.0	90969.0
-1828	91679.0	91214.0
-1827	91711.0	90626.0
-1826	91852.0	90555.0
-1825	92145.0	90672.0
-1824	91615.0	90748.0
-1823	92118.0	90235.0
-1822	91787.0	91044.0
-1821	92697.0	90852.0
-1820	92146.0	90994.0
-1819	92525.0	91087.0
-1818	92574.0	90432.0
-1817	91999.0	90262.0
-1816	92115.0	90779.0
-1815	91804.0	91119.0
-1814	91968.0	91333.0
-1813	92117.0	90688.0
-1812	92666.0	90713.0
-1811	91873.0	90689.0
-1810	92319.0	91129.0
-1809	91751.0	90483.0
-1808	92036.0	90667.0
-1807	92367.0	90571.0
-1806	92273.0	90967.0
-1805	91942.0	90080.0
-1804	92291.0	90906.0
-1803	92669.0	90379.0
-1802	91553.0	90540.0
-1801	92049.0	90974.0
-1800	92348.0	90830.0
-1799	92531.0	90811.0
-1798	92289.0	90881.0
-1797	92373.0	90677.0
-1796	92181.0	90589.0
-1795	91737.0	90693.0
-1794	92185.0	90787.0
-1793	91883.0	91173.0
-1792	92254.0	90883.0
-1791	91605.0	90833.0
-1790	91490.0	90835.0
-1789	91882.0	90816.0
-1788	92433.0	91186.0
-1787	92047.0	91065.0
-1786	92085.0	90702.0
-1785	91911.0	90890.0
-1784	92165.0	91049.0
-1783	92155.0	91186.0
-1782	92522.0	90797.0
-1781	92118.0	90813.0
-1780	91677.0	90897.0
-1779	92531.0	90600.0
-1778	92350.0	91389.0
-1777	92573.0	91290.0
-1776	92253.0	91107.0
-1775	92151.0	91165.0
-1774	92421.0	91078.0
-1773	92458.0	91061.0
-1772	92709.0	90385.0
-1771	91921.0	91231.0
-1770	92354.0	90891.0
-1769	91990.0	90902.0
-1768	92652.0	90818.0
-1767	92720.0	90702.0
-1766	92392.0	90902.0
-1765	92000.0	91393.0
-1764	92023.0	90747.0
-1763	92529.0	91057.0
-1762	92461.0	91035.0
-1761	92590.0	90672.0
-1760	92320.0	91029.0
-1759	92394.0	91280.0
-1758	92333.0	90840.0
-1757	92183.0	91113.0
-1756	92527.0	90941.0
-1755	92188.0	91279.0
-1754	92673.0	91165.0
-1753	92241.0	91459.0
-1752	92830.0	91005.0
-1751	92036.0	91344.0
-1750	92194.0	90902.0
-1749	92387.0	90971.0
-1748	92184.0	91220.0
-1747	92055.0	91158.0
-1746	92312.0	91171.0
-1745	92338.0	91201.0
-1744	92092.0	91365.0
-1743	92281.0	91788.0
-1742	92248.0	91404.0
-1741	92381.0	91329.0
-1740	92659.0	91427.0
-1739	92784.0	91819.0
-1738	92152.0	91200.0
-1737	92658.0	91804.0
-1736	92615.0	91247.0
-1735	92902.0	91410.0
-1734	92626.0	91143.0
-1733	92610.0	91258.0
-1732	93081.0	91670.0
-1731	92620.0	91597.0
-1730	92555.0	91535.0
-1729	92309.0	91573.0
-1728	92835.0	91446.0
-1727	92501.0	91463.0
-1726	92804.0	91710.0
-1725	92452.0	91567.0
-1724	92905.0	91680.0
-1723	92639.0	91372.0
-1722	92586.0	91987.0
-1721	92431.0	91213.0
-1720	92587.0	91353.0
-1719	93071.0	91725.0
-1718	92894.0	91522.0
-1717	92835.0	91707.0
-1716	93263.0	91217.0
-1715	92755.0	91567.0
-1714	92769.0	91441.0
-1713	92405.0	91862.0
-1712	92875.0	91581.0
-1711	92963.0	91400.0
-1710	92991.0	91610.0
-1709	92993.0	91497.0
-1708	92780.0	91870.0
-1707	92633.0	91994.0
-1706	93289.0	91796.0
-1705	93152.0	92159.0
-1704	92658.0	91790.0
-1703	93096.0	91900.0
-1702	92836.0	91916.0
-1701	93498.0	91757.0
-1700	92754.0	91913.0
-1699	93150.0	91893.0
-1698	93115.0	91681.0
-1697	92888.0	91588.0
-1696	93390.0	91718.0
-1695	92935.0	92233.0
-1694	92967.0	91753.0
-1693	92848.0	91670.0
-1692	92863.0	91955.0
-1691	92941.0	91858.0
-1690	92543.0	91909.0
-1689	93055.0	91861.0
-1688	93245.0	91705.0
-1687	93277.0	92016.0
-1686	93203.0	91929.0
-1685	92811.0	92006.0
-1684	93185.0	91491.0
-1683	93309.0	91881.0
-1682	93037.0	92134.0
-1681	93381.0	91904.0
-1680	93321.0	91652.0
-1679	93117.0	91713.0
-1678	93365.0	92180.0
-1677	93107.0	92207.0
-1676	93117.0	91993.0
-1675	92741.0	91963.0
-1674	93041.0	91919.0
-1673	93004.0	92415.0
-1672	93397.0	92292.0
-1671	93313.0	91895.0
-1670	93467.0	92197.0
-1669	93137.0	92529.0
-1668	93411.0	92424.0
-1667	93449.0	92250.0
-1666	93428.0	91847.0
-1665	92764.0	91824.0
-1664	93474.0	91523.0
-1663	92639.0	91790.0
-1662	92714.0	91710.0
-1661	93333.0	92378.0
-1660	93562.0	91955.0
-1659	93419.0	92254.0
-1658	93241.0	92041.0
-1657	93783.0	92437.0
-1656	93431.0	92014.0
-1655	93482.0	91887.0
-1654	93462.0	92139.0
-1653	93379.0	92904.0
-1652	93210.0	91943.0
-1651	93931.0	91980.0
-1650	93302.0	92150.0
-1649	93673.0	91775.0
-1648	93741.0	91956.0
-1647	93157.0	92249.0
-1646	93483.0	92342.0
-1645	93085.0	92146.0
-1644	93503.0	92241.0
-1643	93041.0	91665.0
-1642	93274.0	91870.0
-1641	93171.0	92066.0
-1640	93657.0	91895.0
-1639	93391.0	92084.0
-1638	93542.0	92277.0
-1637	93771.0	91907.0
-1636	93260.0	91901.0
-1635	93309.0	91911.0
-1634	93682.0	92468.0
-1633	93296.0	92383.0
-1632	93450.0	92263.0
-1631	92885.0	91988.0
-1630	92990.0	92499.0
-1629	93325.0	92945.0
-1628	93752.0	92120.0
-1627	93145.0	91983.0
-1626	93283.0	91946.0
-1625	93397.0	92374.0
-1624	93171.0	92289.0
-1623	93299.0	91978.0
-1622	93596.0	91610.0
-1621	93733.0	92241.0
-1620	93783.0	92247.0
-1619	93696.0	91976.0
-1618	93364.0	92304.0
-1617	93673.0	91910.0
-1616	93400.0	91788.0
-1615	93336.0	91770.0
-1614	93484.0	92497.0
-1613	93549.0	91951.0
-1612	93250.0	92112.0
-1611	93749.0	92230.0
-1610	93701.0	92203.0
-1609	93497.0	92349.0
-1608	93656.0	91991.0
-1607	93439.0	92032.0
-1606	92973.0	91865.0
-1605	93324.0	92171.0
-1604	93376.0	92320.0
-1603	93371.0	92463.0
-1602	93767.0	91862.0
-1601	93838.0	92130.0
-1600	93535.0	91942.0
-1599	93668.0	92447.0
-1598	93623.0	92027.0
-1597	93419.0	92323.0
-1596	93041.0	92087.0
-1595	93670.0	92482.0
-1594	93373.0	92869.0
-1593	93106.0	92009.0
-1592	93131.0	92446.0
-1591	93619.0	92045.0
-1590	93101.0	92021.0
-1589	93621.0	92569.0
-1588	93760.0	92190.0
-1587	93483.0	92667.0
-1586	93391.0	92652.0
-1585	93110.0	92463.0
-1584	93926.0	92438.0
-1583	93049.0	92354.0
-1582	93362.0	92063.0
-1581	93664.0	92486.0
-1580	93630.0	92452.0
-1579	93905.0	92903.0
-1578	94012.0	93012.0
-1577	94019.0	92787.0
-1576	93519.0	92662.0
-1575	93971.0	92710.0
-1574	93724.0	92918.0
-1573	94151.0	92853.0
-1572	93877.0	91958.0
-1571	93907.0	92777.0
-1570	93546.0	92963.0
-1569	93843.0	92979.0
-1568	93534.0	92703.0
-1567	94026.0	92979.0
-1566	93752.0	92967.0
-1565	94164.0	92524.0
-1564	94231.0	92508.0
-1563	93875.0	92785.0
-1562	94052.0	92581.0
-1561	93610.0	92815.0
-1560	93674.0	92795.0
-1559	94244.0	92802.0
-1558	94433.0	92942.0
-1557	94749.0	93358.0
-1556	94002.0	92840.0
-1555	94066.0	93431.0
-1554	93670.0	92901.0
-1553	93824.0	92672.0
-1552	94207.0	92531.0
-1551	93978.0	92987.0
-1550	94307.0	93046.0
-1549	94530.0	92814.0
-1548	95180.0	93193.0
-1547	94760.0	93035.0
-1546	94692.0	92917.0
-1545	94605.0	92604.0
-1544	94186.0	92975.0
-1543	94392.0	93470.0
-1542	94493.0	92567.0
-1541	94253.0	93371.0
-1540	94411.0	93243.0
-1539	94630.0	93068.0
-1538	95132.0	92811.0
-1537	94714.0	93003.0
-1536	94219.0	92757.0
-1535	94593.0	92982.0
-1534	94603.0	92784.0
-1533	94608.0	92493.0
-1532	94618.0	93145.0
-1531	94662.0	92681.0
-1530	94450.0	92914.0
-1529	94726.0	93085.0
-1528	95017.0	92619.0
-1527	95035.0	92790.0
-1526	94792.0	93443.0
-1525	95048.0	93576.0
-1524	94615.0	92899.0
-1523	94569.0	92895.0
-1522	95038.0	93062.0
-1521	95016.0	93138.0
-1520	94914.0	93122.0
-1519	94782.0	93104.0
-1518	95237.0	93485.0
-1517	94630.0	93137.0
-1516	94560.0	93569.0
-1515	94627.0	92761.0
-1514	94773.0	93635.0
-1513	95251.0	93327.0
-1512	94695.0	92442.0
-1511	94564.0	93218.0
-1510	94880.0	92786.0
-1509	95166.0	93183.0
-1508	95356.0	92751.0
-1507	94816.0	93212.0
-1506	94873.0	93387.0
-1505	94808.0	93641.0
-1504	94884.0	92918.0
-1503	94709.0	93161.0
-1502	95418.0	93157.0
-1501	95322.0	92997.0
-1500	95165.0	92924.0
-1499	95270.0	93132.0
-1498	95093.0	93219.0
-1497	94782.0	93215.0
-1496	95376.0	93086.0
-1495	95271.0	93193.0
-1494	95341.0	92806.0
-1493	94922.0	93194.0
-1492	94848.0	93557.0
-1491	95146.0	92610.0
-1490	95395.0	93247.0
-1489	95246.0	93106.0
-1488	95396.0	92801.0
-1487	95233.0	93179.0
-1486	94877.0	93341.0
-1485	95314.0	93103.0
-1484	95102.0	93302.0
-1483	95138.0	93623.0
-1482	95687.0	93121.0
-1481	95392.0	93334.0
-1480	95269.0	92966.0
-1479	95079.0	92687.0
-1478	95036.0	93448.0
-1477	94883.0	93567.0
-1476	95379.0	92948.0
-1475	95235.0	92779.0
-1474	95543.0	93366.0
-1473	95189.0	93482.0
-1472	95457.0	93142.0
-1471	95471.0	93281.0
-1470	95158.0	93404.0
-1469	94993.0	92854.0
-1468	94844.0	93095.0
-1467	94916.0	93036.0
-1466	94737.0	93196.0
-1465	95002.0	93891.0
-1464	95537.0	93528.0
-1463	95238.0	93367.0
-1462	95471.0	93818.0
-1461	95247.0	93374.0
-1460	94958.0	93741.0
-1459	94871.0	93507.0
-1458	95129.0	93302.0
-1457	94976.0	93188.0
-1456	95089.0	93450.0
-1455	95510.0	93146.0
-1454	95150.0	93111.0
-1453	95251.0	93142.0
-1452	95346.0	93080.0
-1451	95637.0	92829.0
-1450	95165.0	93709.0
-1449	95308.0	93124.0
-1448	95296.0	93204.0
-1447	94970.0	93613.0
-1446	95415.0	93371.0
-1445	94867.0	93557.0
-1444	95257.0	93381.0
-1443	95886.0	92906.0
-1442	95128.0	93265.0
-1441	94968.0	93096.0
-1440	95558.0	92965.0
-1439	95442.0	93318.0
-1438	95161.0	93393.0
-1437	95005.0	93693.0
-1436	95653.0	93405.0
-1435	95423.0	93227.0
-1434	94997.0	93531.0
-1433	95479.0	93355.0
-1432	95143.0	93253.0
-1431	95196.0	93651.0
-1430	94902.0	93943.0
-1429	95218.0	93929.0
-1428	95327.0	93887.0
-1427	94934.0	93105.0
-1426	95259.0	93591.0
-1425	95111.0	94395.0
-1424	95368.0	93574.0
-1423	95717.0	93390.0
-1422	95569.0	93492.0
-1421	95548.0	93440.0
-1420	95171.0	93913.0
-1419	95059.0	93521.0
-1418	95328.0	93766.0
-1417	95934.0	93636.0
-1416	95416.0	94177.0
-1415	95102.0	93794.0
-1414	95036.0	93868.0
-1413	95331.0	94453.0
-1412	94972.0	93762.0
-1411	95108.0	94436.0
-1410	95415.0	93771.0
-1409	95213.0	94008.0
-1408	94957.0	93804.0
-1407	95509.0	93446.0
-1406	95591.0	93784.0
-1405	96209.0	93928.0
-1404	96159.0	94106.0
-1403	95915.0	93854.0
-1402	95863.0	94040.0
-1401	96117.0	94453.0
-1400	95428.0	94426.0
-1399	95514.0	94293.0
-1398	95398.0	94366.0
-1397	95916.0	93906.0
-1396	96061.0	94336.0
-1395	95996.0	94232.0
-1394	95707.0	93830.0
-1393	95404.0	94422.0
-1392	95670.0	94665.0
-1391	95464.0	93862.0
-1390	95307.0	94132.0
-1389	95210.0	93874.0
-1388	96108.0	94453.0
-1387	96205.0	94064.0
-1386	95560.0	94383.0
-1385	96061.0	94059.0
-1384	96145.0	94029.0
-1383	96047.0	94591.0
-1382	95567.0	94872.0
-1381	96219.0	94652.0
-1380	95864.0	94423.0
-1379	96132.0	94586.0
-1378	96106.0	94574.0
-1377	95974.0	94454.0
-1376	96013.0	94357.0
-1375	96047.0	94271.0
-1374	95744.0	94074.0
-1373	96450.0	94267.0
-1372	96455.0	94584.0
-1371	95433.0	94346.0
-1370	95724.0	94511.0
-1369	96208.0	94622.0
-1368	96258.0	94756.0
-1367	96296.0	95004.0
-1366	96216.0	93900.0
-1365	96563.0	94340.0
-1364	96308.0	94582.0
-1363	96464.0	94819.0
-1362	96098.0	94641.0
-1361	96136.0	94957.0
-1360	96623.0	95151.0
-1359	96308.0	94731.0
-1358	96325.0	94288.0
-1357	96628.0	94359.0
-1356	96301.0	94503.0
-1355	96167.0	94820.0
-1354	96271.0	94554.0
-1353	96824.0	95006.0
-1352	96907.0	94943.0
-1351	96647.0	95038.0
-1350	97141.0	94625.0
-1349	96909.0	94774.0
-1348	96748.0	94919.0
-1347	97195.0	94733.0
-1346	97209.0	94459.0
-1345	96704.0	94542.0
-1344	96987.0	95449.0
-1343	96705.0	94500.0
-1342	96305.0	94843.0
-1341	96671.0	94544.0
-1340	96748.0	94999.0
-1339	96897.0	95200.0
-1338	96709.0	94792.0
-1337	97345.0	94819.0
-1336	96799.0	94863.0
-1335	97254.0	94671.0
-1334	96445.0	95022.0
-1333	96665.0	95023.0
-1332	97332.0	95086.0
-1331	97089.0	94653.0
-1330	97562.0	94885.0
-1329	96561.0	94881.0
-1328	97507.0	95078.0
-1327	97015.0	94504.0
-1326	97054.0	95214.0
-1325	97064.0	94617.0
-1324	96947.0	95270.0
-1323	97547.0	94594.0
-1322	97560.0	94710.0
-1321	96836.0	94760.0
-1320	96951.0	95387.0
-1319	96228.0	94678.0
-1318	96758.0	94752.0
-1317	96915.0	94600.0
-1316	97430.0	94719.0
-1315	96754.0	94657.0
-1314	97026.0	95070.0
-1313	97241.0	94781.0
-1312	97368.0	94436.0
-1311	97437.0	94878.0
-1310	97203.0	95368.0
-1309	96719.0	94670.0
-1308	96688.0	94508.0
-1307	97121.0	94629.0
-1306	97047.0	94834.0
-1305	97148.0	95241.0
-1304	96810.0	94937.0
-1303	96968.0	95018.0
-1302	96541.0	95340.0
-1301	97139.0	94968.0
-1300	97573.0	94744.0
-1299	97103.0	94880.0
-1298	96913.0	95005.0
-1297	97022.0	95386.0
-1296	96777.0	95413.0
-1295	96823.0	94550.0
-1294	96843.0	94500.0
-1293	97506.0	94578.0
-1292	97396.0	94861.0
-1291	97077.0	94919.0
-1290	97374.0	94871.0
-1289	97063.0	94566.0
-1288	97393.0	94973.0
-1287	97298.0	94926.0
-1286	96728.0	94267.0
-1285	96848.0	94744.0
-1284	97428.0	94893.0
-1283	97376.0	94701.0
-1282	96913.0	95032.0
-1281	97209.0	94940.0
-1280	97428.0	95086.0
-1279	97645.0	94938.0
-1278	97214.0	95113.0
-1277	97229.0	94578.0
-1276	96826.0	95191.0
-1275	96992.0	94644.0
-1274	96713.0	95181.0
-1273	97448.0	95042.0
-1272	97216.0	94665.0
-1271	97330.0	94829.0
-1270	96554.0	95262.0
-1269	96684.0	94775.0
-1268	96881.0	94962.0
-1267	96652.0	95338.0
-1266	97125.0	94886.0
-1265	97267.0	95280.0
-1264	97434.0	95135.0
-1263	97014.0	94849.0
-1262	97122.0	95684.0
-1261	96737.0	94890.0
-1260	97631.0	94670.0
-1259	96614.0	95088.0
-1258	97038.0	94690.0
-1257	97029.0	95062.0
-1256	96875.0	95011.0
-1255	96777.0	95011.0
-1254	97023.0	94975.0
-1253	96770.0	95034.0
-1252	97452.0	95721.0
-1251	97245.0	95887.0
-1250	97194.0	95530.0
-1249	97087.0	96225.0
-1248	97447.0	95874.0
-1247	97592.0	95329.0
-1246	97336.0	95365.0
-1245	97284.0	95451.0
-1244	97148.0	94731.0
-1243	97162.0	95744.0
-1242	98320.0	94780.0
-1241	97884.0	95263.0
-1240	97616.0	95832.0
-1239	96793.0	95418.0
-1238	97274.0	95327.0
-1237	97089.0	95879.0
-1236	97487.0	95573.0
-1235	97226.0	96377.0
-1234	97318.0	95806.0
-1233	97438.0	96066.0
-1232	97540.0	95724.0
-1231	97469.0	95567.0
-1230	97725.0	95586.0
-1229	98105.0	95312.0
-1228	97932.0	95969.0
-1227	97491.0	96640.0
-1226	97988.0	96081.0
-1225	97840.0	95906.0
-1224	97966.0	95635.0
-1223	98327.0	95827.0
-1222	97858.0	96067.0
-1221	98112.0	95787.0
-1220	97631.0	95922.0
-1219	97854.0	95754.0
-1218	98150.0	96298.0
-1217	97821.0	96225.0
-1216	98063.0	96127.0
-1215	98308.0	96249.0
-1214	98204.0	95758.0
-1213	97880.0	96040.0
-1212	98392.0	95917.0
-1211	98505.0	95979.0
-1210	98717.0	96336.0
-1209	98549.0	96335.0
-1208	98537.0	95393.0
-1207	98370.0	96200.0
-1206	98737.0	95823.0
-1205	98528.0	96225.0
-1204	98391.0	96459.0
-1203	98236.0	96330.0
-1202	98029.0	96417.0
-1201	98822.0	96495.0
-1200	98489.0	96478.0
-1199	99044.0	96112.0
-1198	98848.0	95818.0
-1197	98223.0	96015.0
-1196	98057.0	95744.0
-1195	98616.0	96384.0
-1194	98230.0	96587.0
-1193	99115.0	96694.0
-1192	98638.0	96122.0
-1191	99238.0	96493.0
-1190	98696.0	96639.0
-1189	98888.0	96048.0
-1188	98907.0	96650.0
-1187	98289.0	96366.0
-1186	98979.0	96826.0
-1185	99228.0	96636.0
-1184	98777.0	96630.0
-1183	99256.0	96888.0
-1182	98861.0	96862.0
-1181	99271.0	96796.0
-1180	99049.0	96426.0
-1179	98851.0	96781.0
-1178	99017.0	96176.0
-1177	98624.0	96354.0
-1176	99300.0	96473.0
-1175	99580.0	96375.0
-1174	99142.0	96669.0
-1173	99598.0	96800.0
-1172	99567.0	96887.0
-1171	98809.0	96782.0
-1170	99016.0	96901.0
-1169	99306.0	96728.0
-1168	99502.0	96466.0
-1167	99517.0	96905.0
-1166	99960.0	96452.0
-1165	99586.0	96277.0
-1164	99460.0	96726.0
-1163	99117.0	96596.0
-1162	98885.0	96816.0
-1161	99942.0	97107.0
-1160	99487.0	96951.0
-1159	99560.0	96293.0
-1158	99120.0	96040.0
-1157	99307.0	96813.0
-1156	98963.0	96770.0
-1155	99381.0	96653.0
-1154	99619.0	96918.0
-1153	99673.0	97138.0
-1152	99429.0	96970.0
-1151	99774.0	96681.0
-1150	99636.0	96835.0
-1149	99532.0	96441.0
-1148	99849.0	96658.0
-1147	99261.0	96813.0
-1146	100002.0	96437.0
-1145	99014.0	96488.0
-1144	99530.0	96990.0
-1143	99423.0	96915.0
-1142	99572.0	95929.0
-1141	99245.0	96529.0
-1140	99449.0	96976.0
-1139	99084.0	96757.0
-1138	99718.0	96591.0
-1137	99604.0	96604.0
-1136	98875.0	96344.0
-1135	98956.0	96898.0
-1134	99651.0	97136.0
-1133	99372.0	96231.0
-1132	99311.0	96508.0
-1131	99863.0	96721.0
-1130	99304.0	96429.0
-1129	98985.0	96098.0
-1128	99048.0	96383.0
-1127	99129.0	96654.0
-1126	99142.0	96643.0
-1125	99342.0	96533.0
-1124	98340.0	96376.0
-1123	99232.0	96697.0
-1122	99331.0	96216.0
-1121	99376.0	96549.0
-1120	99098.0	96856.0
-1119	99224.0	96620.0
-1118	99349.0	96531.0
-1117	99065.0	96781.0
-1116	98936.0	96567.0
-1115	99223.0	96591.0
-1114	99277.0	96682.0
-1113	99514.0	96802.0
-1112	98902.0	96453.0
-1111	99374.0	96898.0
-1110	99199.0	96491.0
-1109	99374.0	95962.0
-1108	99415.0	96990.0
-1107	98929.0	96681.0
-1106	99017.0	96381.0
-1105	99406.0	96371.0
-1104	99367.0	96889.0
-1103	98850.0	96584.0
-1102	99058.0	96886.0
-1101	99085.0	96949.0
-1100	99221.0	96419.0
-1099	99236.0	96922.0
-1098	99290.0	96776.0
-1097	99418.0	96751.0
-1096	99202.0	97183.0
-1095	99087.0	97010.0
-1094	99155.0	97470.0
-1093	98498.0	97104.0
-1092	99173.0	97131.0
-1091	99065.0	96843.0
-1090	99347.0	96886.0
-1089	99305.0	97032.0
-1088	98973.0	96993.0
-1087	99065.0	97259.0
-1086	99652.0	96906.0
-1085	99128.0	96853.0
-1084	99037.0	97271.0
-1083	99497.0	97260.0
-1082	99636.0	97459.0
-1081	99334.0	97428.0
-1080	99512.0	97325.0
-1079	98799.0	97480.0
-1078	99318.0	97571.0
-1077	99372.0	97140.0
-1076	99415.0	97564.0
-1075	99334.0	96707.0
-1074	99489.0	97313.0
-1073	99452.0	97334.0
-1072	98988.0	97139.0
-1071	99515.0	97494.0
-1070	99381.0	97291.0
-1069	99324.0	97901.0
-1068	99452.0	98286.0
-1067	99273.0	98003.0
-1066	99580.0	98020.0
-1065	99715.0	97664.0
-1064	99049.0	97315.0
-1063	99439.0	98045.0
-1062	99936.0	97910.0
-1061	99799.0	97171.0
-1060	99437.0	97701.0
-1059	99771.0	97553.0
-1058	99685.0	97829.0
-1057	99893.0	98024.0
-1056	100253.0	98314.0
-1055	100175.0	98290.0
-1054	99842.0	98190.0
-1053	99840.0	98048.0
-1052	99970.0	98225.0
-1051	100391.0	98488.0
-1050	101038.0	98481.0
-1049	100090.0	97788.0
-1048	99740.0	98607.0
-1047	100091.0	98180.0
-1046	100565.0	98415.0
-1045	100711.0	98376.0
-1044	101163.0	98620.0
-1043	100546.0	97618.0
-1042	100572.0	98405.0
-1041	101175.0	98372.0
-1040	101072.0	97987.0
-1039	100645.0	98352.0
-1038	101255.0	98784.0
-1037	100277.0	97813.0
-1036	100508.0	98487.0
-1035	100591.0	98798.0
-1034	100656.0	98820.0
-1033	100861.0	98324.0
-1032	101383.0	98702.0
-1031	100658.0	99547.0
-1030	100928.0	99198.0
-1029	101735.0	98881.0
-1028	100999.0	98661.0
-1027	101137.0	99055.0
-1026	101205.0	98998.0
-1025	101363.0	98842.0
-1024	101407.0	98725.0
-1023	101619.0	99195.0
-1022	100945.0	98546.0
-1021	101570.0	98860.0
-1020	101127.0	98536.0
-1019	101135.0	98636.0
-1018	101622.0	98665.0
-1017	101404.0	98950.0
-1016	101415.0	98550.0
-1015	101250.0	99075.0
-1014	101089.0	99161.0
-1013	101486.0	98999.0
-1012	101485.0	99047.0
-1011	101631.0	98589.0
-1010	101333.0	99168.0
-1009	101706.0	99059.0
-1008	101918.0	99068.0
-1007	101342.0	98582.0
-1006	101593.0	99537.0
-1005	101966.0	99463.0
-1004	101893.0	98980.0
-1003	101454.0	99080.0
-1002	101798.0	99091.0
-1001	102083.0	99206.0
-1000	101761.0	99146.0
-999	102272.0	98829.0
-998	101706.0	98873.0
-997	101888.0	98978.0
-996	101828.0	98645.0
-995	102234.0	99143.0
-994	102325.0	98895.0
-993	101488.0	98821.0
-992	101947.0	98443.0
-991	102037.0	98517.0
-990	101787.0	98608.0
-989	101564.0	98312.0
-988	101741.0	98895.0
-987	101938.0	99199.0
-986	101892.0	98859.0
-985	102084.0	98786.0
-984	101854.0	98756.0
-983	101587.0	99158.0
-982	101984.0	99165.0
-981	102659.0	98921.0
-980	102478.0	98822.0
-979	102109.0	98984.0
-978	102678.0	98324.0
-977	102025.0	98596.0
-976	101927.0	98759.0
-975	101946.0	98685.0
-974	101682.0	99094.0
-973	101947.0	98977.0
-972	102470.0	98568.0
-971	102086.0	98564.0
-970	102158.0	99030.0
-969	102415.0	99127.0
-968	102120.0	98638.0
-967	101859.0	98368.0
-966	102349.0	98393.0
-965	101420.0	98139.0
-964	101248.0	98529.0
-963	102206.0	98717.0
-962	102156.0	98933.0
-961	101952.0	98491.0
-960	102041.0	98763.0
-959	101575.0	98119.0
-958	101937.0	98782.0
-957	102176.0	98366.0
-956	101692.0	98489.0
-955	101692.0	98719.0
-954	101853.0	98436.0
-953	101912.0	98604.0
-952	101758.0	98517.0
-951	101868.0	98923.0
-950	101492.0	98223.0
-949	101495.0	98305.0
-948	102121.0	98639.0
-947	101848.0	98404.0
-946	101998.0	98939.0
-945	101789.0	99369.0
-944	101857.0	98253.0
-943	101886.0	98961.0
-942	101890.0	98691.0
-941	101331.0	98568.0
-940	101939.0	98773.0
-939	101978.0	98728.0
-938	101722.0	98363.0
-937	101400.0	98655.0
-936	102167.0	98963.0
-935	101329.0	99025.0
-934	101403.0	98886.0
-933	102119.0	98918.0
-932	101689.0	98563.0
-931	101492.0	98708.0
-930	102324.0	99142.0
-929	101225.0	98927.0
-928	101457.0	99182.0
-927	101886.0	98685.0
-926	101568.0	98779.0
-925	101272.0	99189.0
-924	101971.0	99289.0
-923	101750.0	99096.0
-922	102182.0	99198.0
-921	101760.0	99296.0
-920	101723.0	98437.0
-919	101687.0	99557.0
-918	102159.0	99762.0
-917	101695.0	99528.0
-916	101678.0	99432.0
-915	102144.0	99559.0
-914	101812.0	99252.0
-913	101814.0	99385.0
-912	102646.0	99594.0
-911	102149.0	98914.0
-910	101884.0	99293.0
-909	102509.0	99331.0
-908	102552.0	99063.0
-907	101650.0	99312.0
-906	102283.0	99539.0
-905	102134.0	99428.0
-904	102061.0	99742.0
-903	102224.0	99997.0
-902	101786.0	99719.0
-901	102211.0	99761.0
-900	102428.0	99593.0
-899	102334.0	99771.0
-898	102699.0	100347.0
-897	102422.0	100589.0
-896	102475.0	100168.0
-895	102485.0	100111.0
-894	102563.0	100412.0
-893	102325.0	100252.0
-892	102454.0	100418.0
-891	102565.0	100175.0
-890	102673.0	100613.0
-889	102475.0	100644.0
-888	103186.0	100862.0
-887	102910.0	100313.0
-886	103014.0	100586.0
-885	103257.0	100305.0
-884	103191.0	100227.0
-883	103318.0	101311.0
-882	104087.0	100788.0
-881	103453.0	100205.0
-880	103384.0	100415.0
-879	103235.0	101254.0
-878	103518.0	101304.0
-877	103616.0	101182.0
-876	104492.0	100826.0
-875	103199.0	101048.0
-874	103819.0	101069.0
-873	104086.0	101036.0
-872	103848.0	100783.0
-871	103868.0	100698.0
-870	104317.0	101456.0
-869	103756.0	101052.0
-868	103842.0	100720.0
-867	104714.0	101458.0
-866	104357.0	101158.0
-865	104655.0	101166.0
-864	104719.0	101817.0
-863	104223.0	100927.0
-862	104397.0	101607.0
-861	104395.0	101785.0
-860	104937.0	101203.0
-859	104311.0	101427.0
-858	105281.0	101168.0
-857	105452.0	101334.0
-856	104553.0	101848.0
-855	105390.0	101751.0
-854	105179.0	101339.0
-853	104909.0	101712.0
-852	105255.0	101579.0
-851	104707.0	101167.0
-850	104842.0	101407.0
-849	105270.0	101491.0
-848	105474.0	101319.0
-847	104909.0	101662.0
-846	105360.0	101817.0
-845	105028.0	100959.0
-844	104650.0	101798.0
-843	104909.0	101757.0
-842	105197.0	101183.0
-841	105094.0	101589.0
-840	105128.0	101738.0
-839	105483.0	101528.0
-838	105046.0	101653.0
-837	105263.0	101632.0
-836	104698.0	101450.0
-835	105423.0	101385.0
-834	105840.0	101035.0
-833	105631.0	101012.0
-832	105224.0	101635.0
-831	105427.0	101664.0
-830	104914.0	101424.0
-829	105125.0	101816.0
-828	105863.0	101221.0
-827	105131.0	101559.0
-826	105415.0	101411.0
-825	105667.0	101257.0
-824	105510.0	100901.0
-823	105821.0	101729.0
-822	105613.0	101705.0
-821	104907.0	100551.0
-820	105472.0	101116.0
-819	105678.0	101440.0
-818	105170.0	100967.0
-817	105165.0	101037.0
-816	105622.0	101400.0
-815	105265.0	101579.0
-814	105511.0	101689.0
-813	105193.0	101550.0
-812	105096.0	101450.0
-811	105238.0	101140.0
-810	105141.0	101774.0
-809	104918.0	101014.0
-808	104837.0	100729.0
-807	104798.0	101304.0
-806	105481.0	100965.0
-805	105320.0	101089.0
-804	105416.0	100993.0
-803	104865.0	100598.0
-802	104843.0	101332.0
-801	104915.0	100873.0
-800	105244.0	100496.0
-799	104868.0	101392.0
-798	105238.0	101726.0
-797	104956.0	100640.0
-796	105055.0	101361.0
-795	104969.0	101374.0
-794	104047.0	100641.0
-793	104376.0	101069.0
-792	105054.0	101578.0
-791	105030.0	101068.0
-790	104869.0	101033.0
-789	104950.0	101183.0
-788	104882.0	100999.0
-787	104566.0	100971.0
-786	104440.0	100733.0
-785	104520.0	100255.0
-784	104386.0	101005.0
-783	104697.0	100792.0
-782	104293.0	100615.0
-781	104485.0	101544.0
-780	104426.0	101234.0
-779	104048.0	100830.0
-778	105001.0	101144.0
-777	104231.0	101201.0
-776	103284.0	100885.0
-775	104350.0	101527.0
-774	104462.0	101301.0
-773	103947.0	100980.0
-772	104132.0	101632.0
-771	104517.0	101572.0
-770	103903.0	101157.0
-769	104574.0	101727.0
-768	104393.0	101698.0
-767	104518.0	101142.0
-766	104508.0	101623.0
-765	104103.0	101467.0
-764	104429.0	101349.0
-763	103792.0	101839.0
-762	104715.0	101604.0
-761	104259.0	101899.0
-760	103734.0	102216.0
-759	104029.0	102008.0
-758	104294.0	101968.0
-757	104375.0	102464.0
-756	104435.0	102253.0
-755	104121.0	101956.0
-754	104122.0	102504.0
-753	104150.0	101818.0
-752	104269.0	102123.0
-751	103594.0	101951.0
-750	104634.0	102509.0
-749	104563.0	103013.0
-748	104632.0	102535.0
-747	104357.0	102512.0
-746	104725.0	102235.0
-745	104279.0	102913.0
-744	104170.0	102275.0
-743	104737.0	102805.0
-742	104138.0	103530.0
-741	104654.0	102881.0
-740	104724.0	102951.0
-739	104766.0	103122.0
-738	104625.0	103413.0
-737	104617.0	102882.0
-736	104808.0	103394.0
-735	105348.0	102793.0
-734	104665.0	103063.0
-733	105052.0	103751.0
-732	105043.0	103587.0
-731	104856.0	103014.0
-730	105108.0	103561.0
-729	105523.0	103848.0
-728	105206.0	103121.0
-727	105013.0	103920.0
-726	105574.0	103811.0
-725	105233.0	103742.0
-724	105393.0	103721.0
-723	105772.0	103897.0
-722	105885.0	103782.0
-721	106049.0	104048.0
-720	106349.0	104357.0
-719	105122.0	103785.0
-718	105970.0	104052.0
-717	106870.0	105047.0
-716	105946.0	103736.0
-715	106275.0	104564.0
-714	107051.0	104449.0
-713	106577.0	104332.0
-712	107028.0	104679.0
-711	107077.0	104178.0
-710	107325.0	104011.0
-709	106726.0	104557.0
-708	107483.0	104678.0
-707	107523.0	104072.0
-706	106725.0	104845.0
-705	107369.0	104562.0
-704	107203.0	104604.0
-703	107326.0	104888.0
-702	107871.0	104829.0
-701	107543.0	104917.0
-700	107806.0	104577.0
-699	108131.0	104701.0
-698	107910.0	104484.0
-697	108018.0	104871.0
-696	108441.0	104792.0
-695	107662.0	104373.0
-694	108189.0	105320.0
-693	108450.0	104648.0
-692	107981.0	104572.0
-691	108180.0	105054.0
-690	108501.0	105290.0
-689	108750.0	104512.0
-688	108321.0	104633.0
-687	109060.0	104833.0
-686	108953.0	104710.0
-685	108672.0	105006.0
-684	110002.0	105227.0
-683	108886.0	104583.0
-682	108688.0	104861.0
-681	109230.0	104868.0
-680	108896.0	104589.0
-679	109105.0	104561.0
-678	109995.0	104258.0
-677	108659.0	103995.0
-676	108978.0	105106.0
-675	109905.0	104805.0
-674	108949.0	104306.0
-673	109221.0	104837.0
-672	109648.0	105044.0
-671	109367.0	104338.0
-670	109171.0	104662.0
-669	110447.0	104565.0
-668	109317.0	104446.0
-667	109527.0	104436.0
-666	110169.0	104126.0
-665	109973.0	103765.0
-664	109872.0	104187.0
-663	110187.0	104280.0
-662	109377.0	103799.0
-661	109005.0	104371.0
-660	109955.0	103996.0
-659	109038.0	103646.0
-658	109040.0	104700.0
-657	109768.0	104416.0
-656	109302.0	103665.0
-655	109944.0	104051.0
-654	109702.0	104491.0
-653	108793.0	103817.0
-652	109493.0	104329.0
-651	109606.0	103394.0
-650	108892.0	103629.0
-649	108769.0	104071.0
-648	109870.0	103976.0
-647	108592.0	103864.0
-646	109040.0	103586.0
-645	109003.0	103315.0
-644	109026.0	103551.0
-643	108654.0	104325.0
-642	108987.0	103629.0
-641	108585.0	103264.0
-640	108069.0	103350.0
-639	108564.0	103791.0
-638	108296.0	102889.0
-637	108569.0	103304.0
-636	108947.0	103506.0
-635	108123.0	102430.0
-634	108269.0	103541.0
-633	108283.0	103193.0
-632	108079.0	102915.0
-631	108709.0	103497.0
-630	108084.0	103497.0
-629	107546.0	103564.0
-628	108012.0	103317.0
-627	108091.0	103574.0
-626	107529.0	103233.0
-625	108043.0	103230.0
-624	107576.0	103670.0
-623	107270.0	102840.0
-622	107731.0	103179.0
-621	107927.0	103816.0
-620	107039.0	103076.0
-619	107242.0	103705.0
-618	107412.0	103456.0
-617	107305.0	102756.0
-616	106306.0	103717.0
-615	107153.0	103378.0
-614	107241.0	103121.0
-613	106699.0	103236.0
-612	107447.0	103563.0
-611	106404.0	103228.0
-610	106313.0	103928.0
-609	106914.0	103466.0
-608	106228.0	103243.0
-607	106241.0	103397.0
-606	106447.0	104032.0
-605	105872.0	102900.0
-604	106024.0	103938.0
-603	106654.0	103680.0
-602	106289.0	103410.0
-601	105865.0	103834.0
-600	106600.0	103809.0
-599	105535.0	103838.0
-598	105386.0	104341.0
-597	106019.0	104449.0
-596	105529.0	103634.0
-595	105815.0	104417.0
-594	106411.0	104768.0
-593	105964.0	103999.0
-592	105652.0	104576.0
-591	105947.0	104318.0
-590	105695.0	103888.0
-589	105826.0	104623.0
-588	106553.0	105188.0
-587	105897.0	104000.0
-586	105616.0	104857.0
-585	106116.0	105339.0
-584	105560.0	104120.0
-583	105663.0	104976.0
-582	106333.0	104964.0
-581	105834.0	105487.0
-580	105599.0	106198.0
-579	106398.0	105900.0
-578	105384.0	105255.0
-577	106597.0	105854.0
-576	106279.0	105801.0
-575	105949.0	106015.0
-574	106321.0	106251.0
-573	106851.0	106479.0
-572	106374.0	105467.0
-571	106452.0	106301.0
-570	106936.0	106704.0
-569	106388.0	105760.0
-568	106562.0	106825.0
-567	107230.0	106240.0
-566	106900.0	106457.0
-565	106711.0	107150.0
-564	107450.0	106901.0
-563	107126.0	106369.0
-562	106412.0	107486.0
-561	107788.0	107309.0
-560	107847.0	107079.0
-559	107415.0	107241.0
-558	107679.0	107637.0
-557	107598.0	106819.0
-556	107322.0	107465.0
-555	108072.0	107710.0
-554	107879.0	107972.0
-553	108249.0	108493.0
-552	108312.0	108289.0
-551	108206.0	107539.0
-550	108244.0	108109.0
-549	109053.0	108391.0
-548	108477.0	108147.0
-547	108348.0	109085.0
-546	110134.0	108993.0
-545	109194.0	108277.0
-544	109340.0	108969.0
-543	110174.0	108993.0
-542	109655.0	108233.0
-541	109912.0	108505.0
-540	110458.0	108438.0
-539	109946.0	108036.0
-538	109918.0	108905.0
-537	110838.0	108851.0
-536	110324.0	108431.0
-535	110360.0	108806.0
-534	111600.0	109354.0
-533	110461.0	108670.0
-532	111052.0	109417.0
-531	111350.0	109011.0
-530	111172.0	109087.0
-529	111222.0	109292.0
-528	111806.0	109023.0
-527	111602.0	108498.0
-526	111959.0	108867.0
-525	112098.0	108601.0
-524	111884.0	108491.0
-523	112427.0	109723.0
-522	112340.0	109602.0
-521	112658.0	109052.0
-520	112581.0	109180.0
-519	112954.0	109538.0
-518	112565.0	108737.0
-517	112630.0	109547.0
-516	113467.0	109123.0
-515	112627.0	108571.0
-514	112964.0	109417.0
-513	113606.0	108995.0
-512	113051.0	108482.0
-511	113676.0	109437.0
-510	113587.0	109242.0
-509	113563.0	108639.0
-508	113639.0	108656.0
-507	114502.0	108727.0
-506	113984.0	108301.0
-505	114186.0	108459.0
-504	114407.0	108315.0
-503	114079.0	108120.0
-502	113251.0	108473.0
-501	114580.0	108385.0
-500	113978.0	107634.0
-499	113810.0	108062.0
-498	114070.0	108136.0
-497	113587.0	107487.0
-496	114455.0	108176.0
-495	114630.0	107792.0
-494	113736.0	107821.0
-493	114151.0	107915.0
-492	114162.0	107216.0
-491	113803.0	106940.0
-490	113467.0	107746.0
-489	114250.0	107602.0
-488	113895.0	106446.0
-487	113645.0	107414.0
-486	114066.0	106967.0
-485	112608.0	106559.0
-484	113195.0	107344.0
-483	114009.0	106895.0
-482	113007.0	105986.0
-481	113232.0	106336.0
-480	113915.0	106491.0
-479	112802.0	105590.0
-478	112809.0	106597.0
-477	113589.0	106260.0
-476	112922.0	105989.0
-475	112811.0	106496.0
-474	113473.0	106628.0
-473	112802.0	105376.0
-472	112483.0	105972.0
-471	112913.0	105503.0
-470	112035.0	105483.0
-469	111219.0	105685.0
-468	112254.0	105346.0
-467	111842.0	105174.0
-466	111193.0	105425.0
-465	111979.0	104953.0
-464	111323.0	104410.0
-463	110911.0	105736.0
-462	111400.0	104880.0
-461	110793.0	104562.0
-460	110215.0	104623.0
-459	110093.0	105174.0
-458	110272.0	104468.0
-457	110159.0	105034.0
-456	110609.0	104879.0
-455	109645.0	104944.0
-454	109401.0	105125.0
-453	110291.0	104941.0
-452	108970.0	104290.0
-451	108696.0	104585.0
-450	109922.0	104997.0
-449	108558.0	104041.0
-448	108180.0	104617.0
-447	108845.0	104671.0
-446	107735.0	104393.0
-445	108196.0	104505.0
-444	107993.0	105035.0
-443	107973.0	104841.0
-442	107482.0	105297.0
-441	108150.0	105196.0
-440	107396.0	104650.0
-439	106529.0	105307.0
-438	107438.0	105301.0
-437	106261.0	104962.0
-436	106509.0	105779.0
-435	106970.0	105501.0
-434	106695.0	105273.0
-433	106098.0	105904.0
-432	107583.0	105335.0
-431	106079.0	104769.0
-430	105825.0	106106.0
-429	106735.0	105799.0
-428	105502.0	105099.0
-427	106000.0	106740.0
-426	106398.0	105652.0
-425	105361.0	105696.0
-424	105290.0	106255.0
-423	105897.0	106595.0
-422	105266.0	105997.0
-421	105281.0	106779.0
-420	106097.0	106565.0
-419	105676.0	106181.0
-418	105402.0	107528.0
-417	105632.0	107376.0
-416	105348.0	106957.0
-415	105196.0	108169.0
-414	106259.0	108039.0
-413	105586.0	107408.0
-412	105286.0	108010.0
-411	105647.0	108479.0
-410	105201.0	107418.0
-409	105403.0	108405.0
-408	106166.0	108752.0
-407	105734.0	108478.0
-406	105950.0	108910.0
-405	106026.0	108671.0
-404	105537.0	109016.0
-403	105864.0	109928.0
-402	106361.0	110230.0
-401	106416.0	109298.0
-400	105862.0	110341.0
-399	106993.0	109760.0
-398	106378.0	109480.0
-397	106215.0	110242.0
-396	106908.0	110702.0
-395	106566.0	110088.0
-394	106723.0	111192.0
-393	107695.0	111481.0
-392	107167.0	111388.0
-391	106907.0	111644.0
-390	107737.0	112389.0
-389	107734.0	111676.0
-388	107914.0	112146.0
-387	109323.0	112742.0
-386	108392.0	111798.0
-385	108650.0	112815.0
-384	109536.0	113052.0
-383	108952.0	112705.0
-382	108673.0	113744.0
-381	110178.0	113273.0
-380	109415.0	113102.0
-379	109680.0	113759.0
-378	110498.0	114333.0
-377	110529.0	113496.0
-376	111083.0	113958.0
-375	111693.0	114485.0
-374	111130.0	113654.0
-373	110714.0	114815.0
-372	112117.0	114977.0
-371	111429.0	113896.0
-370	111725.0	114696.0
-369	113425.0	114821.0
-368	112696.0	113969.0
-367	112399.0	115131.0
-366	114130.0	115509.0
-365	113074.0	114443.0
-364	113121.0	115120.0
-363	114802.0	115595.0
-362	113821.0	113786.0
-361	113829.0	115033.0
-360	114510.0	114942.0
-359	114632.0	114175.0
-358	114280.0	114756.0
-357	115438.0	115084.0
-356	115004.0	114553.0
-355	115566.0	114997.0
-354	116259.0	114721.0
-353	115861.0	114574.0
-352	115223.0	115331.0
-351	116890.0	114783.0
-350	116483.0	114412.0
-349	116800.0	115163.0
-348	117524.0	114767.0
-347	116746.0	113617.0
-346	116789.0	114865.0
-345	118088.0	114462.0
-344	117262.0	114189.0
-343	117422.0	114821.0
-342	118628.0	114423.0
-341	117941.0	113302.0
-340	117294.0	114119.0
-339	118744.0	113756.0
-338	117669.0	112882.0
-337	118170.0	113738.0
-336	118684.0	113525.0
-335	117809.0	112405.0
-334	118754.0	113167.0
-333	119616.0	113208.0
-332	118894.0	112396.0
-331	118591.0	113071.0
-330	119329.0	112495.0
-329	119223.0	111118.0
-328	118680.0	112459.0
-327	119393.0	111698.0
-326	118316.0	110993.0
-325	118781.0	111493.0
-324	119570.0	111753.0
-323	118893.0	110709.0
-322	118419.0	110968.0
-321	119440.0	111091.0
-320	118347.0	109564.0
-319	118386.0	110909.0
-318	119476.0	110461.0
-317	118555.0	109037.0
-316	118471.0	109600.0
-315	119082.0	109112.0
-314	117864.0	108437.0
-313	116894.0	109488.0
-312	118397.0	109300.0
-311	117755.0	107359.0
-310	116460.0	108609.0
-309	117583.0	108075.0
-308	116903.0	106928.0
-307	116915.0	107874.0
-306	117840.0	107403.0
-305	116885.0	106109.0
-304	116493.0	107291.0
-303	117210.0	107110.0
-302	115990.0	106149.0
-301	115873.0	107029.0
-300	116648.0	106273.0
-299	115698.0	105764.0
-298	115307.0	106167.0
-297	115690.0	106362.0
-296	114781.0	105041.0
-295	114348.0	106024.0
-294	115672.0	105309.0
-293	113706.0	104704.0
-292	113426.0	105389.0
-291	114060.0	105559.0
-290	113728.0	104484.0
-289	112946.0	104598.0
-288	113914.0	105106.0
-287	113274.0	104275.0
-286	112240.0	104645.0
-285	112732.0	104770.0
-284	111843.0	103889.0
-283	111322.0	103858.0
-282	112278.0	103848.0
-281	111179.0	103671.0
-280	110712.0	104216.0
-279	111911.0	103582.0
-278	110323.0	102899.0
-277	110455.0	103843.0
-276	110790.0	103876.0
-275	110074.0	103125.0
-274	109727.0	103657.0
-273	110713.0	103805.0
-272	109457.0	103042.0
-271	109475.0	103739.0
-270	110066.0	103805.0
-269	108916.0	103362.0
-268	108851.0	104124.0
-267	109213.0	104141.0
-266	109085.0	103220.0
-265	107977.0	104098.0
-264	109173.0	103989.0
-263	107043.0	104160.0
-262	107048.0	104716.0
-261	108098.0	104266.0
-260	106846.0	103835.0
-259	106834.0	104573.0
-258	107941.0	104973.0
-257	106293.0	104322.0
-256	106676.0	104933.0
-255	106879.0	105387.0
-254	106876.0	104824.0
-253	106955.0	105942.0
-252	107758.0	106064.0
-251	106753.0	105095.0
-250	106942.0	106387.0
-249	107575.0	106849.0
-248	106313.0	105467.0
-247	106457.0	106607.0
-246	107322.0	107673.0
-245	106663.0	106977.0
-244	106134.0	107510.0
-243	106925.0	108151.0
-242	106431.0	107236.0
-241	106832.0	108789.0
-240	108004.0	108596.0
-239	107186.0	108384.0
-238	106927.0	109450.0
-237	108312.0	108960.0
-236	107239.0	109014.0
-235	107323.0	109711.0
-234	108167.0	110267.0
-233	107361.0	110078.0
-232	107445.0	110501.0
-231	108832.0	111178.0
-230	108068.0	110929.0
-229	108388.0	112499.0
-228	109484.0	112170.0
-227	108668.0	111520.0
-226	108816.0	112964.0
-225	110158.0	113256.0
-224	108905.0	112558.0
-223	109960.0	113754.0
-222	111481.0	113965.0
-221	110512.0	112868.0
-220	109758.0	114806.0
-219	111142.0	114721.0
-218	110374.0	113444.0
-217	111331.0	115878.0
-216	112260.0	115350.0
-215	111441.0	114491.0
-214	112432.0	116473.0
-213	113342.0	115933.0
-212	112624.0	115338.0
-211	112880.0	117602.0
-210	114321.0	117028.0
-209	113419.0	116166.0
-208	113457.0	117911.0
-207	115297.0	117927.0
-206	115203.0	117184.0
-205	114427.0	118928.0
-204	116279.0	118777.0
-203	115344.0	117370.0
-202	114942.0	119478.0
-201	116856.0	118913.0
-200	116320.0	118298.0
-199	116770.0	119874.0
-198	118648.0	119997.0
-197	116850.0	119212.0
-196	117403.0	120115.0
-195	119135.0	120113.0
-194	117143.0	119300.0
-193	117969.0	121351.0
-192	120171.0	120733.0
-191	118970.0	119031.0
-190	118879.0	121682.0
-189	120482.0	121119.0
-188	119666.0	120465.0
-187	120171.0	121945.0
-186	121478.0	120986.0
-185	120158.0	119873.0
-184	120795.0	121439.0
-183	122138.0	120973.0
-182	121194.0	119680.0
-181	120914.0	120973.0
-180	122847.0	121624.0
-179	121322.0	120089.0
-178	120755.0	121628.0
-177	122331.0	120525.0
-176	121170.0	119874.0
-175	121867.0	121190.0
-174	123193.0	120266.0
-173	121705.0	119109.0
-172	121211.0	120881.0
-171	123205.0	120545.0
-170	121448.0	118760.0
-169	121282.0	120553.0
-168	122993.0	119843.0
-167	121167.0	118514.0
-166	120933.0	119625.0
-165	122711.0	119151.0
-164	120909.0	117311.0
-163	120858.0	118549.0
-162	122008.0	118393.0
-161	120831.0	117247.0
-160	120651.0	118163.0
-159	121381.0	117917.0
-158	119679.0	116661.0
-157	119816.0	117903.0
-156	121272.0	117588.0
-155	119324.0	115657.0
-154	118734.0	116852.0
-153	120777.0	116966.0
-152	119036.0	115013.0
-151	118383.0	116107.0
-150	119900.0	115595.0
-149	118033.0	114064.0
-148	117124.0	115522.0
-147	118351.0	115292.0
-146	115217.0	113067.0
-145	116224.0	114649.0
-144	116774.0	113960.0
-143	115330.0	112872.0
-142	115104.0	114180.0
-141	116424.0	113566.0
-140	113787.0	111793.0
-139	112743.0	113217.0
-138	113514.0	112539.0
-137	111171.0	111538.0
-136	110683.0	112846.0
-135	112557.0	111899.0
-134	110665.0	110566.0
-133	110841.0	111903.0
-132	111998.0	111010.0
-131	110028.0	109610.0
-130	109443.0	111186.0
-129	110272.0	110583.0
-128	107605.0	109619.0
-127	106554.0	110576.0
-126	108198.0	110347.0
-125	106038.0	108817.0
-124	106183.0	109784.0
-123	107596.0	109515.0
-122	106594.0	107914.0
-121	105918.0	109325.0
-120	106771.0	108976.0
-119	105353.0	107313.0
-118	103945.0	109617.0
-117	104511.0	108835.0
-116	102749.0	107643.0
-115	102566.0	108791.0
-114	104900.0	108570.0
-113	103677.0	106917.0
-112	103911.0	108119.0
-111	104980.0	107584.0
-110	103642.0	106582.0
-109	102946.0	108767.0
-108	103594.0	108453.0
-107	101339.0	106686.0
-106	101036.0	108614.0
-105	102508.0	108632.0
-104	100459.0	106576.0
-103	101872.0	107923.0
-102	103895.0	107887.0
-101	102426.0	106566.0
-100	102543.0	107849.0
-99	103931.0	108215.0
-98	101952.0	106474.0
-97	101527.0	108567.0
-96	102347.0	108070.0
-95	100766.0	106886.0
-94	101416.0	109030.0
-93	103270.0	108444.0
-92	102066.0	106449.0
-91	102644.0	108632.0
-90	104786.0	108530.0
-89	103006.0	107254.0
-88	103884.0	109574.0
-87	104705.0	109508.0
-86	102708.0	108541.0
-85	102756.0	110197.0
-84	104420.0	109557.0
-83	103496.0	108114.0
-82	103949.0	109978.0
-81	106368.0	110127.0
-80	105251.0	108588.0
-79	104739.0	110718.0
-78	107602.0	110745.0
-77	105883.0	109484.0
-76	106023.0	111975.0
-75	108201.0	111890.0
-74	106886.0	110677.0
-73	107917.0	112067.0
-72	111170.0	112349.0
-71	109533.0	110800.0
-70	110172.0	113256.0
-69	112613.0	112835.0
-68	111143.0	111160.0
-67	110943.0	114347.0
-66	113491.0	114886.0
-65	112955.0	112705.0
-64	113927.0	115534.0
-63	116095.0	115094.0
-62	115047.0	113472.0
-61	116715.0	116267.0
-60	119545.0	115936.0
-59	117653.0	113656.0
-58	117956.0	117315.0
-57	120435.0	117409.0
-56	118572.0	115604.0
-55	119531.0	118562.0
-54	123639.0	118611.0
-53	122633.0	116826.0
-52	124744.0	119665.0
-51	127632.0	119488.0
-50	126374.0	117435.0
-49	127624.0	120334.0
-48	130387.0	120524.0
-47	128549.0	118366.0
-46	128903.0	121511.0
-45	131275.0	120964.0
-44	130541.0	118967.0
-43	131979.0	121619.0
-42	136807.0	121681.0
-41	136139.0	119210.0
-40	138377.0	122007.0
-39	141885.0	122445.0
-38	140104.0	119757.0
-37	140048.0	123339.0
-36	142556.0	123461.0
-35	140153.0	120751.0
-34	142124.0	123554.0
-33	146429.0	123511.0
-32	145183.0	121207.0
-31	147909.0	124261.0
-30	153109.0	123647.0
-29	150815.0	120317.0
-28	152171.0	123370.0
-27	155164.0	124142.0
-26	152223.0	121431.0
-25	152495.0	124416.0
-24	155791.0	124114.0
-23	154143.0	121643.0
-22	155377.0	124662.0
-21	160729.0	125275.0
-20	159603.0	122216.0
-19	160835.0	125515.0
-18	165758.0	125962.0
-17	162599.0	122711.0
-16	162487.0	126533.0
-15	165120.0	125832.0
-14	161702.0	123389.0
-13	162892.0	127388.0
-12	169388.0	127351.0
-11	166916.0	123763.0
-10	168513.0	127771.0
-9	173450.0	129217.0
-8	170272.0	127894.0
-7	166595.0	135238.0
-6	167637.0	137469.0
-5	160118.0	135026.0
-4	158097.0	138406.0
-3	173218.0	146372.0
-2	189588.0	140264.0
-1	275038.0	137978.0
0	2016.0	98830.0
1	274866.0	32193.0
2	189845.0	60985.0
3	172283.0	80593.0
4	157786.0	98874.0
5	159924.0	112671.0
6	167527.0	107508.0
7	166484.0	98833.0
8	169765.0	99622.0
9	173098.0	98443.0
10	168284.0	95934.0
11	167032.0	99245.0
12	168874.0	101394.0
13	162821.0	99798.0
14	160856.0	103809.0
15	163969.0	103369.0
16	161630.0	100531.0
17	162139.0	101271.0
18	164889.0	101409.0
19	160691.0	98360.0
20	159407.0	100473.0
21	160660.0	100734.0
22	155620.0	100286.0
23	153946.0	104882.0
24	156126.0	105185.0
25	152141.0	102255.0
26	152568.0	103706.0
27	155324.0	102237.0
28	152108.0	98916.0
29	150942.0	99439.0
30	152403.0	99969.0
31	147457.0	97404.0
32	145567.0	101210.0
33	145992.0	102534.0
34	141562.0	100875.0
35	140822.0	103042.0
36	142407.0	103466.0
37	139723.0	100716.0
38	139442.0	101816.0
39	141809.0	100733.0
40	137792.0	97830.0
41	135789.0	100228.0
42	136261.0	100594.0
43	131971.0	100890.0
44	130368.0	104003.0
45	131033.0	104303.0
46	128679.0	103051.0
47	127982.0	104045.0
48	130213.0	103470.0
49	126620.0	101001.0
50	126478.0	102851.0
51	127758.0	102450.0
52	123810.0	100756.0
53	122435.0	103717.0
54	122906.0	104154.0
55	119552.0	103684.0
56	118175.0	106241.0
57	119871.0	105856.0
58	117971.0	104316.0
59	117599.0	104750.0
60	119134.0	104320.0
61	116075.0	103347.0
62	115648.0	106258.0
63	116876.0	106673.0
64	113172.0	104903.0
65	113024.0	106246.0
66	114362.0	106579.0
67	110907.0	105165.0
68	110541.0	108577.0
69	112767.0	108083.0
70	110190.0	106250.0
71	109593.0	109062.0
72	110398.0	109867.0
73	107955.0	109102.0
74	106796.0	111649.0
75	108552.0	112037.0
76	106428.0	110664.0
77	106149.0	112708.0
78	106694.0	112824.0
79	105171.0	111786.0
80	104892.0	115024.0
81	106345.0	116054.0
82	103419.0	115621.0
83	103898.0	118860.0
84	104192.0	120498.0
85	102106.0	119497.0
86	102888.0	121618.0
87	104858.0	121092.0
88	103298.0	118892.0
89	102974.0	120408.0
90	104417.0	121420.0
91	102492.0	121098.0
92	102608.0	125055.0
93	104063.0	126611.0
94	101879.0	127226.0
95	101078.0	130172.0
96	102712.0	131519.0
97	101532.0	130015.0
98	101708.0	131931.0
99	103296.0	131630.0
100	102612.0	129964.0
101	102708.0	133071.0
102	104375.0	133920.0
103	101895.0	134852.0
104	100534.0	139513.0
105	102822.0	141573.0
106	101107.0	141145.0
107	101411.0	144282.0
108	103657.0	144242.0
109	102330.0	142891.0
110	103565.0	144388.0
111	105130.0	144733.0
112	103413.0	144480.0
113	103412.0	147737.0
114	104853.0	150361.0
115	102589.0	151147.0
116	102161.0	155239.0
117	104640.0	156740.0
118	103503.0	156468.0
119	104591.0	158116.0
120	107567.0	158033.0
121	106252.0	156213.0
122	107157.0	158341.0
123	108446.0	159754.0
124	106048.0	160189.0
125	105761.0	164726.0
126	108014.0	166256.0
127	106613.0	165848.0
128	107469.0	168657.0
129	109860.0	167441.0
130	110071.0	165098.0
131	110518.0	165887.0
132	112493.0	166235.0
133	110457.0	165500.0
134	110439.0	170190.0
135	111946.0	171048.0
136	110561.0	170661.0
137	110811.0	173708.0
138	113849.0	173931.0
139	112672.0	171686.0
140	113649.0	171380.0
141	115926.0	170764.0
142	114781.0	168726.0
143	115381.0	170451.0
144	117353.0	170425.0
145	115931.0	170039.0
146	116412.0	171939.0
147	118446.0	170808.0
148	116779.0	168241.0
149	117531.0	168505.0
150	119679.0	168320.0
151	118625.0	165939.0
152	118808.0	167109.0
153	120248.0	165987.0
154	118848.0	164113.0
155	118865.0	165224.0
156	120950.0	164688.0
157	119767.0	162231.0
158	119611.0	162484.0
159	121614.0	161446.0
160	120401.0	158970.0
161	120531.0	159220.0
162	122446.0	158170.0
163	120741.0	155663.0
164	120676.0	157132.0
165	122985.0	155967.0
166	121291.0	154071.0
167	121120.0	154261.0
168	122574.0	153466.0
169	120585.0	150515.0
170	121328.0	150294.0
171	123256.0	149903.0
172	121818.0	146740.0
173	121926.0	147695.0
174	123405.0	146250.0
175	121458.0	144112.0
176	120629.0	144718.0
177	121998.0	144032.0
178	120995.0	142040.0
179	120817.0	142060.0
180	122069.0	140367.0
181	120544.0	137826.0
182	120824.0	137349.0
183	121781.0	136919.0
184	120081.0	135049.0
185	120263.0	135462.0
186	122007.0	134192.0
187	119307.0	131961.0
188	118993.0	131728.0
189	120483.0	130804.0
190	118269.0	128697.0
191	118268.0	128469.0
192	119407.0	127443.0
193	118576.0	125788.0
194	117547.0	126231.0
195	118570.0	125190.0
196	117356.0	123313.0
197	117077.0	123339.0
198	118288.0	122531.0
199	116372.0	120465.0
200	116160.0	121017.0
201	117121.0	119382.0
202	115184.0	117706.0
203	115034.0	117928.0
204	116446.0	118076.0
205	113867.0	115668.0
206	114031.0	116742.0
207	115055.0	115710.0
208	113501.0	114277.0
209	113807.0	114804.0
210	114232.0	113799.0
211	112548.0	112398.0
212	112123.0	112414.0
213	113276.0	111866.0
214	112102.0	110790.0
215	111652.0	111690.0
216	111128.0	111338.0
217	110462.0	109733.0
218	110394.0	109980.0
219	111685.0	109619.0
220	109602.0	108665.0
221	110449.0	109256.0
222	110861.0	108701.0
223	110009.0	107267.0
224	109487.0	108773.0
225	110249.0	107830.0
226	108525.0	106968.0
227	108120.0	108083.0
228	109680.0	107871.0
229	108351.0	106071.0
230	108430.0	107389.0
231	109133.0	107064.0
232	107683.0	105996.0
233	107635.0	106601.0
234	108244.0	106323.0
235	106645.0	105964.0
236	106596.0	106963.0
237	107466.0	106860.0
238	106882.0	106439.0
239	106490.0	107161.0
240	107862.0	106260.0
241	106613.0	105862.0
242	106748.0	107178.0
243	108184.0	106527.0
244	106701.0	106448.0
245	106174.0	107686.0
246	107237.0	107391.0
247	106543.0	106913.0
248	106419.0	108021.0
249	107141.0	107869.0
250	105893.0	107080.0
251	106673.0	108748.0
252	107342.0	108361.0
253	106497.0	108053.0
254	107020.0	109254.0
255	107018.0	109458.0
256	106767.0	108535.0
257	106436.0	110199.0
258	107611.0	110023.0
259	107094.0	109935.0
260	107342.0	111338.0
261	108234.0	111094.0
262	107589.0	110742.0
263	107810.0	112204.0
264	109074.0	111725.0
265	108031.0	111790.0
266	108164.0	112749.0
267	109373.0	113376.0
268	108642.0	112491.0
269	108950.0	114159.0
270	109655.0	115077.0
271	108885.0	113778.0
272	109206.0	114916.0
273	110286.0	115044.0
274	109635.0	114734.0
275	109667.0	116067.0
276	111301.0	116741.0
277	109773.0	115724.0
278	110504.0	117187.0
279	111557.0	117048.0
280	111344.0	116842.0
281	111348.0	117700.0
282	112382.0	117797.0
283	111330.0	117373.0
284	111577.0	118961.0
285	112824.0	119270.0
286	112102.0	118300.0
287	112781.0	120247.0
288	113230.0	120160.0
289	112820.0	119127.0
290	113154.0	120489.0
291	114416.0	120895.0
292	113814.0	119820.0
293	114241.0	120497.0
294	114924.0	120940.0
295	115164.0	120460.0
296	114952.0	121814.0
297	115329.0	121937.0
298	115116.0	120742.0
299	115143.0	122212.0
300	115654.0	122204.0
301	115973.0	121785.0
302	115909.0	122985.0
303	116681.0	122604.0
304	115942.0	121282.0
305	116911.0	122706.0
306	117472.0	122525.0
307	116978.0	122299.0
308	116441.0	123183.0
309	117279.0	123126.0
310	117048.0	121997.0
311	117072.0	123118.0
312	118911.0	122365.0
313	117257.0	122342.0
314	117388.0	122827.0
315	118613.0	123009.0
316	118136.0	122540.0
317	118615.0	122659.0
318	119341.0	122634.0
319	118015.0	122035.0
320	118524.0	122709.0
321	119305.0	122200.0
322	118051.0	120950.0
323	118194.0	121689.0
324	119241.0	121248.0
325	118628.0	121136.0
326	118547.0	121766.0
327	119483.0	121049.0
328	119460.0	120366.0
329	118485.0	121165.0
330	119871.0	120872.0
331	118093.0	119373.0
332	118524.0	120522.0
333	119272.0	119459.0
334	117912.0	118810.0
335	118605.0	119595.0
336	118849.0	119212.0
337	117761.0	118126.0
338	117920.0	119263.0
339	118300.0	118196.0
340	117839.0	117020.0
341	117665.0	117727.0
342	118602.0	117106.0
343	117171.0	115883.0
344	117041.0	117149.0
345	117810.0	115977.0
346	117048.0	115304.0
347	116607.0	116341.0
348	117517.0	115511.0
349	116702.0	114689.0
350	116992.0	115250.0
351	117041.0	114191.0
352	116484.0	113618.0
353	115482.0	114290.0
354	116606.0	113170.0
355	115576.0	112815.0
356	115842.0	112776.0
357	116373.0	112737.0
358	114728.0	111246.0
359	114421.0	112075.0
360	115039.0	111280.0
361	114346.0	111193.0
362	113500.0	111640.0
363	114704.0	110630.0
364	113879.0	110312.0
365	113538.0	110022.0
366	113797.0	109976.0
367	112639.0	109323.0
368	113104.0	110063.0
369	112886.0	109870.0
370	112203.0	108269.0
371	111806.0	108978.0
372	112159.0	108766.0
373	111098.0	107802.0
374	111022.0	108560.0
375	111881.0	108213.0
376	110062.0	107448.0
377	110146.0	108649.0
378	110769.0	108180.0
379	109736.0	107392.0
380	109579.0	108170.0
381	109956.0	107687.0
382	109198.0	106749.0
383	109016.0	107274.0
384	109815.0	107436.0
385	108311.0	106792.0
386	108037.0	106897.0
387	109165.0	107020.0
388	107738.0	106451.0
389	108158.0	107340.0
390	108098.0	106674.0
391	107240.0	106572.0
392	106801.0	106510.0
393	107857.0	106772.0
394	106811.0	106913.0
395	106864.0	107208.0
396	106999.0	107717.0
397	106390.0	107247.0
398	106483.0	107038.0
399	107224.0	106930.0
400	106617.0	106845.0
401	106177.0	107379.0
402	106856.0	107771.0
403	105814.0	107248.0
404	105499.0	108356.0
405	106353.0	107634.0
406	105554.0	108160.0
407	105593.0	108656.0
408	105979.0	108528.0
409	105265.0	107946.0
410	105057.0	108700.0
411	105862.0	108916.0
412	104897.0	108522.0
413	104966.0	109538.0
414	105907.0	109371.0
415	105237.0	109347.0
416	105559.0	109664.0
417	105974.0	109735.0
418	105115.0	109468.0
419	105537.0	110356.0
420	106053.0	110472.0
421	105287.0	109771.0
422	104638.0	111084.0
423	106198.0	111193.0
424	105527.0	111363.0
425	104831.0	112151.0
426	105731.0	111854.0
427	105558.0	111772.0
428	106096.0	112305.0
429	106003.0	112798.0
430	105621.0	112955.0
431	105396.0	112848.0
432	106508.0	113541.0
433	106561.0	112947.0
434	106341.0	113955.0
435	106949.0	113375.0
436	106153.0	113523.0
437	106743.0	113874.0
438	107280.0	114015.0
439	107022.0	113447.0
440	108086.0	114661.0
441	108003.0	114872.0
442	107288.0	114686.0
443	107117.0	115349.0
444	108218.0	114928.0
445	107562.0	114947.0
446	107890.0	116168.0
447	108854.0	115981.0
448	109017.0	115666.0
449	108852.0	116008.0
450	109359.0	116419.0
451	108580.0	116234.0
452	108677.0	116881.0
453	109744.0	116420.0
454	109059.0	116075.0
455	109008.0	117325.0
456	110170.0	117231.0
457	109896.0	116971.0
458	109322.0	117343.0
459	110183.0	117255.0
460	109791.0	116582.0
461	109928.0	117794.0
462	111185.0	117955.0
463	110603.0	117215.0
464	111063.0	117728.0
465	111360.0	117796.0
466	110608.0	117028.0
467	110737.0	117471.0
468	111854.0	117788.0
469	111456.0	117567.0
470	111678.0	117803.0
471	111773.0	117043.0
472	111759.0	117157.0
473	112538.0	118009.0
474	112755.0	117558.0
475	112230.0	117183.0
476	112285.0	117631.0
477	112517.0	117528.0
478	112913.0	116647.0
479	113010.0	117279.0
480	113569.0	117331.0
481	113377.0	115974.0
482	113383.0	116809.0
483	113792.0	116920.0
484	113032.0	116513.0
485	113334.0	117530.0
486	114569.0	116772.0
487	113392.0	116280.0
488	113162.0	116656.0
489	114000.0	115787.0
490	113255.0	116006.0
491	114014.0	116141.0
492	114239.0	116226.0
493	114235.0	115524.0
494	114039.0	115964.0
495	114409.0	115271.0
496	113919.0	114580.0
497	114129.0	114937.0
498	114707.0	114481.0
499	113998.0	114318.0
500	113886.0	114626.0
501	114669.0	114266.0
502	114119.0	113321.0
503	113639.0	114510.0
504	114160.0	113992.0
505	113810.0	112784.0
506	113761.0	113952.0
507	113940.0	113212.0
508	113997.0	112097.0
509	113688.0	112790.0
510	114106.0	112674.0
511	113749.0	112004.0
512	113893.0	112157.0
513	113758.0	111953.0
514	113391.0	111412.0
515	112474.0	111966.0
516	113343.0	111459.0
517	113166.0	111339.0
518	112739.0	110974.0
519	112855.0	110253.0
520	112502.0	110546.0
521	112864.0	110673.0
522	112507.0	109917.0
523	112383.0	109781.0
524	111899.0	110229.0
525	111924.0	110157.0
526	111702.0	109137.0
527	111431.0	109435.0
528	112562.0	109556.0
529	111764.0	109021.0
530	111291.0	108963.0
531	111392.0	109015.0
532	111059.0	108574.0
533	110704.0	108325.0
534	110985.0	108264.0
535	110648.0	107955.0
536	110503.0	108266.0
537	110978.0	108281.0
538	110548.0	107877.0
539	110676.0	108113.0
540	111054.0	108161.0
541	109318.0	106772.0
542	109860.0	107913.0
543	109758.0	108126.0
544	109634.0	107631.0
545	109027.0	107692.0
546	109802.0	106874.0
547	109063.0	106762.0
548	108630.0	107520.0
549	109412.0	106956.0
550	108607.0	107085.0
551	108591.0	107138.0
552	109235.0	106961.0
553	108124.0	106604.0
554	107897.0	107308.0
555	108078.0	106865.0
556	107645.0	107102.0
557	107002.0	107129.0
558	107602.0	107370.0
559	107781.0	107567.0
560	107897.0	106701.0
561	107641.0	106760.0
562	106710.0	106199.0
563	106964.0	106522.0
564	106986.0	106835.0
565	107126.0	106733.0
566	106517.0	107006.0
567	107432.0	107428.0
568	106549.0	106948.0
569	106128.0	107583.0
570	106480.0	107293.0
571	106222.0	106890.0
572	105766.0	107661.0
573	107007.0	107717.0
574	105874.0	107272.0
575	106529.0	107297.0
576	106016.0	108090.0
577	105324.0	108129.0
578	105609.0	108004.0
579	105513.0	107595.0
580	105733.0	108501.0
581	106056.0	108491.0
582	105796.0	108780.0
583	105825.0	108133.0
584	105449.0	108917.0
585	106151.0	109260.0
586	105603.0	108501.0
587	105364.0	109146.0
588	105165.0	109372.0
589	105399.0	108728.0
590	105734.0	109492.0
591	105745.0	109530.0
592	105408.0	109337.0
593	105981.0	109838.0
594	106080.0	109605.0
595	105855.0	109312.0
596	105962.0	109923.0
597	106480.0	110372.0
598	105154.0	110118.0
599	105370.0	111180.0
600	105953.0	110795.0
601	105570.0	110806.0
602	105946.0	111951.0
603	106058.0	111306.0
604	105995.0	111090.0
605	105967.0	111236.0
606	106220.0	111332.0
607	105591.0	110785.0
608	106007.0	111846.0
609	106883.0	111728.0
610	106408.0	111824.0
611	106293.0	112444.0
612	106388.0	111850.0
613	106329.0	111505.0
614	106295.0	112295.0
615	106779.0	111441.0
616	106214.0	112135.0
617	106933.0	112599.0
618	106951.0	112685.0
619	106980.0	112671.0
620	106726.0	112832.0
621	107282.0	112732.0
622	106560.0	112793.0
623	107187.0	113285.0
624	107446.0	113214.0
625	106549.0	113027.0
626	106790.0	113294.0
627	107480.0	113273.0
628	107574.0	113238.0
629	107641.0	114170.0
630	107973.0	113420.0
631	107814.0	113260.0
632	108279.0	113350.0
633	108198.0	113087.0
634	108290.0	112846.0
635	107911.0	113588.0
636	108637.0	113739.0
637	107436.0	113514.0
638	108190.0	113871.0
639	108303.0	113530.0
640	108427.0	113187.0
641	108642.0	113845.0
642	109350.0	113764.0
643	108104.0	113116.0
644	108760.0	113388.0
645	108903.0	113299.0
646	108825.0	112959.0
647	108546.0	113348.0
648	108808.0	113219.0
649	108649.0	113728.0
650	108756.0	113165.0
651	108934.0	113438.0
652	108857.0	112535.0
653	108840.0	112876.0
654	109131.0	113497.0
655	108883.0	112628.0
656	109782.0	113361.0
657	109121.0	112536.0
658	109062.0	112750.0
659	109177.0	113007.0
660	109406.0	112359.0
661	109573.0	111916.0
662	109377.0	112261.0
663	109401.0	112260.0
664	108545.0	111771.0
665	108704.0	111940.0
666	109620.0	111808.0
667	109094.0	110986.0
668	108823.0	111292.0
669	109667.0	111753.0
670	108670.0	110964.0
671	109085.0	111562.0
672	109277.0	111807.0
673	109103.0	110588.0
674	108817.0	111484.0
675	109399.0	111521.0
676	108793.0	110442.0
677	108903.0	110908.0
678	109145.0	110183.0
679	108980.0	110325.0
680	108414.0	110484.0
681	109204.0	109786.0
682	108324.0	109290.0
683	108218.0	110264.0
684	109392.0	109940.0
685	108736.0	109378.0
686	108767.0	109639.0
687	109025.0	109113.0
688	108547.0	109161.0
689	108319.0	108529.0
690	108581.0	108565.0
691	107428.0	108795.0
692	107974.0	108755.0
693	108396.0	108853.0
694	107877.0	108772.0
695	108174.0	108897.0
696	108067.0	108368.0
697	107809.0	107982.0
698	107810.0	108200.0
699	107659.0	108551.0
700	107425.0	107743.0
701	107075.0	108069.0
702	107661.0	107960.0
703	107395.0	107199.0
704	107205.0	107686.0
705	107515.0	107331.0
706	106889.0	106805.0
707	106449.0	107875.0
708	107249.0	107668.0
709	106979.0	106837.0
710	106792.0	107645.0
711	106910.0	107027.0
712	106350.0	106864.0
713	106472.0	107186.0
714	107193.0	106963.0
715	106179.0	106318.0
716	106012.0	106986.0
717	106298.0	106892.0
718	105615.0	106745.0
719	106005.0	106869.0
720	106409.0	106945.0
721	105568.0	106299.0
722	105024.0	106458.0
723	105663.0	106571.0
724	105524.0	106367.0
725	105751.0	106774.0
726	105535.0	106892.0
727	105012.0	106733.0
728	105285.0	106737.0
729	105622.0	106476.0
730	105179.0	106300.0
731	105295.0	106444.0
732	105438.0	106749.0
733	105362.0	106451.0
734	104673.0	106396.0
735	105594.0	106633.0
736	104507.0	105936.0
737	104512.0	106778.0
738	105412.0	106145.0
739	104299.0	106262.0
740	104037.0	106721.0
741	104167.0	106971.0
742	104577.0	106636.0
743	104019.0	107063.0
744	104200.0	106609.0
745	104196.0	106734.0
746	104657.0	107122.0
747	104346.0	107308.0
748	104334.0	106412.0
749	104241.0	107080.0
750	104625.0	107232.0
751	103719.0	106611.0
752	103601.0	107755.0
753	104208.0	107264.0
754	103627.0	107225.0
755	103248.0	107717.0
756	104297.0	107143.0
757	104000.0	107295.0
758	103497.0	107736.0
759	104236.0	107720.0
760	103162.0	107414.0
761	103356.0	108134.0
762	103822.0	108394.0
763	103851.0	107940.0
764	104001.0	108529.0
765	104649.0	108176.0
766	104584.0	107953.0
767	103679.0	108153.0
768	104554.0	108154.0
769	103178.0	108119.0
770	103743.0	108636.0
771	104317.0	108939.0
772	103875.0	108769.0
773	103470.0	108795.0
774	104219.0	108808.0
775	103779.0	108387.0
776	103748.0	109094.0
777	104501.0	108733.0
778	103957.0	108769.0
779	104091.0	109204.0
780	104857.0	109176.0
781	104250.0	109145.0
782	104056.0	109575.0
783	104492.0	110046.0
784	104252.0	109621.0
785	104307.0	109720.0
786	104229.0	109785.0
787	104263.0	109148.0
788	104213.0	109784.0
789	105029.0	109450.0
790	104460.0	109373.0
791	104575.0	109548.0
792	104886.0	109634.0
793	104428.0	109648.0
794	104171.0	109428.0
795	105068.0	110095.0
796	104329.0	109847.0
797	104696.0	109755.0
798	104968.0	109537.0
799	105087.0	109969.0
800	104664.0	110060.0
801	104710.0	109700.0
802	104953.0	109548.0
803	104674.0	109715.0
804	105107.0	109827.0
805	105331.0	109608.0
806	104740.0	110075.0
807	104582.0	109665.0
808	104900.0	109428.0
809	104940.0	110229.0
810	105448.0	109723.0
811	105740.0	109553.0
812	105436.0	109242.0
813	105711.0	109184.0
814	104999.0	109021.0
815	105642.0	109871.0
816	105614.0	109958.0
817	105006.0	109408.0
818	104802.0	109340.0
819	105458.0	109550.0
820	105284.0	109462.0
821	105507.0	109180.0
822	105479.0	109176.0
823	105346.0	109307.0
824	105199.0	109530.0
825	105540.0	109202.0
826	104934.0	108896.0
827	105610.0	109122.0
828	105858.0	108688.0
829	105658.0	109049.0
830	105090.0	108743.0
831	105330.0	108976.0
832	104991.0	109126.0
833	105031.0	108415.0
834	105203.0	108727.0
835	105497.0	108085.0
836	105088.0	108265.0
837	105676.0	108158.0
838	104985.0	107369.0
839	105569.0	108100.0
840	105493.0	108100.0
841	105465.0	107412.0
842	104588.0	107662.0
843	105756.0	107690.0
844	104880.0	107628.0
845	105391.0	107696.0
846	105432.0	107771.0
847	105040.0	107234.0
848	105377.0	107359.0
849	105664.0	107658.0
850	104548.0	107022.0
851	104912.0	107434.0
852	105458.0	107488.0
853	104671.0	106525.0
854	104542.0	106671.0
855	104680.0	106839.0
856	104379.0	106583.0
857	105109.0	106745.0
858	105019.0	106170.0
859	104590.0	106415.0
860	105190.0	106574.0
861	104200.0	106267.0
862	104128.0	105745.0
863	104143.0	105772.0
864	104432.0	106295.0
865	103687.0	105940.0
866	104473.0	106033.0
867	104490.0	106048.0
868	103751.0	105813.0
869	103789.0	105786.0
870	104435.0	106233.0
871	103768.0	105314.0
872	103478.0	105881.0
873	103970.0	105838.0
874	103674.0	105798.0
875	103354.0	105741.0
876	104009.0	105204.0
877	103749.0	104808.0
878	103098.0	105293.0
879	103425.0	105136.0
880	103188.0	105499.0
881	103438.0	104927.0
882	103243.0	105076.0
883	103159.0	105114.0
884	102898.0	104349.0
885	103565.0	104880.0
886	103092.0	104091.0
887	103408.0	104333.0
888	103418.0	104686.0
889	102847.0	104630.0
890	103527.0	104916.0
891	102511.0	105132.0
892	102946.0	104479.0
893	102887.0	105059.0
894	103265.0	104811.0
895	102661.0	104516.0
896	102282.0	104413.0
897	103141.0	104833.0
898	102180.0	104494.0
899	102347.0	104414.0
900	102664.0	105340.0
901	102984.0	104435.0
902	102607.0	104975.0
903	102256.0	104899.0
904	102248.0	104390.0
905	101837.0	105023.0
906	102384.0	104649.0
907	102139.0	104310.0
908	101948.0	105411.0
909	102664.0	105114.0
910	102333.0	104107.0
911	101678.0	104801.0
912	101913.0	104711.0
913	100996.0	105067.0
914	101730.0	105149.0
915	102571.0	104720.0
916	101783.0	104783.0
917	102394.0	104831.0
918	102008.0	104695.0
919	101931.0	104836.0
920	101767.0	104760.0
921	102070.0	104532.0
922	101814.0	104937.0
923	101747.0	104625.0
924	101951.0	104652.0
925	101300.0	105044.0
926	101445.0	105793.0
927	101837.0	105435.0
928	102007.0	105055.0
929	101561.0	105509.0
930	101724.0	105544.0
931	101823.0	105195.0
932	101629.0	105019.0
933	101973.0	105351.0
934	102070.0	105045.0
935	101635.0	105485.0
936	102262.0	105969.0
937	102028.0	105252.0
938	101355.0	105507.0
939	101982.0	105305.0
940	101101.0	105435.0
941	101346.0	105426.0
942	101835.0	105079.0
943	101606.0	104874.0
944	101932.0	106195.0
945	101936.0	105659.0
946	102377.0	105286.0
947	102467.0	105372.0
948	102028.0	106207.0
949	102097.0	105685.0
950	102187.0	105904.0
951	101577.0	105004.0
952	101749.0	105449.0
953	101830.0	105900.0
954	101504.0	105859.0
955	101921.0	105536.0
956	102141.0	106132.0
957	101876.0	105582.0
958	101992.0	105910.0
959	102020.0	105983.0
960	102039.0	105749.0
961	102106.0	105829.0
962	102063.0	106106.0
963	102097.0	105572.0
964	101767.0	105515.0
965	101765.0	106106.0
966	102044.0	105931.0
967	101636.0	105603.0
968	101856.0	105439.0
969	102304.0	106062.0
970	102335.0	105984.0
971	102146.0	106331.0
972	102025.0	106229.0
973	102293.0	105307.0
974	101657.0	106448.0
975	101892.0	106232.0
976	102437.0	105576.0
977	102026.0	106210.0
978	102723.0	106079.0
979	102436.0	105685.0
980	101955.0	106190.0
981	102494.0	105766.0
982	102541.0	105949.0
983	101820.0	105782.0
984	102538.0	105857.0
985	102684.0	105586.0
986	102461.0	105565.0
987	101740.0	105372.0
988	102276.0	105452.0
989	102323.0	105635.0
990	102321.0	106062.0
991	101901.0	105369.0
992	101746.0	105438.0
993	101934.0	105588.0
994	102192.0	105426.0
995	102325.0	105152.0
996	102390.0	105155.0
997	102064.0	104906.0
998	102046.0	105168.0
999	102328.0	105272.0
1000	102452.0	105013.0
1001	102181.0	105569.0
1002	101677.0	104596.0
1003	102224.0	105181.0
1004	102224.0	105292.0
1005	101898.0	104940.0
1006	101526.0	104676.0
1007	101494.0	104958.0
1008	101841.0	105117.0
1009	102129.0	104421.0
1010	101822.0	105308.0
1011	101401.0	104351.0
1012	101732.0	104212.0
1013	102264.0	104570.0
1014	101314.0	104004.0
1015	101254.0	104144.0
1016	101599.0	104043.0
1017	101811.0	104323.0
1018	101915.0	104513.0
1019	101514.0	104450.0
1020	101830.0	104083.0
1021	101299.0	104283.0
1022	101850.0	103735.0
1023	101668.0	103514.0
1024	101205.0	104321.0
1025	101362.0	104197.0
1026	101682.0	103990.0
1027	101006.0	103814.0
1028	101089.0	103913.0
1029	101311.0	103943.0
1030	100812.0	103518.0
1031	101190.0	103804.0
1032	101293.0	103812.0
1033	100864.0	103350.0
1034	100851.0	103597.0
1035	100992.0	103758.0
1036	100820.0	103023.0
1037	101080.0	103040.0
1038	100328.0	103269.0
1039	100403.0	103669.0
1040	101266.0	103313.0
1041	100660.0	103083.0
1042	100280.0	102781.0
1043	100843.0	103069.0
1044	100804.0	102762.0
1045	100110.0	102638.0
1046	100697.0	102399.0
1047	100753.0	102632.0
1048	100230.0	102711.0
1049	100399.0	102652.0
1050	100169.0	102594.0
1051	100840.0	102945.0
1052	100595.0	102552.0
1053	100569.0	102793.0
1054	99682.0	102212.0
1055	99644.0	102480.0
1056	99489.0	102770.0
1057	99812.0	102468.0
1058	99607.0	102592.0
1059	100137.0	102901.0
1060	99332.0	102896.0
1061	99907.0	102988.0
1062	100499.0	101831.0
1063	99699.0	102131.0
1064	99739.0	102150.0
1065	99722.0	102802.0
1066	99467.0	102507.0
1067	98967.0	102307.0
1068	99296.0	102658.0
1069	98750.0	102980.0
1070	99824.0	102661.0
1071	99652.0	102496.0
1072	99583.0	101931.0
1073	99596.0	101624.0
1074	99711.0	102230.0
1075	99617.0	102685.0
1076	99426.0	102948.0
1077	99702.0	102066.0
1078	99068.0	102538.0
1079	99016.0	102579.0
1080	99329.0	102899.0
1081	99391.0	102216.0
1082	98890.0	102523.0
1083	99305.0	103074.0
1084	99091.0	102265.0
1085	99484.0	102393.0
1086	99658.0	102954.0
1087	99154.0	102545.0
1088	98949.0	102816.0
1089	99305.0	102855.0
1090	98916.0	102557.0
1091	98991.0	102658.0
1092	98896.0	102749.0
1093	98570.0	102485.0
1094	98766.0	102711.0
1095	99078.0	102582.0
1096	98830.0	102614.0
1097	98637.0	102176.0
1098	98937.0	102212.0
1099	98723.0	102656.0
1100	99105.0	102634.0
1101	99088.0	102908.0
1102	98509.0	103048.0
1103	99382.0	103111.0
1104	98846.0	103036.0
1105	98969.0	102058.0
1106	99031.0	102557.0
1107	98830.0	102332.0
1108	98586.0	102533.0
1109	98821.0	102858.0
1110	99112.0	102817.0
1111	98688.0	103025.0
1112	99058.0	102688.0
1113	99157.0	102446.0
1114	99039.0	102696.0
1115	98733.0	102682.0
1116	98914.0	102261.0
1117	98779.0	102409.0
1118	99057.0	102619.0
1119	99071.0	102538.0
1120	98780.0	102754.0
1121	98966.0	102982.0
1122	98704.0	102754.0
1123	99223.0	103078.0
1124	98585.0	103221.0
1125	99171.0	102964.0
1126	99349.0	102868.0
1127	99417.0	103040.0
1128	99299.0	102829.0
1129	99236.0	102777.0
1130	99606.0	102625.0
1131	99266.0	103044.0
1132	98924.0	102772.0
1133	99370.0	102549.0
1134	99346.0	102725.0
1135	99099.0	102465.0
1136	99210.0	103192.0
1137	99653.0	102756.0
1138	98964.0	102894.0
1139	99288.0	102945.0
1140	98943.0	102849.0
1141	99100.0	102484.0
1142	99124.0	102681.0
1143	99534.0	102243.0
1144	99151.0	102428.0
1145	99524.0	102770.0
1146	99332.0	102473.0
1147	99312.0	102612.0
1148	98765.0	102503.0
1149	99664.0	102596.0
1150	99523.0	102747.0
1151	99143.0	101988.0
1152	99618.0	102964.0
1153	99239.0	102251.0
1154	99146.0	102681.0
1155	99234.0	102138.0
1156	99043.0	102185.0
1157	99209.0	102129.0
1158	99642.0	102379.0
1159	99394.0	102068.0
1160	99351.0	101788.0
1161	99042.0	101779.0
1162	98999.0	102015.0
1163	99020.0	101280.0
1164	99101.0	102339.0
1165	98845.0	101937.0
1166	99177.0	102643.0
1167	99300.0	102077.0
1168	99224.0	101644.0
1169	99090.0	101556.0
1170	99087.0	101451.0
1171	99088.0	100666.0
1172	99500.0	101355.0
1173	99215.0	101734.0
1174	99538.0	101717.0
1175	98810.0	101224.0
1176	99542.0	101773.0
1177	99260.0	101523.0
1178	99460.0	101106.0
1179	99230.0	101770.0
1180	99150.0	101254.0
1181	99137.0	101415.0
1182	99521.0	101310.0
1183	99206.0	101077.0
1184	98848.0	100950.0
1185	98953.0	100859.0
1186	98296.0	101350.0
1187	98449.0	101182.0
1188	98855.0	100627.0
1189	99129.0	100936.0
1190	98921.0	101435.0
1191	98666.0	100394.0
1192	98683.0	100447.0
1193	98482.0	100875.0
1194	99006.0	100588.0
1195	98683.0	100602.0
1196	98590.0	100417.0
1197	98566.0	100501.0
1198	98827.0	100795.0
1199	98579.0	100838.0
1200	98732.0	100936.0
1201	98347.0	101007.0
1202	97756.0	101251.0
1203	98958.0	100976.0
1204	98988.0	100138.0
1205	98767.0	100185.0
1206	98760.0	100480.0
1207	98613.0	99849.0
1208	98611.0	100461.0
1209	98390.0	100488.0
1210	98478.0	100056.0
1211	98028.0	100321.0
1212	98144.0	99715.0
1213	98603.0	99602.0
1214	98408.0	100073.0
1215	98496.0	99809.0
1216	97689.0	99965.0
1217	98543.0	99638.0
1218	98232.0	100155.0
1219	98171.0	99881.0
1220	98088.0	99709.0
1221	97704.0	100030.0
1222	97898.0	99598.0
1223	98111.0	100115.0
1224	98225.0	99779.0
1225	98019.0	99510.0
1226	98191.0	99648.0
1227	97490.0	100238.0
1228	97694.0	100308.0
1229	97043.0	99595.0
1230	97385.0	100039.0
1231	96740.0	99424.0
1232	97069.0	99535.0
1233	97463.0	99821.0
1234	97637.0	99510.0
1235	97893.0	100158.0
1236	97747.0	99264.0
1237	97643.0	99759.0
1238	97717.0	99882.0
1239	97496.0	99813.0
1240	97689.0	99656.0
1241	97762.0	99875.0
1242	97152.0	99534.0
1243	97129.0	99416.0
1244	97146.0	99683.0
1245	97722.0	99861.0
1246	97515.0	99556.0
1247	97531.0	99709.0
1248	97872.0	99894.0
1249	97540.0	99030.0
1250	97570.0	99680.0
1251	97550.0	99762.0
1252	96906.0	99580.0
1253	97065.0	99621.0
1254	97114.0	99934.0
1255	96988.0	99875.0
1256	97613.0	99598.0
1257	96891.0	99586.0
1258	97525.0	99602.0
1259	96563.0	99551.0
1260	97220.0	99651.0
1261	97051.0	99742.0
1262	97030.0	100021.0
1263	97362.0	99202.0
1264	97023.0	99630.0
1265	97528.0	99883.0
1266	97195.0	99841.0
1267	96435.0	99470.0
1268	96505.0	99737.0
1269	96976.0	99256.0
1270	96594.0	99426.0
1271	96682.0	99912.0
1272	96973.0	100322.0
1273	96948.0	100145.0
1274	96883.0	99518.0
1275	97384.0	100018.0
1276	96522.0	100127.0
1277	96982.0	100231.0
1278	97473.0	99837.0
1279	97002.0	100126.0
1280	97200.0	99698.0
1281	97246.0	99913.0
1282	96616.0	99662.0
1283	97404.0	99991.0
1284	97148.0	99598.0
1285	96956.0	99854.0
1286	96780.0	99587.0
1287	96960.0	100330.0
1288	97284.0	99982.0
1289	96690.0	100056.0
1290	97046.0	100294.0
1291	97077.0	99805.0
1292	96859.0	99961.0
1293	97005.0	99478.0
1294	97297.0	99547.0
1295	96494.0	99929.0
1296	96914.0	100176.0
1297	96880.0	100099.0
1298	97212.0	99580.0
1299	97113.0	100030.0
1300	97418.0	99558.0
1301	97269.0	99664.0
1302	97025.0	100074.0
1303	96617.0	99666.0
1304	97079.0	100235.0
1305	96796.0	100026.0
1306	97316.0	99184.0
1307	97040.0	99850.0
1308	97192.0	99728.0
1309	97426.0	99696.0
1310	97569.0	100452.0
1311	96645.0	99873.0
1312	97047.0	99811.0
1313	97193.0	99826.0
1314	97191.0	99544.0
1315	97100.0	99642.0
1316	97047.0	100107.0
1317	97486.0	99904.0
1318	97159.0	99348.0
1319	96784.0	99884.0
1320	96839.0	99925.0
1321	97197.0	99841.0
1322	97029.0	99684.0
1323	97350.0	100039.0
1324	97154.0	99914.0
1325	96847.0	99780.0
1326	97070.0	99431.0
1327	96476.0	99392.0
1328	96972.0	99456.0
1329	97366.0	99595.0
1330	97032.0	99300.0
1331	96304.0	99275.0
1332	96925.0	99733.0
1333	96893.0	99192.0
1334	96989.0	99097.0
1335	96643.0	99456.0
1336	96550.0	99030.0
1337	97174.0	98699.0
1338	96939.0	99210.0
1339	96196.0	99487.0
1340	96528.0	99133.0
1341	96768.0	98900.0
1342	96517.0	99123.0
1343	96687.0	99037.0
1344	96325.0	99029.0
1345	97245.0	99186.0
1346	96616.0	99471.0
1347	96497.0	99459.0
1348	96698.0	99000.0
1349	96805.0	98266.0
1350	96960.0	98480.0
1351	96318.0	98461.0
1352	96723.0	98629.0
1353	96996.0	98457.0
1354	96900.0	98552.0
1355	97009.0	99010.0
1356	96364.0	98555.0
1357	96267.0	99153.0
1358	96499.0	98657.0
1359	96228.0	98868.0
1360	95934.0	98683.0
1361	96004.0	99448.0
1362	96354.0	98514.0
1363	96397.0	98126.0
1364	96266.0	98533.0
1365	96793.0	98875.0
1366	96522.0	97750.0
1367	96355.0	98466.0
1368	96090.0	98540.0
1369	95892.0	98076.0
1370	96322.0	98273.0
1371	96179.0	98391.0
1372	96378.0	98428.0
1373	96322.0	98754.0
1374	96538.0	98469.0
1375	96206.0	98750.0
1376	96557.0	98230.0
1377	96184.0	98821.0
1378	95865.0	97434.0
1379	96281.0	98402.0
1380	95496.0	98209.0
1381	95644.0	98156.0
1382	95989.0	97249.0
1383	95944.0	97934.0
1384	95851.0	97512.0
1385	95743.0	97919.0
1386	95650.0	97624.0
1387	95949.0	97762.0
1388	96117.0	97956.0
1389	95961.0	97748.0
1390	96055.0	97862.0
1391	95929.0	97010.0
1392	95286.0	97089.0
1393	95665.0	97683.0
1394	95559.0	98156.0
1395	96029.0	97920.0
1396	95560.0	97406.0
1397	96241.0	98016.0
1398	96085.0	97252.0
1399	95582.0	97914.0
1400	95761.0	97466.0
1401	95774.0	98149.0
1402	95109.0	97721.0
1403	95524.0	98107.0
1404	95801.0	97469.0
1405	95771.0	97681.0
1406	94980.0	97564.0
1407	95557.0	97531.0
1408	95419.0	97673.0
1409	95395.0	97762.0
1410	95865.0	97084.0
1411	95077.0	97548.0
1412	95301.0	96795.0
1413	95498.0	97546.0
1414	95451.0	97018.0
1415	95478.0	97603.0
1416	95206.0	97760.0
1417	95229.0	97366.0
1418	95108.0	97301.0
1419	95174.0	97220.0
1420	95214.0	97126.0
1421	95026.0	97067.0
1422	95471.0	97458.0
1423	95269.0	97562.0
1424	95660.0	97748.0
1425	95287.0	97708.0
1426	95306.0	97553.0
1427	95210.0	97279.0
1428	95028.0	97629.0
1429	95409.0	97160.0
1430	95305.0	97759.0
1431	95253.0	97520.0
1432	95160.0	97678.0
1433	94728.0	96904.0
1434	95533.0	97011.0
1435	94920.0	97917.0
1436	94820.0	97275.0
1437	94767.0	97323.0
1438	94735.0	97414.0
1439	94459.0	97783.0
1440	95386.0	97859.0
1441	94967.0	97384.0
1442	95309.0	97516.0
1443	95389.0	97663.0
1444	94882.0	97005.0
1445	95531.0	97677.0
1446	95006.0	97501.0
1447	95102.0	97217.0
1448	94454.0	97463.0
1449	94961.0	97684.0
1450	94978.0	97699.0
1451	94732.0	97451.0
1452	95348.0	97915.0
1453	95359.0	97797.0
1454	95156.0	97545.0
1455	95182.0	97591.0
1456	95191.0	97696.0
1457	95316.0	97687.0
1458	95433.0	97898.0
1459	95328.0	97489.0
1460	94567.0	97767.0
1461	95021.0	97555.0
1462	94951.0	98156.0
1463	95640.0	97193.0
1464	95357.0	97345.0
1465	95282.0	97531.0
1466	95282.0	97301.0
1467	94819.0	97954.0
1468	95116.0	97274.0
1469	95061.0	97694.0
1470	94640.0	97857.0
1471	94847.0	97072.0
1472	95121.0	97341.0
1473	95236.0	97583.0
1474	95251.0	97688.0
1475	94960.0	97165.0
1476	95445.0	97392.0
1477	94926.0	97290.0
1478	95004.0	97513.0
1479	95086.0	96865.0
1480	94814.0	97188.0
1481	94809.0	97180.0
1482	95619.0	97215.0
1483	94927.0	97081.0
1484	94722.0	97329.0
1485	95034.0	97083.0
1486	95428.0	96946.0
1487	95325.0	96943.0
1488	94792.0	97548.0
1489	94741.0	97260.0
1490	95219.0	97123.0
1491	95376.0	96888.0
1492	95405.0	96595.0
1493	95001.0	96776.0
1494	95221.0	98042.0
1495	95265.0	96891.0
1496	94841.0	97115.0
1497	95356.0	97137.0
1498	94852.0	97547.0
1499	95034.0	96730.0
1500	95187.0	97051.0
1501	94788.0	97131.0
1502	94981.0	97166.0
1503	95056.0	96782.0
1504	94747.0	96586.0
1505	94930.0	97006.0
1506	95228.0	96606.0
1507	94692.0	96893.0
1508	94537.0	96983.0
1509	94981.0	96737.0
1510	94514.0	96159.0
1511	95146.0	96909.0
1512	94914.0	96921.0
1513	94544.0	96545.0
1514	94582.0	96782.0
1515	94872.0	96726.0
1516	94839.0	96386.0
1517	95019.0	96480.0
1518	95179.0	96752.0
1519	95230.0	96338.0
1520	94792.0	96383.0
1521	94885.0	96011.0
1522	94969.0	96070.0
1523	95007.0	96433.0
1524	95465.0	96550.0
1525	94634.0	96995.0
1526	94701.0	96401.0
1527	94407.0	96496.0
1528	94314.0	95683.0
1529	94809.0	96270.0
1530	94231.0	96435.0
1531	94623.0	96433.0
1532	94647.0	96448.0
1533	94606.0	96524.0
1534	94283.0	95755.0
1535	94156.0	96165.0
1536	94592.0	96539.0
1537	94284.0	96704.0
1538	94790.0	96097.0
1539	94563.0	96331.0
1540	94722.0	95951.0
1541	94033.0	95377.0
1542	94271.0	96234.0
1543	94224.0	95698.0
1544	94357.0	96107.0
1545	94251.0	96573.0
1546	94249.0	95708.0
1547	93959.0	95958.0
1548	94048.0	95668.0
1549	94254.0	95065.0
1550	94104.0	95797.0
1551	94312.0	95880.0
1552	94167.0	95736.0
1553	94068.0	95981.0
1554	94617.0	95793.0
1555	94125.0	95812.0
1556	94118.0	95759.0
1557	93844.0	95530.0
1558	94152.0	96343.0
1559	94409.0	96257.0
1560	94402.0	96074.0
1561	94143.0	95364.0
1562	94112.0	95394.0
1563	94190.0	95777.0
1564	94201.0	95543.0
1565	93789.0	95494.0
1566	93865.0	95607.0
1567	94047.0	95523.0
1568	93750.0	95768.0
1569	94007.0	95495.0
1570	93643.0	95846.0
1571	93721.0	96050.0
1572	93619.0	95658.0
1573	93637.0	95663.0
1574	93879.0	95355.0
1575	94144.0	95456.0
1576	93944.0	95569.0
1577	94508.0	95226.0
1578	93702.0	95091.0
1579	94031.0	95270.0
1580	93616.0	95007.0
1581	93837.0	95633.0
1582	93402.0	95424.0
1583	93549.0	95728.0
1584	93609.0	95472.0
1585	93903.0	95713.0
1586	94105.0	95581.0
1587	93688.0	95175.0
1588	93465.0	95754.0
1589	93518.0	96253.0
1590	93710.0	95970.0
1591	93368.0	95779.0
1592	93488.0	95808.0
1593	93643.0	95780.0
1594	93538.0	95643.0
1595	93468.0	96173.0
1596	93853.0	95608.0
1597	94149.0	95452.0
1598	93794.0	95700.0
1599	93536.0	95225.0
1600	93248.0	95563.0
1601	93441.0	95514.0
1602	93960.0	95001.0
1603	93436.0	95365.0
1604	93376.0	95737.0
1605	93145.0	95904.0
1606	93249.0	96060.0
1607	93498.0	95407.0
1608	93308.0	95837.0
1609	93890.0	95571.0
1610	93475.0	95676.0
1611	93612.0	95120.0
1612	93660.0	95352.0
1613	93873.0	95920.0
1614	93826.0	95818.0
1615	93664.0	95507.0
1616	93601.0	95585.0
1617	93662.0	95481.0
1618	93847.0	95133.0
1619	93880.0	94892.0
1620	93949.0	95524.0
1621	93773.0	95538.0
1622	93426.0	95316.0
1623	93517.0	95628.0
1624	92922.0	95847.0
1625	93990.0	95454.0
1626	93675.0	95311.0
1627	93559.0	94874.0
1628	93584.0	95828.0
1629	93988.0	95730.0
1630	93451.0	94961.0
1631	93210.0	95386.0
1632	93039.0	95598.0
1633	93035.0	94910.0
1634	93552.0	95323.0
1635	93218.0	95828.0
1636	93812.0	95358.0
1637	92873.0	95703.0
1638	93691.0	95672.0
1639	93341.0	95309.0
1640	93460.0	95099.0
1641	93558.0	95411.0
1642	93722.0	95312.0
1643	93690.0	95487.0
1644	93801.0	95290.0
1645	93524.0	96046.0
1646	93480.0	95150.0
1647	93191.0	95411.0
1648	93310.0	94956.0
1649	93585.0	95329.0
1650	93306.0	95057.0
1651	93819.0	94994.0
1652	93039.0	94879.0
1653	93358.0	95394.0
1654	93058.0	95098.0
1655	93842.0	95065.0
1656	93087.0	94861.0
1657	93422.0	95610.0
1658	93034.0	95447.0
1659	93558.0	95188.0
1660	93483.0	94759.0
1661	93229.0	95089.0
1662	92988.0	95458.0
1663	93528.0	95059.0
1664	92996.0	94928.0
1665	93601.0	94620.0
1666	93516.0	94733.0
1667	93267.0	95118.0
1668	93473.0	95068.0
1669	93765.0	94882.0
1670	93244.0	94907.0
1671	93974.0	94739.0
1672	93013.0	94891.0
1673	93166.0	95104.0
1674	93159.0	94782.0
1675	93491.0	95484.0
1676	93339.0	95167.0
1677	93591.0	94826.0
1678	93360.0	94688.0
1679	93312.0	94628.0
1680	92997.0	95366.0
1681	93624.0	94796.0
1682	92896.0	94505.0
1683	93271.0	94445.0
1684	92884.0	94562.0
1685	93018.0	94151.0
1686	93648.0	94787.0
1687	93391.0	94504.0
1688	93364.0	94554.0
1689	93671.0	94942.0
1690	93482.0	94590.0
1691	93306.0	94805.0
1692	93249.0	95097.0
1693	93452.0	94820.0
1694	93190.0	94864.0
1695	93616.0	94466.0
1696	93513.0	94172.0
1697	93095.0	94277.0
1698	93346.0	94352.0
1699	93145.0	94099.0
1700	93129.0	94503.0
1701	92912.0	94784.0
1702	93673.0	94329.0
1703	93038.0	94646.0
1704	93222.0	94968.0
1705	92361.0	94797.0
1706	92778.0	94207.0
1707	93571.0	93851.0
1708	93141.0	94104.0
1709	92603.0	94516.0
1710	92673.0	94576.0
1711	92520.0	94140.0
1712	93097.0	94007.0
1713	92928.0	94306.0
1714	92614.0	94497.0
1715	92972.0	94351.0
1716	92969.0	94133.0
1717	93230.0	93564.0
1718	92754.0	94007.0
1719	92806.0	93987.0
1720	92973.0	93905.0
1721	92705.0	94080.0
1722	92786.0	93991.0
1723	92953.0	93728.0
1724	92579.0	94382.0
1725	93065.0	94199.0
1726	92919.0	94549.0
1727	92768.0	94149.0
1728	92851.0	93951.0
1729	93099.0	94127.0
1730	92455.0	94269.0
1731	92737.0	94036.0
1732	92366.0	93991.0
1733	92377.0	94429.0
1734	92443.0	93699.0
1735	92707.0	93673.0
1736	92533.0	93589.0
1737	92211.0	94323.0
1738	92349.0	93893.0
1739	92616.0	93538.0
1740	92539.0	94003.0
1741	92810.0	93743.0
1742	92237.0	93930.0
1743	92122.0	93668.0
1744	92403.0	93441.0
1745	92305.0	94122.0
1746	92018.0	94245.0
1747	92470.0	94034.0
1748	92919.0	94007.0
1749	92102.0	94169.0
1750	92146.0	94252.0
1751	92365.0	93907.0
1752	92134.0	93740.0
1753	92491.0	94164.0
1754	91928.0	94468.0
1755	92433.0	94441.0
1756	92577.0	93471.0
1757	92146.0	93642.0
1758	92393.0	93953.0
1759	92118.0	94148.0
1760	91882.0	94018.0
1761	92418.0	93766.0
1762	92174.0	93868.0
1763	91935.0	93567.0
1764	92270.0	93800.0
1765	92411.0	93434.0
1766	91896.0	93653.0
1767	91999.0	93839.0
1768	92268.0	93565.0
1769	92255.0	93668.0
1770	92667.0	93827.0
1771	92299.0	93783.0
1772	91909.0	93625.0
1773	91891.0	94249.0
1774	91418.0	93709.0
1775	92003.0	94167.0
1776	92001.0	93747.0
1777	91880.0	93535.0
1778	91664.0	93698.0
1779	92176.0	94124.0
1780	92405.0	94213.0
1781	91641.0	93865.0
1782	92069.0	93745.0
1783	92334.0	93243.0
1784	92368.0	93564.0
1785	92060.0	93384.0
1786	92113.0	94150.0
1787	91992.0	93865.0
1788	92168.0	93792.0
1789	91892.0	93928.0
1790	91720.0	93703.0
1791	92524.0	93915.0
1792	92744.0	93849.0
1793	91700.0	93793.0
1794	92140.0	93670.0
1795	91828.0	94002.0
1796	92039.0	93154.0
1797	92025.0	93825.0
1798	92033.0	93712.0
1799	92232.0	93830.0
1800	91502.0	93694.0
1801	91968.0	93542.0
1802	92743.0	94029.0
1803	91777.0	93647.0
1804	91734.0	93945.0
1805	92142.0	93497.0
1806	91917.0	93477.0
1807	91621.0	93924.0
1808	92360.0	93465.0
1809	92634.0	93709.0
1810	92615.0	93562.0
1811	91994.0	93506.0
1812	91996.0	94278.0
1813	91997.0	93606.0
1814	91746.0	93748.0
1815	91582.0	93582.0
1816	92105.0	93711.0
1817	92090.0	93549.0
1818	92483.0	93587.0
1819	92469.0	94056.0
1820	92022.0	93898.0
1821	92348.0	93300.0
1822	91932.0	93868.0
1823	91891.0	93346.0
1824	92485.0	93309.0
1825	92214.0	92877.0
1826	91868.0	93280.0
1827	91950.0	93254.0
1828	92416.0	93543.0
1829	91968.0	93371.0
1830	91563.0	93153.0
1831	91745.0	93119.0
1832	92222.0	93343.0
1833	92381.0	93632.0
1834	91810.0	93565.0
1835	92124.0	93492.0
1836	92274.0	93389.0
1837	92508.0	93136.0
1838	91461.0	93127.0
1839	91939.0	93547.0
1840	91922.0	92888.0
1841	92015.0	93287.0
1842	91890.0	93602.0
1843	91653.0	93220.0
1844	91894.0	93067.0
1845	91899.0	92962.0
1846	91607.0	93295.0
1847	91525.0	92962.0
1848	92152.0	93181.0
1849	91804.0	92906.0
1850	91753.0	92848.0
1851	92052.0	93076.0
1852	91831.0	93059.0
1853	92030.0	92829.0
1854	91857.0	92798.0
1855	91610.0	93224.0
1856	91886.0	92863.0
1857	91650.0	93193.0
1858	91622.0	92982.0
1859	92282.0	92960.0
1860	91678.0	92546.0
1861	91762.0	93101.0
1862	92390.0	92739.0
1863	92390.0	92562.0
1864	91630.0	93254.0
1865	91493.0	92579.0
1866	91868.0	92893.0
1867	91182.0	92804.0
1868	91357.0	92901.0
1869	91732.0	92652.0
1870	91273.0	92839.0
1871	91530.0	93165.0
1872	91259.0	92948.0
1873	92120.0	92731.0
1874	91971.0	93135.0
1875	91592.0	92946.0
1876	92148.0	92525.0
1877	91472.0	92106.0
1878	91746.0	92349.0
1879	91747.0	92729.0
1880	91542.0	92670.0
1881	91281.0	92541.0
1882	91478.0	92530.0
1883	91541.0	92498.0
1884	91695.0	92146.0
1885	91184.0	92435.0
1886	91661.0	92878.0
1887	91177.0	92467.0
1888	91469.0	93249.0
1889	91397.0	92542.0
1890	91416.0	92466.0
1891	91715.0	91890.0
1892	91536.0	92722.0
1893	91316.0	92721.0
1894	91408.0	92322.0
1895	90900.0	92639.0
1896	91003.0	92677.0
1897	91698.0	92749.0
1898	91488.0	92474.0
1899	90651.0	92440.0
1900	91280.0	92053.0
1901	91217.0	92906.0
1902	91474.0	92359.0
1903	91194.0	92104.0
1904	91080.0	92695.0
1905	91606.0	92467.0
1906	90852.0	91956.0
1907	91236.0	92347.0
1908	91198.0	92252.0
1909	90871.0	92220.0
1910	91439.0	92547.0
1911	91170.0	92541.0
1912	90794.0	92364.0
1913	90769.0	92385.0
1914	91466.0	92266.0
1915	91547.0	92469.0
1916	91114.0	92691.0
1917	91298.0	92223.0
1918	91227.0	92435.0
1919	91266.0	92852.0
1920	91189.0	92417.0
1921	91634.0	91885.0
1922	91069.0	92098.0
1923	91351.0	92357.0
1924	90778.0	92873.0
1925	90687.0	92644.0
1926	90956.0	92147.0
1927	90923.0	92286.0
1928	90670.0	92240.0
1929	91183.0	92338.0
1930	91100.0	92272.0
1931	90516.0	92085.0
1932	90708.0	92457.0
1933	91167.0	92041.0
1934	91014.0	92173.0
1935	90830.0	92409.0
1936	90443.0	92738.0
1937	90488.0	92607.0
1938	91124.0	92278.0
1939	91114.0	92426.0
1940	91200.0	92068.0
1941	90818.0	92273.0
1942	90818.0	92863.0
1943	91283.0	92669.0
1944	90802.0	92488.0
1945	91148.0	92519.0
1946	91059.0	92230.0
1947	90588.0	92642.0
1948	91203.0	91896.0
1949	91071.0	92455.0
1950	90768.0	92041.0
1951	90397.0	92229.0
1952	90485.0	92133.0
1953	90839.0	92577.0
1954	90639.0	92291.0
1955	90822.0	92383.0
1956	91206.0	92632.0
1957	91107.0	92347.0
1958	90980.0	92647.0
1959	91012.0	91968.0
1960	91417.0	92102.0
1961	90819.0	92651.0
1962	90893.0	92224.0
1963	91071.0	92137.0
1964	91172.0	92445.0
1965	91004.0	92171.0
1966	90703.0	92503.0
1967	90807.0	92500.0
1968	90857.0	92520.0
1969	90722.0	91877.0
1970	90825.0	91604.0
1971	90920.0	92332.0
1972	90608.0	92152.0
1973	90990.0	92597.0
1974	90661.0	92369.0
1975	90353.0	92545.0
1976	91216.0	92265.0
1977	91007.0	92225.0
1978	90768.0	92149.0
1979	90968.0	92079.0
1980	90815.0	91975.0
1981	91569.0	92291.0
1982	90917.0	92618.0
1983	90753.0	92318.0
1984	90798.0	92162.0
1985	90866.0	92606.0
1986	91105.0	92252.0
1987	90933.0	91906.0
1988	91077.0	92067.0
1989	90578.0	92312.0
1990	90624.0	92177.0
1991	90976.0	92533.0
1992	90423.0	91664.0
1993	90663.0	91696.0
1994	90953.0	92094.0
1995	90498.0	92168.0
1996	90631.0	92027.0
1997	90535.0	92041.0
1998	90980.0	92108.0
1999	90298.0	92082.0
