Distance in bp(Fragment Length Estimate: 150)(Peak Width Estimate: 150)	Same Strand (+ for Watson strand, - for Crick)	Opposite Strand
-2000	123025.0	122829.0
-1999	122355.0	123273.0
-1998	122441.0	122733.0
-1997	122288.0	123010.0
-1996	123197.0	123147.0
-1995	122918.0	122772.0
-1994	122791.0	123346.0
-1993	122656.0	122492.0
-1992	122648.0	122382.0
-1991	122357.0	122866.0
-1990	123298.0	122779.0
-1989	122825.0	123289.0
-1988	122977.0	123101.0
-1987	122940.0	123181.0
-1986	122727.0	122521.0
-1985	122968.0	122253.0
-1984	122916.0	123299.0
-1983	122341.0	122679.0
-1982	122880.0	123259.0
-1981	122782.0	123411.0
-1980	123203.0	123853.0
-1979	122686.0	122752.0
-1978	122304.0	123124.0
-1977	122368.0	122700.0
-1976	123010.0	121977.0
-1975	122635.0	122792.0
-1974	122854.0	122918.0
-1973	122322.0	122912.0
-1972	122848.0	122641.0
-1971	122775.0	123090.0
-1970	122622.0	123185.0
-1969	122338.0	123318.0
-1968	123101.0	123136.0
-1967	122541.0	123379.0
-1966	122512.0	122859.0
-1965	122748.0	123148.0
-1964	122423.0	122562.0
-1963	122664.0	122721.0
-1962	122728.0	123294.0
-1961	122507.0	122871.0
-1960	122708.0	123207.0
-1959	122659.0	122912.0
-1958	123493.0	122554.0
-1957	123661.0	122622.0
-1956	122912.0	122658.0
-1955	122805.0	122999.0
-1954	122395.0	122511.0
-1953	122622.0	123286.0
-1952	122866.0	123707.0
-1951	123090.0	123283.0
-1950	123064.0	123009.0
-1949	123021.0	122728.0
-1948	122666.0	123240.0
-1947	122827.0	122830.0
-1946	122882.0	122393.0
-1945	122665.0	122864.0
-1944	123348.0	122913.0
-1943	122908.0	123540.0
-1942	123122.0	123389.0
-1941	123152.0	123140.0
-1940	122909.0	122784.0
-1939	122788.0	123200.0
-1938	122778.0	123071.0
-1937	122647.0	122742.0
-1936	122261.0	123013.0
-1935	122801.0	123099.0
-1934	122600.0	122852.0
-1933	122892.0	122988.0
-1932	122842.0	122551.0
-1931	122417.0	122632.0
-1930	122598.0	123237.0
-1929	123173.0	123219.0
-1928	123139.0	123309.0
-1927	123270.0	123255.0
-1926	123116.0	122968.0
-1925	123438.0	123104.0
-1924	122917.0	123620.0
-1923	122578.0	123521.0
-1922	122587.0	122759.0
-1921	123131.0	123717.0
-1920	123352.0	123196.0
-1919	123441.0	122759.0
-1918	123688.0	122843.0
-1917	123197.0	122563.0
-1916	122963.0	123112.0
-1915	123182.0	123658.0
-1914	122963.0	123329.0
-1913	122731.0	122996.0
-1912	123494.0	122929.0
-1911	122376.0	123523.0
-1910	123549.0	122816.0
-1909	122942.0	122888.0
-1908	122803.0	122901.0
-1907	123552.0	123427.0
-1906	123233.0	123220.0
-1905	123157.0	123213.0
-1904	122508.0	123038.0
-1903	123603.0	123530.0
-1902	123642.0	122553.0
-1901	122763.0	122553.0
-1900	122929.0	123521.0
-1899	122983.0	123473.0
-1898	122950.0	123048.0
-1897	123261.0	123232.0
-1896	123460.0	123397.0
-1895	123293.0	123047.0
-1894	123390.0	123138.0
-1893	123207.0	123586.0
-1892	123664.0	123674.0
-1891	122799.0	123407.0
-1890	123241.0	123186.0
-1889	123251.0	123353.0
-1888	123310.0	122691.0
-1887	123080.0	123208.0
-1886	123341.0	123116.0
-1885	123424.0	123987.0
-1884	124149.0	123270.0
-1883	123194.0	123403.0
-1882	123424.0	122983.0
-1881	123149.0	123029.0
-1880	123194.0	123380.0
-1879	123067.0	123114.0
-1878	123356.0	122790.0
-1877	123029.0	122780.0
-1876	123055.0	123671.0
-1875	123071.0	123238.0
-1874	122627.0	123285.0
-1873	122470.0	123059.0
-1872	122873.0	123321.0
-1871	123060.0	122956.0
-1870	122627.0	123634.0
-1869	123122.0	123609.0
-1868	123716.0	123107.0
-1867	122928.0	123618.0
-1866	123485.0	123586.0
-1865	124024.0	123199.0
-1864	123223.0	123233.0
-1863	123468.0	123192.0
-1862	123167.0	122771.0
-1861	122949.0	123292.0
-1860	123839.0	123163.0
-1859	123095.0	123052.0
-1858	123451.0	123293.0
-1857	123397.0	122327.0
-1856	123420.0	122241.0
-1855	122926.0	122955.0
-1854	123505.0	123548.0
-1853	123616.0	122714.0
-1852	122991.0	122812.0
-1851	123392.0	123410.0
-1850	122791.0	123122.0
-1849	123730.0	123486.0
-1848	122641.0	123413.0
-1847	123155.0	123206.0
-1846	123008.0	123081.0
-1845	123072.0	122590.0
-1844	123442.0	123207.0
-1843	123220.0	123142.0
-1842	123232.0	123576.0
-1841	123365.0	122965.0
-1840	123458.0	123121.0
-1839	123196.0	123231.0
-1838	123126.0	122320.0
-1837	123194.0	123870.0
-1836	123313.0	123512.0
-1835	122791.0	123131.0
-1834	123457.0	123180.0
-1833	123850.0	123020.0
-1832	123076.0	123571.0
-1831	122979.0	123374.0
-1830	123341.0	123625.0
-1829	122825.0	122870.0
-1828	122673.0	123152.0
-1827	123599.0	122912.0
-1826	123467.0	122866.0
-1825	122524.0	122970.0
-1824	122991.0	123323.0
-1823	123590.0	123239.0
-1822	123241.0	123093.0
-1821	123722.0	123075.0
-1820	123173.0	122765.0
-1819	122995.0	122083.0
-1818	123669.0	123490.0
-1817	122833.0	122733.0
-1816	123226.0	122767.0
-1815	123097.0	123059.0
-1814	122830.0	123517.0
-1813	123031.0	123973.0
-1812	123170.0	122864.0
-1811	122813.0	122563.0
-1810	122698.0	123520.0
-1809	123082.0	123709.0
-1808	122903.0	123114.0
-1807	122466.0	123451.0
-1806	123345.0	123008.0
-1805	122803.0	123308.0
-1804	123076.0	122604.0
-1803	123596.0	123170.0
-1802	122880.0	122885.0
-1801	123076.0	123164.0
-1800	123233.0	122306.0
-1799	123656.0	122736.0
-1798	123112.0	122845.0
-1797	123632.0	122897.0
-1796	123433.0	123560.0
-1795	122778.0	123830.0
-1794	123030.0	122602.0
-1793	122978.0	122621.0
-1792	123148.0	123455.0
-1791	123182.0	123636.0
-1790	122857.0	123333.0
-1789	122974.0	123115.0
-1788	123390.0	122905.0
-1787	123489.0	123004.0
-1786	123592.0	122587.0
-1785	123675.0	123003.0
-1784	123039.0	123866.0
-1783	122961.0	123670.0
-1782	123013.0	122816.0
-1781	122944.0	123480.0
-1780	123054.0	123048.0
-1779	123172.0	123216.0
-1778	122988.0	123314.0
-1777	122898.0	123117.0
-1776	122966.0	123446.0
-1775	123038.0	123648.0
-1774	122687.0	123206.0
-1773	123142.0	123368.0
-1772	123770.0	122974.0
-1771	122893.0	123184.0
-1770	123800.0	123596.0
-1769	123056.0	123744.0
-1768	123221.0	122905.0
-1767	123409.0	123513.0
-1766	122928.0	123099.0
-1765	123150.0	122942.0
-1764	123469.0	123373.0
-1763	123291.0	123516.0
-1762	123242.0	123421.0
-1761	123247.0	123521.0
-1760	122825.0	123861.0
-1759	122521.0	123316.0
-1758	122765.0	122886.0
-1757	122703.0	123141.0
-1756	123418.0	122999.0
-1755	123378.0	123316.0
-1754	122988.0	123266.0
-1753	123448.0	123783.0
-1752	123244.0	122946.0
-1751	123445.0	123480.0
-1750	123425.0	123981.0
-1749	122914.0	123423.0
-1748	122579.0	123324.0
-1747	123171.0	123244.0
-1746	123108.0	123550.0
-1745	122841.0	122544.0
-1744	123334.0	123025.0
-1743	123334.0	123184.0
-1742	122968.0	123455.0
-1741	122940.0	123294.0
-1740	123065.0	123637.0
-1739	123416.0	123015.0
-1738	123322.0	124046.0
-1737	123766.0	123154.0
-1736	123527.0	123436.0
-1735	123155.0	123152.0
-1734	123158.0	123352.0
-1733	123510.0	123794.0
-1732	123336.0	123025.0
-1731	123356.0	123159.0
-1730	123462.0	123330.0
-1729	123057.0	123898.0
-1728	123523.0	123595.0
-1727	123138.0	123497.0
-1726	123384.0	123927.0
-1725	123208.0	123436.0
-1724	123419.0	123113.0
-1723	123258.0	123478.0
-1722	123350.0	123003.0
-1721	122968.0	123384.0
-1720	123105.0	123785.0
-1719	123644.0	123421.0
-1718	123759.0	123734.0
-1717	123349.0	123849.0
-1716	123232.0	123090.0
-1715	123170.0	123256.0
-1714	123507.0	123437.0
-1713	123464.0	123313.0
-1712	123593.0	123524.0
-1711	123926.0	123177.0
-1710	123545.0	122784.0
-1709	122992.0	123816.0
-1708	123248.0	124155.0
-1707	123912.0	123347.0
-1706	123263.0	123516.0
-1705	122977.0	123918.0
-1704	123232.0	123609.0
-1703	123548.0	123476.0
-1702	123436.0	123504.0
-1701	123900.0	123555.0
-1700	123731.0	123633.0
-1699	124046.0	122880.0
-1698	124014.0	123975.0
-1697	123590.0	123926.0
-1696	123531.0	123912.0
-1695	124150.0	123634.0
-1694	123711.0	123207.0
-1693	123511.0	123252.0
-1692	123066.0	122830.0
-1691	123820.0	123053.0
-1690	123199.0	123139.0
-1689	123737.0	123150.0
-1688	123797.0	123061.0
-1687	123075.0	123021.0
-1686	123680.0	123974.0
-1685	124044.0	123213.0
-1684	123036.0	123766.0
-1683	123365.0	123766.0
-1682	123426.0	123448.0
-1681	123319.0	123602.0
-1680	123105.0	122666.0
-1679	123608.0	123361.0
-1678	123508.0	123187.0
-1677	123731.0	123438.0
-1676	123431.0	123709.0
-1675	123307.0	123060.0
-1674	123089.0	123328.0
-1673	124071.0	123409.0
-1672	123323.0	123439.0
-1671	123606.0	123859.0
-1670	123721.0	123590.0
-1669	123537.0	122884.0
-1668	123682.0	123083.0
-1667	123570.0	123407.0
-1666	123384.0	123149.0
-1665	123546.0	122859.0
-1664	123888.0	122854.0
-1663	122977.0	122773.0
-1662	123646.0	123703.0
-1661	123127.0	122839.0
-1660	123623.0	123118.0
-1659	123474.0	122718.0
-1658	124057.0	122965.0
-1657	122965.0	123145.0
-1656	123501.0	123882.0
-1655	123401.0	123062.0
-1654	123972.0	123333.0
-1653	123771.0	124103.0
-1652	123093.0	122933.0
-1651	123275.0	123746.0
-1650	123482.0	123490.0
-1649	122755.0	123173.0
-1648	123434.0	123830.0
-1647	123363.0	124020.0
-1646	123150.0	123059.0
-1645	123433.0	122756.0
-1644	123478.0	123448.0
-1643	123102.0	122787.0
-1642	123020.0	123190.0
-1641	123323.0	123271.0
-1640	123583.0	123229.0
-1639	123256.0	123838.0
-1638	123528.0	123825.0
-1637	122485.0	123644.0
-1636	123416.0	123424.0
-1635	123347.0	123149.0
-1634	123182.0	122864.0
-1633	123584.0	122703.0
-1632	122990.0	122762.0
-1631	123339.0	123075.0
-1630	123497.0	123798.0
-1629	123799.0	123451.0
-1628	123135.0	123747.0
-1627	123419.0	123008.0
-1626	122958.0	123788.0
-1625	122909.0	123666.0
-1624	123019.0	123685.0
-1623	123641.0	123463.0
-1622	123341.0	122778.0
-1621	122953.0	123079.0
-1620	123364.0	123650.0
-1619	123323.0	123234.0
-1618	122689.0	122764.0
-1617	123780.0	123511.0
-1616	123703.0	122999.0
-1615	123598.0	123455.0
-1614	123352.0	123445.0
-1613	122739.0	122606.0
-1612	123452.0	122987.0
-1611	123272.0	123203.0
-1610	123236.0	123172.0
-1609	123411.0	123245.0
-1608	123081.0	123386.0
-1607	122646.0	123143.0
-1606	123352.0	123355.0
-1605	123287.0	122879.0
-1604	122948.0	123064.0
-1603	123442.0	123749.0
-1602	123624.0	123350.0
-1601	123565.0	123600.0
-1600	123384.0	123543.0
-1599	124070.0	122947.0
-1598	123313.0	123039.0
-1597	123790.0	123266.0
-1596	123362.0	122915.0
-1595	123088.0	123030.0
-1594	123313.0	123801.0
-1593	123471.0	123400.0
-1592	122984.0	122950.0
-1591	122845.0	123829.0
-1590	122807.0	123657.0
-1589	123123.0	122993.0
-1588	123192.0	123679.0
-1587	123207.0	123225.0
-1586	123280.0	123702.0
-1585	123336.0	123387.0
-1584	122666.0	123484.0
-1583	123266.0	123749.0
-1582	123848.0	123628.0
-1581	123082.0	124266.0
-1580	123377.0	123680.0
-1579	123246.0	123696.0
-1578	123936.0	123812.0
-1577	122932.0	123686.0
-1576	123839.0	123255.0
-1575	123711.0	123530.0
-1574	122844.0	123492.0
-1573	122880.0	123383.0
-1572	123409.0	123694.0
-1571	123232.0	123908.0
-1570	123508.0	124134.0
-1569	123632.0	123382.0
-1568	124052.0	123176.0
-1567	123325.0	123404.0
-1566	122919.0	123777.0
-1565	123897.0	123187.0
-1564	122748.0	123863.0
-1563	123354.0	124057.0
-1562	123616.0	123623.0
-1561	123104.0	124066.0
-1560	123466.0	123381.0
-1559	123328.0	123380.0
-1558	123462.0	124200.0
-1557	123946.0	124125.0
-1556	123182.0	124002.0
-1555	123686.0	123118.0
-1554	123736.0	123622.0
-1553	123484.0	123679.0
-1552	123341.0	123990.0
-1551	123857.0	123899.0
-1550	123759.0	123422.0
-1549	123718.0	123700.0
-1548	123011.0	123734.0
-1547	122936.0	123326.0
-1546	122652.0	124253.0
-1545	123409.0	123699.0
-1544	123639.0	123619.0
-1543	123436.0	123495.0
-1542	123849.0	124057.0
-1541	123811.0	124032.0
-1540	123860.0	123939.0
-1539	124303.0	124147.0
-1538	123845.0	123521.0
-1537	123510.0	124392.0
-1536	123961.0	124341.0
-1535	123431.0	123924.0
-1534	124263.0	123550.0
-1533	123310.0	123980.0
-1532	123606.0	124340.0
-1531	124084.0	123929.0
-1530	123290.0	123607.0
-1529	124655.0	124093.0
-1528	123849.0	123796.0
-1527	123688.0	123881.0
-1526	123679.0	122958.0
-1525	123652.0	123508.0
-1524	123451.0	124174.0
-1523	124345.0	124084.0
-1522	123710.0	123933.0
-1521	123411.0	123540.0
-1520	123776.0	123292.0
-1519	123721.0	124331.0
-1518	124194.0	123899.0
-1517	124135.0	123913.0
-1516	123412.0	123824.0
-1515	123854.0	123772.0
-1514	124410.0	123823.0
-1513	124250.0	124442.0
-1512	124461.0	123682.0
-1511	123892.0	123166.0
-1510	123277.0	124222.0
-1509	124157.0	123989.0
-1508	123848.0	123191.0
-1507	123452.0	124109.0
-1506	123661.0	123390.0
-1505	123830.0	123631.0
-1504	123727.0	123354.0
-1503	123699.0	124026.0
-1502	123710.0	123228.0
-1501	123662.0	123438.0
-1500	124228.0	123996.0
-1499	123885.0	123944.0
-1498	124177.0	123799.0
-1497	123742.0	123601.0
-1496	123104.0	123224.0
-1495	124206.0	123647.0
-1494	123507.0	123616.0
-1493	123918.0	123922.0
-1492	123675.0	123918.0
-1491	124295.0	123517.0
-1490	124250.0	123971.0
-1489	123769.0	123205.0
-1488	123962.0	123708.0
-1487	124016.0	123676.0
-1486	124030.0	123430.0
-1485	124032.0	124122.0
-1484	123878.0	123634.0
-1483	123467.0	123435.0
-1482	123708.0	124203.0
-1481	123756.0	123314.0
-1480	123925.0	123219.0
-1479	123555.0	123743.0
-1478	123382.0	123267.0
-1477	123074.0	123624.0
-1476	123626.0	123123.0
-1475	123870.0	123015.0
-1474	123372.0	122823.0
-1473	123241.0	123388.0
-1472	123741.0	123430.0
-1471	123494.0	123394.0
-1470	123939.0	123148.0
-1469	122842.0	123436.0
-1468	123305.0	123186.0
-1467	123778.0	123372.0
-1466	123205.0	123286.0
-1465	123812.0	122944.0
-1464	123784.0	123678.0
-1463	123623.0	122913.0
-1462	123275.0	122915.0
-1461	123712.0	123382.0
-1460	122888.0	124127.0
-1459	123352.0	123277.0
-1458	123779.0	124068.0
-1457	123024.0	123563.0
-1456	123617.0	123459.0
-1455	123323.0	123210.0
-1454	123215.0	123072.0
-1453	123484.0	123254.0
-1452	123792.0	123147.0
-1451	123824.0	123216.0
-1450	123638.0	123085.0
-1449	122675.0	123805.0
-1448	123418.0	123170.0
-1447	123165.0	123756.0
-1446	123581.0	123227.0
-1445	123134.0	123010.0
-1444	123789.0	122633.0
-1443	123994.0	122570.0
-1442	123584.0	123743.0
-1441	123220.0	123827.0
-1440	122943.0	123851.0
-1439	123299.0	123046.0
-1438	123029.0	123744.0
-1437	122897.0	123616.0
-1436	122895.0	123743.0
-1435	123240.0	123444.0
-1434	122967.0	123867.0
-1433	123227.0	123791.0
-1432	123270.0	123862.0
-1431	122929.0	122980.0
-1430	123474.0	123492.0
-1429	123783.0	123627.0
-1428	123787.0	123534.0
-1427	123357.0	122859.0
-1426	123096.0	123096.0
-1425	123886.0	123570.0
-1424	123423.0	123423.0
-1423	123279.0	123793.0
-1422	123140.0	123183.0
-1421	123339.0	123348.0
-1420	123364.0	123784.0
-1419	123600.0	123679.0
-1418	122549.0	123383.0
-1417	123038.0	123508.0
-1416	123517.0	123480.0
-1415	123357.0	123727.0
-1414	123057.0	123599.0
-1413	123726.0	123202.0
-1412	122990.0	123576.0
-1411	123725.0	123812.0
-1410	123655.0	124028.0
-1409	123123.0	123506.0
-1408	122796.0	123109.0
-1407	123099.0	123423.0
-1406	122994.0	123414.0
-1405	123840.0	123883.0
-1404	123752.0	123746.0
-1403	123046.0	123145.0
-1402	122884.0	124101.0
-1401	123385.0	123694.0
-1400	123211.0	123799.0
-1399	123372.0	124076.0
-1398	123730.0	123947.0
-1397	122637.0	123805.0
-1396	123049.0	124008.0
-1395	123789.0	123891.0
-1394	123689.0	123608.0
-1393	123701.0	123928.0
-1392	123676.0	123592.0
-1391	122988.0	123644.0
-1390	123631.0	124338.0
-1389	124210.0	123584.0
-1388	123498.0	124303.0
-1387	123264.0	124199.0
-1386	123703.0	124143.0
-1385	123379.0	123789.0
-1384	123330.0	124264.0
-1383	123668.0	124561.0
-1382	123480.0	123347.0
-1381	124002.0	124211.0
-1380	124353.0	123095.0
-1379	123739.0	123482.0
-1378	123794.0	124154.0
-1377	123784.0	124263.0
-1376	124027.0	123517.0
-1375	123211.0	124191.0
-1374	124120.0	123875.0
-1373	123611.0	124276.0
-1372	123883.0	123326.0
-1371	123763.0	124373.0
-1370	123787.0	124281.0
-1369	123229.0	124309.0
-1368	124020.0	124120.0
-1367	123728.0	123660.0
-1366	123597.0	124338.0
-1365	123616.0	123556.0
-1364	124217.0	124046.0
-1363	123737.0	125195.0
-1362	123760.0	124044.0
-1361	123960.0	123573.0
-1360	124377.0	123958.0
-1359	123807.0	124268.0
-1358	124406.0	123764.0
-1357	123582.0	124744.0
-1356	124287.0	124511.0
-1355	124125.0	123667.0
-1354	123926.0	124585.0
-1353	124491.0	124449.0
-1352	124480.0	123505.0
-1351	123869.0	124138.0
-1350	124316.0	124157.0
-1349	123715.0	124334.0
-1348	123538.0	123922.0
-1347	124128.0	124243.0
-1346	123857.0	123999.0
-1345	124084.0	124636.0
-1344	124314.0	123958.0
-1343	123785.0	124115.0
-1342	123753.0	124164.0
-1341	124155.0	124168.0
-1340	124423.0	124022.0
-1339	123628.0	123889.0
-1338	124480.0	123840.0
-1337	123930.0	123912.0
-1336	124677.0	123962.0
-1335	124434.0	124073.0
-1334	123944.0	123758.0
-1333	123622.0	124273.0
-1332	124292.0	124381.0
-1331	124164.0	123871.0
-1330	123845.0	124508.0
-1329	124588.0	124629.0
-1328	124304.0	123787.0
-1327	124352.0	123513.0
-1326	124115.0	123658.0
-1325	124112.0	123815.0
-1324	124244.0	124920.0
-1323	123967.0	123854.0
-1322	124062.0	123750.0
-1321	124248.0	123495.0
-1320	124506.0	124023.0
-1319	124783.0	123871.0
-1318	123944.0	124236.0
-1317	124625.0	124206.0
-1316	124317.0	124201.0
-1315	124350.0	124411.0
-1314	124207.0	124185.0
-1313	123954.0	124107.0
-1312	123957.0	123865.0
-1311	124211.0	124685.0
-1310	124495.0	124233.0
-1309	124478.0	124195.0
-1308	124584.0	123447.0
-1307	124320.0	122851.0
-1306	124315.0	123712.0
-1305	124168.0	124002.0
-1304	124128.0	123851.0
-1303	124197.0	123686.0
-1302	123986.0	123695.0
-1301	124028.0	123818.0
-1300	123471.0	124182.0
-1299	124806.0	123761.0
-1298	123938.0	123993.0
-1297	124142.0	123786.0
-1296	124316.0	123878.0
-1295	124161.0	123745.0
-1294	123435.0	123191.0
-1293	123916.0	123556.0
-1292	124212.0	123668.0
-1291	124090.0	123788.0
-1290	124212.0	123735.0
-1289	123711.0	123112.0
-1288	123977.0	123294.0
-1287	124028.0	123402.0
-1286	123513.0	123581.0
-1285	124500.0	123492.0
-1284	124144.0	124077.0
-1283	124379.0	123914.0
-1282	124379.0	123738.0
-1281	123995.0	123599.0
-1280	123746.0	123359.0
-1279	123922.0	123486.0
-1278	124194.0	123982.0
-1277	123565.0	123603.0
-1276	123073.0	123584.0
-1275	124393.0	123144.0
-1274	123756.0	123514.0
-1273	123880.0	123291.0
-1272	123839.0	123462.0
-1271	124104.0	123574.0
-1270	123702.0	123501.0
-1269	124094.0	123038.0
-1268	123834.0	122914.0
-1267	123316.0	122726.0
-1266	123972.0	123108.0
-1265	123669.0	122698.0
-1264	124093.0	123186.0
-1263	123905.0	124002.0
-1262	123949.0	123601.0
-1261	123718.0	123458.0
-1260	123925.0	123650.0
-1259	124274.0	123031.0
-1258	123738.0	123561.0
-1257	123572.0	123606.0
-1256	123557.0	124089.0
-1255	123420.0	123592.0
-1254	123835.0	123516.0
-1253	123676.0	123442.0
-1252	122876.0	122914.0
-1251	123869.0	123092.0
-1250	124092.0	123290.0
-1249	124012.0	124232.0
-1248	123467.0	122775.0
-1247	123673.0	123593.0
-1246	123053.0	123464.0
-1245	123303.0	124147.0
-1244	123797.0	123206.0
-1243	123687.0	123044.0
-1242	124054.0	123771.0
-1241	122877.0	123531.0
-1240	124115.0	123424.0
-1239	124107.0	123741.0
-1238	123685.0	123606.0
-1237	123652.0	123724.0
-1236	123046.0	123854.0
-1235	123118.0	123931.0
-1234	123449.0	124164.0
-1233	123655.0	123940.0
-1232	122983.0	123919.0
-1231	123279.0	123835.0
-1230	123556.0	123631.0
-1229	123530.0	123918.0
-1228	123453.0	123644.0
-1227	122956.0	123974.0
-1226	123025.0	123960.0
-1225	123525.0	124403.0
-1224	123411.0	124169.0
-1223	123357.0	123626.0
-1222	123050.0	123978.0
-1221	122944.0	124047.0
-1220	123216.0	124190.0
-1219	123029.0	124232.0
-1218	123461.0	124018.0
-1217	123047.0	123963.0
-1216	123935.0	124124.0
-1215	124226.0	124089.0
-1214	123148.0	123784.0
-1213	123558.0	124203.0
-1212	123617.0	124946.0
-1211	123611.0	124148.0
-1210	123801.0	124454.0
-1209	123953.0	123996.0
-1208	123833.0	123876.0
-1207	123855.0	124048.0
-1206	123565.0	124023.0
-1205	123578.0	123911.0
-1204	124006.0	123899.0
-1203	123419.0	124223.0
-1202	123272.0	123354.0
-1201	123174.0	123494.0
-1200	123918.0	124556.0
-1199	123317.0	123657.0
-1198	124009.0	123631.0
-1197	123654.0	123866.0
-1196	123277.0	123595.0
-1195	123196.0	124633.0
-1194	123947.0	124388.0
-1193	123772.0	124298.0
-1192	123419.0	124145.0
-1191	123448.0	124133.0
-1190	123783.0	124187.0
-1189	123985.0	124200.0
-1188	124354.0	124307.0
-1187	123857.0	124539.0
-1186	124284.0	124740.0
-1185	123560.0	124293.0
-1184	123280.0	124259.0
-1183	123664.0	123778.0
-1182	124075.0	124760.0
-1181	124238.0	124510.0
-1180	124315.0	124774.0
-1179	124546.0	124478.0
-1178	124299.0	124449.0
-1177	124322.0	124514.0
-1176	124032.0	124480.0
-1175	123668.0	124478.0
-1174	123590.0	124344.0
-1173	124774.0	124504.0
-1172	124172.0	124848.0
-1171	124721.0	124169.0
-1170	124823.0	124945.0
-1169	124466.0	124079.0
-1168	124750.0	124230.0
-1167	124973.0	123966.0
-1166	124539.0	124518.0
-1165	124185.0	125214.0
-1164	124847.0	124443.0
-1163	124309.0	124581.0
-1162	124545.0	124898.0
-1161	124626.0	125169.0
-1160	124408.0	124273.0
-1159	124313.0	124152.0
-1158	124652.0	123893.0
-1157	124566.0	124576.0
-1156	125049.0	124325.0
-1155	124879.0	124588.0
-1154	124329.0	124578.0
-1153	124886.0	124403.0
-1152	125068.0	124429.0
-1151	124337.0	124312.0
-1150	124371.0	124760.0
-1149	124340.0	124271.0
-1148	124316.0	124154.0
-1147	124975.0	124833.0
-1146	124397.0	124092.0
-1145	124417.0	123993.0
-1144	124380.0	125054.0
-1143	124072.0	124344.0
-1142	124117.0	124427.0
-1141	124122.0	124975.0
-1140	124621.0	124548.0
-1139	124478.0	125175.0
-1138	124129.0	125094.0
-1137	125414.0	124113.0
-1136	125035.0	124521.0
-1135	124968.0	124625.0
-1134	125278.0	124348.0
-1133	124814.0	124136.0
-1132	124590.0	124168.0
-1131	124324.0	123963.0
-1130	124229.0	124362.0
-1129	124579.0	124473.0
-1128	124886.0	123940.0
-1127	125099.0	124047.0
-1126	124668.0	124154.0
-1125	124466.0	124405.0
-1124	124568.0	124620.0
-1123	124315.0	124017.0
-1122	124846.0	124134.0
-1121	124490.0	123774.0
-1120	124492.0	124129.0
-1119	124932.0	124426.0
-1118	124249.0	123863.0
-1117	125060.0	124489.0
-1116	124908.0	124392.0
-1115	123597.0	124169.0
-1114	124412.0	124110.0
-1113	124250.0	124040.0
-1112	124543.0	123542.0
-1111	124719.0	124249.0
-1110	124899.0	123791.0
-1109	124237.0	124149.0
-1108	124803.0	124493.0
-1107	124834.0	124387.0
-1106	124737.0	123898.0
-1105	124639.0	124331.0
-1104	124537.0	124573.0
-1103	123518.0	124120.0
-1102	124094.0	124417.0
-1101	124377.0	123486.0
-1100	123970.0	124387.0
-1099	124857.0	123838.0
-1098	124730.0	123387.0
-1097	123961.0	123180.0
-1096	124127.0	124658.0
-1095	124729.0	123943.0
-1094	124611.0	123911.0
-1093	124107.0	124248.0
-1092	124631.0	123961.0
-1091	124003.0	123387.0
-1090	124474.0	123722.0
-1089	124531.0	123717.0
-1088	123799.0	123972.0
-1087	124718.0	123697.0
-1086	124298.0	123632.0
-1085	124254.0	123481.0
-1084	123948.0	123478.0
-1083	124250.0	123945.0
-1082	124343.0	123354.0
-1081	124053.0	123338.0
-1080	124597.0	123941.0
-1079	123451.0	123108.0
-1078	123628.0	123665.0
-1077	124675.0	124018.0
-1076	123627.0	124127.0
-1075	124388.0	123728.0
-1074	124094.0	123593.0
-1073	123390.0	124011.0
-1072	123977.0	124293.0
-1071	123897.0	123861.0
-1070	123834.0	123885.0
-1069	123752.0	123775.0
-1068	123457.0	123836.0
-1067	123305.0	123939.0
-1066	123979.0	124244.0
-1065	124052.0	123979.0
-1064	124219.0	123880.0
-1063	123771.0	123487.0
-1062	124304.0	123830.0
-1061	123533.0	123744.0
-1060	123678.0	124226.0
-1059	123202.0	123517.0
-1058	123673.0	123868.0
-1057	124325.0	124026.0
-1056	124126.0	124088.0
-1055	123730.0	123878.0
-1054	124030.0	124213.0
-1053	124006.0	124503.0
-1052	123594.0	123678.0
-1051	123779.0	123723.0
-1050	124268.0	123997.0
-1049	123682.0	123637.0
-1048	123935.0	124194.0
-1047	124367.0	123987.0
-1046	123450.0	124456.0
-1045	123553.0	124683.0
-1044	123892.0	124668.0
-1043	124121.0	124598.0
-1042	124345.0	124192.0
-1041	124425.0	123669.0
-1040	123581.0	123870.0
-1039	123525.0	123808.0
-1038	124042.0	124178.0
-1037	123736.0	123986.0
-1036	123561.0	123687.0
-1035	124194.0	123781.0
-1034	123843.0	123629.0
-1033	123522.0	123734.0
-1032	124216.0	124655.0
-1031	123765.0	124185.0
-1030	123454.0	124736.0
-1029	124297.0	124704.0
-1028	123420.0	123819.0
-1027	124072.0	124166.0
-1026	124032.0	123894.0
-1025	123948.0	124242.0
-1024	123140.0	123703.0
-1023	124436.0	124556.0
-1022	123848.0	124208.0
-1021	123839.0	124352.0
-1020	123917.0	124150.0
-1019	123904.0	125197.0
-1018	123532.0	124697.0
-1017	124222.0	125268.0
-1016	124266.0	124342.0
-1015	123570.0	124566.0
-1014	123875.0	124358.0
-1013	123521.0	123817.0
-1012	123861.0	124638.0
-1011	124450.0	124301.0
-1010	123825.0	124248.0
-1009	123646.0	124607.0
-1008	123942.0	124174.0
-1007	123670.0	124601.0
-1006	123432.0	124995.0
-1005	124107.0	124837.0
-1004	124295.0	124956.0
-1003	124410.0	125142.0
-1002	125070.0	124654.0
-1001	123956.0	124752.0
-1000	124122.0	124775.0
-999	124349.0	123923.0
-998	123831.0	124472.0
-997	124630.0	125216.0
-996	123973.0	125309.0
-995	124119.0	124829.0
-994	124445.0	125472.0
-993	124431.0	125059.0
-992	123953.0	124684.0
-991	124293.0	124669.0
-990	124303.0	125164.0
-989	124385.0	125546.0
-988	123846.0	125574.0
-987	124269.0	125294.0
-986	123775.0	124846.0
-985	123518.0	125548.0
-984	124930.0	124705.0
-983	124402.0	124822.0
-982	124264.0	125729.0
-981	124746.0	125062.0
-980	124363.0	124960.0
-979	124304.0	124890.0
-978	124835.0	125739.0
-977	124857.0	125358.0
-976	124554.0	125406.0
-975	124902.0	125527.0
-974	123839.0	124749.0
-973	124435.0	124892.0
-972	124978.0	125329.0
-971	124719.0	124926.0
-970	124558.0	125155.0
-969	124906.0	125283.0
-968	125010.0	124792.0
-967	124377.0	125239.0
-966	124660.0	124652.0
-965	124433.0	124754.0
-964	124721.0	125171.0
-963	124620.0	124853.0
-962	125224.0	125109.0
-961	124858.0	125017.0
-960	124958.0	124735.0
-959	124780.0	124846.0
-958	124811.0	125207.0
-957	125594.0	124494.0
-956	124845.0	124539.0
-955	124504.0	125564.0
-954	125604.0	124847.0
-953	124985.0	124725.0
-952	125323.0	124740.0
-951	125238.0	124817.0
-950	125050.0	124725.0
-949	124782.0	124390.0
-948	125492.0	124605.0
-947	124109.0	124671.0
-946	125426.0	125389.0
-945	125098.0	124737.0
-944	124387.0	124577.0
-943	125580.0	125381.0
-942	125194.0	125330.0
-941	125333.0	125118.0
-940	125452.0	124890.0
-939	125168.0	125166.0
-938	124645.0	123939.0
-937	125242.0	124259.0
-936	125322.0	124724.0
-935	124791.0	124901.0
-934	125164.0	125649.0
-933	125444.0	124742.0
-932	125132.0	124723.0
-931	125349.0	125043.0
-930	125494.0	124598.0
-929	125329.0	124289.0
-928	124777.0	124741.0
-927	125546.0	124476.0
-926	125110.0	124402.0
-925	125014.0	124473.0
-924	125208.0	124117.0
-923	125176.0	123916.0
-922	125181.0	124575.0
-921	125082.0	124115.0
-920	125901.0	124821.0
-919	124915.0	124050.0
-918	125740.0	124486.0
-917	124910.0	124035.0
-916	124746.0	124624.0
-915	125246.0	124124.0
-914	125476.0	124188.0
-913	124965.0	124598.0
-912	125449.0	124310.0
-911	124949.0	124552.0
-910	124509.0	124737.0
-909	125221.0	124246.0
-908	124887.0	123980.0
-907	125655.0	124491.0
-906	124780.0	124148.0
-905	124575.0	123277.0
-904	124599.0	123846.0
-903	124241.0	124047.0
-902	124370.0	124380.0
-901	124964.0	124087.0
-900	125064.0	123865.0
-899	124998.0	123635.0
-898	124767.0	123772.0
-897	125285.0	124038.0
-896	124287.0	124086.0
-895	124371.0	124390.0
-894	124920.0	124352.0
-893	124925.0	123890.0
-892	124648.0	124092.0
-891	124982.0	124572.0
-890	124510.0	124422.0
-889	124714.0	124096.0
-888	125013.0	124221.0
-887	124672.0	124255.0
-886	125011.0	123444.0
-885	124616.0	123755.0
-884	124402.0	123819.0
-883	124774.0	123946.0
-882	124384.0	124262.0
-881	123996.0	124175.0
-880	123717.0	124418.0
-879	124289.0	124527.0
-878	124519.0	123063.0
-877	123737.0	123477.0
-876	124342.0	123792.0
-875	124010.0	123738.0
-874	124278.0	123846.0
-873	124875.0	123774.0
-872	124089.0	123884.0
-871	124048.0	124588.0
-870	124696.0	124630.0
-869	123938.0	124274.0
-868	124678.0	124617.0
-867	124120.0	124918.0
-866	124655.0	123466.0
-865	124006.0	124280.0
-864	124679.0	123852.0
-863	123779.0	123657.0
-862	123639.0	124329.0
-861	124655.0	124528.0
-860	123716.0	123861.0
-859	124120.0	124312.0
-858	123647.0	124201.0
-857	123612.0	123858.0
-856	123587.0	125139.0
-855	124541.0	124003.0
-854	123998.0	123884.0
-853	124578.0	124772.0
-852	124521.0	124408.0
-851	123551.0	123895.0
-850	124078.0	124252.0
-849	124246.0	125186.0
-848	124079.0	123956.0
-847	124029.0	124510.0
-846	124285.0	124601.0
-845	123900.0	124373.0
-844	124352.0	124377.0
-843	124457.0	124462.0
-842	123851.0	124315.0
-841	123758.0	124376.0
-840	124170.0	124501.0
-839	123731.0	124456.0
-838	123529.0	124253.0
-837	124171.0	124726.0
-836	123940.0	124169.0
-835	123827.0	124995.0
-834	123794.0	124991.0
-833	124095.0	125173.0
-832	123736.0	124748.0
-831	124072.0	124807.0
-830	123907.0	124511.0
-829	123679.0	124657.0
-828	123381.0	125224.0
-827	123669.0	124582.0
-826	123866.0	124633.0
-825	123757.0	124974.0
-824	123648.0	125038.0
-823	123405.0	125282.0
-822	123807.0	125005.0
-821	123579.0	124925.0
-820	123622.0	125588.0
-819	124492.0	125511.0
-818	124375.0	125036.0
-817	124545.0	125455.0
-816	124708.0	125168.0
-815	123406.0	125417.0
-814	124123.0	125084.0
-813	124030.0	124507.0
-812	124628.0	125042.0
-811	124013.0	124998.0
-810	124620.0	125277.0
-809	124681.0	124799.0
-808	123650.0	125201.0
-807	124559.0	125294.0
-806	123765.0	125045.0
-805	124185.0	125777.0
-804	124297.0	125736.0
-803	124267.0	124661.0
-802	124123.0	125211.0
-801	125141.0	125054.0
-800	124051.0	125404.0
-799	124303.0	125927.0
-798	124710.0	125211.0
-797	124549.0	125353.0
-796	125191.0	125432.0
-795	125322.0	125227.0
-794	124500.0	125327.0
-793	123977.0	125393.0
-792	125012.0	126032.0
-791	124867.0	124719.0
-790	124378.0	125588.0
-789	125139.0	126261.0
-788	124890.0	126086.0
-787	124606.0	125658.0
-786	124633.0	126060.0
-785	124408.0	125214.0
-784	125622.0	125846.0
-783	125332.0	125841.0
-782	125033.0	125300.0
-781	124776.0	125890.0
-780	125433.0	125779.0
-779	125217.0	125173.0
-778	125258.0	126473.0
-777	125876.0	125453.0
-776	125011.0	125170.0
-775	125614.0	125770.0
-774	125775.0	126485.0
-773	125226.0	125001.0
-772	125719.0	125292.0
-771	125985.0	125315.0
-770	125499.0	126021.0
-769	124769.0	125942.0
-768	126039.0	125678.0
-767	125137.0	125086.0
-766	125532.0	126635.0
-765	125662.0	125557.0
-764	125344.0	125237.0
-763	125188.0	126060.0
-762	126021.0	125228.0
-761	125881.0	125514.0
-760	126129.0	125501.0
-759	126122.0	125865.0
-758	125771.0	125622.0
-757	126101.0	126053.0
-756	125870.0	125524.0
-755	126084.0	124906.0
-754	125721.0	125305.0
-753	126591.0	125691.0
-752	126337.0	125291.0
-751	126181.0	125856.0
-750	125681.0	125184.0
-749	126517.0	124555.0
-748	126121.0	125599.0
-747	126633.0	125125.0
-746	125824.0	124216.0
-745	125943.0	125270.0
-744	126065.0	124598.0
-743	126308.0	125190.0
-742	125542.0	124988.0
-741	126285.0	125123.0
-740	126248.0	124773.0
-739	126018.0	124784.0
-738	126034.0	125566.0
-737	126436.0	125157.0
-736	125821.0	125089.0
-735	126261.0	124880.0
-734	125388.0	124805.0
-733	126225.0	125297.0
-732	126618.0	125289.0
-731	126415.0	124793.0
-730	125954.0	125007.0
-729	126479.0	125145.0
-728	125354.0	124731.0
-727	125584.0	124603.0
-726	126799.0	125163.0
-725	125780.0	124042.0
-724	125744.0	124428.0
-723	126315.0	124932.0
-722	126241.0	124388.0
-721	125514.0	124546.0
-720	126646.0	124311.0
-719	126370.0	124930.0
-718	125701.0	124616.0
-717	125675.0	124642.0
-716	125880.0	123543.0
-715	125677.0	124871.0
-714	125907.0	124222.0
-713	125676.0	124501.0
-712	125906.0	124246.0
-711	125470.0	124331.0
-710	125540.0	124191.0
-709	125686.0	124208.0
-708	125998.0	124285.0
-707	125776.0	124058.0
-706	125183.0	124752.0
-705	125768.0	124101.0
-704	125368.0	123327.0
-703	125565.0	124587.0
-702	125540.0	124349.0
-701	125001.0	123807.0
-700	125090.0	124182.0
-699	125962.0	124571.0
-698	125195.0	124312.0
-697	125430.0	124436.0
-696	126045.0	124353.0
-695	124585.0	124035.0
-694	124865.0	123715.0
-693	125761.0	124822.0
-692	124999.0	123998.0
-691	124959.0	123965.0
-690	125526.0	124512.0
-689	125203.0	122907.0
-688	124809.0	124174.0
-687	125059.0	124039.0
-686	124336.0	123224.0
-685	124244.0	123796.0
-684	125303.0	124118.0
-683	124648.0	124144.0
-682	124150.0	124449.0
-681	124904.0	123848.0
-680	124832.0	123324.0
-679	124227.0	124190.0
-678	124877.0	124663.0
-677	124785.0	123661.0
-676	123460.0	124400.0
-675	124756.0	123892.0
-674	124293.0	123706.0
-673	123596.0	123884.0
-672	123975.0	124539.0
-671	124173.0	123844.0
-670	124269.0	124459.0
-669	123998.0	124305.0
-668	124293.0	122830.0
-667	124542.0	123800.0
-666	124222.0	123632.0
-665	123673.0	123775.0
-664	123408.0	124029.0
-663	124292.0	124606.0
-662	123522.0	123675.0
-661	123761.0	124209.0
-660	123356.0	124316.0
-659	123464.0	123737.0
-658	123627.0	124008.0
-657	123529.0	124651.0
-656	123408.0	124125.0
-655	123623.0	124519.0
-654	124034.0	124451.0
-653	123399.0	123812.0
-652	123074.0	124471.0
-651	123650.0	124618.0
-650	124045.0	124891.0
-649	122878.0	125138.0
-648	123683.0	125099.0
-647	123486.0	124368.0
-646	123695.0	124819.0
-645	123917.0	125246.0
-644	123620.0	124222.0
-643	123702.0	124840.0
-642	123652.0	125505.0
-641	123403.0	124415.0
-640	123346.0	124977.0
-639	124021.0	125872.0
-638	123176.0	124973.0
-637	123503.0	125347.0
-636	123956.0	125304.0
-635	123234.0	125564.0
-634	122840.0	125478.0
-633	123025.0	125529.0
-632	123143.0	125770.0
-631	123930.0	125955.0
-630	124115.0	125186.0
-629	123311.0	124887.0
-628	123939.0	125685.0
-627	124578.0	125089.0
-626	123468.0	124943.0
-625	123598.0	125814.0
-624	124246.0	125594.0
-623	123554.0	125298.0
-622	124499.0	126277.0
-621	124027.0	126169.0
-620	123870.0	125414.0
-619	123742.0	125667.0
-618	124327.0	126617.0
-617	123764.0	125688.0
-616	123824.0	126664.0
-615	124829.0	126116.0
-614	123698.0	125843.0
-613	124043.0	126030.0
-612	124998.0	126641.0
-611	124516.0	126005.0
-610	124030.0	126884.0
-609	125012.0	126309.0
-608	124097.0	125766.0
-607	124276.0	126291.0
-606	125117.0	126451.0
-605	124567.0	126005.0
-604	124900.0	126824.0
-603	125329.0	126336.0
-602	124702.0	126454.0
-601	124838.0	126795.0
-600	125533.0	126220.0
-599	124989.0	126609.0
-598	124814.0	127096.0
-597	125422.0	126989.0
-596	125510.0	126475.0
-595	124549.0	127432.0
-594	125777.0	127651.0
-593	125491.0	126453.0
-592	125179.0	127239.0
-591	125915.0	127026.0
-590	125529.0	126824.0
-589	125926.0	126709.0
-588	126352.0	127156.0
-587	125862.0	127312.0
-586	125769.0	126647.0
-585	126948.0	126967.0
-584	126492.0	126954.0
-583	126383.0	127053.0
-582	127073.0	126717.0
-581	126611.0	126269.0
-580	125914.0	126719.0
-579	126962.0	126270.0
-578	126440.0	126238.0
-577	126568.0	126904.0
-576	127106.0	127358.0
-575	126677.0	126399.0
-574	127178.0	126900.0
-573	127479.0	126497.0
-572	126776.0	126260.0
-571	126257.0	127233.0
-570	127146.0	126747.0
-569	126761.0	126464.0
-568	127062.0	126430.0
-567	127642.0	126750.0
-566	127249.0	125891.0
-565	127009.0	126033.0
-564	127034.0	127023.0
-563	128064.0	125514.0
-562	127420.0	126480.0
-561	128463.0	126279.0
-560	127237.0	125985.0
-559	127369.0	127160.0
-558	128127.0	126772.0
-557	128168.0	125928.0
-556	127639.0	125869.0
-555	128265.0	126001.0
-554	127573.0	126226.0
-553	127821.0	126138.0
-552	128218.0	125641.0
-551	127251.0	125288.0
-550	128036.0	125777.0
-549	128348.0	125963.0
-548	127636.0	125188.0
-547	127829.0	126121.0
-546	127964.0	125928.0
-545	127873.0	125321.0
-544	127196.0	126120.0
-543	128320.0	125452.0
-542	127428.0	125156.0
-541	127755.0	125437.0
-540	128742.0	125371.0
-539	127313.0	124537.0
-538	127487.0	125044.0
-537	128256.0	125171.0
-536	127548.0	125205.0
-535	127757.0	125265.0
-534	127596.0	125314.0
-533	127631.0	124468.0
-532	127387.0	125317.0
-531	127769.0	124973.0
-530	128015.0	124701.0
-529	127086.0	124598.0
-528	127989.0	124505.0
-527	126487.0	124857.0
-526	126390.0	124865.0
-525	127097.0	124659.0
-524	126924.0	124381.0
-523	126880.0	125076.0
-522	127408.0	124564.0
-521	126831.0	124496.0
-520	126859.0	124653.0
-519	127197.0	124704.0
-518	127137.0	123967.0
-517	126125.0	124062.0
-516	126783.0	123660.0
-515	125526.0	124007.0
-514	125395.0	124215.0
-513	126394.0	123840.0
-512	125686.0	123458.0
-511	125931.0	123966.0
-510	126221.0	124178.0
-509	125858.0	123722.0
-508	126098.0	123631.0
-507	126427.0	124615.0
-506	125598.0	123544.0
-505	125724.0	123410.0
-504	125772.0	124044.0
-503	124893.0	122873.0
-502	125177.0	123629.0
-501	125700.0	123646.0
-500	125200.0	123155.0
-499	125030.0	122954.0
-498	125692.0	123942.0
-497	123977.0	123070.0
-496	124530.0	123934.0
-495	125600.0	122885.0
-494	124387.0	122504.0
-493	124284.0	123682.0
-492	124598.0	123950.0
-491	124031.0	123445.0
-490	123840.0	123739.0
-489	124741.0	123053.0
-488	123775.0	123091.0
-487	123632.0	123937.0
-486	124389.0	123948.0
-485	123213.0	123087.0
-484	123572.0	123869.0
-483	123483.0	123743.0
-482	123278.0	123455.0
-481	123501.0	123633.0
-480	124292.0	123700.0
-479	123465.0	122869.0
-478	123717.0	123762.0
-477	123991.0	123896.0
-476	122686.0	124146.0
-475	123060.0	123705.0
-474	123819.0	123995.0
-473	123229.0	123869.0
-472	123127.0	124189.0
-471	123486.0	123190.0
-470	122841.0	123751.0
-469	122225.0	123218.0
-468	122792.0	123984.0
-467	122726.0	124112.0
-466	122942.0	124327.0
-465	123052.0	124343.0
-464	122408.0	124150.0
-463	122145.0	124358.0
-462	122593.0	124129.0
-461	122273.0	124648.0
-460	122466.0	124689.0
-459	123326.0	124656.0
-458	122561.0	123956.0
-457	122529.0	124658.0
-456	123166.0	124478.0
-455	122442.0	124357.0
-454	122478.0	125372.0
-453	122533.0	125545.0
-452	122207.0	125008.0
-451	122314.0	124919.0
-450	123033.0	125002.0
-449	122045.0	124990.0
-448	121786.0	125887.0
-447	122887.0	126016.0
-446	122442.0	125236.0
-445	122804.0	125247.0
-444	122681.0	125586.0
-443	121975.0	125904.0
-442	122343.0	126175.0
-441	123396.0	126004.0
-440	122910.0	126523.0
-439	122915.0	126224.0
-438	124086.0	126525.0
-437	122628.0	125956.0
-436	123178.0	126469.0
-435	123756.0	126710.0
-434	122820.0	126246.0
-433	123143.0	127363.0
-432	123734.0	126943.0
-431	123845.0	126945.0
-430	122945.0	127378.0
-429	124441.0	127184.0
-428	122865.0	127190.0
-427	123985.0	127090.0
-426	124697.0	127572.0
-425	123395.0	127192.0
-424	124105.0	127978.0
-423	125147.0	128188.0
-422	123941.0	127671.0
-421	124795.0	128110.0
-420	124892.0	128354.0
-419	124551.0	127838.0
-418	124154.0	127366.0
-417	125065.0	128491.0
-416	124645.0	128221.0
-415	125015.0	128544.0
-414	125460.0	128851.0
-413	125213.0	127808.0
-412	125907.0	128900.0
-411	125999.0	129217.0
-410	125856.0	128521.0
-409	126388.0	128914.0
-408	126814.0	128866.0
-407	125503.0	127897.0
-406	126652.0	128913.0
-405	127457.0	128712.0
-404	126464.0	127825.0
-403	127029.0	129213.0
-402	127766.0	128939.0
-401	126656.0	128168.0
-400	126564.0	128798.0
-399	127783.0	128983.0
-398	126929.0	129037.0
-397	127344.0	129514.0
-396	127833.0	129286.0
-395	128078.0	128049.0
-394	127474.0	128460.0
-393	128622.0	128676.0
-392	128082.0	128238.0
-391	128290.0	129489.0
-390	128982.0	128249.0
-389	127920.0	128457.0
-388	128487.0	128851.0
-387	130040.0	129309.0
-386	129955.0	128247.0
-385	129663.0	129036.0
-384	129306.0	128783.0
-383	128911.0	128237.0
-382	128855.0	128908.0
-381	130206.0	129624.0
-380	129781.0	127346.0
-379	129727.0	128609.0
-378	130376.0	128905.0
-377	129101.0	128106.0
-376	129919.0	128629.0
-375	130749.0	128103.0
-374	129735.0	127365.0
-373	129522.0	127815.0
-372	130215.0	128312.0
-371	130030.0	127253.0
-370	129806.0	128297.0
-369	130621.0	128182.0
-368	129645.0	127088.0
-367	130442.0	127360.0
-366	131359.0	127642.0
-365	130486.0	126663.0
-364	130926.0	127564.0
-363	131481.0	126518.0
-362	130305.0	126500.0
-361	130096.0	126701.0
-360	131350.0	126696.0
-359	129683.0	126262.0
-358	129291.0	127193.0
-357	130187.0	126473.0
-356	129754.0	125889.0
-355	129945.0	126736.0
-354	130595.0	125945.0
-353	130100.0	125774.0
-352	130212.0	126118.0
-351	131342.0	126308.0
-350	129929.0	125013.0
-349	129373.0	125067.0
-348	130630.0	125360.0
-347	129136.0	125230.0
-346	128780.0	125129.0
-345	130080.0	125466.0
-344	128868.0	124273.0
-343	128909.0	125206.0
-342	130075.0	125052.0
-341	128993.0	123978.0
-340	128956.0	124890.0
-339	129190.0	124395.0
-338	128301.0	123782.0
-337	128165.0	124468.0
-336	128736.0	125102.0
-335	128317.0	123696.0
-334	128287.0	123660.0
-333	128203.0	124399.0
-332	127293.0	123344.0
-331	126965.0	124067.0
-330	127807.0	123234.0
-329	126303.0	123213.0
-328	127182.0	124106.0
-327	127256.0	123748.0
-326	126674.0	123398.0
-325	126920.0	124006.0
-324	127081.0	123723.0
-323	126272.0	121889.0
-322	126431.0	122605.0
-321	126534.0	122764.0
-320	125663.0	121909.0
-319	125291.0	123020.0
-318	126174.0	123203.0
-317	125436.0	122401.0
-316	125698.0	123089.0
-315	126147.0	123449.0
-314	124622.0	122367.0
-313	124438.0	122464.0
-312	125968.0	123104.0
-311	123722.0	122070.0
-310	124225.0	122947.0
-309	124644.0	122970.0
-308	123269.0	121935.0
-307	123332.0	122501.0
-306	124640.0	122470.0
-305	123517.0	122019.0
-304	123060.0	122864.0
-303	123943.0	122059.0
-302	123119.0	122432.0
-301	123184.0	122312.0
-300	124209.0	122469.0
-299	122288.0	122000.0
-298	122304.0	122516.0
-297	123791.0	122741.0
-296	122514.0	121938.0
-295	121922.0	123264.0
-294	122999.0	123286.0
-293	122724.0	121593.0
-292	121959.0	122129.0
-291	122949.0	122321.0
-290	121684.0	122111.0
-289	121268.0	123085.0
-288	122839.0	123440.0
-287	121506.0	122453.0
-286	121108.0	123008.0
-285	122037.0	124125.0
-284	121463.0	122396.0
-283	121278.0	123486.0
-282	122568.0	123331.0
-281	120823.0	122577.0
-280	121428.0	123965.0
-279	122208.0	123002.0
-278	120856.0	122527.0
-277	120375.0	124114.0
-276	121841.0	124056.0
-275	121042.0	123392.0
-274	121211.0	124197.0
-273	121832.0	124088.0
-272	121205.0	122921.0
-271	120717.0	124325.0
-270	121241.0	124401.0
-269	120634.0	124166.0
-268	120610.0	124945.0
-267	121744.0	125454.0
-266	121004.0	123748.0
-265	120576.0	125660.0
-264	122345.0	125874.0
-263	120124.0	125011.0
-262	121166.0	125588.0
-261	121687.0	126343.0
-260	120914.0	125730.0
-259	121228.0	127009.0
-258	121996.0	126432.0
-257	120907.0	126106.0
-256	121441.0	127030.0
-255	122246.0	126360.0
-254	121530.0	126541.0
-253	121774.0	127232.0
-252	123211.0	128065.0
-251	121403.0	126913.0
-250	121472.0	128423.0
-249	123020.0	128320.0
-248	121807.0	127513.0
-247	122336.0	128599.0
-246	122823.0	128837.0
-245	122319.0	127665.0
-244	122744.0	128603.0
-243	123233.0	129701.0
-242	122916.0	128646.0
-241	123114.0	129634.0
-240	124367.0	129452.0
-239	123413.0	129104.0
-238	122716.0	130275.0
-237	124115.0	130352.0
-236	123850.0	128998.0
-235	124168.0	130814.0
-234	125095.0	130198.0
-233	124559.0	130133.0
-232	124610.0	131207.0
-231	126359.0	130861.0
-230	125531.0	129593.0
-229	125256.0	130983.0
-228	126056.0	131464.0
-227	125143.0	130547.0
-226	125735.0	131784.0
-225	126820.0	131041.0
-224	126320.0	130462.0
-223	126375.0	131666.0
-222	127965.0	131422.0
-221	127417.0	131005.0
-220	127543.0	131935.0
-219	128505.0	132172.0
-218	127862.0	131245.0
-217	128292.0	132101.0
-216	129542.0	131987.0
-215	129148.0	131233.0
-214	129153.0	132668.0
-213	130500.0	132762.0
-212	129849.0	131492.0
-211	129825.0	132460.0
-210	130780.0	132363.0
-209	129667.0	131528.0
-208	130293.0	132437.0
-207	132118.0	132466.0
-206	130682.0	131066.0
-205	131444.0	131971.0
-204	132540.0	132150.0
-203	131563.0	130644.0
-202	131721.0	132170.0
-201	132870.0	132760.0
-200	132603.0	130514.0
-199	132895.0	131858.0
-198	133761.0	131539.0
-197	132973.0	130583.0
-196	133333.0	132256.0
-195	134524.0	131563.0
-194	133348.0	130886.0
-193	134020.0	131089.0
-192	135180.0	131133.0
-191	134111.0	129521.0
-190	134705.0	131015.0
-189	135820.0	131115.0
-188	133991.0	128956.0
-187	133798.0	130108.0
-186	135377.0	129855.0
-185	133933.0	129025.0
-184	133568.0	130092.0
-183	135311.0	129482.0
-182	134497.0	128496.0
-181	134467.0	129237.0
-180	135924.0	128730.0
-179	135073.0	127052.0
-178	134172.0	129059.0
-177	135094.0	128290.0
-176	134553.0	126623.0
-175	133980.0	128106.0
-174	135511.0	127539.0
-173	134108.0	126401.0
-172	134180.0	127239.0
-171	135318.0	127061.0
-170	133405.0	125638.0
-169	132701.0	126805.0
-168	134650.0	126802.0
-167	132774.0	125423.0
-166	132606.0	126437.0
-165	134925.0	126141.0
-164	132625.0	124935.0
-163	133012.0	125992.0
-162	132830.0	125647.0
-161	131334.0	124035.0
-160	131678.0	124518.0
-159	132550.0	124720.0
-158	130259.0	124141.0
-157	130454.0	125058.0
-156	131974.0	125484.0
-155	130159.0	123299.0
-154	129798.0	124141.0
-153	130361.0	123525.0
-152	129101.0	122558.0
-151	128576.0	124056.0
-150	130313.0	123624.0
-149	127592.0	121414.0
-148	127737.0	123155.0
-147	128568.0	122921.0
-146	127243.0	122123.0
-145	126501.0	122892.0
-144	127956.0	123045.0
-143	126160.0	121573.0
-142	126446.0	122695.0
-141	127421.0	122121.0
-140	124975.0	120871.0
-139	123822.0	122395.0
-138	124410.0	122012.0
-137	123044.0	120827.0
-136	122625.0	122554.0
-135	124021.0	122065.0
-134	124051.0	120698.0
-133	123916.0	122204.0
-132	125472.0	122184.0
-131	123545.0	120401.0
-130	123523.0	122095.0
-129	124069.0	121867.0
-128	121783.0	120944.0
-127	120896.0	122453.0
-126	121953.0	122187.0
-125	121537.0	120477.0
-124	121666.0	121775.0
-123	124143.0	121462.0
-122	123622.0	119782.0
-121	122831.0	122156.0
-120	123672.0	121718.0
-119	121411.0	120473.0
-118	119971.0	122062.0
-117	121330.0	122007.0
-116	118925.0	121047.0
-115	119744.0	122286.0
-114	122089.0	121809.0
-113	121536.0	120540.0
-112	122181.0	122055.0
-111	123864.0	121419.0
-110	122198.0	120839.0
-109	121379.0	122417.0
-108	122398.0	122285.0
-107	119237.0	121125.0
-106	119060.0	122785.0
-105	120990.0	122155.0
-104	120631.0	121471.0
-103	120681.0	122810.0
-102	123386.0	122649.0
-101	122136.0	121447.0
-100	121927.0	122979.0
-99	123704.0	122781.0
-98	121432.0	121416.0
-97	120519.0	123659.0
-96	121811.0	123913.0
-95	119875.0	122592.0
-94	119799.0	123321.0
-93	122514.0	123059.0
-92	121860.0	121894.0
-91	121513.0	123826.0
-90	123899.0	123805.0
-89	122328.0	122830.0
-88	121384.0	124514.0
-87	122606.0	124264.0
-86	119931.0	123860.0
-85	119867.0	125098.0
-84	121544.0	125405.0
-83	120384.0	123923.0
-82	120811.0	125124.0
-81	122616.0	125106.0
-80	120893.0	124207.0
-79	120857.0	125659.0
-78	122967.0	126302.0
-77	121431.0	125102.0
-76	122276.0	127111.0
-75	123716.0	127622.0
-74	121836.0	126235.0
-73	121945.0	127830.0
-72	123753.0	127283.0
-71	122353.0	126397.0
-70	122632.0	128081.0
-69	124757.0	128488.0
-68	122130.0	126910.0
-67	121646.0	129086.0
-66	123911.0	129720.0
-65	122909.0	128999.0
-64	123183.0	130474.0
-63	124486.0	129892.0
-62	122997.0	129046.0
-61	123349.0	131004.0
-60	125424.0	131136.0
-59	123963.0	129316.0
-58	123143.0	131700.0
-57	124220.0	132198.0
-56	121823.0	130652.0
-55	123010.0	133284.0
-54	125742.0	133243.0
-53	124317.0	131383.0
-52	124795.0	133883.0
-51	127999.0	133930.0
-50	125891.0	132491.0
-49	126013.0	135154.0
-48	128259.0	135175.0
-47	125770.0	133316.0
-46	125883.0	136062.0
-45	127319.0	135531.0
-44	124823.0	134119.0
-43	126240.0	136693.0
-42	129931.0	136522.0
-41	129182.0	134473.0
-40	130320.0	137222.0
-39	133427.0	137209.0
-38	130845.0	135341.0
-37	130179.0	137793.0
-36	131609.0	138088.0
-35	129202.0	136151.0
-34	129616.0	138119.0
-33	133415.0	137525.0
-32	132589.0	135687.0
-31	132790.0	139146.0
-30	137182.0	138542.0
-29	134980.0	135780.0
-28	135197.0	138669.0
-27	136723.0	139219.0
-26	134039.0	137299.0
-25	133675.0	139878.0
-24	135677.0	139571.0
-23	133609.0	136687.0
-22	134303.0	140026.0
-21	137571.0	140608.0
-20	137477.0	138688.0
-19	139075.0	142186.0
-18	141558.0	142253.0
-17	137863.0	139432.0
-16	136876.0	142907.0
-15	138418.0	143026.0
-14	136051.0	140803.0
-13	136306.0	143917.0
-12	142381.0	143714.0
-11	140411.0	140598.0
-10	140352.0	145185.0
-9	143124.0	147384.0
-8	141145.0	148443.0
-7	138096.0	155754.0
-6	136738.0	157727.0
-5	127879.0	154453.0
-4	126311.0	158179.0
-3	141186.0	167731.0
-2	157930.0	162017.0
-1	251972.0	154487.0
0	2569.0	103342.0
1	252974.0	27919.0
2	157752.0	62241.0
3	140368.0	85140.0
4	125518.0	114214.0
5	128109.0	130527.0
6	137500.0	126040.0
7	138448.0	114114.0
8	141399.0	115094.0
9	143941.0	114154.0
10	140606.0	112850.0
11	140541.0	116413.0
12	143186.0	119591.0
13	137861.0	117934.0
14	136922.0	122152.0
15	139132.0	123028.0
16	137815.0	121897.0
17	137946.0	122636.0
18	141889.0	121997.0
19	138377.0	119012.0
20	137668.0	121384.0
21	138669.0	122550.0
22	134767.0	123689.0
23	133717.0	128361.0
24	136217.0	129463.0
25	133780.0	126486.0
26	134968.0	127618.0
27	137130.0	125767.0
28	134925.0	122005.0
29	135008.0	123383.0
30	137083.0	123235.0
31	134153.0	121965.0
32	132683.0	124829.0
33	133130.0	126816.0
34	129477.0	126447.0
35	129243.0	129132.0
36	131817.0	129033.0
37	130669.0	125970.0
38	131332.0	126381.0
39	133265.0	124904.0
40	130591.0	122425.0
41	129164.0	124574.0
42	130273.0	125434.0
43	126886.0	125627.0
44	125903.0	128988.0
45	127264.0	129411.0
46	126567.0	127677.0
47	126287.0	129324.0
48	128448.0	127276.0
49	126801.0	124949.0
50	126494.0	125861.0
51	128167.0	125923.0
52	125600.0	124847.0
53	125492.0	126815.0
54	125438.0	127116.0
55	123074.0	126832.0
56	122900.0	129506.0
57	124825.0	129520.0
58	123366.0	126579.0
59	123994.0	126489.0
60	125617.0	125150.0
61	124554.0	123793.0
62	123336.0	125974.0
63	125538.0	125707.0
64	122947.0	124011.0
65	122387.0	124958.0
66	124258.0	124612.0
67	122769.0	123365.0
68	123158.0	124770.0
69	124979.0	124440.0
70	122972.0	122415.0
71	122781.0	122723.0
72	123777.0	123925.0
73	121464.0	122919.0
74	121909.0	125184.0
75	124461.0	124330.0
76	122562.0	122038.0
77	121492.0	123403.0
78	123258.0	122506.0
79	121443.0	121654.0
80	121320.0	124581.0
81	123055.0	124274.0
82	120928.0	122878.0
83	120709.0	125855.0
84	121493.0	125867.0
85	120472.0	124679.0
86	120247.0	126852.0
87	122697.0	125056.0
88	121887.0	121877.0
89	121669.0	121957.0
90	123524.0	121770.0
91	121814.0	120727.0
92	121918.0	122998.0
93	122938.0	124172.0
94	121163.0	124073.0
95	121228.0	126171.0
96	122220.0	126444.0
97	120769.0	124319.0
98	121619.0	125895.0
99	123828.0	123108.0
100	122379.0	122288.0
101	122743.0	123346.0
102	123796.0	123194.0
103	121801.0	123209.0
104	120597.0	126404.0
105	121572.0	127808.0
106	119653.0	127692.0
107	120653.0	129783.0
108	123246.0	128604.0
109	121909.0	125626.0
110	121906.0	126744.0
111	124547.0	125610.0
112	122236.0	125027.0
113	121571.0	128135.0
114	122183.0	129683.0
115	120303.0	129519.0
116	119930.0	133379.0
117	122208.0	133974.0
118	121042.0	132536.0
119	122173.0	133528.0
120	124160.0	132484.0
121	123760.0	130399.0
122	122996.0	131347.0
123	124546.0	131856.0
124	121929.0	132670.0
125	121817.0	135875.0
126	122854.0	137498.0
127	121218.0	137629.0
128	121778.0	139773.0
129	124563.0	138930.0
130	123464.0	135517.0
131	124507.0	136345.0
132	125909.0	136797.0
133	124373.0	135763.0
134	123457.0	138603.0
135	124417.0	140743.0
136	122613.0	141168.0
137	122449.0	144709.0
138	125560.0	145643.0
139	123829.0	144046.0
140	125106.0	144217.0
141	127570.0	143858.0
142	126998.0	142223.0
143	127219.0	144241.0
144	128588.0	144682.0
145	127196.0	144312.0
146	127582.0	145980.0
147	129149.0	146118.0
148	127906.0	144351.0
149	127772.0	146115.0
150	130087.0	146102.0
151	129596.0	144413.0
152	129774.0	145746.0
153	131995.0	145909.0
154	129857.0	144018.0
155	130581.0	145621.0
156	132075.0	145696.0
157	130870.0	143706.0
158	130622.0	144739.0
159	132455.0	144010.0
160	131484.0	141937.0
161	132503.0	143356.0
162	133776.0	142249.0
163	132111.0	140522.0
164	132853.0	142356.0
165	134985.0	141745.0
166	132843.0	139771.0
167	133089.0	141738.0
168	135118.0	140849.0
169	133669.0	138796.0
170	133580.0	140241.0
171	135647.0	138710.0
172	134448.0	136884.0
173	134613.0	137824.0
174	135831.0	137378.0
175	134663.0	136563.0
176	133496.0	137834.0
177	135855.0	137092.0
178	134567.0	135185.0
179	134531.0	135816.0
180	135644.0	135034.0
181	135075.0	133192.0
182	135198.0	134816.0
183	136224.0	133919.0
184	134457.0	132391.0
185	134724.0	133476.0
186	136502.0	132910.0
187	134188.0	131457.0
188	134313.0	132039.0
189	135410.0	130788.0
190	134695.0	130005.0
191	133776.0	130092.0
192	135089.0	130249.0
193	134025.0	128299.0
194	134351.0	129197.0
195	135152.0	129769.0
196	133606.0	127308.0
197	132837.0	128315.0
198	134270.0	128333.0
199	132906.0	126373.0
200	132638.0	127244.0
201	133915.0	126592.0
202	132240.0	125388.0
203	131979.0	126331.0
204	132797.0	126484.0
205	131427.0	124581.0
206	130866.0	126138.0
207	132135.0	125566.0
208	130844.0	123975.0
209	129984.0	125209.0
210	130877.0	124429.0
211	130515.0	123662.0
212	129655.0	124494.0
213	131291.0	124230.0
214	128925.0	121977.0
215	128600.0	124523.0
216	129684.0	123360.0
217	128446.0	122994.0
218	128486.0	123064.0
219	128688.0	123240.0
220	127904.0	122021.0
221	127137.0	123460.0
222	128587.0	122869.0
223	127045.0	121940.0
224	127298.0	122527.0
225	127922.0	122212.0
226	126665.0	121423.0
227	125740.0	122055.0
228	127000.0	121524.0
229	125588.0	121701.0
230	125834.0	122446.0
231	126229.0	121609.0
232	124909.0	120855.0
233	125307.0	121717.0
234	125375.0	121560.0
235	124225.0	121350.0
236	124322.0	122424.0
237	124735.0	122123.0
238	124671.0	120988.0
239	123583.0	122299.0
240	124531.0	121413.0
241	123322.0	121004.0
242	123001.0	122350.0
243	124309.0	121686.0
244	122757.0	121027.0
245	122615.0	121527.0
246	123839.0	122088.0
247	122713.0	121022.0
248	122245.0	122562.0
249	123049.0	122373.0
250	122187.0	121811.0
251	121683.0	122625.0
252	122884.0	122550.0
253	121873.0	120950.0
254	121564.0	122191.0
255	122406.0	122202.0
256	121457.0	121657.0
257	121573.0	123365.0
258	122246.0	123014.0
259	120803.0	122563.0
260	121416.0	123085.0
261	122874.0	122913.0
262	121617.0	122232.0
263	121201.0	123410.0
264	120990.0	123586.0
265	120921.0	122928.0
266	121032.0	124139.0
267	121950.0	123519.0
268	121225.0	123348.0
269	121646.0	123694.0
270	122265.0	123979.0
271	120669.0	123770.0
272	121376.0	124545.0
273	122042.0	124634.0
274	121108.0	124004.0
275	120849.0	125040.0
276	122533.0	125178.0
277	121478.0	124147.0
278	120923.0	125857.0
279	122678.0	125595.0
280	121103.0	124750.0
281	121201.0	125923.0
282	122195.0	125661.0
283	122241.0	124617.0
284	121772.0	126668.0
285	122857.0	126818.0
286	121856.0	125903.0
287	122193.0	127376.0
288	122898.0	127004.0
289	122114.0	126761.0
290	122435.0	127690.0
291	123419.0	127578.0
292	122331.0	126882.0
293	123018.0	128109.0
294	123730.0	128061.0
295	121990.0	127545.0
296	122494.0	128797.0
297	123811.0	129255.0
298	123005.0	128474.0
299	123335.0	129231.0
300	124185.0	129236.0
301	123305.0	128670.0
302	123485.0	130735.0
303	124352.0	130239.0
304	123302.0	129759.0
305	123576.0	131298.0
306	125185.0	131221.0
307	124590.0	130848.0
308	123941.0	131075.0
309	124965.0	131437.0
310	124189.0	130533.0
311	124839.0	131821.0
312	125647.0	131970.0
313	124716.0	131464.0
314	124511.0	132881.0
315	126191.0	132016.0
316	125210.0	131555.0
317	125581.0	133207.0
318	126744.0	132985.0
319	125864.0	132029.0
320	126104.0	134342.0
321	127753.0	132887.0
322	126149.0	131967.0
323	126338.0	133730.0
324	128356.0	133426.0
325	126380.0	132416.0
326	126962.0	134439.0
327	127528.0	134389.0
328	127119.0	133610.0
329	127141.0	133883.0
330	128055.0	133725.0
331	127768.0	133345.0
332	128236.0	134080.0
333	129300.0	134334.0
334	128104.0	133079.0
335	128326.0	133942.0
336	128699.0	134152.0
337	128195.0	132245.0
338	128610.0	133936.0
339	129827.0	133869.0
340	129233.0	133400.0
341	129347.0	133255.0
342	129263.0	132854.0
343	129419.0	132297.0
344	129467.0	133510.0
345	130418.0	133187.0
346	129808.0	131776.0
347	129522.0	133337.0
348	130746.0	132604.0
349	129843.0	131533.0
350	129813.0	132709.0
351	130946.0	132278.0
352	129787.0	131263.0
353	129773.0	132317.0
354	130455.0	130936.0
355	130631.0	130423.0
356	130280.0	131749.0
357	131620.0	131596.0
358	130056.0	130253.0
359	130453.0	130678.0
360	131237.0	130302.0
361	130269.0	129292.0
362	131205.0	130247.0
363	131608.0	130100.0
364	130507.0	129560.0
365	131255.0	129846.0
366	131170.0	129182.0
367	131037.0	128116.0
368	130651.0	128712.0
369	132108.0	128652.0
370	130363.0	127344.0
371	130168.0	128125.0
372	131256.0	127948.0
373	130621.0	127296.0
374	129980.0	127581.0
375	130723.0	126913.0
376	130166.0	126940.0
377	129642.0	126980.0
378	130873.0	126638.0
379	129647.0	125075.0
380	130237.0	126032.0
381	130733.0	125588.0
382	130202.0	124900.0
383	129569.0	125016.0
384	130507.0	124851.0
385	129558.0	124333.0
386	128679.0	125382.0
387	129581.0	124731.0
388	129221.0	123890.0
389	128541.0	124464.0
390	129060.0	123954.0
391	129180.0	122847.0
392	128448.0	124349.0
393	129019.0	123867.0
394	127781.0	123100.0
395	128577.0	123893.0
396	128735.0	123467.0
397	127989.0	123012.0
398	127144.0	123399.0
399	128058.0	123203.0
400	127015.0	122221.0
401	126804.0	122854.0
402	127383.0	122232.0
403	126762.0	121587.0
404	127116.0	122402.0
405	127212.0	122180.0
406	126338.0	122038.0
407	125740.0	122945.0
408	126455.0	122294.0
409	125490.0	121732.0
410	125857.0	122758.0
411	126288.0	121826.0
412	126058.0	121216.0
413	125273.0	122035.0
414	126591.0	122135.0
415	125747.0	121481.0
416	124906.0	122176.0
417	126197.0	121756.0
418	125189.0	120856.0
419	125486.0	122029.0
420	125334.0	121922.0
421	124354.0	120593.0
422	124692.0	122322.0
423	125001.0	121296.0
424	123845.0	120819.0
425	124219.0	121953.0
426	124778.0	122031.0
427	123418.0	121321.0
428	123622.0	122298.0
429	124458.0	122599.0
430	123621.0	120919.0
431	123902.0	122105.0
432	124398.0	122292.0
433	123315.0	121530.0
434	123672.0	122567.0
435	123916.0	122759.0
436	123264.0	121249.0
437	123441.0	122313.0
438	123146.0	122959.0
439	122774.0	121922.0
440	122758.0	123359.0
441	123487.0	122670.0
442	123102.0	122408.0
443	123630.0	122730.0
444	123082.0	123413.0
445	123001.0	122640.0
446	123094.0	123454.0
447	123714.0	123629.0
448	122941.0	123574.0
449	122559.0	123885.0
450	123461.0	123973.0
451	123181.0	123336.0
452	122847.0	123831.0
453	122655.0	123724.0
454	122185.0	123439.0
455	122717.0	124111.0
456	123391.0	124595.0
457	122630.0	124089.0
458	122608.0	125133.0
459	122699.0	124708.0
460	122579.0	124237.0
461	122907.0	125097.0
462	123056.0	125406.0
463	122617.0	125212.0
464	123356.0	125971.0
465	123767.0	125385.0
466	123144.0	124700.0
467	122953.0	125897.0
468	123784.0	126202.0
469	123568.0	125918.0
470	122926.0	126142.0
471	123513.0	126205.0
472	123450.0	126679.0
473	123248.0	126920.0
474	124030.0	126746.0
475	123445.0	126111.0
476	123376.0	126545.0
477	123750.0	127377.0
478	122792.0	126032.0
479	123654.0	127361.0
480	124353.0	126766.0
481	123128.0	127086.0
482	123829.0	127941.0
483	124363.0	127941.0
484	124185.0	126809.0
485	124061.0	128257.0
486	124740.0	128136.0
487	124319.0	127933.0
488	124601.0	128452.0
489	124387.0	128691.0
490	124700.0	127832.0
491	124868.0	128214.0
492	124838.0	128154.0
493	124427.0	128669.0
494	124779.0	128785.0
495	126339.0	129454.0
496	125009.0	128525.0
497	125488.0	128283.0
498	125848.0	128977.0
499	124886.0	127974.0
500	125753.0	128700.0
501	125361.0	129266.0
502	125645.0	128476.0
503	125620.0	129429.0
504	126390.0	129127.0
505	126131.0	128273.0
506	125756.0	129409.0
507	126278.0	129495.0
508	126032.0	128139.0
509	126599.0	129714.0
510	126414.0	129761.0
511	126431.0	129401.0
512	126966.0	130317.0
513	127140.0	129875.0
514	126051.0	128783.0
515	126024.0	129460.0
516	126924.0	129402.0
517	127603.0	128689.0
518	126701.0	129452.0
519	127487.0	128903.0
520	127152.0	129813.0
521	126737.0	129696.0
522	127765.0	129462.0
523	127343.0	129369.0
524	126744.0	129507.0
525	127162.0	128904.0
526	127160.0	129328.0
527	127450.0	129748.0
528	127759.0	129610.0
529	127442.0	128186.0
530	127360.0	129604.0
531	128341.0	128700.0
532	127339.0	128245.0
533	127495.0	129120.0
534	127943.0	128316.0
535	127613.0	128194.0
536	127675.0	128449.0
537	127521.0	128761.0
538	127846.0	127888.0
539	128058.0	129367.0
540	128773.0	128004.0
541	127752.0	128077.0
542	127863.0	128157.0
543	129068.0	128393.0
544	127458.0	127453.0
545	127952.0	127955.0
546	128551.0	127717.0
547	128201.0	127441.0
548	127324.0	127748.0
549	128245.0	127558.0
550	127393.0	126719.0
551	127367.0	127403.0
552	128230.0	127394.0
553	128096.0	125806.0
554	128055.0	126725.0
555	128290.0	127234.0
556	127670.0	126308.0
557	127789.0	126355.0
558	127808.0	126183.0
559	127215.0	126032.0
560	127307.0	125616.0
561	128191.0	125867.0
562	127678.0	125315.0
563	127511.0	124785.0
564	129261.0	125559.0
565	127494.0	124770.0
566	127835.0	124592.0
567	128749.0	124604.0
568	127175.0	124647.0
569	127196.0	124753.0
570	128265.0	124649.0
571	126948.0	124808.0
572	127191.0	124755.0
573	127452.0	124743.0
574	127537.0	124144.0
575	127628.0	124485.0
576	127149.0	124538.0
577	126902.0	124421.0
578	126892.0	124333.0
579	127186.0	123688.0
580	126723.0	124189.0
581	127149.0	124184.0
582	127327.0	123965.0
583	126177.0	123770.0
584	126262.0	124076.0
585	127231.0	123958.0
586	126184.0	123296.0
587	125965.0	123912.0
588	126493.0	124289.0
589	126212.0	123673.0
590	126083.0	123380.0
591	126353.0	123367.0
592	125900.0	123682.0
593	125971.0	123645.0
594	126495.0	123774.0
595	125270.0	122709.0
596	125679.0	123810.0
597	125565.0	123443.0
598	125628.0	122256.0
599	125169.0	123074.0
600	125565.0	122852.0
601	125055.0	122740.0
602	125136.0	123344.0
603	125783.0	123629.0
604	125124.0	123060.0
605	125096.0	123601.0
606	125577.0	123341.0
607	124536.0	123351.0
608	124253.0	122948.0
609	125012.0	123241.0
610	124743.0	122727.0
611	124372.0	123484.0
612	124975.0	122832.0
613	124604.0	122696.0
614	124302.0	123468.0
615	125157.0	122960.0
616	124520.0	123160.0
617	124301.0	123493.0
618	124388.0	123331.0
619	124247.0	122795.0
620	124356.0	123750.0
621	125295.0	123126.0
622	124294.0	123578.0
623	123929.0	123839.0
624	123994.0	123150.0
625	123942.0	122590.0
626	123770.0	123664.0
627	124183.0	124303.0
628	123742.0	123475.0
629	124223.0	123716.0
630	124363.0	123726.0
631	123978.0	123521.0
632	123382.0	124279.0
633	124673.0	124454.0
634	124146.0	124414.0
635	124182.0	125261.0
636	123818.0	124176.0
637	123192.0	123826.0
638	123360.0	124623.0
639	124076.0	124431.0
640	123694.0	123852.0
641	123953.0	124562.0
642	124191.0	124111.0
643	123000.0	124323.0
644	123727.0	124920.0
645	124699.0	124965.0
646	123772.0	124624.0
647	123975.0	125130.0
648	124195.0	124892.0
649	124072.0	123961.0
650	123969.0	125335.0
651	124231.0	125048.0
652	123498.0	124705.0
653	123804.0	125637.0
654	124525.0	125047.0
655	123897.0	125538.0
656	123583.0	125428.0
657	124563.0	125075.0
658	123879.0	124697.0
659	123290.0	125575.0
660	124322.0	125526.0
661	124068.0	125421.0
662	123932.0	125858.0
663	124001.0	125397.0
664	124505.0	125746.0
665	124362.0	125872.0
666	124427.0	126145.0
667	123960.0	126210.0
668	123609.0	127363.0
669	124623.0	126807.0
670	124109.0	125667.0
671	124920.0	126458.0
672	125342.0	125853.0
673	124621.0	126021.0
674	124407.0	126688.0
675	124954.0	126971.0
676	124687.0	126393.0
677	124480.0	126619.0
678	124576.0	126914.0
679	124325.0	126934.0
680	125103.0	127154.0
681	125532.0	126571.0
682	125045.0	126036.0
683	124693.0	127290.0
684	125196.0	126731.0
685	124255.0	126446.0
686	125053.0	126729.0
687	125770.0	127563.0
688	124774.0	126959.0
689	125445.0	127110.0
690	125241.0	127903.0
691	124682.0	126355.0
692	125239.0	127020.0
693	125790.0	127047.0
694	125724.0	126769.0
695	125121.0	127564.0
696	126269.0	127965.0
697	125527.0	127430.0
698	125509.0	127521.0
699	126070.0	127414.0
700	125457.0	127187.0
701	125107.0	127145.0
702	126277.0	127386.0
703	125388.0	127335.0
704	125380.0	126996.0
705	125679.0	127176.0
706	125336.0	126755.0
707	125855.0	126936.0
708	125908.0	127683.0
709	125627.0	126780.0
710	125987.0	127575.0
711	126614.0	127787.0
712	126138.0	126953.0
713	125955.0	126727.0
714	126035.0	126778.0
715	125997.0	127090.0
716	126133.0	126500.0
717	126461.0	127302.0
718	125605.0	126754.0
719	126276.0	126825.0
720	126686.0	126502.0
721	126001.0	125959.0
722	125885.0	126712.0
723	126430.0	126825.0
724	126493.0	126081.0
725	126604.0	127186.0
726	126696.0	126665.0
727	125774.0	125964.0
728	126221.0	126727.0
729	126981.0	126751.0
730	126272.0	126561.0
731	126454.0	127385.0
732	127319.0	125733.0
733	126024.0	126143.0
734	126396.0	126132.0
735	126471.0	126481.0
736	125943.0	126657.0
737	126593.0	126172.0
738	126434.0	126159.0
739	126430.0	125981.0
740	126386.0	125756.0
741	126862.0	126037.0
742	127234.0	125278.0
743	126187.0	126100.0
744	126840.0	125613.0
745	126151.0	125696.0
746	126588.0	125942.0
747	126636.0	125953.0
748	126430.0	125679.0
749	126166.0	125284.0
750	126760.0	125431.0
751	126520.0	124670.0
752	126157.0	125517.0
753	126736.0	125081.0
754	125920.0	124884.0
755	126676.0	125077.0
756	126188.0	125274.0
757	126110.0	124739.0
758	126072.0	125152.0
759	125800.0	124692.0
760	126151.0	125032.0
761	125836.0	124928.0
762	125666.0	124956.0
763	126014.0	123861.0
764	125923.0	124327.0
765	125736.0	125170.0
766	125875.0	124491.0
767	126220.0	124240.0
768	126791.0	124386.0
769	125072.0	124017.0
770	125955.0	124487.0
771	125724.0	124705.0
772	125846.0	123742.0
773	125769.0	124811.0
774	126409.0	124388.0
775	125430.0	123844.0
776	125550.0	124272.0
777	126106.0	124006.0
778	125547.0	123456.0
779	126176.0	123958.0
780	125808.0	124190.0
781	124927.0	123621.0
782	125336.0	123790.0
783	125479.0	124205.0
784	125241.0	124107.0
785	125643.0	124351.0
786	125767.0	123819.0
787	125311.0	123595.0
788	124907.0	123871.0
789	125174.0	123898.0
790	125000.0	123977.0
791	124526.0	123946.0
792	125679.0	123660.0
793	125024.0	123106.0
794	125079.0	123423.0
795	125795.0	123453.0
796	125478.0	122963.0
797	124936.0	123968.0
798	125173.0	123736.0
799	125114.0	123427.0
800	125191.0	123699.0
801	125001.0	123493.0
802	125081.0	123788.0
803	124690.0	124034.0
804	124355.0	123788.0
805	124187.0	123498.0
806	124037.0	123643.0
807	124438.0	123808.0
808	123804.0	123382.0
809	124387.0	124180.0
810	124440.0	124217.0
811	124365.0	123893.0
812	123827.0	124202.0
813	124147.0	124468.0
814	124798.0	123731.0
815	124062.0	123747.0
816	124446.0	123584.0
817	123877.0	123283.0
818	124482.0	123797.0
819	124634.0	123827.0
820	123930.0	124372.0
821	124064.0	124434.0
822	124269.0	124434.0
823	123959.0	123863.0
824	124124.0	123793.0
825	124644.0	124561.0
826	124604.0	123505.0
827	124501.0	123272.0
828	124685.0	123640.0
829	123130.0	123962.0
830	123664.0	125319.0
831	123905.0	124704.0
832	123889.0	124627.0
833	124411.0	124941.0
834	123893.0	124711.0
835	123773.0	124194.0
836	124322.0	125427.0
837	124716.0	124686.0
838	124233.0	124286.0
839	124635.0	124634.0
840	124079.0	124762.0
841	124760.0	124853.0
842	124569.0	124850.0
843	124521.0	125499.0
844	124119.0	125040.0
845	124343.0	125323.0
846	124080.0	125120.0
847	124692.0	124989.0
848	123699.0	124661.0
849	123880.0	124888.0
850	123959.0	125164.0
851	123620.0	124817.0
852	124661.0	125154.0
853	124281.0	124776.0
854	124479.0	124569.0
855	124128.0	125037.0
856	123990.0	125260.0
857	124075.0	125306.0
858	124681.0	125963.0
859	124414.0	124823.0
860	124237.0	125546.0
861	125077.0	125505.0
862	124577.0	125077.0
863	124221.0	125244.0
864	124291.0	125246.0
865	123518.0	125290.0
866	124394.0	126313.0
867	124341.0	125833.0
868	124466.0	124873.0
869	124807.0	125884.0
870	124760.0	125336.0
871	124197.0	126134.0
872	124239.0	125623.0
873	124609.0	125926.0
874	124259.0	125267.0
875	124325.0	126064.0
876	125206.0	126019.0
877	124691.0	126173.0
878	124744.0	126095.0
879	124480.0	126200.0
880	124291.0	125575.0
881	124273.0	126197.0
882	125224.0	126051.0
883	124472.0	125504.0
884	124624.0	126322.0
885	125886.0	126190.0
886	125142.0	125479.0
887	124924.0	125713.0
888	125210.0	126216.0
889	124869.0	125555.0
890	124788.0	126191.0
891	125388.0	125413.0
892	124169.0	125761.0
893	125148.0	125994.0
894	125238.0	125659.0
895	125414.0	125670.0
896	124893.0	125845.0
897	125106.0	126199.0
898	124770.0	126139.0
899	125292.0	126031.0
900	125118.0	125416.0
901	125131.0	125241.0
902	125487.0	126227.0
903	125637.0	125599.0
904	124942.0	125665.0
905	125503.0	126323.0
906	125409.0	126480.0
907	124788.0	126064.0
908	125414.0	126140.0
909	125786.0	125879.0
910	124615.0	125344.0
911	125257.0	125426.0
912	125195.0	125118.0
913	125145.0	125570.0
914	124921.0	125627.0
915	126013.0	125711.0
916	124789.0	125336.0
917	125679.0	126219.0
918	126171.0	126129.0
919	125250.0	125715.0
920	125398.0	125997.0
921	126060.0	125318.0
922	125487.0	124880.0
923	125293.0	124815.0
924	125842.0	125404.0
925	125923.0	124782.0
926	125884.0	125584.0
927	126284.0	125585.0
928	125473.0	124795.0
929	124412.0	125458.0
930	125927.0	125496.0
931	125370.0	125528.0
932	125559.0	125454.0
933	125228.0	124775.0
934	125288.0	125114.0
935	125175.0	125587.0
936	125353.0	124842.0
937	125208.0	124544.0
938	125232.0	124978.0
939	125819.0	125301.0
940	125518.0	124870.0
941	125619.0	125011.0
942	125755.0	124591.0
943	125940.0	124612.0
944	125008.0	124848.0
945	125920.0	124293.0
946	125544.0	125395.0
947	126255.0	124551.0
948	125048.0	124364.0
949	125901.0	124922.0
950	125648.0	124740.0
951	125707.0	124589.0
952	125542.0	124654.0
953	125066.0	124662.0
954	125687.0	124954.0
955	125822.0	124680.0
956	125660.0	124773.0
957	125252.0	123984.0
958	125378.0	124409.0
959	125531.0	124494.0
960	125227.0	124165.0
961	125452.0	124335.0
962	125231.0	123985.0
963	125332.0	124452.0
964	124663.0	123909.0
965	125313.0	124197.0
966	125282.0	123842.0
967	124594.0	124389.0
968	125292.0	123942.0
969	125562.0	124176.0
970	124935.0	123687.0
971	124753.0	124487.0
972	124575.0	123864.0
973	124870.0	124386.0
974	125367.0	124023.0
975	125062.0	125216.0
976	124823.0	124081.0
977	124641.0	123735.0
978	125311.0	123999.0
979	124794.0	124332.0
980	125332.0	124435.0
981	125605.0	124133.0
982	124179.0	123079.0
983	124410.0	124170.0
984	124857.0	124131.0
985	124624.0	123232.0
986	124587.0	124373.0
987	125298.0	123714.0
988	125228.0	124595.0
989	124222.0	124592.0
990	125083.0	124760.0
991	124032.0	124437.0
992	124682.0	124570.0
993	124923.0	124115.0
994	124366.0	123615.0
995	125038.0	123392.0
996	124915.0	123719.0
997	124580.0	123883.0
998	124486.0	123894.0
999	124508.0	124624.0
1000	124051.0	123760.0
1001	124447.0	123731.0
1002	124687.0	124252.0
1003	124318.0	124048.0
1004	124242.0	124357.0
1005	124596.0	124067.0
1006	124218.0	123459.0
1007	124655.0	123226.0
1008	124042.0	123980.0
1009	124410.0	123942.0
1010	123855.0	124088.0
1011	124070.0	124127.0
1012	124244.0	124380.0
1013	124423.0	124155.0
1014	124627.0	123795.0
1015	123882.0	123511.0
1016	123605.0	123816.0
1017	124250.0	123761.0
1018	124477.0	123924.0
1019	124063.0	125133.0
1020	124078.0	124042.0
1021	124285.0	124455.0
1022	124151.0	124365.0
1023	123894.0	124499.0
1024	124129.0	123842.0
1025	124227.0	124362.0
1026	124299.0	124277.0
1027	123541.0	124269.0
1028	124185.0	124552.0
1029	124524.0	124474.0
1030	123948.0	125502.0
1031	123614.0	124316.0
1032	124648.0	124450.0
1033	124193.0	124000.0
1034	123999.0	124144.0
1035	124413.0	123965.0
1036	124751.0	124028.0
1037	123826.0	124937.0
1038	124042.0	124937.0
1039	124584.0	124467.0
1040	124414.0	125271.0
1041	124038.0	124516.0
1042	124169.0	124445.0
1043	123754.0	124402.0
1044	124196.0	124872.0
1045	124068.0	124478.0
1046	123806.0	124571.0
1047	124362.0	124786.0
1048	124875.0	124217.0
1049	124109.0	124900.0
1050	124354.0	124888.0
1051	123779.0	124367.0
1052	123976.0	124167.0
1053	124117.0	125598.0
1054	123942.0	124844.0
1055	123821.0	125485.0
1056	124795.0	124353.0
1057	124370.0	124670.0
1058	123752.0	125497.0
1059	124592.0	124886.0
1060	124510.0	125108.0
1061	124160.0	125175.0
1062	124324.0	124509.0
1063	124300.0	125013.0
1064	124453.0	124740.0
1065	124569.0	125120.0
1066	124344.0	124629.0
1067	124292.0	125103.0
1068	125069.0	125956.0
1069	124288.0	125188.0
1070	124167.0	125586.0
1071	124098.0	124868.0
1072	124246.0	124748.0
1073	124848.0	125725.0
1074	124744.0	125193.0
1075	124178.0	124834.0
1076	124505.0	125277.0
1077	124635.0	126287.0
1078	124482.0	124601.0
1079	124256.0	125202.0
1080	124386.0	125053.0
1081	124510.0	124601.0
1082	124265.0	125652.0
1083	124485.0	125071.0
1084	124227.0	124876.0
1085	124598.0	125292.0
1086	125096.0	125186.0
1087	125048.0	124801.0
1088	124956.0	124739.0
1089	125130.0	125156.0
1090	124820.0	124872.0
1091	124779.0	124961.0
1092	124834.0	125389.0
1093	124711.0	124399.0
1094	124830.0	125188.0
1095	124566.0	124886.0
1096	124886.0	124242.0
1097	124568.0	125513.0
1098	124836.0	124872.0
1099	124797.0	124640.0
1100	124971.0	125401.0
1101	125083.0	125036.0
1102	123940.0	125177.0
1103	125186.0	125240.0
1104	124771.0	125124.0
1105	124858.0	124218.0
1106	125009.0	125362.0
1107	125369.0	125082.0
1108	124629.0	124499.0
1109	125160.0	124759.0
1110	125458.0	124775.0
1111	124568.0	124719.0
1112	124431.0	125023.0
1113	124912.0	125030.0
1114	125120.0	124895.0
1115	125806.0	125264.0
1116	125037.0	124632.0
1117	124571.0	124683.0
1118	125024.0	124711.0
1119	125080.0	124800.0
1120	125172.0	124985.0
1121	125245.0	124672.0
1122	125320.0	125124.0
1123	125734.0	124395.0
1124	125088.0	124996.0
1125	124934.0	123974.0
1126	125295.0	124467.0
1127	125231.0	124789.0
1128	124655.0	124807.0
1129	125075.0	124939.0
1130	125251.0	124758.0
1131	124568.0	125161.0
1132	125076.0	124552.0
1133	124934.0	124742.0
1134	125213.0	124756.0
1135	124831.0	124730.0
1136	125099.0	124340.0
1137	124789.0	124617.0
1138	124740.0	124300.0
1139	124878.0	124684.0
1140	125127.0	125220.0
1141	125193.0	124226.0
1142	125285.0	124051.0
1143	125341.0	124443.0
1144	125249.0	124369.0
1145	125042.0	124552.0
1146	124818.0	124487.0
1147	124527.0	124570.0
1148	124649.0	124534.0
1149	124594.0	124445.0
1150	124696.0	124096.0
1151	125018.0	124179.0
1152	124596.0	124171.0
1153	124654.0	124365.0
1154	124873.0	124493.0
1155	124917.0	124675.0
1156	124676.0	124373.0
1157	124605.0	124000.0
1158	124347.0	124537.0
1159	124481.0	123561.0
1160	124862.0	123906.0
1161	124958.0	124322.0
1162	124010.0	124116.0
1163	124868.0	124402.0
1164	124094.0	123951.0
1165	125651.0	123396.0
1166	124857.0	123940.0
1167	124339.0	124340.0
1168	124651.0	124146.0
1169	124727.0	123737.0
1170	125030.0	124153.0
1171	124832.0	123757.0
1172	124088.0	123684.0
1173	124849.0	123795.0
1174	124806.0	123197.0
1175	124460.0	123587.0
1176	124617.0	124021.0
1177	124715.0	123857.0
1178	124485.0	123412.0
1179	124294.0	123580.0
1180	124221.0	123260.0
1181	124209.0	124235.0
1182	124512.0	123953.0
1183	124231.0	123411.0
1184	124293.0	124220.0
1185	124842.0	124138.0
1186	125117.0	123604.0
1187	124286.0	124052.0
1188	124484.0	123813.0
1189	124070.0	123238.0
1190	124551.0	124252.0
1191	124549.0	123964.0
1192	124407.0	123860.0
1193	123910.0	124250.0
1194	124381.0	124366.0
1195	123930.0	123400.0
1196	123184.0	123835.0
1197	123958.0	124024.0
1198	123887.0	123707.0
1199	123499.0	123941.0
1200	124112.0	123682.0
1201	124390.0	123930.0
1202	123970.0	124135.0
1203	124778.0	123859.0
1204	124112.0	123230.0
1205	124080.0	123566.0
1206	123727.0	123581.0
1207	124200.0	123889.0
1208	123625.0	123972.0
1209	124502.0	123903.0
1210	124263.0	124412.0
1211	123517.0	123506.0
1212	124531.0	123857.0
1213	123724.0	123302.0
1214	123652.0	123535.0
1215	123472.0	124691.0
1216	123751.0	124258.0
1217	123847.0	123529.0
1218	124294.0	123959.0
1219	124275.0	123925.0
1220	123887.0	124152.0
1221	123588.0	123511.0
1222	123773.0	124170.0
1223	123846.0	124499.0
1224	124217.0	124076.0
1225	123572.0	124667.0
1226	123550.0	124152.0
1227	124753.0	124323.0
1228	124363.0	123882.0
1229	124205.0	124150.0
1230	123400.0	124778.0
1231	123751.0	124451.0
1232	123946.0	124223.0
1233	123492.0	124646.0
1234	123314.0	124294.0
1235	123739.0	124517.0
1236	123164.0	125031.0
1237	123735.0	123711.0
1238	124039.0	124645.0
1239	123741.0	124290.0
1240	123879.0	124378.0
1241	124022.0	124824.0
1242	124004.0	124484.0
1243	123991.0	124126.0
1244	123516.0	124153.0
1245	123820.0	124552.0
1246	123762.0	124326.0
1247	123396.0	124967.0
1248	124059.0	124501.0
1249	123965.0	123840.0
1250	124097.0	124278.0
1251	124061.0	123761.0
1252	123847.0	124481.0
1253	124117.0	124977.0
1254	124093.0	125032.0
1255	123980.0	124353.0
1256	124073.0	124708.0
1257	124194.0	124724.0
1258	124171.0	124563.0
1259	124141.0	124558.0
1260	123924.0	124504.0
1261	124077.0	124537.0
1262	124089.0	124604.0
1263	124389.0	124294.0
1264	124586.0	123848.0
1265	124291.0	124269.0
1266	124580.0	124177.0
1267	123933.0	124437.0
1268	123913.0	124843.0
1269	124318.0	124441.0
1270	123968.0	124025.0
1271	123835.0	124767.0
1272	123887.0	124919.0
1273	124127.0	125314.0
1274	123656.0	124542.0
1275	124324.0	124777.0
1276	124672.0	124130.0
1277	124119.0	124912.0
1278	125074.0	124422.0
1279	124316.0	124088.0
1280	124525.0	124650.0
1281	124190.0	124716.0
1282	124900.0	124053.0
1283	124703.0	124679.0
1284	124639.0	123682.0
1285	124439.0	124577.0
1286	124603.0	124406.0
1287	124572.0	124980.0
1288	124524.0	124063.0
1289	124487.0	124520.0
1290	125087.0	124689.0
1291	124190.0	124584.0
1292	123989.0	124416.0
1293	124692.0	124970.0
1294	124634.0	125072.0
1295	124530.0	124313.0
1296	124329.0	125308.0
1297	123871.0	124624.0
1298	124015.0	123387.0
1299	124616.0	124456.0
1300	125065.0	123929.0
1301	124370.0	125084.0
1302	124678.0	124522.0
1303	124806.0	123533.0
1304	124849.0	124750.0
1305	124457.0	124940.0
1306	124630.0	124539.0
1307	124591.0	124661.0
1308	124802.0	124234.0
1309	124946.0	124575.0
1310	124323.0	124415.0
1311	124384.0	124182.0
1312	124374.0	124280.0
1313	124883.0	124287.0
1314	124662.0	124895.0
1315	124650.0	124647.0
1316	124188.0	124472.0
1317	124801.0	124600.0
1318	124491.0	123671.0
1319	124333.0	124162.0
1320	124322.0	124260.0
1321	124326.0	124007.0
1322	124872.0	124836.0
1323	124867.0	123944.0
1324	124486.0	123650.0
1325	124394.0	123580.0
1326	124293.0	124347.0
1327	124482.0	124393.0
1328	124152.0	124434.0
1329	124652.0	124393.0
1330	124567.0	124683.0
1331	123994.0	123811.0
1332	124536.0	123903.0
1333	124700.0	124192.0
1334	124130.0	124293.0
1335	124938.0	124194.0
1336	124233.0	123588.0
1337	124693.0	124089.0
1338	124856.0	123818.0
1339	124598.0	123795.0
1340	124212.0	124116.0
1341	124506.0	124654.0
1342	124613.0	124258.0
1343	124293.0	123770.0
1344	124482.0	124008.0
1345	124471.0	124049.0
1346	123981.0	123899.0
1347	123674.0	123848.0
1348	124166.0	123899.0
1349	124068.0	124086.0
1350	124625.0	123765.0
1351	124873.0	123826.0
1352	124194.0	123662.0
1353	123984.0	123607.0
1354	124173.0	123595.0
1355	124345.0	124100.0
1356	123720.0	123576.0
1357	123715.0	123418.0
1358	123712.0	123309.0
1359	124302.0	123806.0
1360	123827.0	123347.0
1361	123835.0	123868.0
1362	124279.0	123228.0
1363	124091.0	123165.0
1364	123017.0	123855.0
1365	124290.0	123359.0
1366	124194.0	124021.0
1367	123611.0	124181.0
1368	124182.0	124299.0
1369	123664.0	123372.0
1370	123908.0	123696.0
1371	123518.0	123479.0
1372	124109.0	123214.0
1373	124081.0	124181.0
1374	123865.0	123662.0
1375	124352.0	123719.0
1376	124193.0	123641.0
1377	123905.0	123731.0
1378	123918.0	123910.0
1379	123333.0	123693.0
1380	124542.0	124148.0
1381	124326.0	123378.0
1382	123744.0	123745.0
1383	124072.0	123788.0
1384	123875.0	123168.0
1385	123844.0	123788.0
1386	123565.0	123324.0
1387	122897.0	123758.0
1388	123770.0	123844.0
1389	123956.0	124652.0
1390	124359.0	123652.0
1391	124077.0	124082.0
1392	123544.0	123200.0
1393	123645.0	123164.0
1394	124138.0	123857.0
1395	124099.0	124227.0
1396	124322.0	123844.0
1397	123946.0	123698.0
1398	124163.0	123341.0
1399	123232.0	124037.0
1400	123244.0	123301.0
1401	124210.0	124009.0
1402	124514.0	124427.0
1403	123448.0	123822.0
1404	123889.0	123983.0
1405	123408.0	123557.0
1406	123860.0	123799.0
1407	124265.0	124266.0
1408	123484.0	123748.0
1409	123660.0	124558.0
1410	124108.0	124184.0
1411	123606.0	123560.0
1412	123367.0	123910.0
1413	123744.0	124459.0
1414	124205.0	123864.0
1415	123893.0	123727.0
1416	123832.0	123064.0
1417	123614.0	123727.0
1418	123692.0	124338.0
1419	123927.0	123781.0
1420	123347.0	123448.0
1421	123348.0	124033.0
1422	123857.0	124150.0
1423	123273.0	123897.0
1424	124011.0	124259.0
1425	124079.0	123941.0
1426	123688.0	123510.0
1427	124116.0	124224.0
1428	124010.0	124182.0
1429	123837.0	123648.0
1430	123968.0	124036.0
1431	123808.0	124460.0
1432	123954.0	123883.0
1433	123661.0	124491.0
1434	124229.0	124304.0
1435	123667.0	123973.0
1436	123965.0	123864.0
1437	124117.0	124673.0
1438	123960.0	123799.0
1439	124055.0	124016.0
1440	124228.0	123795.0
1441	123909.0	123944.0
1442	123282.0	124084.0
1443	123770.0	124317.0
1444	123683.0	124340.0
1445	123758.0	123900.0
1446	123724.0	123625.0
1447	123868.0	124202.0
1448	124369.0	124235.0
1449	123563.0	124213.0
1450	123690.0	124012.0
1451	124297.0	123679.0
1452	124326.0	123935.0
1453	123712.0	124043.0
1454	123842.0	123998.0
1455	124380.0	123958.0
1456	124916.0	123839.0
1457	124055.0	124508.0
1458	124199.0	124656.0
1459	123816.0	124405.0
1460	123945.0	124392.0
1461	124258.0	124424.0
1462	123821.0	124486.0
1463	124613.0	124219.0
1464	124205.0	124000.0
1465	123862.0	123710.0
1466	123784.0	124442.0
1467	123542.0	123941.0
1468	123797.0	124016.0
1469	123679.0	124356.0
1470	124072.0	124204.0
1471	123932.0	124546.0
1472	124187.0	124400.0
1473	124187.0	124010.0
1474	124745.0	124191.0
1475	124196.0	124348.0
1476	124512.0	124815.0
1477	124102.0	123995.0
1478	123786.0	123535.0
1479	124076.0	124510.0
1480	123703.0	123802.0
1481	124165.0	123702.0
1482	124709.0	124367.0
1483	124291.0	124077.0
1484	124388.0	123939.0
1485	124366.0	124464.0
1486	124301.0	123669.0
1487	123807.0	124745.0
1488	123990.0	124404.0
1489	124035.0	123849.0
1490	123847.0	124515.0
1491	124281.0	124188.0
1492	124281.0	124370.0
1493	124300.0	124399.0
1494	124743.0	124156.0
1495	124348.0	124238.0
1496	124300.0	124276.0
1497	124281.0	124161.0
1498	123764.0	124284.0
1499	124509.0	124543.0
1500	123894.0	124178.0
1501	123871.0	123610.0
1502	124207.0	123735.0
1503	124090.0	124207.0
1504	124388.0	124226.0
1505	124620.0	123871.0
1506	123819.0	124504.0
1507	124314.0	123781.0
1508	124458.0	124066.0
1509	124417.0	123455.0
1510	123645.0	124229.0
1511	124244.0	123650.0
1512	123919.0	124176.0
1513	124285.0	124201.0
1514	124435.0	124185.0
1515	124501.0	123822.0
1516	124529.0	123737.0
1517	124070.0	123547.0
1518	124345.0	124409.0
1519	124845.0	123636.0
1520	124063.0	123293.0
1521	124197.0	123726.0
1522	124359.0	124078.0
1523	123350.0	123625.0
1524	123665.0	124074.0
1525	124296.0	123813.0
1526	124502.0	123779.0
1527	124349.0	123876.0
1528	124091.0	123667.0
1529	124351.0	123509.0
1530	124184.0	123665.0
1531	123829.0	123988.0
1532	124137.0	123690.0
1533	124220.0	123954.0
1534	123853.0	123762.0
1535	124428.0	123447.0
1536	123732.0	123808.0
1537	124176.0	123396.0
1538	124082.0	123822.0
1539	124334.0	124411.0
1540	123779.0	124190.0
1541	124196.0	124038.0
1542	123622.0	123502.0
1543	123671.0	123731.0
1544	124313.0	123536.0
1545	123643.0	123932.0
1546	123783.0	123600.0
1547	123734.0	123853.0
1548	123838.0	123634.0
1549	124290.0	123403.0
1550	123934.0	123785.0
1551	123633.0	123846.0
1552	123481.0	123009.0
1553	123879.0	123911.0
1554	123820.0	123867.0
1555	124453.0	123305.0
1556	123806.0	123227.0
1557	123220.0	123302.0
1558	123401.0	123499.0
1559	124617.0	123331.0
1560	123804.0	123356.0
1561	123657.0	124172.0
1562	123941.0	123589.0
1563	124277.0	123131.0
1564	123840.0	123097.0
1565	124175.0	123590.0
1566	123856.0	123346.0
1567	124375.0	122987.0
1568	123252.0	123726.0
1569	123997.0	123517.0
1570	123283.0	123693.0
1571	123344.0	123609.0
1572	123359.0	124026.0
1573	123958.0	123594.0
1574	124028.0	123543.0
1575	123605.0	123368.0
1576	123230.0	123693.0
1577	123472.0	123576.0
1578	123395.0	123387.0
1579	123397.0	123350.0
1580	123118.0	123636.0
1581	123597.0	123707.0
1582	124207.0	123244.0
1583	123988.0	123410.0
1584	124024.0	123925.0
1585	123836.0	123533.0
1586	123835.0	123789.0
1587	123239.0	123642.0
1588	123577.0	123506.0
1589	123190.0	123878.0
1590	124152.0	123156.0
1591	123749.0	123721.0
1592	123515.0	123437.0
1593	123293.0	124144.0
1594	123412.0	123917.0
1595	123481.0	123627.0
1596	123938.0	123332.0
1597	123935.0	123313.0
1598	123178.0	123061.0
1599	122628.0	123633.0
1600	123069.0	123882.0
1601	123545.0	123667.0
1602	123702.0	123794.0
1603	123563.0	123733.0
1604	123580.0	123362.0
1605	124432.0	123585.0
1606	123827.0	123461.0
1607	122993.0	123343.0
1608	123191.0	123404.0
1609	123239.0	123736.0
1610	123224.0	123144.0
1611	123431.0	123336.0
1612	123887.0	123867.0
1613	123169.0	123759.0
1614	123994.0	123708.0
1615	123901.0	123385.0
1616	123427.0	123802.0
1617	123102.0	123650.0
1618	123485.0	123442.0
1619	123761.0	123879.0
1620	123241.0	123602.0
1621	123803.0	123625.0
1622	123374.0	124122.0
1623	123635.0	123932.0
1624	123458.0	123558.0
1625	123255.0	123674.0
1626	123432.0	123461.0
1627	122859.0	123415.0
1628	123174.0	123793.0
1629	123475.0	123580.0
1630	123997.0	123764.0
1631	123852.0	124047.0
1632	123706.0	123966.0
1633	123800.0	123486.0
1634	124061.0	123537.0
1635	123724.0	124172.0
1636	124131.0	123642.0
1637	123823.0	123558.0
1638	123532.0	123723.0
1639	124131.0	123673.0
1640	123610.0	123869.0
1641	123915.0	124068.0
1642	123124.0	124261.0
1643	123475.0	123682.0
1644	123428.0	123937.0
1645	123817.0	123988.0
1646	124262.0	123764.0
1647	123972.0	123876.0
1648	123358.0	124359.0
1649	123860.0	123769.0
1650	123743.0	123790.0
1651	123823.0	123649.0
1652	123921.0	123260.0
1653	123985.0	124089.0
1654	123773.0	123663.0
1655	123422.0	124298.0
1656	124180.0	123832.0
1657	123998.0	123821.0
1658	123722.0	123922.0
1659	123932.0	124018.0
1660	123567.0	123654.0
1661	123964.0	123508.0
1662	124054.0	123979.0
1663	123689.0	123905.0
1664	123238.0	124059.0
1665	123139.0	123970.0
1666	123704.0	123858.0
1667	124091.0	123708.0
1668	124138.0	123463.0
1669	123813.0	122800.0
1670	123672.0	123673.0
1671	123828.0	124275.0
1672	123543.0	124315.0
1673	123442.0	123615.0
1674	123775.0	124212.0
1675	123552.0	124657.0
1676	123965.0	123620.0
1677	123407.0	123684.0
1678	123425.0	123653.0
1679	124051.0	123851.0
1680	123834.0	123650.0
1681	124666.0	123158.0
1682	123799.0	123299.0
1683	123891.0	123815.0
1684	124103.0	123943.0
1685	123583.0	123569.0
1686	123490.0	123837.0
1687	123952.0	123648.0
1688	123633.0	123262.0
1689	123690.0	122963.0
1690	123997.0	122975.0
1691	123679.0	124398.0
1692	123725.0	124346.0
1693	123775.0	123679.0
1694	123840.0	123931.0
1695	124331.0	123737.0
1696	124095.0	123185.0
1697	124467.0	123387.0
1698	124183.0	123608.0
1699	123653.0	123703.0
1700	124028.0	123328.0
1701	123848.0	123597.0
1702	123569.0	123849.0
1703	123871.0	124069.0
1704	123472.0	123867.0
1705	122422.0	123441.0
1706	123592.0	123873.0
1707	123714.0	123664.0
1708	123656.0	123388.0
1709	123586.0	123696.0
1710	123867.0	123640.0
1711	124390.0	123176.0
1712	124017.0	123356.0
1713	123632.0	123078.0
1714	123995.0	123019.0
1715	123375.0	123701.0
1716	123497.0	123197.0
1717	123042.0	123180.0
1718	123392.0	123060.0
1719	124209.0	123692.0
1720	124126.0	122835.0
1721	124080.0	123419.0
1722	123118.0	122650.0
1723	123656.0	123230.0
1724	122970.0	123181.0
1725	123176.0	123274.0
1726	123224.0	123524.0
1727	123575.0	124399.0
1728	123911.0	123479.0
1729	123473.0	123734.0
1730	123287.0	123130.0
1731	123711.0	123461.0
1732	124247.0	123199.0
1733	123507.0	123380.0
1734	123376.0	123328.0
1735	124064.0	123659.0
1736	123842.0	123239.0
1737	123917.0	123284.0
1738	122832.0	123809.0
1739	123246.0	122725.0
1740	123865.0	123603.0
1741	123754.0	123580.0
1742	123620.0	123200.0
1743	123503.0	123687.0
1744	123520.0	123085.0
1745	123841.0	123328.0
1746	123592.0	123103.0
1747	123165.0	123357.0
1748	123327.0	123754.0
1749	123187.0	123197.0
1750	123414.0	123145.0
1751	123271.0	123392.0
1752	123760.0	123215.0
1753	123492.0	123307.0
1754	122901.0	123802.0
1755	123131.0	123303.0
1756	124155.0	123871.0
1757	123662.0	123333.0
1758	123645.0	123684.0
1759	122938.0	123370.0
1760	122033.0	123351.0
1761	123801.0	123605.0
1762	123203.0	123625.0
1763	122937.0	123811.0
1764	123399.0	122790.0
1765	122643.0	122957.0
1766	123318.0	123334.0
1767	123270.0	123592.0
1768	122926.0	122779.0
1769	122963.0	123439.0
1770	123618.0	123518.0
1771	122924.0	123244.0
1772	123086.0	123144.0
1773	123375.0	122780.0
1774	123714.0	123221.0
1775	123587.0	123794.0
1776	123140.0	123930.0
1777	123243.0	123589.0
1778	123990.0	123519.0
1779	123679.0	123249.0
1780	123417.0	123320.0
1781	123283.0	123804.0
1782	123374.0	123621.0
1783	123171.0	122751.0
1784	123693.0	123307.0
1785	123791.0	123122.0
1786	123480.0	123472.0
1787	123411.0	122931.0
1788	123262.0	122303.0
1789	123046.0	123214.0
1790	123198.0	123465.0
1791	123725.0	123000.0
1792	123575.0	123115.0
1793	123469.0	123221.0
1794	123929.0	123387.0
1795	123427.0	123507.0
1796	123311.0	123966.0
1797	122941.0	123934.0
1798	123607.0	123773.0
1799	123251.0	123644.0
1800	123352.0	123584.0
1801	123261.0	123145.0
1802	122995.0	123788.0
1803	123573.0	123515.0
1804	123592.0	123415.0
1805	123696.0	123611.0
1806	122966.0	123381.0
1807	123409.0	124086.0
1808	123992.0	124168.0
1809	123858.0	123241.0
1810	124057.0	123195.0
1811	123225.0	123158.0
1812	123383.0	123316.0
1813	122538.0	123606.0
1814	123685.0	123660.0
1815	123976.0	123536.0
1816	123710.0	123011.0
1817	123345.0	123717.0
1818	123417.0	122930.0
1819	123627.0	123420.0
1820	123840.0	123821.0
1821	123417.0	123486.0
1822	123064.0	123794.0
1823	122955.0	124430.0
1824	123737.0	123565.0
1825	123519.0	123925.0
1826	124064.0	123809.0
1827	122799.0	123199.0
1828	123312.0	122800.0
1829	123491.0	123543.0
1830	123499.0	123152.0
1831	123551.0	123497.0
1832	122758.0	124121.0
1833	123617.0	123215.0
1834	123403.0	122914.0
1835	123325.0	123676.0
1836	123171.0	123458.0
1837	123423.0	123431.0
1838	123434.0	123620.0
1839	123422.0	123849.0
1840	123585.0	123692.0
1841	123318.0	123872.0
1842	124102.0	123307.0
1843	123248.0	123372.0
1844	123432.0	123989.0
1845	123615.0	123221.0
1846	123460.0	123962.0
1847	123249.0	123325.0
1848	122694.0	123454.0
1849	123359.0	123336.0
1850	123700.0	123711.0
1851	123290.0	123779.0
1852	123436.0	123309.0
1853	124023.0	124030.0
1854	123085.0	123507.0
1855	123487.0	123610.0
1856	123888.0	123492.0
1857	124055.0	123264.0
1858	123709.0	123379.0
1859	123911.0	123656.0
1860	123896.0	124017.0
1861	123251.0	123486.0
1862	124190.0	123330.0
1863	123882.0	123401.0
1864	123827.0	122644.0
1865	123683.0	123410.0
1866	123912.0	123988.0
1867	123161.0	123344.0
1868	123353.0	123406.0
1869	123967.0	123053.0
1870	123972.0	123873.0
1871	123755.0	123344.0
1872	123801.0	123366.0
1873	123794.0	123099.0
1874	123672.0	123549.0
1875	123587.0	123360.0
1876	123194.0	124110.0
1877	123726.0	123660.0
1878	123123.0	123372.0
1879	123548.0	123047.0
1880	123430.0	123815.0
1881	123391.0	123495.0
1882	123526.0	123883.0
1883	122983.0	123551.0
1884	123652.0	123003.0
1885	123857.0	123058.0
1886	123358.0	123180.0
1887	123562.0	123335.0
1888	123702.0	123269.0
1889	123750.0	123014.0
1890	123768.0	123693.0
1891	123542.0	123542.0
1892	124013.0	123581.0
1893	124414.0	123492.0
1894	123177.0	122844.0
1895	123141.0	123053.0
1896	123448.0	123357.0
1897	123449.0	123456.0
1898	123511.0	123442.0
1899	123583.0	123573.0
1900	123839.0	122497.0
1901	124166.0	122759.0
1902	123443.0	123450.0
1903	123993.0	123351.0
1904	123918.0	123202.0
1905	122823.0	123216.0
1906	123632.0	123342.0
1907	123391.0	123659.0
1908	122882.0	124131.0
1909	123303.0	122902.0
1910	123688.0	123302.0
1911	123967.0	123356.0
1912	122717.0	123275.0
1913	123250.0	122950.0
1914	123541.0	123228.0
1915	122819.0	123494.0
1916	123783.0	123487.0
1917	123416.0	123054.0
1918	123252.0	122868.0
1919	122907.0	123048.0
1920	123268.0	123136.0
1921	123605.0	122779.0
1922	123179.0	123269.0
1923	123270.0	123488.0
1924	122965.0	123031.0
1925	123354.0	124008.0
1926	123555.0	122788.0
1927	123175.0	122909.0
1928	123225.0	123187.0
1929	122901.0	123155.0
1930	122653.0	122921.0
1931	123287.0	123148.0
1932	123539.0	123099.0
1933	123087.0	122824.0
1934	123233.0	123053.0
1935	123223.0	122626.0
1936	124007.0	123283.0
1937	123415.0	123604.0
1938	123739.0	123968.0
1939	123869.0	123228.0
1940	122971.0	123355.0
1941	123228.0	123428.0
1942	123166.0	123334.0
1943	122999.0	123347.0
1944	123894.0	122588.0
1945	123225.0	122639.0
1946	123044.0	122821.0
1947	123326.0	123640.0
1948	123714.0	123952.0
1949	122561.0	123118.0
1950	123374.0	123249.0
1951	122951.0	123050.0
1952	122979.0	123767.0
1953	123262.0	123149.0
1954	123329.0	122688.0
1955	123150.0	122997.0
1956	123954.0	123380.0
1957	123367.0	123726.0
1958	124334.0	122603.0
1959	123471.0	122811.0
1960	123346.0	122968.0
1961	123339.0	123628.0
1962	123050.0	122779.0
1963	123159.0	122622.0
1964	122634.0	123185.0
1965	123415.0	123690.0
1966	122768.0	123051.0
1967	123087.0	123070.0
1968	123478.0	123104.0
1969	123426.0	123460.0
1970	123163.0	123492.0
1971	122811.0	122875.0
1972	122535.0	122820.0
1973	123429.0	122839.0
1974	122990.0	123167.0
1975	123484.0	124082.0
1976	123158.0	123762.0
1977	123645.0	122674.0
1978	123236.0	122727.0
1979	122856.0	123160.0
1980	123735.0	123191.0
1981	123096.0	123187.0
1982	123122.0	123432.0
1983	122943.0	123444.0
1984	123830.0	122746.0
1985	122725.0	123083.0
1986	123102.0	123688.0
1987	123483.0	123313.0
1988	122988.0	122816.0
1989	123138.0	122652.0
1990	123418.0	123158.0
1991	123251.0	123865.0
1992	122975.0	123549.0
1993	123402.0	122946.0
1994	123029.0	123381.0
1995	123479.0	123905.0
1996	123830.0	124367.0
1997	122890.0	123229.0
1998	123282.0	123170.0
1999	122530.0	123142.0
