Distance in bp(Fragment Length Estimate: 471)(Peak Width Estimate: 471)	Same Strand (+ for Watson strand, - for Crick)	Opposite Strand
-2000	121577.0	121581.0
-1999	121373.0	121791.0
-1998	121350.0	122090.0
-1997	121613.0	121260.0
-1996	121254.0	121494.0
-1995	122101.0	121697.0
-1994	121308.0	121145.0
-1993	122333.0	121494.0
-1992	121707.0	121605.0
-1991	121410.0	122052.0
-1990	121522.0	121407.0
-1989	121033.0	121496.0
-1988	121037.0	121977.0
-1987	121246.0	121932.0
-1986	121336.0	122311.0
-1985	121801.0	121572.0
-1984	121775.0	121643.0
-1983	121347.0	121679.0
-1982	121882.0	121454.0
-1981	121887.0	121984.0
-1980	122143.0	121453.0
-1979	122044.0	121435.0
-1978	121853.0	121057.0
-1977	122137.0	121640.0
-1976	121098.0	120798.0
-1975	121402.0	121721.0
-1974	121515.0	121470.0
-1973	121361.0	121330.0
-1972	121969.0	121392.0
-1971	122073.0	121384.0
-1970	121356.0	120907.0
-1969	121982.0	122067.0
-1968	121766.0	122007.0
-1967	121350.0	121491.0
-1966	121937.0	121743.0
-1965	122001.0	121391.0
-1964	121047.0	121583.0
-1963	121773.0	121602.0
-1962	121642.0	121807.0
-1961	121697.0	121642.0
-1960	121856.0	121842.0
-1959	121801.0	121920.0
-1958	121348.0	121454.0
-1957	121378.0	121677.0
-1956	121767.0	121886.0
-1955	121863.0	121366.0
-1954	122512.0	121984.0
-1953	122020.0	121573.0
-1952	121630.0	121802.0
-1951	121723.0	121761.0
-1950	121847.0	121487.0
-1949	121353.0	121524.0
-1948	121653.0	121781.0
-1947	121615.0	121551.0
-1946	121600.0	121006.0
-1945	121780.0	121787.0
-1944	121824.0	121045.0
-1943	121773.0	121683.0
-1942	121903.0	121727.0
-1941	122137.0	121901.0
-1940	121436.0	121849.0
-1939	121734.0	121325.0
-1938	121980.0	121757.0
-1937	121764.0	121720.0
-1936	121768.0	121539.0
-1935	121844.0	121458.0
-1934	121555.0	121254.0
-1933	121575.0	121307.0
-1932	121937.0	121765.0
-1931	121464.0	121515.0
-1930	121396.0	121553.0
-1929	121789.0	122069.0
-1928	121661.0	121443.0
-1927	122004.0	121551.0
-1926	121309.0	121201.0
-1925	121992.0	121915.0
-1924	121920.0	121715.0
-1923	121550.0	121557.0
-1922	121610.0	121418.0
-1921	121566.0	121412.0
-1920	121469.0	121396.0
-1919	122170.0	121307.0
-1918	122302.0	121303.0
-1917	122264.0	121805.0
-1916	122015.0	121403.0
-1915	121425.0	121306.0
-1914	122057.0	121996.0
-1913	121695.0	121389.0
-1912	121483.0	122312.0
-1911	122349.0	121736.0
-1910	121991.0	121306.0
-1909	121880.0	121986.0
-1908	121931.0	121837.0
-1907	121978.0	121226.0
-1906	121000.0	121872.0
-1905	121201.0	121910.0
-1904	121731.0	122320.0
-1903	121657.0	121420.0
-1902	122184.0	121626.0
-1901	121956.0	121940.0
-1900	121664.0	121646.0
-1899	121704.0	121936.0
-1898	121414.0	122208.0
-1897	122445.0	122180.0
-1896	122282.0	121981.0
-1895	122136.0	121728.0
-1894	121723.0	121742.0
-1893	121564.0	121705.0
-1892	121535.0	121425.0
-1891	121298.0	121614.0
-1890	121869.0	121398.0
-1889	122402.0	121864.0
-1888	121946.0	121451.0
-1887	122200.0	122143.0
-1886	121737.0	122274.0
-1885	121596.0	121571.0
-1884	122077.0	121738.0
-1883	121966.0	121193.0
-1882	122049.0	122068.0
-1881	122270.0	122005.0
-1880	121779.0	121354.0
-1879	121182.0	121550.0
-1878	121697.0	121595.0
-1877	121882.0	121598.0
-1876	121896.0	121884.0
-1875	121820.0	122033.0
-1874	121559.0	121156.0
-1873	121949.0	122245.0
-1872	122321.0	120952.0
-1871	121877.0	121127.0
-1870	121283.0	121888.0
-1869	122111.0	121881.0
-1868	121706.0	121698.0
-1867	121123.0	121674.0
-1866	121676.0	121844.0
-1865	121772.0	121956.0
-1864	121768.0	121426.0
-1863	121927.0	121522.0
-1862	121687.0	120799.0
-1861	121382.0	121623.0
-1860	122185.0	121676.0
-1859	122419.0	122111.0
-1858	122284.0	121959.0
-1857	122000.0	121285.0
-1856	121969.0	121232.0
-1855	122080.0	121785.0
-1854	122071.0	121812.0
-1853	122181.0	122231.0
-1852	122661.0	121929.0
-1851	122060.0	122173.0
-1850	121568.0	122044.0
-1849	122084.0	121363.0
-1848	122344.0	122126.0
-1847	121807.0	121682.0
-1846	121793.0	121651.0
-1845	122098.0	121169.0
-1844	121730.0	121698.0
-1843	122308.0	121069.0
-1842	122111.0	122408.0
-1841	121526.0	121780.0
-1840	122225.0	121544.0
-1839	122249.0	122049.0
-1838	122218.0	121884.0
-1837	121909.0	121810.0
-1836	122008.0	121752.0
-1835	121603.0	121352.0
-1834	121819.0	121386.0
-1833	121851.0	122022.0
-1832	122089.0	121608.0
-1831	121621.0	121885.0
-1830	122241.0	121942.0
-1829	122225.0	121628.0
-1828	121918.0	121371.0
-1827	121917.0	121737.0
-1826	121964.0	121753.0
-1825	121303.0	121743.0
-1824	121631.0	121881.0
-1823	122375.0	121556.0
-1822	121573.0	122058.0
-1821	122527.0	121868.0
-1820	122334.0	121600.0
-1819	121887.0	121840.0
-1818	121858.0	122048.0
-1817	121516.0	121448.0
-1816	122045.0	121647.0
-1815	121949.0	121449.0
-1814	121768.0	121597.0
-1813	121917.0	122121.0
-1812	122719.0	121944.0
-1811	121863.0	122483.0
-1810	121839.0	122163.0
-1809	122146.0	121835.0
-1808	121846.0	121933.0
-1807	122018.0	121550.0
-1806	122448.0	121778.0
-1805	122296.0	122081.0
-1804	121575.0	122029.0
-1803	122233.0	121746.0
-1802	121951.0	121783.0
-1801	122105.0	121519.0
-1800	122054.0	122091.0
-1799	121606.0	122449.0
-1798	122408.0	122287.0
-1797	122641.0	121924.0
-1796	122370.0	121671.0
-1795	122204.0	122517.0
-1794	122108.0	122101.0
-1793	121831.0	122053.0
-1792	122234.0	121996.0
-1791	122378.0	121969.0
-1790	122288.0	121412.0
-1789	121631.0	121588.0
-1788	122306.0	122383.0
-1787	122133.0	122191.0
-1786	121705.0	121866.0
-1785	122155.0	121930.0
-1784	122125.0	121823.0
-1783	122001.0	122110.0
-1782	122201.0	122129.0
-1781	122093.0	122217.0
-1780	122282.0	122306.0
-1779	122590.0	121808.0
-1778	121745.0	121742.0
-1777	122420.0	121845.0
-1776	122456.0	121662.0
-1775	122670.0	121470.0
-1774	122203.0	121654.0
-1773	122219.0	122209.0
-1772	121926.0	122308.0
-1771	122266.0	121955.0
-1770	122437.0	121561.0
-1769	121946.0	121631.0
-1768	122810.0	121846.0
-1767	122944.0	121646.0
-1766	122459.0	121945.0
-1765	121797.0	122473.0
-1764	122263.0	122515.0
-1763	122676.0	122226.0
-1762	122317.0	121897.0
-1761	122246.0	122171.0
-1760	122669.0	122500.0
-1759	122272.0	122316.0
-1758	121914.0	122645.0
-1757	122171.0	122295.0
-1756	122637.0	122310.0
-1755	122353.0	121788.0
-1754	122390.0	121827.0
-1753	122625.0	122253.0
-1752	122446.0	122445.0
-1751	122748.0	121903.0
-1750	121791.0	121579.0
-1749	122209.0	122574.0
-1748	122227.0	121758.0
-1747	122674.0	122288.0
-1746	122810.0	122250.0
-1745	122686.0	122134.0
-1744	122182.0	122142.0
-1743	122371.0	122238.0
-1742	122203.0	121711.0
-1741	122375.0	121866.0
-1740	122354.0	122026.0
-1739	122399.0	122081.0
-1738	122357.0	121945.0
-1737	122465.0	121912.0
-1736	122285.0	121985.0
-1735	122228.0	122085.0
-1734	122648.0	121768.0
-1733	122932.0	121966.0
-1732	122449.0	122613.0
-1731	122810.0	122318.0
-1730	122746.0	122198.0
-1729	121819.0	121566.0
-1728	122633.0	122075.0
-1727	121996.0	122638.0
-1726	122075.0	122100.0
-1725	123067.0	122036.0
-1724	122767.0	122223.0
-1723	122415.0	122075.0
-1722	122315.0	122778.0
-1721	122104.0	122398.0
-1720	122672.0	122389.0
-1719	122850.0	122569.0
-1718	122764.0	122135.0
-1717	121498.0	122280.0
-1716	121992.0	122464.0
-1715	122178.0	121864.0
-1714	121949.0	121681.0
-1713	122545.0	122249.0
-1712	122171.0	122386.0
-1711	122119.0	122182.0
-1710	122451.0	122021.0
-1709	122312.0	121987.0
-1708	123236.0	122148.0
-1707	122791.0	121813.0
-1706	122643.0	121978.0
-1705	122251.0	122058.0
-1704	122332.0	121805.0
-1703	122644.0	122001.0
-1702	122562.0	121712.0
-1701	122087.0	122349.0
-1700	122062.0	122151.0
-1699	122066.0	122179.0
-1698	121747.0	122751.0
-1697	123127.0	121898.0
-1696	122445.0	122154.0
-1695	122555.0	122839.0
-1694	122001.0	122636.0
-1693	122023.0	122207.0
-1692	122633.0	121813.0
-1691	121406.0	122786.0
-1690	122079.0	121972.0
-1689	122342.0	122471.0
-1688	122867.0	122439.0
-1687	122134.0	122212.0
-1686	122404.0	122803.0
-1685	122221.0	122241.0
-1684	122499.0	121992.0
-1683	122757.0	122454.0
-1682	122364.0	121886.0
-1681	122707.0	122406.0
-1680	122319.0	122343.0
-1679	122600.0	122354.0
-1678	122829.0	121846.0
-1677	121898.0	122037.0
-1676	122082.0	121764.0
-1675	122450.0	122506.0
-1674	122373.0	122192.0
-1673	122508.0	122577.0
-1672	122442.0	122138.0
-1671	122671.0	122715.0
-1670	122460.0	121944.0
-1669	122626.0	122269.0
-1668	122738.0	122032.0
-1667	122727.0	122191.0
-1666	123144.0	122215.0
-1665	122806.0	122364.0
-1664	122302.0	121709.0
-1663	122127.0	121820.0
-1662	122934.0	122020.0
-1661	121907.0	122227.0
-1660	122279.0	122540.0
-1659	122299.0	122480.0
-1658	121863.0	122121.0
-1657	122553.0	122521.0
-1656	122237.0	121506.0
-1655	122400.0	122267.0
-1654	121898.0	122035.0
-1653	121977.0	122150.0
-1652	122006.0	122099.0
-1651	122965.0	122122.0
-1650	122513.0	121927.0
-1649	122610.0	121894.0
-1648	122195.0	122078.0
-1647	122452.0	122412.0
-1646	122134.0	122681.0
-1645	122238.0	122192.0
-1644	122010.0	122393.0
-1643	121906.0	122546.0
-1642	122748.0	122309.0
-1641	122394.0	122292.0
-1640	122587.0	121928.0
-1639	122064.0	122265.0
-1638	122631.0	122662.0
-1637	122104.0	122212.0
-1636	122562.0	121598.0
-1635	122795.0	121643.0
-1634	122007.0	122200.0
-1633	122867.0	122383.0
-1632	121966.0	121987.0
-1631	121685.0	122537.0
-1630	122199.0	122384.0
-1629	122326.0	122472.0
-1628	122467.0	122985.0
-1627	121938.0	122009.0
-1626	122366.0	122629.0
-1625	122105.0	122013.0
-1624	122098.0	122056.0
-1623	122557.0	121833.0
-1622	121690.0	121851.0
-1621	122048.0	123095.0
-1620	122171.0	122660.0
-1619	122618.0	122477.0
-1618	122313.0	122184.0
-1617	122745.0	122349.0
-1616	122570.0	122451.0
-1615	122692.0	122279.0
-1614	122056.0	122468.0
-1613	122159.0	122279.0
-1612	122274.0	122421.0
-1611	122337.0	122389.0
-1610	122752.0	122161.0
-1609	122233.0	122515.0
-1608	122046.0	122222.0
-1607	121876.0	122151.0
-1606	122058.0	122212.0
-1605	122196.0	122202.0
-1604	122291.0	123156.0
-1603	122583.0	121642.0
-1602	122758.0	121986.0
-1601	121974.0	122225.0
-1600	122555.0	122114.0
-1599	122381.0	122809.0
-1598	122239.0	122339.0
-1597	122310.0	121943.0
-1596	122249.0	122007.0
-1595	122440.0	122360.0
-1594	122356.0	122370.0
-1593	122517.0	122495.0
-1592	121802.0	122699.0
-1591	122368.0	122446.0
-1590	122572.0	122596.0
-1589	122502.0	122907.0
-1588	122576.0	122591.0
-1587	122273.0	122121.0
-1586	122568.0	122111.0
-1585	122165.0	122413.0
-1584	122295.0	122412.0
-1583	122377.0	122328.0
-1582	122102.0	122529.0
-1581	122660.0	122615.0
-1580	122012.0	122482.0
-1579	122839.0	122185.0
-1578	122836.0	122490.0
-1577	122410.0	122158.0
-1576	122611.0	122454.0
-1575	122638.0	122108.0
-1574	122252.0	122228.0
-1573	122824.0	121799.0
-1572	122260.0	123105.0
-1571	122498.0	122023.0
-1570	122804.0	122824.0
-1569	122650.0	122569.0
-1568	121923.0	121689.0
-1567	122626.0	122317.0
-1566	123335.0	122695.0
-1565	122900.0	122236.0
-1564	122361.0	122594.0
-1563	122409.0	122460.0
-1562	122217.0	122483.0
-1561	121994.0	122828.0
-1560	123041.0	123017.0
-1559	122286.0	122800.0
-1558	122430.0	122240.0
-1557	122605.0	122775.0
-1556	122578.0	122053.0
-1555	122309.0	122963.0
-1554	122282.0	122836.0
-1553	122279.0	122888.0
-1552	122957.0	122623.0
-1551	122668.0	122431.0
-1550	123111.0	123024.0
-1549	122639.0	122357.0
-1548	122752.0	122565.0
-1547	122397.0	122328.0
-1546	122860.0	123422.0
-1545	122653.0	122733.0
-1544	122158.0	122041.0
-1543	122827.0	122849.0
-1542	122971.0	123211.0
-1541	122734.0	122650.0
-1540	122495.0	122628.0
-1539	122428.0	123149.0
-1538	123341.0	122161.0
-1537	122620.0	122745.0
-1536	123000.0	122362.0
-1535	122179.0	121845.0
-1534	122776.0	122760.0
-1533	122407.0	122209.0
-1532	123349.0	122327.0
-1531	123178.0	122127.0
-1530	123079.0	122815.0
-1529	122928.0	122563.0
-1528	122234.0	122612.0
-1527	123042.0	122342.0
-1526	122790.0	122143.0
-1525	122611.0	122349.0
-1524	122631.0	122426.0
-1523	122971.0	122405.0
-1522	122510.0	122180.0
-1521	122989.0	122461.0
-1520	123345.0	122100.0
-1519	122707.0	121734.0
-1518	122398.0	122981.0
-1517	122784.0	122485.0
-1516	122377.0	121812.0
-1515	123060.0	122811.0
-1514	122680.0	122345.0
-1513	122351.0	122611.0
-1512	122723.0	122539.0
-1511	122837.0	122691.0
-1510	122346.0	122257.0
-1509	122862.0	122747.0
-1508	122994.0	122195.0
-1507	122429.0	121948.0
-1506	122962.0	122158.0
-1505	123026.0	122373.0
-1504	123103.0	122436.0
-1503	122647.0	122862.0
-1502	122554.0	122671.0
-1501	123948.0	122544.0
-1500	123007.0	121846.0
-1499	122861.0	122382.0
-1498	122975.0	122572.0
-1497	122906.0	122770.0
-1496	122923.0	122809.0
-1495	123056.0	123210.0
-1494	122818.0	122757.0
-1493	122718.0	122439.0
-1492	122570.0	122884.0
-1491	123190.0	122577.0
-1490	122737.0	121638.0
-1489	122156.0	122094.0
-1488	122964.0	122662.0
-1487	123090.0	122119.0
-1486	122862.0	122925.0
-1485	122609.0	122457.0
-1484	122649.0	122254.0
-1483	122664.0	122932.0
-1482	123098.0	122546.0
-1481	122896.0	123103.0
-1480	123071.0	122547.0
-1479	123119.0	122791.0
-1478	123084.0	122896.0
-1477	122860.0	122488.0
-1476	122574.0	122566.0
-1475	123301.0	122581.0
-1474	122311.0	122849.0
-1473	122871.0	122681.0
-1472	123140.0	122158.0
-1471	122602.0	122466.0
-1470	123295.0	122795.0
-1469	122961.0	122579.0
-1468	122754.0	122625.0
-1467	123079.0	122516.0
-1466	123268.0	122686.0
-1465	122709.0	122259.0
-1464	122597.0	122554.0
-1463	123616.0	122865.0
-1462	122623.0	122299.0
-1461	123153.0	122790.0
-1460	122984.0	122689.0
-1459	122748.0	122167.0
-1458	122623.0	122580.0
-1457	122803.0	122629.0
-1456	122513.0	122532.0
-1455	122871.0	122492.0
-1454	122750.0	122530.0
-1453	122935.0	122420.0
-1452	122885.0	122394.0
-1451	122623.0	122701.0
-1450	122961.0	122716.0
-1449	123418.0	123773.0
-1448	122426.0	122480.0
-1447	122896.0	122691.0
-1446	123190.0	122817.0
-1445	122619.0	122042.0
-1444	122633.0	122497.0
-1443	122456.0	121879.0
-1442	122255.0	122259.0
-1441	122799.0	122685.0
-1440	123119.0	122854.0
-1439	122454.0	122317.0
-1438	122511.0	122583.0
-1437	122690.0	122869.0
-1436	122780.0	122597.0
-1435	122959.0	123141.0
-1434	122596.0	122977.0
-1433	122569.0	122289.0
-1432	122195.0	122247.0
-1431	123336.0	122394.0
-1430	123072.0	122702.0
-1429	122666.0	122458.0
-1428	122734.0	122732.0
-1427	122512.0	121827.0
-1426	122042.0	122531.0
-1425	122770.0	122326.0
-1424	122824.0	122979.0
-1423	122641.0	122709.0
-1422	122636.0	121733.0
-1421	122431.0	121886.0
-1420	123095.0	122604.0
-1419	123070.0	122679.0
-1418	122341.0	122523.0
-1417	121791.0	122745.0
-1416	122546.0	122740.0
-1415	122855.0	122638.0
-1414	123391.0	122885.0
-1413	122899.0	122589.0
-1412	122203.0	122617.0
-1411	122422.0	123085.0
-1410	123162.0	123609.0
-1409	122664.0	122393.0
-1408	122507.0	122557.0
-1407	123007.0	122909.0
-1406	122220.0	123131.0
-1405	123025.0	123006.0
-1404	123276.0	122700.0
-1403	123426.0	122661.0
-1402	123287.0	123342.0
-1401	123491.0	122714.0
-1400	123037.0	122602.0
-1399	122797.0	122708.0
-1398	123103.0	122428.0
-1397	122884.0	122634.0
-1396	122786.0	122127.0
-1395	123334.0	122643.0
-1394	122733.0	122759.0
-1393	122926.0	122753.0
-1392	122845.0	122692.0
-1391	123096.0	123186.0
-1390	122672.0	123647.0
-1389	123809.0	122854.0
-1388	122852.0	122600.0
-1387	122740.0	122843.0
-1386	122643.0	122553.0
-1385	123085.0	122786.0
-1384	122938.0	123071.0
-1383	122881.0	123002.0
-1382	122922.0	122859.0
-1381	123057.0	122587.0
-1380	122176.0	122804.0
-1379	122653.0	122727.0
-1378	123016.0	123534.0
-1377	122607.0	122907.0
-1376	123554.0	122130.0
-1375	123169.0	122561.0
-1374	123147.0	122218.0
-1373	123393.0	122273.0
-1372	123404.0	122576.0
-1371	123095.0	122957.0
-1370	123645.0	122658.0
-1369	122609.0	123015.0
-1368	123256.0	123173.0
-1367	123557.0	122553.0
-1366	122792.0	122947.0
-1365	123114.0	122585.0
-1364	122883.0	122724.0
-1363	122796.0	122802.0
-1362	122543.0	123342.0
-1361	122785.0	122491.0
-1360	123034.0	122674.0
-1359	123212.0	122876.0
-1358	123114.0	122664.0
-1357	122916.0	122888.0
-1356	122927.0	122993.0
-1355	123738.0	123102.0
-1354	123606.0	122515.0
-1353	122634.0	122920.0
-1352	122848.0	122603.0
-1351	123223.0	122978.0
-1350	123496.0	123548.0
-1349	122929.0	123086.0
-1348	123233.0	122963.0
-1347	122945.0	122734.0
-1346	122399.0	122595.0
-1345	123083.0	122809.0
-1344	122870.0	123162.0
-1343	123542.0	122486.0
-1342	123308.0	123384.0
-1341	123178.0	123066.0
-1340	123189.0	123194.0
-1339	123055.0	123501.0
-1338	123187.0	123181.0
-1337	122586.0	122616.0
-1336	123048.0	122269.0
-1335	123922.0	122925.0
-1334	123075.0	123222.0
-1333	122851.0	123014.0
-1332	123400.0	122554.0
-1331	122852.0	123014.0
-1330	123178.0	123185.0
-1329	123242.0	122900.0
-1328	122413.0	123261.0
-1327	123228.0	122649.0
-1326	123670.0	122600.0
-1325	122628.0	122726.0
-1324	123778.0	122697.0
-1323	123343.0	122499.0
-1322	122652.0	122752.0
-1321	122371.0	122588.0
-1320	122985.0	122988.0
-1319	123244.0	122211.0
-1318	123279.0	123445.0
-1317	123147.0	123718.0
-1316	123068.0	122613.0
-1315	123191.0	123025.0
-1314	124020.0	122961.0
-1313	122809.0	122640.0
-1312	122545.0	123085.0
-1311	123470.0	122538.0
-1310	123245.0	122890.0
-1309	122852.0	122623.0
-1308	123677.0	123465.0
-1307	122912.0	122604.0
-1306	122661.0	123212.0
-1305	123626.0	122654.0
-1304	123283.0	123311.0
-1303	123673.0	122482.0
-1302	123559.0	122639.0
-1301	123470.0	122958.0
-1300	123449.0	122611.0
-1299	123547.0	122671.0
-1298	123041.0	122794.0
-1297	123132.0	123012.0
-1296	123832.0	123216.0
-1295	122752.0	123478.0
-1294	123368.0	123107.0
-1293	123751.0	123308.0
-1292	123150.0	122868.0
-1291	123369.0	123242.0
-1290	123373.0	123183.0
-1289	123131.0	122800.0
-1288	123010.0	123068.0
-1287	123167.0	122706.0
-1286	123171.0	122344.0
-1285	123257.0	123227.0
-1284	123294.0	123648.0
-1283	123207.0	122892.0
-1282	122996.0	122832.0
-1281	122809.0	122756.0
-1280	123090.0	122834.0
-1279	123232.0	122781.0
-1278	123338.0	123062.0
-1277	122939.0	123310.0
-1276	123427.0	123022.0
-1275	123360.0	122581.0
-1274	123162.0	123650.0
-1273	122836.0	122972.0
-1272	123309.0	123222.0
-1271	123484.0	122675.0
-1270	123440.0	122440.0
-1269	123372.0	123201.0
-1268	122607.0	123192.0
-1267	122759.0	122918.0
-1266	123087.0	122941.0
-1265	122871.0	122740.0
-1264	122920.0	122961.0
-1263	123641.0	123200.0
-1262	122743.0	122565.0
-1261	123028.0	122916.0
-1260	123381.0	122429.0
-1259	123443.0	122937.0
-1258	122917.0	123392.0
-1257	123658.0	122607.0
-1256	123097.0	122927.0
-1255	123118.0	123046.0
-1254	123355.0	123333.0
-1253	123270.0	122779.0
-1252	123345.0	123077.0
-1251	123634.0	122333.0
-1250	123274.0	123057.0
-1249	122963.0	123097.0
-1248	123357.0	122917.0
-1247	123486.0	123428.0
-1246	123612.0	123002.0
-1245	123318.0	123472.0
-1244	122980.0	122732.0
-1243	122595.0	122668.0
-1242	123082.0	121997.0
-1241	123352.0	122617.0
-1240	122738.0	123271.0
-1239	123465.0	122643.0
-1238	123727.0	123042.0
-1237	123232.0	123248.0
-1236	122964.0	122895.0
-1235	122774.0	122266.0
-1234	122655.0	122935.0
-1233	122789.0	123612.0
-1232	122835.0	123379.0
-1231	122901.0	123147.0
-1230	123397.0	123145.0
-1229	123499.0	122756.0
-1228	123021.0	123005.0
-1227	123133.0	123749.0
-1226	122748.0	123431.0
-1225	123455.0	123729.0
-1224	123453.0	123125.0
-1223	123485.0	122949.0
-1222	123201.0	123248.0
-1221	123765.0	123593.0
-1220	122807.0	123263.0
-1219	123475.0	123714.0
-1218	123479.0	122974.0
-1217	123587.0	122742.0
-1216	123809.0	122658.0
-1215	123773.0	123178.0
-1214	123154.0	123585.0
-1213	123706.0	123221.0
-1212	123254.0	123360.0
-1211	123023.0	122515.0
-1210	123413.0	123398.0
-1209	124116.0	123330.0
-1208	123747.0	122668.0
-1207	123781.0	123216.0
-1206	123878.0	122857.0
-1205	122931.0	123327.0
-1204	123493.0	123467.0
-1203	123257.0	123368.0
-1202	123126.0	123211.0
-1201	123555.0	122877.0
-1200	123541.0	123760.0
-1199	123667.0	123010.0
-1198	123140.0	123320.0
-1197	124014.0	123669.0
-1196	123495.0	123315.0
-1195	123748.0	123173.0
-1194	123566.0	123669.0
-1193	123507.0	123260.0
-1192	123644.0	123473.0
-1191	123438.0	123817.0
-1190	123382.0	123210.0
-1189	123132.0	123130.0
-1188	124171.0	123286.0
-1187	123834.0	122842.0
-1186	123305.0	123526.0
-1185	123815.0	123473.0
-1184	123177.0	123141.0
-1183	123159.0	123197.0
-1182	123359.0	123093.0
-1181	123691.0	123656.0
-1180	123081.0	123595.0
-1179	123448.0	123907.0
-1178	122993.0	122652.0
-1177	123310.0	122846.0
-1176	123641.0	123083.0
-1175	122916.0	123063.0
-1174	123613.0	123766.0
-1173	123891.0	123092.0
-1172	123986.0	123801.0
-1171	124180.0	123660.0
-1170	123814.0	123643.0
-1169	123338.0	123225.0
-1168	123223.0	123319.0
-1167	124238.0	122954.0
-1166	123425.0	122965.0
-1165	123547.0	123212.0
-1164	124095.0	123388.0
-1163	123780.0	123191.0
-1162	123366.0	123553.0
-1161	123929.0	123130.0
-1160	123389.0	123206.0
-1159	123608.0	123240.0
-1158	124316.0	123413.0
-1157	123286.0	123240.0
-1156	123403.0	123322.0
-1155	123747.0	124057.0
-1154	123502.0	123317.0
-1153	123825.0	123604.0
-1152	123903.0	123314.0
-1151	123668.0	123082.0
-1150	123054.0	122662.0
-1149	123772.0	123588.0
-1148	123114.0	123194.0
-1147	123434.0	123356.0
-1146	124196.0	123636.0
-1145	123745.0	122841.0
-1144	123920.0	123287.0
-1143	123967.0	123193.0
-1142	123939.0	123196.0
-1141	123222.0	123710.0
-1140	123423.0	123237.0
-1139	123388.0	123605.0
-1138	123644.0	123807.0
-1137	123946.0	123263.0
-1136	123429.0	123614.0
-1135	123925.0	123182.0
-1134	123697.0	123309.0
-1133	124234.0	122965.0
-1132	124288.0	123467.0
-1131	123276.0	123970.0
-1130	122951.0	123580.0
-1129	122952.0	123675.0
-1128	123620.0	123951.0
-1127	123306.0	123375.0
-1126	123938.0	124052.0
-1125	123936.0	123287.0
-1124	123569.0	123481.0
-1123	123603.0	123746.0
-1122	124220.0	123413.0
-1121	123298.0	123465.0
-1120	124183.0	123851.0
-1119	124330.0	123321.0
-1118	123572.0	122604.0
-1117	123236.0	123381.0
-1116	123946.0	123412.0
-1115	122442.0	123399.0
-1114	123844.0	123781.0
-1113	123651.0	123808.0
-1112	124249.0	123289.0
-1111	123602.0	123869.0
-1110	123595.0	123595.0
-1109	123623.0	122693.0
-1108	123423.0	123359.0
-1107	124302.0	123390.0
-1106	123348.0	122959.0
-1105	123203.0	122960.0
-1104	124017.0	123560.0
-1103	124250.0	123350.0
-1102	123908.0	123788.0
-1101	123623.0	123348.0
-1100	123403.0	122844.0
-1099	123478.0	123271.0
-1098	123515.0	123405.0
-1097	124279.0	122887.0
-1096	124281.0	123209.0
-1095	124238.0	123121.0
-1094	123867.0	122718.0
-1093	123706.0	123761.0
-1092	123879.0	123975.0
-1091	123066.0	123091.0
-1090	123375.0	123868.0
-1089	123823.0	124066.0
-1088	124137.0	123679.0
-1087	123662.0	123683.0
-1086	123334.0	123356.0
-1085	122960.0	123605.0
-1084	123746.0	123623.0
-1083	123877.0	123585.0
-1082	123019.0	123001.0
-1081	123005.0	123789.0
-1080	123226.0	123396.0
-1079	123434.0	123433.0
-1078	123964.0	123265.0
-1077	123763.0	124170.0
-1076	123777.0	123478.0
-1075	123893.0	123999.0
-1074	123739.0	123989.0
-1073	123097.0	123328.0
-1072	123354.0	123757.0
-1071	124057.0	123523.0
-1070	123492.0	123160.0
-1069	123754.0	123873.0
-1068	124238.0	123994.0
-1067	123692.0	123625.0
-1066	123865.0	123279.0
-1065	124094.0	123689.0
-1064	123401.0	123469.0
-1063	123711.0	123698.0
-1062	123950.0	123638.0
-1061	123375.0	122937.0
-1060	123565.0	123491.0
-1059	124099.0	124237.0
-1058	123925.0	123181.0
-1057	123427.0	123923.0
-1056	124013.0	123652.0
-1055	123395.0	123194.0
-1054	123864.0	123978.0
-1053	123541.0	123375.0
-1052	123295.0	123568.0
-1051	123224.0	123701.0
-1050	124152.0	123296.0
-1049	123698.0	123930.0
-1048	123353.0	123701.0
-1047	123285.0	123387.0
-1046	123430.0	123987.0
-1045	123500.0	124195.0
-1044	124434.0	124021.0
-1043	123663.0	123857.0
-1042	123779.0	123230.0
-1041	123853.0	123358.0
-1040	123890.0	124326.0
-1039	123863.0	123957.0
-1038	123960.0	123553.0
-1037	123719.0	123498.0
-1036	123393.0	123563.0
-1035	123739.0	123934.0
-1034	123635.0	124167.0
-1033	124335.0	123705.0
-1032	124225.0	124386.0
-1031	123629.0	123185.0
-1030	123794.0	123620.0
-1029	123863.0	123478.0
-1028	123602.0	123346.0
-1027	123553.0	124180.0
-1026	123828.0	123950.0
-1025	123832.0	123663.0
-1024	123696.0	123565.0
-1023	124560.0	124592.0
-1022	124079.0	123515.0
-1021	123464.0	124273.0
-1020	123855.0	124173.0
-1019	123743.0	123684.0
-1018	123675.0	123381.0
-1017	124326.0	123933.0
-1016	123852.0	123440.0
-1015	123809.0	123765.0
-1014	124218.0	123796.0
-1013	123649.0	123358.0
-1012	123722.0	123625.0
-1011	124253.0	123928.0
-1010	123855.0	123298.0
-1009	123751.0	124434.0
-1008	123956.0	124147.0
-1007	123487.0	124002.0
-1006	123443.0	124062.0
-1005	124084.0	124071.0
-1004	123800.0	123421.0
-1003	123819.0	123849.0
-1002	124321.0	123805.0
-1001	123989.0	123849.0
-1000	123434.0	124107.0
-999	124009.0	124001.0
-998	123501.0	123731.0
-997	123841.0	123866.0
-996	123919.0	123519.0
-995	124011.0	123710.0
-994	123991.0	123893.0
-993	124333.0	123894.0
-992	123916.0	123499.0
-991	123011.0	124387.0
-990	124490.0	124063.0
-989	123514.0	123816.0
-988	123672.0	123852.0
-987	123796.0	124237.0
-986	123504.0	123783.0
-985	123654.0	124318.0
-984	124095.0	124197.0
-983	124052.0	123491.0
-982	124093.0	123868.0
-981	124298.0	124016.0
-980	124082.0	123899.0
-979	123593.0	123670.0
-978	124137.0	123671.0
-977	123854.0	124463.0
-976	124079.0	124483.0
-975	124266.0	124241.0
-974	123322.0	123814.0
-973	124232.0	123953.0
-972	124065.0	123731.0
-971	123704.0	123382.0
-970	124166.0	123663.0
-969	124496.0	124024.0
-968	124283.0	123121.0
-967	124521.0	123598.0
-966	124325.0	123850.0
-965	123525.0	123922.0
-964	123743.0	123860.0
-963	124449.0	123964.0
-962	123902.0	123631.0
-961	124030.0	123794.0
-960	123814.0	123900.0
-959	124045.0	123872.0
-958	124223.0	123544.0
-957	124833.0	123864.0
-956	123896.0	123417.0
-955	123910.0	123479.0
-954	123906.0	123198.0
-953	124121.0	123064.0
-952	124492.0	124128.0
-951	123963.0	123719.0
-950	123738.0	123625.0
-949	123739.0	123706.0
-948	124234.0	124020.0
-947	124234.0	123824.0
-946	123958.0	123675.0
-945	124117.0	123807.0
-944	124546.0	123164.0
-943	123847.0	123977.0
-942	124796.0	123823.0
-941	124378.0	124755.0
-940	124058.0	123613.0
-939	124136.0	123501.0
-938	124189.0	123761.0
-937	123910.0	123741.0
-936	124148.0	124258.0
-935	124544.0	123675.0
-934	124401.0	123915.0
-933	124799.0	123742.0
-932	124474.0	123873.0
-931	124385.0	124649.0
-930	124411.0	124133.0
-929	124214.0	123359.0
-928	124023.0	124250.0
-927	124778.0	124287.0
-926	123684.0	123546.0
-925	123976.0	123968.0
-924	124128.0	124414.0
-923	124265.0	123524.0
-922	124402.0	124338.0
-921	125032.0	123522.0
-920	124631.0	123761.0
-919	124699.0	124107.0
-918	124191.0	124297.0
-917	123601.0	124339.0
-916	123785.0	123852.0
-915	124670.0	124522.0
-914	124171.0	124079.0
-913	124429.0	124348.0
-912	124681.0	124321.0
-911	124183.0	123922.0
-910	123832.0	124135.0
-909	124874.0	123846.0
-908	124186.0	123330.0
-907	123906.0	123809.0
-906	124795.0	124067.0
-905	123792.0	123543.0
-904	123433.0	124130.0
-903	124474.0	124163.0
-902	124033.0	124046.0
-901	124037.0	124250.0
-900	125316.0	123723.0
-899	124247.0	123326.0
-898	124210.0	123991.0
-897	124462.0	123906.0
-896	124341.0	123999.0
-895	124382.0	124143.0
-894	124350.0	124112.0
-893	124080.0	123634.0
-892	124608.0	124156.0
-891	124611.0	124533.0
-890	123919.0	124320.0
-889	124027.0	124092.0
-888	124626.0	124651.0
-887	124382.0	124435.0
-886	123981.0	124234.0
-885	125007.0	124809.0
-884	124267.0	123858.0
-883	123829.0	124396.0
-882	124473.0	124105.0
-881	124004.0	124080.0
-880	123810.0	123876.0
-879	124555.0	124112.0
-878	124353.0	124173.0
-877	124568.0	124325.0
-876	124893.0	124434.0
-875	124118.0	124286.0
-874	124547.0	123664.0
-873	124312.0	124583.0
-872	124824.0	123554.0
-871	123924.0	124531.0
-870	124293.0	124048.0
-869	123723.0	123782.0
-868	124706.0	123772.0
-867	124602.0	124111.0
-866	124303.0	124144.0
-865	124061.0	124491.0
-864	124838.0	124102.0
-863	124414.0	123810.0
-862	124002.0	123641.0
-861	124735.0	124329.0
-860	124137.0	124035.0
-859	123928.0	124599.0
-858	124747.0	124055.0
-857	124442.0	123988.0
-856	124156.0	124034.0
-855	124712.0	123807.0
-854	124144.0	124163.0
-853	124399.0	124782.0
-852	124944.0	124571.0
-851	124464.0	124164.0
-850	124481.0	124308.0
-849	125034.0	124355.0
-848	123894.0	123918.0
-847	124488.0	123929.0
-846	124159.0	124225.0
-845	124433.0	123997.0
-844	124567.0	124182.0
-843	124129.0	124116.0
-842	123976.0	123538.0
-841	124325.0	124405.0
-840	124766.0	124225.0
-839	124185.0	124180.0
-838	124578.0	124136.0
-837	125252.0	124418.0
-836	124570.0	123988.0
-835	124252.0	124379.0
-834	124510.0	123680.0
-833	124195.0	123722.0
-832	124488.0	124166.0
-831	125209.0	124352.0
-830	124085.0	124433.0
-829	124508.0	123939.0
-828	124930.0	124019.0
-827	124050.0	123376.0
-826	124302.0	124483.0
-825	124573.0	125049.0
-824	124702.0	123396.0
-823	124657.0	124004.0
-822	124305.0	124496.0
-821	124225.0	123739.0
-820	124452.0	124242.0
-819	124957.0	125169.0
-818	124718.0	124011.0
-817	124572.0	124334.0
-816	125286.0	124011.0
-815	124443.0	123449.0
-814	124106.0	123840.0
-813	124996.0	124725.0
-812	124399.0	123608.0
-811	124579.0	124648.0
-810	124442.0	123943.0
-809	124389.0	124038.0
-808	124288.0	124538.0
-807	124766.0	124195.0
-806	124248.0	123485.0
-805	124230.0	124895.0
-804	124493.0	123899.0
-803	124512.0	124320.0
-802	124509.0	124549.0
-801	124506.0	125009.0
-800	124272.0	124371.0
-799	124350.0	124720.0
-798	124880.0	124403.0
-797	124309.0	124515.0
-796	124254.0	124811.0
-795	125158.0	124470.0
-794	124480.0	124250.0
-793	123984.0	124568.0
-792	124867.0	124418.0
-791	123980.0	124203.0
-790	124229.0	124432.0
-789	125054.0	124358.0
-788	123884.0	124356.0
-787	123978.0	124244.0
-786	125071.0	124879.0
-785	124582.0	123793.0
-784	124480.0	124660.0
-783	124886.0	124049.0
-782	124802.0	124555.0
-781	123635.0	124243.0
-780	124142.0	124814.0
-779	124132.0	124757.0
-778	124547.0	124823.0
-777	124813.0	124516.0
-776	124298.0	124353.0
-775	124645.0	124730.0
-774	124803.0	124894.0
-773	124607.0	124166.0
-772	124485.0	125026.0
-771	124657.0	125142.0
-770	123989.0	124858.0
-769	124672.0	125240.0
-768	124967.0	124998.0
-767	124592.0	124409.0
-766	124666.0	124990.0
-765	124916.0	124327.0
-764	124864.0	124240.0
-763	124676.0	124171.0
-762	125000.0	124835.0
-761	124614.0	124598.0
-760	124784.0	123940.0
-759	124998.0	125430.0
-758	124531.0	123930.0
-757	124811.0	124263.0
-756	124778.0	124398.0
-755	124456.0	123923.0
-754	124342.0	124707.0
-753	125147.0	125004.0
-752	124541.0	124296.0
-751	124109.0	124980.0
-750	124947.0	124737.0
-749	124766.0	124507.0
-748	124634.0	124867.0
-747	124667.0	124069.0
-746	124962.0	124061.0
-745	125159.0	124985.0
-744	125031.0	124087.0
-743	124224.0	124709.0
-742	124579.0	124825.0
-741	125206.0	125117.0
-740	124671.0	124524.0
-739	124286.0	125078.0
-738	125401.0	125495.0
-737	124432.0	124686.0
-736	125039.0	124703.0
-735	125470.0	124452.0
-734	125208.0	124495.0
-733	124520.0	123984.0
-732	124785.0	124280.0
-731	125359.0	124424.0
-730	124828.0	124653.0
-729	125449.0	124787.0
-728	124799.0	124489.0
-727	124929.0	125344.0
-726	125761.0	124841.0
-725	125308.0	124811.0
-724	124894.0	125333.0
-723	125516.0	124356.0
-722	125244.0	124297.0
-721	124499.0	124925.0
-720	125354.0	124802.0
-719	124698.0	124536.0
-718	125269.0	124611.0
-717	125746.0	124551.0
-716	124891.0	124363.0
-715	125357.0	124564.0
-714	125274.0	124905.0
-713	124935.0	124486.0
-712	124994.0	124755.0
-711	126310.0	124803.0
-710	125513.0	124100.0
-709	125376.0	125449.0
-708	125695.0	125280.0
-707	125045.0	124313.0
-706	124819.0	124302.0
-705	125576.0	125050.0
-704	124976.0	124079.0
-703	124646.0	124463.0
-702	125142.0	125029.0
-701	125257.0	124283.0
-700	124673.0	124971.0
-699	125492.0	124884.0
-698	124732.0	124745.0
-697	124419.0	124436.0
-696	125188.0	124522.0
-695	124563.0	124682.0
-694	124550.0	124407.0
-693	125283.0	124242.0
-692	125236.0	124024.0
-691	125534.0	124972.0
-690	125580.0	124699.0
-689	124809.0	123942.0
-688	124695.0	124810.0
-687	125643.0	124622.0
-686	125088.0	124337.0
-685	124847.0	124584.0
-684	125214.0	124908.0
-683	125213.0	123811.0
-682	124501.0	124468.0
-681	124843.0	124776.0
-680	124486.0	123959.0
-679	124657.0	124340.0
-678	125079.0	124352.0
-677	125350.0	123983.0
-676	124773.0	124641.0
-675	125016.0	124589.0
-674	124874.0	124411.0
-673	124901.0	124796.0
-672	124838.0	124818.0
-671	124951.0	123717.0
-670	124493.0	124603.0
-669	125847.0	124650.0
-668	125487.0	124391.0
-667	125119.0	124115.0
-666	125711.0	124370.0
-665	125136.0	123848.0
-664	124491.0	125199.0
-663	126035.0	124589.0
-662	124785.0	124628.0
-661	124961.0	124741.0
-660	124938.0	125178.0
-659	124593.0	124219.0
-658	124300.0	124324.0
-657	125350.0	124613.0
-656	124461.0	124250.0
-655	124657.0	124935.0
-654	125153.0	124619.0
-653	124797.0	124001.0
-652	124774.0	124967.0
-651	125071.0	124869.0
-650	124320.0	124175.0
-649	124631.0	125087.0
-648	125208.0	125214.0
-647	125132.0	123979.0
-646	124516.0	124809.0
-645	125431.0	124370.0
-644	124649.0	123998.0
-643	124164.0	123842.0
-642	125362.0	124218.0
-641	124378.0	124053.0
-640	124393.0	125168.0
-639	125214.0	124105.0
-638	124863.0	124056.0
-637	124433.0	124513.0
-636	124402.0	125057.0
-635	124633.0	124353.0
-634	123719.0	124448.0
-633	124852.0	124889.0
-632	124707.0	124480.0
-631	124347.0	124725.0
-630	124949.0	124903.0
-629	124489.0	124079.0
-628	124214.0	124398.0
-627	124637.0	124739.0
-626	124287.0	124246.0
-625	124620.0	124560.0
-624	124698.0	124721.0
-623	124420.0	123735.0
-622	123908.0	124850.0
-621	124875.0	124580.0
-620	124100.0	124498.0
-619	123971.0	124750.0
-618	124603.0	125200.0
-617	124194.0	124882.0
-616	124207.0	125117.0
-615	125503.0	125266.0
-614	124345.0	124723.0
-613	123834.0	124949.0
-612	125203.0	125514.0
-611	124549.0	124680.0
-610	124618.0	125344.0
-609	124615.0	125599.0
-608	125333.0	124074.0
-607	124677.0	125357.0
-606	124734.0	125472.0
-605	124038.0	124742.0
-604	124766.0	125261.0
-603	125166.0	125587.0
-602	124714.0	124561.0
-601	123883.0	124945.0
-600	125270.0	125219.0
-599	124488.0	125185.0
-598	124403.0	125347.0
-597	125103.0	125329.0
-596	124963.0	124667.0
-595	124703.0	125954.0
-594	124619.0	125606.0
-593	124906.0	124681.0
-592	123950.0	125564.0
-591	124926.0	125651.0
-590	124727.0	124412.0
-589	124126.0	125685.0
-588	124875.0	125608.0
-587	124552.0	125181.0
-586	124521.0	125453.0
-585	125253.0	125676.0
-584	124623.0	125080.0
-583	124058.0	125771.0
-582	125298.0	125908.0
-581	124993.0	125804.0
-580	124703.0	125265.0
-579	125052.0	125436.0
-578	125245.0	124556.0
-577	124454.0	125750.0
-576	125903.0	125525.0
-575	124817.0	125544.0
-574	125281.0	126227.0
-573	125696.0	125435.0
-572	125441.0	125331.0
-571	124374.0	125711.0
-570	125378.0	125319.0
-569	124772.0	125324.0
-568	124267.0	125783.0
-567	125629.0	125615.0
-566	125295.0	125483.0
-565	125207.0	126354.0
-564	125850.0	126481.0
-563	125372.0	125156.0
-562	124949.0	125923.0
-561	125991.0	126042.0
-560	125086.0	125431.0
-559	124806.0	125537.0
-558	126032.0	125790.0
-557	125265.0	125399.0
-556	125060.0	126349.0
-555	126267.0	126065.0
-554	125629.0	125326.0
-553	125474.0	125297.0
-552	126161.0	125393.0
-551	125743.0	125468.0
-550	125862.0	125670.0
-549	125775.0	125404.0
-548	125628.0	124913.0
-547	125901.0	125207.0
-546	126609.0	125685.0
-545	126144.0	124948.0
-544	125020.0	125456.0
-543	126195.0	126293.0
-542	125582.0	125241.0
-541	125347.0	125977.0
-540	126740.0	125514.0
-539	126225.0	124725.0
-538	126080.0	125497.0
-537	126230.0	125081.0
-536	125779.0	124841.0
-535	125842.0	125164.0
-534	126561.0	125774.0
-533	124947.0	124996.0
-532	125861.0	125440.0
-531	126512.0	125502.0
-530	126061.0	125241.0
-529	126098.0	125269.0
-528	126650.0	125766.0
-527	126411.0	125269.0
-526	125486.0	125321.0
-525	127174.0	125778.0
-524	125960.0	124296.0
-523	125458.0	125951.0
-522	126680.0	125192.0
-521	125997.0	124605.0
-520	125235.0	125640.0
-519	126485.0	124950.0
-518	126002.0	124340.0
-517	125131.0	124648.0
-516	126416.0	124679.0
-515	125564.0	123958.0
-514	126009.0	124693.0
-513	126907.0	124737.0
-512	125543.0	124572.0
-511	125597.0	124592.0
-510	125777.0	124959.0
-509	125543.0	124627.0
-508	125824.0	125352.0
-507	126540.0	125056.0
-506	125323.0	124200.0
-505	125110.0	124972.0
-504	125822.0	125435.0
-503	125086.0	124453.0
-502	125044.0	124940.0
-501	126088.0	125152.0
-500	125768.0	124498.0
-499	125351.0	124721.0
-498	126767.0	125142.0
-497	125632.0	124976.0
-496	125579.0	124502.0
-495	126553.0	124419.0
-494	125360.0	123530.0
-493	125739.0	124524.0
-492	125988.0	125073.0
-491	124859.0	124399.0
-490	125904.0	124683.0
-489	126208.0	124530.0
-488	125109.0	123918.0
-487	125295.0	124451.0
-486	126242.0	124614.0
-485	125114.0	124087.0
-484	125269.0	124252.0
-483	125848.0	124928.0
-482	124811.0	124890.0
-481	125189.0	125435.0
-480	126278.0	124545.0
-479	125141.0	123686.0
-478	125272.0	124571.0
-477	125916.0	124712.0
-476	125519.0	124304.0
-475	124724.0	124754.0
-474	125141.0	124767.0
-473	124274.0	124667.0
-472	124389.0	125017.0
-471	125779.0	124935.0
-470	124875.0	124301.0
-469	124525.0	124752.0
-468	125423.0	124822.0
-467	124607.0	124586.0
-466	124827.0	125267.0
-465	125269.0	125475.0
-464	124344.0	123996.0
-463	124667.0	124451.0
-462	124836.0	125023.0
-461	124082.0	124575.0
-460	124397.0	124557.0
-459	124932.0	124909.0
-458	124676.0	124298.0
-457	124303.0	124760.0
-456	125366.0	125119.0
-455	124593.0	124283.0
-454	123972.0	125281.0
-453	125683.0	125157.0
-452	124095.0	124326.0
-451	124381.0	124569.0
-450	125158.0	125057.0
-449	124746.0	124194.0
-448	124676.0	124858.0
-447	125137.0	124610.0
-446	124196.0	123738.0
-445	124027.0	124928.0
-444	124705.0	125562.0
-443	124444.0	124556.0
-442	123713.0	125218.0
-441	125178.0	125100.0
-440	124150.0	124054.0
-439	123426.0	124557.0
-438	125035.0	125440.0
-437	124257.0	124144.0
-436	124434.0	125343.0
-435	125449.0	125479.0
-434	123695.0	124803.0
-433	124198.0	125961.0
-432	125508.0	125731.0
-431	124413.0	124430.0
-430	124281.0	125449.0
-429	124752.0	126072.0
-428	124567.0	125495.0
-427	124166.0	126269.0
-426	125257.0	125559.0
-425	124016.0	125511.0
-424	123866.0	126383.0
-423	125656.0	125479.0
-422	124623.0	125729.0
-421	124408.0	126251.0
-420	125295.0	125707.0
-419	124500.0	125190.0
-418	124613.0	125709.0
-417	125090.0	126208.0
-416	124785.0	125861.0
-415	124737.0	126843.0
-414	125427.0	126818.0
-413	124386.0	125478.0
-412	124522.0	126597.0
-411	126222.0	126420.0
-410	125131.0	124824.0
-409	125190.0	126181.0
-408	126134.0	126574.0
-407	124779.0	125352.0
-406	125069.0	126499.0
-405	126166.0	126285.0
-404	125349.0	125787.0
-403	125351.0	127141.0
-402	125649.0	126814.0
-401	125485.0	125605.0
-400	124980.0	126737.0
-399	125950.0	127047.0
-398	125848.0	126205.0
-397	125310.0	127040.0
-396	127084.0	126612.0
-395	125597.0	126278.0
-394	126132.0	126702.0
-393	126668.0	126533.0
-392	126058.0	126131.0
-391	126123.0	126910.0
-390	126840.0	126806.0
-389	126116.0	125842.0
-388	125613.0	126717.0
-387	126717.0	127082.0
-386	126363.0	125704.0
-385	126274.0	126997.0
-384	126815.0	126340.0
-383	126663.0	126181.0
-382	126593.0	126873.0
-381	127579.0	126519.0
-380	126223.0	125850.0
-379	125990.0	126587.0
-378	127107.0	126329.0
-377	126810.0	126318.0
-376	126565.0	126817.0
-375	127656.0	126562.0
-374	126743.0	125165.0
-373	126518.0	126644.0
-372	127921.0	127121.0
-371	126260.0	126020.0
-370	126877.0	126614.0
-369	127939.0	127276.0
-368	127379.0	125436.0
-367	127038.0	126138.0
-366	128028.0	126303.0
-365	127017.0	125686.0
-364	127436.0	126094.0
-363	128296.0	126565.0
-362	127294.0	125689.0
-361	127225.0	127022.0
-360	128280.0	126372.0
-359	127348.0	125150.0
-358	127362.0	126219.0
-357	128223.0	125767.0
-356	126930.0	125752.0
-355	127034.0	126718.0
-354	128430.0	126187.0
-353	127942.0	125531.0
-352	127545.0	126187.0
-351	128459.0	125531.0
-350	127095.0	125144.0
-349	127304.0	126194.0
-348	128608.0	125802.0
-347	127651.0	125133.0
-346	127827.0	125925.0
-345	128589.0	125769.0
-344	127327.0	124807.0
-343	127592.0	125970.0
-342	128677.0	125658.0
-341	127620.0	125046.0
-340	127353.0	125559.0
-339	128240.0	125160.0
-338	128101.0	124693.0
-337	127228.0	124865.0
-336	128911.0	125430.0
-335	127173.0	124004.0
-334	127074.0	125512.0
-333	128390.0	124728.0
-332	126959.0	124121.0
-331	127028.0	125534.0
-330	128569.0	125560.0
-329	126706.0	124402.0
-328	126506.0	125556.0
-327	128034.0	125415.0
-326	127279.0	123966.0
-325	127217.0	125080.0
-324	127591.0	125217.0
-323	126167.0	124614.0
-322	126358.0	125246.0
-321	128171.0	125142.0
-320	126772.0	124495.0
-319	126429.0	125602.0
-318	128209.0	125188.0
-317	126732.0	124407.0
-316	126597.0	125018.0
-315	128049.0	125050.0
-314	126193.0	123700.0
-313	126222.0	125106.0
-312	127926.0	124950.0
-311	126626.0	123239.0
-310	126242.0	125172.0
-309	127426.0	125107.0
-308	126281.0	123531.0
-307	126017.0	124451.0
-306	127316.0	124584.0
-305	125714.0	123781.0
-304	126564.0	124741.0
-303	126965.0	124604.0
-302	125465.0	123549.0
-301	125919.0	125151.0
-300	126935.0	124800.0
-299	125303.0	123599.0
-298	125533.0	124761.0
-297	127193.0	124333.0
-296	126189.0	123763.0
-295	125260.0	124497.0
-294	126489.0	125003.0
-293	126265.0	123637.0
-292	125533.0	125162.0
-291	126503.0	125014.0
-290	125319.0	124543.0
-289	125019.0	124984.0
-288	126488.0	125134.0
-287	125257.0	124300.0
-286	125396.0	124778.0
-285	125922.0	124575.0
-284	125357.0	123870.0
-283	125269.0	125503.0
-282	125770.0	125217.0
-281	124877.0	124034.0
-280	125081.0	124240.0
-279	126044.0	125193.0
-278	124773.0	124168.0
-277	124998.0	125118.0
-276	126269.0	125638.0
-275	124711.0	123853.0
-274	125222.0	125642.0
-273	126298.0	125444.0
-272	125040.0	124190.0
-271	124959.0	125780.0
-270	125373.0	125417.0
-269	125084.0	124644.0
-268	125104.0	125302.0
-267	125827.0	125602.0
-266	124779.0	124465.0
-265	124742.0	125688.0
-264	125984.0	126398.0
-263	124788.0	124923.0
-262	125231.0	126119.0
-261	126079.0	126681.0
-260	124825.0	124747.0
-259	124817.0	126426.0
-258	126082.0	126383.0
-257	125294.0	125012.0
-256	124225.0	126387.0
-255	126303.0	126688.0
-254	124566.0	125430.0
-253	124816.0	126778.0
-252	126431.0	126423.0
-251	124659.0	125878.0
-250	125445.0	126764.0
-249	126202.0	127051.0
-248	124915.0	125423.0
-247	124838.0	127174.0
-246	126385.0	127118.0
-245	125643.0	125909.0
-244	125669.0	126834.0
-243	126863.0	127262.0
-242	124883.0	125809.0
-241	125460.0	127705.0
-240	126910.0	127887.0
-239	125760.0	126613.0
-238	126103.0	127664.0
-237	127175.0	128376.0
-236	125969.0	126334.0
-235	126334.0	128162.0
-234	127450.0	127978.0
-233	125993.0	127027.0
-232	126511.0	128143.0
-231	127465.0	128699.0
-230	126465.0	127049.0
-229	126910.0	128226.0
-228	127345.0	127607.0
-227	126598.0	127521.0
-226	126996.0	128258.0
-225	128509.0	128644.0
-224	126909.0	126951.0
-223	127629.0	128226.0
-222	128737.0	128598.0
-221	127128.0	127753.0
-220	127820.0	128336.0
-219	128742.0	128064.0
-218	127558.0	127956.0
-217	128258.0	129815.0
-216	129266.0	128308.0
-215	128107.0	127474.0
-214	127914.0	128719.0
-213	129609.0	128810.0
-212	128227.0	127185.0
-211	128740.0	128562.0
-210	129905.0	129350.0
-209	128506.0	127766.0
-208	129002.0	128320.0
-207	130844.0	128804.0
-206	128391.0	127549.0
-205	129665.0	128400.0
-204	130546.0	128633.0
-203	128970.0	127410.0
-202	129229.0	128151.0
-201	131235.0	128880.0
-200	129860.0	127320.0
-199	130038.0	128734.0
-198	131584.0	129091.0
-197	129870.0	127436.0
-196	129973.0	128726.0
-195	132289.0	128330.0
-194	130390.0	126843.0
-193	130240.0	128339.0
-192	132364.0	128732.0
-191	130742.0	126685.0
-190	130943.0	128284.0
-189	133032.0	127928.0
-188	130967.0	126468.0
-187	130883.0	127866.0
-186	132806.0	128412.0
-185	130376.0	126910.0
-184	131198.0	128237.0
-183	132401.0	127895.0
-182	131156.0	126170.0
-181	131108.0	127558.0
-180	133015.0	127352.0
-179	130492.0	125941.0
-178	131443.0	127175.0
-177	132926.0	126799.0
-176	131511.0	125693.0
-175	130705.0	127548.0
-174	132667.0	127523.0
-173	130942.0	125843.0
-172	131572.0	126816.0
-171	133006.0	127099.0
-170	132093.0	125739.0
-169	131334.0	126864.0
-168	133712.0	127146.0
-167	130776.0	125626.0
-166	131206.0	127025.0
-165	133484.0	126893.0
-164	131298.0	125613.0
-163	131268.0	125900.0
-162	132986.0	126349.0
-161	131299.0	124939.0
-160	131023.0	126659.0
-159	132909.0	126587.0
-158	131167.0	124901.0
-157	131464.0	126699.0
-156	132733.0	125946.0
-155	130898.0	124228.0
-154	131148.0	126693.0
-153	132719.0	125837.0
-152	130696.0	123917.0
-151	130897.0	126127.0
-150	132131.0	126287.0
-149	130812.0	124432.0
-148	131146.0	126217.0
-147	132781.0	126075.0
-146	131743.0	123757.0
-145	130601.0	125300.0
-144	133294.0	125478.0
-143	130561.0	124433.0
-142	130722.0	125483.0
-141	132327.0	125439.0
-140	129896.0	124095.0
-139	129644.0	125225.0
-138	130696.0	125406.0
-137	128485.0	124079.0
-136	128688.0	124771.0
-135	131258.0	125313.0
-134	129957.0	124134.0
-133	130102.0	124706.0
-132	131997.0	125139.0
-131	130193.0	124230.0
-130	129082.0	125497.0
-129	131152.0	125251.0
-128	128642.0	123798.0
-127	128284.0	125745.0
-126	130142.0	125863.0
-125	128950.0	124409.0
-124	128861.0	125272.0
-123	131374.0	125360.0
-122	130054.0	123384.0
-121	130039.0	125142.0
-120	131251.0	125316.0
-119	128989.0	123921.0
-118	128242.0	125302.0
-117	129363.0	126547.0
-116	127063.0	124586.0
-115	126860.0	126394.0
-114	129971.0	125942.0
-113	128967.0	123628.0
-112	129282.0	125249.0
-111	131743.0	125114.0
-110	129625.0	123320.0
-109	128961.0	125724.0
-108	130080.0	125296.0
-107	127135.0	124377.0
-106	127549.0	125679.0
-105	129046.0	126499.0
-104	128588.0	125024.0
-103	129021.0	126340.0
-102	132458.0	125954.0
-101	130297.0	124650.0
-100	131041.0	126208.0
-99	132132.0	125846.0
-98	129245.0	124262.0
-97	129342.0	126776.0
-96	130386.0	126544.0
-95	127903.0	124685.0
-94	129057.0	125655.0
-93	131136.0	126503.0
-92	130010.0	124076.0
-91	130206.0	126244.0
-90	132619.0	126330.0
-89	131142.0	125007.0
-88	130592.0	127095.0
-87	133134.0	127116.0
-86	129655.0	125384.0
-85	129224.0	127736.0
-84	131387.0	127038.0
-83	129536.0	125014.0
-82	130656.0	126914.0
-81	132382.0	127169.0
-80	131130.0	126136.0
-79	130685.0	127805.0
-78	133138.0	128083.0
-77	131599.0	125903.0
-76	131707.0	129122.0
-75	133483.0	129019.0
-74	130938.0	126379.0
-73	131310.0	128740.0
-72	133431.0	128290.0
-71	132164.0	125928.0
-70	132790.0	127830.0
-69	135013.0	128175.0
-68	132564.0	126521.0
-67	132320.0	129666.0
-66	134184.0	129425.0
-65	132859.0	127005.0
-64	132863.0	129364.0
-63	134969.0	129790.0
-62	132262.0	127901.0
-61	132870.0	130006.0
-60	135907.0	130253.0
-59	134192.0	128614.0
-58	133427.0	130596.0
-57	134697.0	131084.0
-56	132502.0	129496.0
-55	133312.0	131107.0
-54	135252.0	130898.0
-53	133685.0	129198.0
-52	134574.0	132269.0
-51	137574.0	132860.0
-50	135833.0	130361.0
-49	135784.0	132623.0
-48	139188.0	132634.0
-47	135807.0	130305.0
-46	135958.0	132624.0
-45	138058.0	132733.0
-44	135627.0	130931.0
-43	135566.0	133313.0
-42	138297.0	134037.0
-41	136959.0	131260.0
-40	138488.0	134139.0
-39	142441.0	134858.0
-38	140127.0	132214.0
-37	139223.0	134053.0
-36	140955.0	134142.0
-35	137829.0	131502.0
-34	137168.0	134272.0
-33	141303.0	134629.0
-32	139376.0	132458.0
-31	141112.0	135187.0
-30	144940.0	135325.0
-29	142207.0	132724.0
-28	142063.0	135385.0
-27	144768.0	136541.0
-26	141401.0	134567.0
-25	140377.0	136611.0
-24	143943.0	136976.0
-23	140138.0	134551.0
-22	140093.0	137731.0
-21	144354.0	138454.0
-20	143198.0	136688.0
-19	144123.0	138891.0
-18	148131.0	140196.0
-17	144874.0	136568.0
-16	143704.0	140259.0
-15	146610.0	140331.0
-14	143882.0	138439.0
-13	144411.0	142262.0
-12	150173.0	143808.0
-11	147706.0	140036.0
-10	147522.0	144268.0
-9	153608.0	146327.0
-8	150556.0	146329.0
-7	146924.0	153343.0
-6	147211.0	155076.0
-5	138508.0	150268.0
-4	135995.0	153061.0
-3	154826.0	159353.0
-2	168526.0	145079.0
-1	249040.0	142418.0
0	2769.0	103195.0
1	248587.0	28995.0
2	168160.0	62275.0
3	153997.0	90488.0
4	136964.0	120968.0
5	138339.0	136652.0
6	147118.0	129761.0
7	147875.0	116067.0
8	150559.0	114877.0
9	153007.0	112991.0
10	148110.0	111825.0
11	148217.0	115847.0
12	149606.0	120219.0
13	143999.0	118144.0
14	144089.0	121736.0
15	146125.0	124931.0
16	144405.0	121929.0
17	144949.0	123899.0
18	148340.0	123921.0
19	144130.0	121815.0
20	143093.0	124977.0
21	143888.0	126899.0
22	140461.0	127459.0
23	139844.0	131383.0
24	143360.0	132381.0
25	140923.0	128819.0
26	141430.0	131216.0
27	145196.0	130060.0
28	142127.0	126540.0
29	141865.0	128083.0
30	145232.0	128891.0
31	141135.0	126447.0
32	140033.0	130260.0
33	141603.0	132283.0
34	137940.0	131566.0
35	137495.0	135904.0
36	140401.0	134369.0
37	138848.0	131692.0
38	139007.0	132879.0
39	141743.0	132162.0
40	139173.0	129151.0
41	138122.0	131864.0
42	138896.0	132888.0
43	135562.0	133407.0
44	135079.0	137771.0
45	138097.0	137783.0
46	135879.0	134330.0
47	135889.0	136612.0
48	138565.0	135549.0
49	135598.0	133015.0
50	135411.0	135089.0
51	137056.0	135350.0
52	135069.0	133174.0
53	133978.0	136789.0
54	135820.0	136799.0
55	133009.0	135711.0
56	133323.0	139181.0
57	135720.0	139603.0
58	132901.0	135787.0
59	133895.0	136510.0
60	135305.0	135796.0
61	132761.0	134037.0
62	132351.0	137446.0
63	134938.0	137383.0
64	133207.0	134110.0
65	132406.0	136033.0
66	134550.0	136331.0
67	132340.0	133648.0
68	131852.0	136215.0
69	135221.0	135461.0
70	132964.0	133526.0
71	132223.0	134993.0
72	134108.0	136531.0
73	131710.0	135163.0
74	131198.0	137582.0
75	132861.0	137244.0
76	131842.0	134768.0
77	131407.0	135975.0
78	132851.0	135624.0
79	131078.0	134650.0
80	130156.0	137432.0
81	132221.0	138022.0
82	129730.0	136431.0
83	129859.0	138777.0
84	131451.0	139574.0
85	129643.0	137162.0
86	129885.0	139143.0
87	131677.0	137714.0
88	130171.0	134899.0
89	131319.0	135649.0
90	133126.0	135763.0
91	130541.0	134588.0
92	129607.0	138045.0
93	131465.0	140195.0
94	128869.0	139161.0
95	128576.0	141879.0
96	130994.0	141806.0
97	129136.0	139750.0
98	129462.0	140055.0
99	131354.0	139751.0
100	130566.0	137015.0
101	130496.0	138808.0
102	131293.0	139020.0
103	129581.0	138555.0
104	128297.0	141994.0
105	129119.0	143433.0
106	127880.0	141936.0
107	128285.0	144302.0
108	130382.0	142901.0
109	129712.0	140526.0
110	130218.0	141203.0
111	132014.0	141543.0
112	129760.0	139395.0
113	128876.0	143393.0
114	130357.0	144280.0
115	127102.0	143430.0
116	127338.0	146513.0
117	129798.0	146687.0
118	127546.0	144892.0
119	128360.0	146224.0
120	131171.0	145401.0
121	129594.0	142676.0
122	130154.0	144936.0
123	131423.0	144837.0
124	129279.0	144321.0
125	128882.0	146926.0
126	129691.0	148399.0
127	128336.0	147028.0
128	129262.0	148691.0
129	130888.0	146919.0
130	129847.0	144265.0
131	129995.0	145239.0
132	131697.0	144828.0
133	129906.0	144210.0
134	129260.0	146781.0
135	131337.0	148563.0
136	128938.0	146183.0
137	128092.0	149473.0
138	130894.0	149292.0
139	129950.0	147096.0
140	130337.0	148913.0
141	132394.0	147325.0
142	131154.0	144932.0
143	131179.0	146852.0
144	132879.0	147276.0
145	131078.0	145493.0
146	130629.0	148132.0
147	133068.0	147148.0
148	131204.0	145025.0
149	131551.0	147458.0
150	132852.0	146830.0
151	131504.0	145202.0
152	130901.0	146085.0
153	133009.0	146101.0
154	131341.0	144148.0
155	131514.0	145546.0
156	133032.0	145764.0
157	131790.0	143046.0
158	131041.0	144354.0
159	132854.0	143434.0
160	131463.0	142171.0
161	131389.0	143489.0
162	132547.0	144004.0
163	131783.0	142116.0
164	131401.0	143756.0
165	133663.0	142485.0
166	131551.0	140838.0
167	131710.0	142860.0
168	133685.0	141925.0
169	131070.0	140580.0
170	131508.0	141767.0
171	133414.0	141542.0
172	131838.0	139780.0
173	131480.0	141075.0
174	133109.0	141153.0
175	131092.0	139390.0
176	131403.0	141481.0
177	133399.0	139864.0
178	131925.0	138831.0
179	131415.0	140188.0
180	132475.0	138984.0
181	131095.0	137292.0
182	131239.0	138740.0
183	132842.0	139070.0
184	131126.0	137577.0
185	130884.0	138426.0
186	133205.0	138761.0
187	130944.0	136951.0
188	131241.0	137503.0
189	132550.0	137352.0
190	130808.0	135317.0
191	130781.0	137072.0
192	132504.0	136582.0
193	130919.0	135046.0
194	130557.0	136514.0
195	131481.0	135978.0
196	130095.0	134696.0
197	130120.0	136192.0
198	132088.0	136514.0
199	129474.0	134277.0
200	129840.0	135284.0
201	131456.0	135013.0
202	129307.0	133734.0
203	129629.0	134906.0
204	130868.0	135277.0
205	129500.0	133073.0
206	129038.0	134456.0
207	130116.0	134979.0
208	128724.0	133338.0
209	128599.0	134279.0
210	130125.0	134546.0
211	128780.0	132703.0
212	128489.0	133948.0
213	129912.0	133505.0
214	128251.0	132058.0
215	127975.0	134179.0
216	129690.0	134256.0
217	127695.0	132628.0
218	127970.0	133135.0
219	128888.0	133614.0
220	127832.0	132188.0
221	127113.0	132959.0
222	128307.0	132473.0
223	127595.0	131463.0
224	127072.0	132974.0
225	128339.0	133459.0
226	127107.0	131813.0
227	126730.0	132667.0
228	127987.0	132233.0
229	126721.0	131412.0
230	127175.0	132403.0
231	127685.0	132858.0
232	126545.0	131154.0
233	126281.0	131639.0
234	127854.0	132471.0
235	126183.0	131764.0
236	125993.0	132300.0
237	127359.0	132475.0
238	125764.0	131851.0
239	126252.0	132541.0
240	127206.0	132094.0
241	125689.0	130714.0
242	125832.0	131758.0
243	126775.0	132276.0
244	126064.0	131010.0
245	125726.0	132317.0
246	125740.0	132674.0
247	124746.0	131171.0
248	125655.0	132786.0
249	126967.0	132865.0
250	126008.0	131511.0
251	125287.0	132937.0
252	127146.0	132479.0
253	124813.0	131328.0
254	125092.0	132976.0
255	126546.0	132331.0
256	125174.0	131616.0
257	125231.0	132344.0
258	125745.0	132903.0
259	125020.0	131833.0
260	124481.0	132520.0
261	125936.0	133428.0
262	124921.0	131176.0
263	125155.0	132730.0
264	126086.0	132725.0
265	125096.0	131048.0
266	125112.0	132731.0
267	126375.0	132811.0
268	124885.0	131370.0
269	124641.0	132830.0
270	125822.0	133529.0
271	124686.0	132210.0
272	125127.0	132708.0
273	125991.0	132729.0
274	124718.0	131599.0
275	125201.0	132878.0
276	126821.0	133196.0
277	124803.0	131132.0
278	124874.0	133049.0
279	126192.0	133421.0
280	124620.0	131683.0
281	124988.0	133369.0
282	126931.0	133388.0
283	125334.0	131826.0
284	125410.0	133139.0
285	126765.0	133475.0
286	125032.0	132266.0
287	124921.0	133685.0
288	126304.0	133598.0
289	125225.0	131588.0
290	125764.0	132970.0
291	126413.0	133404.0
292	125626.0	131799.0
293	125808.0	132808.0
294	126909.0	132977.0
295	125356.0	131975.0
296	125336.0	133259.0
297	126717.0	133564.0
298	126180.0	132233.0
299	125328.0	133278.0
300	127206.0	133482.0
301	125929.0	132405.0
302	126141.0	133068.0
303	127815.0	132801.0
304	125758.0	132501.0
305	126512.0	133022.0
306	127765.0	133455.0
307	126240.0	132852.0
308	125776.0	133057.0
309	127255.0	133371.0
310	126076.0	131588.0
311	126344.0	133371.0
312	128117.0	132928.0
313	126642.0	132115.0
314	126805.0	133080.0
315	127762.0	132777.0
316	126931.0	132032.0
317	126191.0	133152.0
318	127447.0	133460.0
319	126716.0	131757.0
320	126858.0	132418.0
321	128018.0	132516.0
322	126926.0	131591.0
323	127473.0	132652.0
324	128018.0	132261.0
325	126567.0	131388.0
326	127026.0	133259.0
327	127846.0	132697.0
328	126834.0	131654.0
329	126493.0	131489.0
330	127959.0	132218.0
331	127353.0	131001.0
332	126818.0	132726.0
333	128721.0	131987.0
334	126963.0	130779.0
335	126759.0	131640.0
336	128448.0	131677.0
337	127363.0	130867.0
338	126853.0	132280.0
339	128972.0	131868.0
340	127884.0	130555.0
341	127603.0	130761.0
342	128445.0	131074.0
343	127174.0	130430.0
344	127129.0	131140.0
345	128216.0	130678.0
346	127224.0	129567.0
347	127541.0	130955.0
348	128806.0	130568.0
349	127954.0	129354.0
350	127678.0	130302.0
351	128581.0	129883.0
352	127959.0	129091.0
353	127421.0	130559.0
354	128419.0	129281.0
355	127489.0	128775.0
356	127567.0	129817.0
357	128167.0	130060.0
358	127449.0	128595.0
359	127330.0	129186.0
360	128420.0	129628.0
361	127595.0	128699.0
362	127913.0	128960.0
363	128459.0	129193.0
364	126877.0	128284.0
365	127783.0	129052.0
366	128697.0	128441.0
367	127262.0	127778.0
368	127133.0	128747.0
369	127692.0	128239.0
370	127153.0	127213.0
371	127291.0	128055.0
372	128159.0	128240.0
373	127030.0	126958.0
374	126914.0	127937.0
375	127786.0	127391.0
376	126818.0	127367.0
377	126795.0	127253.0
378	127545.0	127762.0
379	126592.0	126412.0
380	126008.0	127610.0
381	127583.0	127644.0
382	126938.0	126200.0
383	126382.0	127430.0
384	127741.0	126625.0
385	125952.0	126029.0
386	126461.0	127084.0
387	127044.0	127111.0
388	125769.0	126075.0
389	125896.0	127044.0
390	126646.0	127365.0
391	126087.0	126678.0
392	125694.0	126488.0
393	126269.0	127003.0
394	125696.0	125850.0
395	125099.0	126980.0
396	125678.0	126609.0
397	125808.0	125898.0
398	125605.0	126961.0
399	125986.0	126435.0
400	125285.0	125517.0
401	125669.0	126631.0
402	126686.0	126660.0
403	124971.0	126171.0
404	125181.0	126722.0
405	126584.0	126261.0
406	125425.0	125733.0
407	124638.0	126592.0
408	125581.0	126643.0
409	125670.0	125771.0
410	124533.0	126731.0
411	126061.0	126653.0
412	124961.0	126299.0
413	125731.0	127121.0
414	126119.0	126976.0
415	124596.0	125601.0
416	124381.0	126444.0
417	125593.0	127135.0
418	125049.0	125649.0
419	124842.0	126798.0
420	125804.0	126823.0
421	125317.0	125822.0
422	124721.0	126381.0
423	125666.0	126845.0
424	124122.0	125588.0
425	123860.0	126618.0
426	125599.0	126788.0
427	124715.0	126641.0
428	124613.0	126439.0
429	125120.0	126909.0
430	124074.0	126482.0
431	124968.0	126947.0
432	125764.0	127199.0
433	124724.0	126423.0
434	124194.0	126933.0
435	125390.0	126953.0
436	124071.0	125986.0
437	124083.0	127200.0
438	124713.0	126884.0
439	124280.0	126042.0
440	124051.0	127197.0
441	124952.0	126897.0
442	124750.0	126211.0
443	124631.0	127237.0
444	125101.0	127284.0
445	124283.0	126201.0
446	124235.0	128006.0
447	125069.0	127194.0
448	124563.0	126696.0
449	124249.0	127958.0
450	125236.0	127662.0
451	124302.0	127548.0
452	124246.0	127802.0
453	125727.0	127913.0
454	124794.0	127050.0
455	124632.0	127274.0
456	125814.0	127715.0
457	124801.0	126769.0
458	124069.0	127944.0
459	125115.0	127884.0
460	124526.0	126795.0
461	124329.0	127693.0
462	125117.0	127634.0
463	124397.0	126717.0
464	124216.0	127385.0
465	125184.0	127827.0
466	124291.0	127057.0
467	125186.0	127770.0
468	125421.0	128159.0
469	124411.0	127419.0
470	124575.0	127965.0
471	125574.0	128211.0
472	124370.0	127353.0
473	124916.0	128613.0
474	125564.0	127716.0
475	124510.0	127737.0
476	124753.0	127972.0
477	125595.0	127687.0
478	124752.0	126861.0
479	124578.0	127765.0
480	125754.0	127284.0
481	124646.0	126916.0
482	125040.0	127767.0
483	125772.0	127093.0
484	125472.0	126915.0
485	125256.0	127338.0
486	125905.0	127422.0
487	125268.0	127354.0
488	124856.0	127661.0
489	125676.0	127512.0
490	125155.0	126942.0
491	124968.0	127907.0
492	125908.0	127439.0
493	124627.0	126851.0
494	125098.0	127460.0
495	126356.0	127641.0
496	125014.0	126491.0
497	125356.0	127495.0
498	126432.0	127884.0
499	125159.0	126945.0
500	125543.0	127520.0
501	126180.0	127513.0
502	125837.0	126665.0
503	125773.0	127744.0
504	126755.0	127524.0
505	125139.0	126579.0
506	125715.0	127397.0
507	126559.0	127534.0
508	125870.0	126637.0
509	125706.0	127489.0
510	126571.0	127052.0
511	125575.0	126646.0
512	125271.0	127533.0
513	126013.0	127746.0
514	126016.0	126117.0
515	125882.0	127096.0
516	127207.0	127542.0
517	125554.0	126289.0
518	126061.0	127226.0
519	126757.0	126358.0
520	125916.0	126452.0
521	126443.0	127180.0
522	126184.0	127428.0
523	125743.0	126486.0
524	125533.0	127255.0
525	126554.0	126929.0
526	125678.0	126496.0
527	125515.0	126302.0
528	126657.0	126142.0
529	126026.0	126526.0
530	125656.0	126618.0
531	126512.0	126536.0
532	126381.0	126124.0
533	126248.0	125935.0
534	126389.0	126563.0
535	125619.0	125899.0
536	125843.0	126734.0
537	126126.0	125731.0
538	126065.0	125636.0
539	125845.0	126152.0
540	126253.0	126216.0
541	125522.0	125727.0
542	125686.0	126173.0
543	126097.0	125933.0
544	125437.0	125746.0
545	125758.0	125695.0
546	126193.0	125818.0
547	125592.0	125001.0
548	125689.0	126257.0
549	126596.0	126086.0
550	125751.0	124681.0
551	125529.0	125298.0
552	125909.0	125762.0
553	125749.0	124941.0
554	125328.0	124983.0
555	125897.0	125086.0
556	124612.0	124873.0
557	125625.0	125704.0
558	126956.0	125346.0
559	125217.0	124508.0
560	125162.0	125411.0
561	125651.0	124816.0
562	124723.0	124476.0
563	125253.0	125532.0
564	125938.0	125168.0
565	125248.0	124883.0
566	124747.0	125246.0
567	126384.0	125474.0
568	125187.0	125104.0
569	125056.0	124952.0
570	125531.0	124785.0
571	124626.0	124702.0
572	125452.0	125480.0
573	125581.0	125314.0
574	124911.0	124988.0
575	124792.0	125436.0
576	125382.0	124354.0
577	124957.0	124529.0
578	125126.0	124512.0
579	126124.0	124894.0
580	125251.0	124666.0
581	124795.0	124814.0
582	125142.0	125007.0
583	124499.0	124264.0
584	124440.0	124309.0
585	125043.0	125067.0
586	124635.0	124388.0
587	124338.0	124720.0
588	125426.0	125292.0
589	124497.0	124372.0
590	124334.0	125086.0
591	125389.0	124920.0
592	124485.0	124322.0
593	125152.0	125650.0
594	125691.0	124953.0
595	124522.0	123904.0
596	124487.0	125299.0
597	125005.0	125910.0
598	124756.0	124704.0
599	124989.0	125068.0
600	125120.0	124552.0
601	124915.0	124515.0
602	124800.0	125020.0
603	124847.0	125546.0
604	123929.0	124416.0
605	124301.0	124685.0
606	125049.0	125968.0
607	124298.0	124739.0
608	124647.0	124718.0
609	125045.0	124940.0
610	124532.0	124901.0
611	125099.0	125556.0
612	124685.0	125193.0
613	124043.0	124936.0
614	124302.0	125767.0
615	125204.0	125306.0
616	123731.0	124811.0
617	123934.0	125122.0
618	124842.0	125088.0
619	124822.0	124447.0
620	124629.0	125514.0
621	124735.0	125106.0
622	124459.0	124817.0
623	124208.0	125006.0
624	124598.0	124997.0
625	124287.0	125365.0
626	124290.0	125815.0
627	124731.0	125254.0
628	123853.0	125053.0
629	124184.0	126061.0
630	124831.0	126020.0
631	124345.0	124593.0
632	124740.0	125869.0
633	124444.0	125121.0
634	124042.0	125302.0
635	124450.0	126187.0
636	125296.0	125882.0
637	124564.0	124874.0
638	123981.0	125495.0
639	124642.0	125904.0
640	124856.0	124933.0
641	124729.0	125906.0
642	124903.0	125154.0
643	124607.0	125169.0
644	124944.0	125731.0
645	124992.0	125679.0
646	124713.0	125211.0
647	124801.0	125304.0
648	124863.0	126311.0
649	124694.0	125196.0
650	124574.0	125689.0
651	125066.0	126274.0
652	125125.0	125725.0
653	124150.0	125742.0
654	125404.0	125205.0
655	124837.0	125031.0
656	124996.0	125848.0
657	124782.0	125824.0
658	123938.0	125279.0
659	124722.0	125944.0
660	125089.0	125824.0
661	124967.0	125227.0
662	123949.0	125899.0
663	125118.0	125881.0
664	125072.0	125641.0
665	125007.0	125852.0
666	125459.0	126267.0
667	124829.0	125082.0
668	124922.0	125443.0
669	125053.0	124983.0
670	125156.0	124647.0
671	124525.0	125918.0
672	125582.0	126517.0
673	124557.0	125924.0
674	124934.0	126117.0
675	125230.0	125885.0
676	124091.0	125269.0
677	125508.0	125484.0
678	125366.0	125724.0
679	125233.0	125130.0
680	125150.0	125368.0
681	125692.0	125333.0
682	124817.0	125325.0
683	124252.0	125610.0
684	125743.0	125886.0
685	125138.0	124952.0
686	125119.0	125721.0
687	125256.0	125531.0
688	124955.0	125040.0
689	124789.0	125445.0
690	125164.0	125428.0
691	125002.0	125213.0
692	124746.0	125582.0
693	125134.0	124900.0
694	125136.0	125395.0
695	124789.0	126037.0
696	125422.0	126102.0
697	124855.0	125106.0
698	125038.0	125220.0
699	125514.0	125656.0
700	125065.0	124875.0
701	124563.0	125370.0
702	125251.0	125740.0
703	125272.0	124562.0
704	124304.0	125386.0
705	125646.0	124987.0
706	125182.0	124675.0
707	124670.0	125218.0
708	125472.0	125261.0
709	124514.0	125148.0
710	124979.0	124841.0
711	124482.0	125732.0
712	125318.0	124436.0
713	124898.0	124810.0
714	125658.0	125177.0
715	125372.0	125020.0
716	124750.0	124471.0
717	125330.0	125502.0
718	124826.0	124657.0
719	124942.0	124819.0
720	125025.0	125272.0
721	124719.0	124081.0
722	124405.0	124770.0
723	125642.0	124506.0
724	124526.0	124159.0
725	125002.0	124247.0
726	125127.0	124680.0
727	124875.0	123952.0
728	124653.0	124203.0
729	125090.0	125048.0
730	125015.0	124045.0
731	124780.0	124801.0
732	125516.0	125176.0
733	124525.0	123859.0
734	125350.0	125048.0
735	124784.0	124651.0
736	124616.0	124154.0
737	124133.0	124465.0
738	125223.0	124998.0
739	124471.0	123460.0
740	124535.0	125690.0
741	124497.0	124161.0
742	124576.0	124020.0
743	124549.0	124758.0
744	124837.0	124617.0
745	125002.0	124346.0
746	124914.0	124640.0
747	124594.0	124582.0
748	124483.0	124538.0
749	124596.0	124907.0
750	125301.0	124308.0
751	125176.0	123540.0
752	124198.0	124716.0
753	124722.0	124706.0
754	124347.0	124429.0
755	124670.0	124429.0
756	124952.0	125018.0
757	123940.0	124615.0
758	124512.0	125037.0
759	125160.0	124931.0
760	124442.0	123807.0
761	124461.0	125183.0
762	125403.0	125126.0
763	125045.0	124143.0
764	125638.0	124833.0
765	125051.0	124855.0
766	125186.0	124205.0
767	124345.0	124205.0
768	124841.0	124956.0
769	124498.0	124124.0
770	123965.0	124511.0
771	125328.0	125043.0
772	124040.0	124629.0
773	124393.0	125035.0
774	125219.0	124544.0
775	124283.0	124099.0
776	124174.0	124971.0
777	124621.0	124740.0
778	124276.0	124272.0
779	124256.0	124493.0
780	124978.0	125181.0
781	124389.0	124678.0
782	123712.0	124653.0
783	124109.0	124437.0
784	124341.0	124147.0
785	124069.0	124978.0
786	125111.0	124370.0
787	124128.0	123749.0
788	124307.0	125231.0
789	124843.0	124969.0
790	123858.0	124882.0
791	123863.0	124534.0
792	124175.0	124541.0
793	124400.0	123951.0
794	124418.0	125085.0
795	124794.0	124786.0
796	124120.0	124558.0
797	123983.0	124789.0
798	124363.0	125090.0
799	123972.0	124237.0
800	124262.0	124748.0
801	124520.0	124742.0
802	124249.0	124134.0
803	123879.0	124902.0
804	124370.0	124577.0
805	124641.0	124196.0
806	124240.0	124764.0
807	125008.0	124382.0
808	124364.0	124068.0
809	124333.0	124955.0
810	124666.0	125085.0
811	124361.0	123855.0
812	124490.0	124841.0
813	124818.0	124092.0
814	124389.0	124511.0
815	124759.0	124670.0
816	125404.0	124772.0
817	124114.0	124864.0
818	124354.0	124497.0
819	124811.0	124733.0
820	124947.0	124538.0
821	124660.0	125428.0
822	124949.0	124820.0
823	124367.0	124302.0
824	123763.0	125006.0
825	124925.0	124304.0
826	124009.0	124338.0
827	124343.0	124825.0
828	125391.0	125561.0
829	124495.0	124011.0
830	124667.0	125002.0
831	124473.0	124962.0
832	124941.0	125166.0
833	124323.0	125318.0
834	124650.0	125240.0
835	124529.0	124901.0
836	124344.0	125021.0
837	124906.0	125314.0
838	124392.0	123852.0
839	124351.0	124978.0
840	124781.0	124424.0
841	124304.0	124196.0
842	124072.0	124962.0
843	124821.0	124831.0
844	124461.0	124564.0
845	124998.0	124779.0
846	125048.0	125182.0
847	124385.0	123762.0
848	124472.0	124305.0
849	124932.0	124470.0
850	123542.0	124576.0
851	124072.0	125172.0
852	124588.0	124749.0
853	124277.0	124649.0
854	124379.0	125046.0
855	124804.0	125104.0
856	125233.0	124548.0
857	124711.0	124586.0
858	124724.0	124594.0
859	124598.0	124357.0
860	124687.0	124856.0
861	124784.0	124255.0
862	124167.0	124285.0
863	123779.0	124891.0
864	124803.0	124526.0
865	124021.0	124488.0
866	124470.0	125245.0
867	124794.0	124771.0
868	124176.0	124055.0
869	124123.0	124808.0
870	124768.0	124816.0
871	124330.0	124203.0
872	124549.0	124639.0
873	124826.0	124756.0
874	123970.0	124155.0
875	124044.0	124539.0
876	125240.0	124322.0
877	124256.0	124000.0
878	124404.0	124711.0
879	124887.0	124483.0
880	123962.0	124555.0
881	124031.0	124506.0
882	123908.0	124791.0
883	124764.0	124932.0
884	123671.0	124934.0
885	124360.0	124522.0
886	124716.0	124018.0
887	124037.0	124191.0
888	124838.0	124220.0
889	124249.0	124357.0
890	123487.0	124409.0
891	124042.0	124567.0
892	124688.0	124624.0
893	124237.0	124848.0
894	124575.0	124046.0
895	124516.0	124203.0
896	123819.0	124231.0
897	124021.0	124621.0
898	123589.0	124258.0
899	124245.0	124357.0
900	124815.0	124280.0
901	124201.0	123784.0
902	124369.0	123829.0
903	124912.0	124208.0
904	124449.0	123421.0
905	124686.0	124223.0
906	124361.0	124775.0
907	123970.0	124177.0
908	124165.0	124439.0
909	124819.0	124493.0
910	124366.0	124092.0
911	123947.0	124471.0
912	123905.0	124970.0
913	124297.0	125187.0
914	123834.0	124717.0
915	124299.0	124092.0
916	124551.0	124621.0
917	123740.0	124696.0
918	123775.0	124295.0
919	124140.0	123858.0
920	123922.0	124708.0
921	124102.0	124936.0
922	123903.0	124623.0
923	124051.0	124687.0
924	124931.0	124686.0
925	124712.0	123958.0
926	124494.0	124950.0
927	124459.0	124254.0
928	123889.0	124248.0
929	124300.0	124485.0
930	124270.0	124263.0
931	124194.0	124675.0
932	124276.0	124203.0
933	124059.0	123916.0
934	124011.0	123680.0
935	123483.0	124488.0
936	124251.0	124119.0
937	123749.0	124343.0
938	124254.0	124693.0
939	124292.0	124609.0
940	124243.0	124421.0
941	124143.0	124249.0
942	124679.0	123628.0
943	123350.0	124812.0
944	123413.0	124489.0
945	123789.0	123955.0
946	123923.0	124068.0
947	124494.0	124510.0
948	124567.0	124314.0
949	124066.0	124286.0
950	124393.0	124679.0
951	124113.0	124045.0
952	123746.0	123931.0
953	124122.0	124385.0
954	125046.0	124524.0
955	124285.0	124658.0
956	124850.0	125330.0
957	124374.0	124694.0
958	123935.0	124114.0
959	124141.0	124463.0
960	124440.0	124445.0
961	124194.0	124208.0
962	123804.0	124623.0
963	124098.0	124004.0
964	124143.0	124038.0
965	124131.0	124415.0
966	124055.0	124055.0
967	124229.0	124573.0
968	123885.0	123795.0
969	123810.0	124237.0
970	123962.0	124410.0
971	124247.0	124524.0
972	124666.0	124560.0
973	124331.0	124126.0
974	124532.0	124544.0
975	124377.0	124576.0
976	123831.0	124153.0
977	123650.0	124972.0
978	124706.0	124460.0
979	124401.0	124654.0
980	124450.0	124536.0
981	124633.0	124311.0
982	123986.0	124258.0
983	124219.0	124065.0
984	125214.0	124122.0
985	124134.0	123924.0
986	124080.0	124481.0
987	124110.0	124602.0
988	124052.0	123921.0
989	123721.0	123966.0
990	124665.0	123810.0
991	123773.0	123934.0
992	123743.0	124916.0
993	124295.0	124213.0
994	124085.0	124053.0
995	124404.0	124420.0
996	124087.0	123767.0
997	124082.0	123800.0
998	123742.0	124128.0
999	123908.0	124064.0
1000	123688.0	124287.0
1001	123823.0	123374.0
1002	124037.0	124023.0
1003	124266.0	123938.0
1004	123747.0	124100.0
1005	124435.0	124221.0
1006	123877.0	123850.0
1007	123885.0	124374.0
1008	124300.0	124227.0
1009	123798.0	124390.0
1010	124447.0	124066.0
1011	124141.0	123927.0
1012	123925.0	123505.0
1013	123829.0	123517.0
1014	124203.0	123786.0
1015	123924.0	123676.0
1016	123829.0	123707.0
1017	123802.0	124832.0
1018	124097.0	124007.0
1019	123898.0	124665.0
1020	124085.0	124417.0
1021	122923.0	123902.0
1022	123712.0	124837.0
1023	124255.0	123833.0
1024	124057.0	123944.0
1025	123759.0	124197.0
1026	124174.0	123259.0
1027	123427.0	123604.0
1028	123714.0	123836.0
1029	124208.0	124055.0
1030	123609.0	123857.0
1031	123931.0	124427.0
1032	124020.0	123834.0
1033	123892.0	124038.0
1034	123568.0	123943.0
1035	124012.0	124079.0
1036	123541.0	123880.0
1037	123590.0	124420.0
1038	124212.0	123738.0
1039	123565.0	123798.0
1040	123826.0	123847.0
1041	124094.0	124520.0
1042	123862.0	124231.0
1043	123614.0	124139.0
1044	124446.0	123635.0
1045	123592.0	123979.0
1046	123753.0	124340.0
1047	123728.0	123937.0
1048	124142.0	123883.0
1049	123531.0	123952.0
1050	123537.0	124385.0
1051	124002.0	123711.0
1052	123919.0	123679.0
1053	123958.0	124441.0
1054	123049.0	123582.0
1055	123099.0	123828.0
1056	123280.0	123895.0
1057	123691.0	123537.0
1058	123377.0	123799.0
1059	123893.0	124159.0
1060	123344.0	123981.0
1061	123529.0	124239.0
1062	124296.0	124283.0
1063	123626.0	123864.0
1064	123579.0	123864.0
1065	124209.0	123887.0
1066	123463.0	123130.0
1067	123882.0	124499.0
1068	123894.0	123955.0
1069	123620.0	123268.0
1070	123488.0	124329.0
1071	123254.0	124169.0
1072	123074.0	123806.0
1073	123621.0	124197.0
1074	124437.0	123855.0
1075	123272.0	123473.0
1076	124108.0	123922.0
1077	123918.0	124393.0
1078	123442.0	124545.0
1079	122872.0	124900.0
1080	124388.0	123991.0
1081	123359.0	123275.0
1082	123345.0	124392.0
1083	123688.0	123614.0
1084	123633.0	123775.0
1085	123055.0	124311.0
1086	124348.0	123426.0
1087	123240.0	123707.0
1088	123964.0	123636.0
1089	123917.0	123765.0
1090	123607.0	123736.0
1091	123886.0	124480.0
1092	123299.0	124475.0
1093	124033.0	124221.0
1094	123495.0	124257.0
1095	123589.0	123794.0
1096	123614.0	123697.0
1097	123795.0	123922.0
1098	124001.0	124664.0
1099	124111.0	124200.0
1100	123971.0	123980.0
1101	124132.0	123815.0
1102	123253.0	123886.0
1103	122928.0	124100.0
1104	123849.0	123616.0
1105	123859.0	123874.0
1106	123529.0	123693.0
1107	124091.0	124127.0
1108	122985.0	123406.0
1109	123290.0	124016.0
1110	123789.0	124473.0
1111	123638.0	124424.0
1112	123631.0	124347.0
1113	123700.0	124643.0
1114	123668.0	124476.0
1115	123464.0	124342.0
1116	123803.0	124451.0
1117	123491.0	124158.0
1118	123543.0	124451.0
1119	123627.0	124017.0
1120	123294.0	124081.0
1121	123198.0	124027.0
1122	123563.0	124006.0
1123	123694.0	123844.0
1124	123548.0	123799.0
1125	124107.0	124169.0
1126	123985.0	123532.0
1127	123718.0	123830.0
1128	123882.0	123545.0
1129	123418.0	123862.0
1130	124042.0	124013.0
1131	124026.0	124351.0
1132	123519.0	123934.0
1133	123724.0	123349.0
1134	124036.0	123376.0
1135	123757.0	123252.0
1136	123747.0	123787.0
1137	124314.0	123962.0
1138	123425.0	124288.0
1139	123494.0	123869.0
1140	124385.0	123906.0
1141	124256.0	123704.0
1142	123243.0	124099.0
1143	123602.0	124521.0
1144	123900.0	124510.0
1145	123712.0	123583.0
1146	123853.0	124100.0
1147	124226.0	123450.0
1148	124050.0	123329.0
1149	123999.0	124330.0
1150	123660.0	122837.0
1151	123629.0	123145.0
1152	124206.0	123759.0
1153	123482.0	123783.0
1154	123124.0	123669.0
1155	123772.0	123308.0
1156	123935.0	123766.0
1157	123727.0	124311.0
1158	123889.0	123800.0
1159	123551.0	123442.0
1160	123423.0	123612.0
1161	123912.0	123470.0
1162	123686.0	123599.0
1163	123550.0	123474.0
1164	123700.0	123948.0
1165	123292.0	123880.0
1166	123579.0	123383.0
1167	124352.0	123930.0
1168	123454.0	123178.0
1169	123356.0	123718.0
1170	124620.0	124090.0
1171	124065.0	123478.0
1172	123158.0	123133.0
1173	123597.0	123377.0
1174	123294.0	123328.0
1175	123500.0	123886.0
1176	123674.0	123872.0
1177	123878.0	123218.0
1178	123324.0	123067.0
1179	123900.0	123454.0
1180	123178.0	123283.0
1181	123801.0	123370.0
1182	124008.0	123351.0
1183	123664.0	123352.0
1184	123229.0	123273.0
1185	123894.0	123726.0
1186	123265.0	124037.0
1187	123634.0	123602.0
1188	124006.0	123566.0
1189	123369.0	123183.0
1190	123219.0	122918.0
1191	123371.0	123161.0
1192	122981.0	123555.0
1193	123595.0	123562.0
1194	123778.0	123408.0
1195	122818.0	123920.0
1196	123345.0	123917.0
1197	123184.0	122973.0
1198	123091.0	123229.0
1199	123825.0	123749.0
1200	123640.0	123386.0
1201	123215.0	123790.0
1202	123344.0	123463.0
1203	123708.0	123429.0
1204	123635.0	123571.0
1205	123697.0	123541.0
1206	123360.0	123447.0
1207	123142.0	123172.0
1208	123219.0	123294.0
1209	123338.0	123607.0
1210	123320.0	123495.0
1211	123466.0	123608.0
1212	123819.0	123469.0
1213	123225.0	123248.0
1214	123403.0	123652.0
1215	123417.0	123261.0
1216	122902.0	123373.0
1217	123279.0	123273.0
1218	123581.0	122763.0
1219	123718.0	123533.0
1220	123773.0	123579.0
1221	123958.0	123280.0
1222	123193.0	123081.0
1223	123394.0	123322.0
1224	123824.0	123287.0
1225	123219.0	123330.0
1226	123254.0	123650.0
1227	123545.0	123844.0
1228	123543.0	123364.0
1229	123291.0	122988.0
1230	123482.0	123351.0
1231	123361.0	122870.0
1232	123258.0	123718.0
1233	123732.0	123236.0
1234	123281.0	123359.0
1235	122781.0	123752.0
1236	122862.0	123849.0
1237	123522.0	123492.0
1238	123754.0	123511.0
1239	123193.0	123126.0
1240	123193.0	122610.0
1241	123210.0	123567.0
1242	122929.0	123159.0
1243	123324.0	123306.0
1244	122984.0	123679.0
1245	123986.0	123677.0
1246	123152.0	123130.0
1247	122846.0	123516.0
1248	123694.0	123064.0
1249	123822.0	123576.0
1250	123015.0	123674.0
1251	123277.0	123611.0
1252	124089.0	123133.0
1253	123186.0	123320.0
1254	123389.0	123188.0
1255	122933.0	123396.0
1256	122654.0	123583.0
1257	123031.0	123611.0
1258	122491.0	123115.0
1259	122748.0	123498.0
1260	123830.0	123366.0
1261	123349.0	123450.0
1262	123211.0	123330.0
1263	123156.0	123446.0
1264	122701.0	123123.0
1265	123273.0	123802.0
1266	123506.0	123819.0
1267	123113.0	122819.0
1268	122827.0	123635.0
1269	122904.0	123306.0
1270	122849.0	123833.0
1271	122655.0	123886.0
1272	122937.0	123636.0
1273	123768.0	123338.0
1274	122987.0	123689.0
1275	123016.0	124136.0
1276	123364.0	123478.0
1277	123213.0	123469.0
1278	123741.0	123435.0
1279	123593.0	123225.0
1280	123156.0	123453.0
1281	123316.0	123767.0
1282	122665.0	123704.0
1283	123097.0	123182.0
1284	123307.0	124086.0
1285	123683.0	123429.0
1286	123127.0	124297.0
1287	123145.0	123053.0
1288	123131.0	123252.0
1289	123000.0	123547.0
1290	123612.0	123362.0
1291	123101.0	123969.0
1292	123152.0	123722.0
1293	123307.0	123173.0
1294	122995.0	123974.0
1295	123621.0	123784.0
1296	123203.0	123827.0
1297	123594.0	123495.0
1298	123666.0	122794.0
1299	123792.0	123233.0
1300	122833.0	123597.0
1301	122866.0	124016.0
1302	123260.0	123555.0
1303	123245.0	123055.0
1304	123331.0	123250.0
1305	123416.0	123428.0
1306	122477.0	123310.0
1307	122931.0	124138.0
1308	122930.0	123578.0
1309	122567.0	122836.0
1310	123323.0	123964.0
1311	123521.0	123603.0
1312	123085.0	123679.0
1313	122125.0	122919.0
1314	123497.0	123671.0
1315	122684.0	123177.0
1316	123133.0	123313.0
1317	123382.0	123003.0
1318	123156.0	123241.0
1319	122919.0	123537.0
1320	122519.0	123969.0
1321	123155.0	123016.0
1322	123094.0	123653.0
1323	123612.0	123448.0
1324	122719.0	123405.0
1325	122816.0	123584.0
1326	123412.0	123313.0
1327	122437.0	122877.0
1328	122850.0	123112.0
1329	123093.0	123430.0
1330	123112.0	122887.0
1331	122839.0	123103.0
1332	123361.0	123144.0
1333	123339.0	123226.0
1334	123330.0	123127.0
1335	123465.0	123485.0
1336	123153.0	123080.0
1337	122829.0	123676.0
1338	123239.0	123177.0
1339	122972.0	123074.0
1340	122846.0	123293.0
1341	123079.0	123888.0
1342	123119.0	123107.0
1343	122381.0	122693.0
1344	123430.0	123249.0
1345	122866.0	122989.0
1346	122889.0	122940.0
1347	122780.0	123257.0
1348	123164.0	122917.0
1349	122646.0	123199.0
1350	122922.0	123299.0
1351	122715.0	122711.0
1352	122528.0	123491.0
1353	123088.0	123272.0
1354	122812.0	122799.0
1355	122584.0	123415.0
1356	123004.0	122741.0
1357	122806.0	123294.0
1358	122706.0	122979.0
1359	122880.0	123073.0
1360	122807.0	122702.0
1361	123158.0	122793.0
1362	122637.0	123596.0
1363	122709.0	123125.0
1364	123102.0	123315.0
1365	123055.0	123331.0
1366	123128.0	123289.0
1367	123257.0	123360.0
1368	122893.0	122848.0
1369	122465.0	123286.0
1370	122938.0	122950.0
1371	123430.0	123486.0
1372	122796.0	122868.0
1373	123105.0	123025.0
1374	122934.0	122904.0
1375	122873.0	122445.0
1376	122848.0	122675.0
1377	122677.0	122984.0
1378	122075.0	123167.0
1379	123499.0	123657.0
1380	123055.0	122631.0
1381	123268.0	123304.0
1382	123292.0	122669.0
1383	123107.0	123033.0
1384	122819.0	122251.0
1385	122605.0	122691.0
1386	122754.0	123304.0
1387	122920.0	123199.0
1388	123146.0	122340.0
1389	123191.0	122844.0
1390	123027.0	122414.0
1391	123421.0	123406.0
1392	123315.0	122659.0
1393	122972.0	122721.0
1394	122687.0	123193.0
1395	122471.0	123592.0
1396	122750.0	122647.0
1397	123306.0	123289.0
1398	122877.0	122735.0
1399	122585.0	123172.0
1400	122688.0	122565.0
1401	123391.0	123165.0
1402	123162.0	123096.0
1403	123155.0	122759.0
1404	123398.0	123038.0
1405	122913.0	122790.0
1406	122949.0	122118.0
1407	123002.0	123048.0
1408	122549.0	122763.0
1409	122992.0	123145.0
1410	122948.0	122963.0
1411	122313.0	122647.0
1412	122312.0	122725.0
1413	123202.0	123672.0
1414	122386.0	123117.0
1415	123008.0	122777.0
1416	122538.0	123060.0
1417	122565.0	122965.0
1418	122843.0	123055.0
1419	123154.0	123387.0
1420	122412.0	123352.0
1421	121905.0	123164.0
1422	122553.0	122790.0
1423	123005.0	123140.0
1424	122430.0	123090.0
1425	122789.0	123168.0
1426	122773.0	122632.0
1427	122573.0	123137.0
1428	122827.0	123342.0
1429	122717.0	123382.0
1430	122503.0	122663.0
1431	122372.0	123230.0
1432	122281.0	122544.0
1433	122989.0	122748.0
1434	122851.0	122936.0
1435	122673.0	122699.0
1436	122196.0	122890.0
1437	122391.0	123015.0
1438	122727.0	123159.0
1439	122175.0	123202.0
1440	122726.0	122842.0
1441	123160.0	122774.0
1442	123219.0	122531.0
1443	123123.0	123093.0
1444	122775.0	122715.0
1445	122589.0	123503.0
1446	122851.0	123176.0
1447	122556.0	122837.0
1448	122790.0	122805.0
1449	122813.0	122739.0
1450	122923.0	123445.0
1451	122524.0	122838.0
1452	122689.0	122592.0
1453	122965.0	122727.0
1454	122211.0	123091.0
1455	123113.0	123131.0
1456	122797.0	122709.0
1457	122874.0	122728.0
1458	122947.0	123541.0
1459	122304.0	122670.0
1460	122173.0	123426.0
1461	123098.0	123146.0
1462	123024.0	123261.0
1463	122563.0	123009.0
1464	122768.0	122744.0
1465	122875.0	122605.0
1466	122616.0	123164.0
1467	122597.0	123157.0
1468	122872.0	123148.0
1469	122327.0	123783.0
1470	122655.0	123294.0
1471	123121.0	123136.0
1472	122489.0	123016.0
1473	122707.0	122833.0
1474	122901.0	122715.0
1475	123063.0	122660.0
1476	123211.0	122801.0
1477	122688.0	122652.0
1478	123219.0	122611.0
1479	122846.0	122832.0
1480	122938.0	122915.0
1481	122630.0	123031.0
1482	122908.0	122931.0
1483	122875.0	122851.0
1484	122860.0	122764.0
1485	123044.0	122585.0
1486	122946.0	122852.0
1487	122713.0	123930.0
1488	122519.0	123128.0
1489	122041.0	123160.0
1490	122950.0	123549.0
1491	123189.0	122956.0
1492	122849.0	122698.0
1493	123060.0	123150.0
1494	123101.0	122764.0
1495	122275.0	122998.0
1496	122337.0	123628.0
1497	122796.0	123349.0
1498	122566.0	123077.0
1499	122990.0	122906.0
1500	122414.0	123168.0
1501	122767.0	122569.0
1502	122861.0	123165.0
1503	122544.0	123434.0
1504	122464.0	122853.0
1505	122675.0	123534.0
1506	122557.0	122991.0
1507	122583.0	122799.0
1508	122382.0	122580.0
1509	123169.0	122171.0
1510	122961.0	122258.0
1511	122773.0	122875.0
1512	122577.0	122978.0
1513	122905.0	123309.0
1514	122373.0	122311.0
1515	122310.0	122724.0
1516	122955.0	122678.0
1517	123494.0	122844.0
1518	122649.0	122539.0
1519	122137.0	123254.0
1520	122281.0	122946.0
1521	122606.0	122897.0
1522	123155.0	122151.0
1523	122663.0	122443.0
1524	122946.0	122809.0
1525	122307.0	122413.0
1526	122553.0	122786.0
1527	123011.0	123443.0
1528	122681.0	122694.0
1529	122159.0	122646.0
1530	122605.0	123268.0
1531	122551.0	122928.0
1532	122892.0	122616.0
1533	122993.0	123105.0
1534	122569.0	122724.0
1535	122746.0	123178.0
1536	122703.0	123449.0
1537	122530.0	122823.0
1538	122062.0	123181.0
1539	122442.0	122963.0
1540	122449.0	122581.0
1541	122571.0	123513.0
1542	122756.0	122924.0
1543	122174.0	122830.0
1544	122614.0	122364.0
1545	122898.0	122277.0
1546	122273.0	122446.0
1547	122306.0	122756.0
1548	122549.0	123291.0
1549	122788.0	122791.0
1550	122269.0	122783.0
1551	122893.0	122938.0
1552	122989.0	122212.0
1553	122438.0	122893.0
1554	122475.0	123086.0
1555	121931.0	122744.0
1556	121912.0	122898.0
1557	122873.0	122691.0
1558	122874.0	122450.0
1559	122213.0	122935.0
1560	122780.0	123154.0
1561	122532.0	122383.0
1562	122445.0	122626.0
1563	122334.0	122669.0
1564	122437.0	122688.0
1565	122349.0	122980.0
1566	122392.0	122365.0
1567	122837.0	122639.0
1568	122359.0	122905.0
1569	122877.0	122689.0
1570	122614.0	122335.0
1571	122056.0	122260.0
1572	122247.0	122358.0
1573	122138.0	122742.0
1574	122623.0	122929.0
1575	122595.0	122514.0
1576	122027.0	122496.0
1577	122753.0	123346.0
1578	122737.0	123054.0
1579	122621.0	122889.0
1580	122324.0	122422.0
1581	122550.0	122503.0
1582	122989.0	122504.0
1583	122753.0	122670.0
1584	122438.0	122905.0
1585	122233.0	123062.0
1586	122068.0	123463.0
1587	122823.0	122649.0
1588	123073.0	122440.0
1589	122719.0	122929.0
1590	122570.0	122947.0
1591	122047.0	123164.0
1592	123041.0	122858.0
1593	123000.0	122708.0
1594	122586.0	122332.0
1595	122357.0	122989.0
1596	122811.0	122479.0
1597	122007.0	122432.0
1598	122487.0	122961.0
1599	122481.0	122404.0
1600	122630.0	122318.0
1601	122065.0	122197.0
1602	122316.0	122491.0
1603	123039.0	122244.0
1604	122500.0	122071.0
1605	122407.0	122788.0
1606	122084.0	122105.0
1607	122318.0	121962.0
1608	122512.0	122406.0
1609	122720.0	122478.0
1610	122643.0	121969.0
1611	122571.0	122210.0
1612	122582.0	122688.0
1613	123260.0	122364.0
1614	122960.0	122255.0
1615	122106.0	122740.0
1616	121832.0	122221.0
1617	122658.0	122894.0
1618	122381.0	122947.0
1619	122568.0	122596.0
1620	122041.0	122773.0
1621	122252.0	122740.0
1622	122732.0	122817.0
1623	122753.0	122132.0
1624	122461.0	122389.0
1625	122612.0	122333.0
1626	122700.0	122122.0
1627	122610.0	123069.0
1628	122306.0	122854.0
1629	122124.0	121952.0
1630	122088.0	122119.0
1631	121467.0	122430.0
1632	122124.0	122508.0
1633	122422.0	122084.0
1634	123021.0	122380.0
1635	122575.0	122305.0
1636	122603.0	122207.0
1637	122471.0	123269.0
1638	122285.0	121925.0
1639	122082.0	123124.0
1640	122147.0	122604.0
1641	121999.0	122631.0
1642	123171.0	122783.0
1643	122734.0	122956.0
1644	122673.0	123050.0
1645	122331.0	122471.0
1646	122227.0	123105.0
1647	122194.0	122320.0
1648	122061.0	122846.0
1649	122287.0	122422.0
1650	122255.0	122644.0
1651	122072.0	122028.0
1652	121943.0	122138.0
1653	122229.0	122459.0
1654	122210.0	122599.0
1655	122634.0	122564.0
1656	122404.0	122643.0
1657	122130.0	122384.0
1658	122491.0	122796.0
1659	122869.0	122639.0
1660	122118.0	122687.0
1661	122451.0	122803.0
1662	122861.0	122648.0
1663	122203.0	122552.0
1664	122831.0	122829.0
1665	122290.0	122542.0
1666	122327.0	122418.0
1667	122216.0	122113.0
1668	122748.0	122670.0
1669	122965.0	123155.0
1670	122455.0	122407.0
1671	122401.0	122000.0
1672	122438.0	122461.0
1673	122105.0	123165.0
1674	121942.0	122697.0
1675	122009.0	122719.0
1676	122398.0	122616.0
1677	122255.0	122599.0
1678	122189.0	122639.0
1679	122480.0	122514.0
1680	122897.0	122603.0
1681	122457.0	121517.0
1682	122220.0	122834.0
1683	122364.0	122463.0
1684	122073.0	122678.0
1685	121989.0	122278.0
1686	122786.0	122954.0
1687	122523.0	121735.0
1688	122827.0	122503.0
1689	123200.0	122649.0
1690	122800.0	122560.0
1691	121862.0	122784.0
1692	122968.0	123025.0
1693	122051.0	122223.0
1694	122121.0	122982.0
1695	122317.0	122207.0
1696	121854.0	122126.0
1697	122594.0	122555.0
1698	122381.0	122721.0
1699	122007.0	122077.0
1700	122386.0	122437.0
1701	122335.0	122989.0
1702	121961.0	122589.0
1703	122352.0	123091.0
1704	122578.0	122799.0
1705	122414.0	122348.0
1706	122775.0	122472.0
1707	122196.0	122152.0
1708	122202.0	121846.0
1709	122211.0	122124.0
1710	122092.0	122769.0
1711	122200.0	122687.0
1712	122517.0	122938.0
1713	121788.0	122125.0
1714	122182.0	122809.0
1715	122106.0	122827.0
1716	122503.0	122646.0
1717	122081.0	122033.0
1718	122093.0	122590.0
1719	122243.0	122981.0
1720	121664.0	122703.0
1721	121948.0	122268.0
1722	121706.0	122445.0
1723	122350.0	121950.0
1724	121911.0	122500.0
1725	122056.0	122854.0
1726	121739.0	122113.0
1727	122223.0	122229.0
1728	122666.0	122739.0
1729	121802.0	122897.0
1730	122272.0	121940.0
1731	122496.0	122093.0
1732	122390.0	122219.0
1733	122663.0	122435.0
1734	122516.0	121926.0
1735	122319.0	122313.0
1736	121787.0	122460.0
1737	121944.0	122668.0
1738	122162.0	122380.0
1739	122009.0	122701.0
1740	122215.0	121981.0
1741	121605.0	122422.0
1742	123007.0	122498.0
1743	122358.0	121937.0
1744	122199.0	122400.0
1745	121971.0	122677.0
1746	122575.0	122121.0
1747	122103.0	122124.0
1748	122119.0	121707.0
1749	121753.0	122404.0
1750	121503.0	122551.0
1751	121923.0	122224.0
1752	122069.0	122076.0
1753	122299.0	121848.0
1754	121845.0	122215.0
1755	122116.0	122083.0
1756	121346.0	122139.0
1757	122140.0	122996.0
1758	122605.0	122112.0
1759	121804.0	122139.0
1760	121903.0	122376.0
1761	121505.0	122275.0
1762	122261.0	122036.0
1763	121695.0	122568.0
1764	121912.0	122006.0
1765	121562.0	122056.0
1766	121803.0	122568.0
1767	121800.0	122796.0
1768	122001.0	122307.0
1769	122113.0	122585.0
1770	122007.0	122409.0
1771	121732.0	122002.0
1772	122010.0	122446.0
1773	122512.0	122501.0
1774	121483.0	122057.0
1775	122402.0	122071.0
1776	122149.0	122026.0
1777	122274.0	122466.0
1778	121993.0	121893.0
1779	121855.0	122050.0
1780	122021.0	122655.0
1781	121971.0	122799.0
1782	122119.0	121961.0
1783	122109.0	121558.0
1784	122069.0	122257.0
1785	122295.0	122000.0
1786	121720.0	122078.0
1787	121892.0	122563.0
1788	121681.0	122419.0
1789	121868.0	122069.0
1790	122152.0	122952.0
1791	122474.0	122087.0
1792	122117.0	121714.0
1793	122259.0	122112.0
1794	122363.0	122439.0
1795	121962.0	122579.0
1796	122280.0	122652.0
1797	121972.0	122573.0
1798	122708.0	122147.0
1799	122366.0	121390.0
1800	122443.0	122072.0
1801	122019.0	121984.0
1802	121764.0	122672.0
1803	122154.0	122573.0
1804	122667.0	122289.0
1805	121591.0	121885.0
1806	121900.0	121969.0
1807	122289.0	122244.0
1808	121891.0	122238.0
1809	122744.0	122534.0
1810	122191.0	121859.0
1811	121962.0	122530.0
1812	121990.0	122642.0
1813	122566.0	122672.0
1814	121965.0	122399.0
1815	122541.0	122677.0
1816	122079.0	121975.0
1817	121533.0	121801.0
1818	121907.0	122464.0
1819	121784.0	121608.0
1820	122053.0	121711.0
1821	122358.0	122035.0
1822	121856.0	121494.0
1823	122241.0	122472.0
1824	121960.0	121982.0
1825	121832.0	122432.0
1826	122288.0	121923.0
1827	121316.0	122344.0
1828	121786.0	122125.0
1829	122353.0	122800.0
1830	122066.0	122369.0
1831	121976.0	122283.0
1832	122237.0	121911.0
1833	122133.0	121968.0
1834	122290.0	122251.0
1835	122567.0	122931.0
1836	121998.0	122161.0
1837	122099.0	121618.0
1838	121891.0	122330.0
1839	121608.0	122031.0
1840	122120.0	121910.0
1841	121893.0	122016.0
1842	121916.0	122423.0
1843	121834.0	122380.0
1844	122631.0	122367.0
1845	122244.0	121786.0
1846	122040.0	121313.0
1847	122113.0	121913.0
1848	122392.0	122005.0
1849	122008.0	122432.0
1850	122138.0	122523.0
1851	121694.0	121709.0
1852	121705.0	122323.0
1853	121626.0	122437.0
1854	121861.0	122173.0
1855	122002.0	122397.0
1856	122405.0	122112.0
1857	122094.0	122061.0
1858	122219.0	122283.0
1859	121722.0	122894.0
1860	122535.0	122078.0
1861	121897.0	121903.0
1862	122469.0	121965.0
1863	122611.0	122211.0
1864	122061.0	121955.0
1865	121798.0	122394.0
1866	122358.0	121606.0
1867	122435.0	121913.0
1868	122522.0	121752.0
1869	121976.0	121842.0
1870	121995.0	122112.0
1871	122051.0	122001.0
1872	121947.0	122090.0
1873	121780.0	121958.0
1874	122233.0	121643.0
1875	121577.0	122427.0
1876	121961.0	122110.0
1877	122672.0	122319.0
1878	121710.0	121712.0
1879	121751.0	122521.0
1880	121965.0	122638.0
1881	122278.0	121978.0
1882	122375.0	122293.0
1883	122346.0	122522.0
1884	122232.0	121904.0
1885	121050.0	121898.0
1886	121902.0	122134.0
1887	121901.0	121775.0
1888	122312.0	122170.0
1889	122191.0	122900.0
1890	121357.0	122225.0
1891	122253.0	121554.0
1892	121883.0	121626.0
1893	121943.0	122304.0
1894	121952.0	122030.0
1895	122007.0	122055.0
1896	122565.0	121714.0
1897	121607.0	121837.0
1898	121967.0	122333.0
1899	121545.0	122201.0
1900	121788.0	121964.0
1901	122251.0	121849.0
1902	122000.0	121913.0
1903	121392.0	122328.0
1904	121912.0	122103.0
1905	121652.0	121627.0
1906	121154.0	122178.0
1907	121909.0	122560.0
1908	121813.0	121680.0
1909	122046.0	121554.0
1910	122073.0	122054.0
1911	122605.0	121833.0
1912	121710.0	122016.0
1913	121286.0	122136.0
1914	122184.0	122013.0
1915	121992.0	122103.0
1916	121924.0	122617.0
1917	121555.0	121733.0
1918	121378.0	122644.0
1919	121814.0	121858.0
1920	121736.0	121828.0
1921	121383.0	122116.0
1922	121804.0	121883.0
1923	122066.0	122812.0
1924	121876.0	121955.0
1925	121378.0	121866.0
1926	121719.0	122279.0
1927	121652.0	121673.0
1928	121135.0	121915.0
1929	121811.0	122144.0
1930	121695.0	122473.0
1931	121752.0	122596.0
1932	121741.0	121793.0
1933	122147.0	121946.0
1934	121880.0	122208.0
1935	122102.0	121703.0
1936	122032.0	121987.0
1937	122268.0	121766.0
1938	121824.0	122143.0
1939	121730.0	122194.0
1940	122076.0	121914.0
1941	122329.0	121928.0
1942	121862.0	121617.0
1943	122351.0	121806.0
1944	121811.0	122037.0
1945	121898.0	122601.0
1946	121623.0	122411.0
1947	121619.0	121928.0
1948	122083.0	122101.0
1949	121440.0	122456.0
1950	121907.0	121570.0
1951	122567.0	122166.0
1952	121699.0	121442.0
1953	122304.0	122139.0
1954	122081.0	122141.0
1955	121397.0	121601.0
1956	121444.0	121822.0
1957	121028.0	122113.0
1958	122259.0	122180.0
1959	121799.0	122260.0
1960	121984.0	121730.0
1961	121540.0	122094.0
1962	122223.0	121738.0
1963	122360.0	122083.0
1964	121600.0	121504.0
1965	121265.0	121606.0
1966	122016.0	121750.0
1967	121893.0	121838.0
1968	121311.0	121945.0
1969	121656.0	121941.0
1970	121815.0	122300.0
1971	120987.0	121677.0
1972	122228.0	121363.0
1973	121723.0	122356.0
1974	121930.0	122450.0
1975	121943.0	122081.0
1976	121921.0	121730.0
1977	122364.0	122418.0
1978	121567.0	121162.0
1979	122091.0	121307.0
1980	122218.0	122043.0
1981	121492.0	121611.0
1982	121414.0	122167.0
1983	121600.0	122086.0
1984	121804.0	121849.0
1985	121762.0	121631.0
1986	122089.0	121961.0
1987	121746.0	122130.0
1988	122045.0	122069.0
1989	122402.0	121711.0
1990	121760.0	122405.0
1991	122140.0	121662.0
1992	121627.0	121956.0
1993	121773.0	121660.0
1994	121806.0	121581.0
1995	121906.0	122229.0
1996	121570.0	121891.0
1997	121952.0	121849.0
1998	121199.0	121748.0
1999	121637.0	121929.0
