Distance in bp(Fragment Length Estimate: 702)(Peak Width Estimate: 702)	Same Strand (+ for Watson strand, - for Crick)	Opposite Strand
-2000	122728.0	121487.0
-1999	122808.0	121247.0
-1998	122653.0	121751.0
-1997	122629.0	121508.0
-1996	121844.0	121388.0
-1995	122836.0	121926.0
-1994	122148.0	121670.0
-1993	122306.0	121791.0
-1992	122395.0	122319.0
-1991	121888.0	121849.0
-1990	122788.0	121977.0
-1989	122578.0	122100.0
-1988	121614.0	121701.0
-1987	122108.0	121522.0
-1986	122474.0	121519.0
-1985	122462.0	120805.0
-1984	122810.0	122087.0
-1983	122427.0	121821.0
-1982	122512.0	121888.0
-1981	122225.0	121767.0
-1980	122229.0	121478.0
-1979	121906.0	122068.0
-1978	121789.0	121792.0
-1977	122208.0	121278.0
-1976	122543.0	121855.0
-1975	122260.0	121760.0
-1974	122519.0	121662.0
-1973	122630.0	122251.0
-1972	122078.0	122250.0
-1971	121919.0	122391.0
-1970	121750.0	121664.0
-1969	122083.0	121559.0
-1968	122661.0	121636.0
-1967	123072.0	121646.0
-1966	122746.0	122185.0
-1965	122701.0	122454.0
-1964	121997.0	121947.0
-1963	122357.0	122122.0
-1962	122599.0	121086.0
-1961	122577.0	121366.0
-1960	122215.0	121591.0
-1959	122747.0	121888.0
-1958	122407.0	122087.0
-1957	122380.0	121790.0
-1956	122118.0	121567.0
-1955	121853.0	121741.0
-1954	122318.0	122094.0
-1953	122355.0	121825.0
-1952	122293.0	121821.0
-1951	122371.0	121484.0
-1950	122128.0	121528.0
-1949	122172.0	121373.0
-1948	122316.0	121329.0
-1947	122131.0	121640.0
-1946	122117.0	121699.0
-1945	122449.0	122110.0
-1944	122336.0	121471.0
-1943	122447.0	121766.0
-1942	122539.0	121499.0
-1941	122428.0	122621.0
-1940	121464.0	122149.0
-1939	121541.0	122170.0
-1938	122554.0	121767.0
-1937	122088.0	122008.0
-1936	122323.0	122284.0
-1935	122191.0	121964.0
-1934	122329.0	120972.0
-1933	122072.0	121763.0
-1932	122969.0	121577.0
-1931	122095.0	121810.0
-1930	122729.0	121539.0
-1929	122926.0	122074.0
-1928	122448.0	121677.0
-1927	122058.0	122185.0
-1926	122536.0	121642.0
-1925	122767.0	121867.0
-1924	122105.0	121884.0
-1923	122599.0	122387.0
-1922	121800.0	121669.0
-1921	122415.0	121709.0
-1920	122154.0	121975.0
-1919	122596.0	121649.0
-1918	122367.0	121914.0
-1917	122563.0	121924.0
-1916	122223.0	121757.0
-1915	122827.0	122033.0
-1914	122490.0	121582.0
-1913	122057.0	121985.0
-1912	122256.0	121905.0
-1911	122617.0	122199.0
-1910	123017.0	122326.0
-1909	122557.0	122415.0
-1908	122270.0	121759.0
-1907	122095.0	121740.0
-1906	121927.0	121893.0
-1905	122247.0	122089.0
-1904	122206.0	121674.0
-1903	122611.0	122089.0
-1902	123258.0	122320.0
-1901	122767.0	121325.0
-1900	122243.0	121831.0
-1899	122313.0	122061.0
-1898	121969.0	121789.0
-1897	122028.0	122079.0
-1896	122567.0	122725.0
-1895	122993.0	122049.0
-1894	122577.0	121990.0
-1893	122257.0	121742.0
-1892	122464.0	122241.0
-1891	122687.0	121704.0
-1890	122466.0	122097.0
-1889	122425.0	122359.0
-1888	122349.0	121894.0
-1887	122014.0	122454.0
-1886	122914.0	122376.0
-1885	122415.0	122191.0
-1884	123092.0	121533.0
-1883	122922.0	122062.0
-1882	122508.0	122155.0
-1881	122685.0	121927.0
-1880	122591.0	122248.0
-1879	122166.0	121972.0
-1878	122778.0	122127.0
-1877	122015.0	122090.0
-1876	122213.0	122583.0
-1875	122655.0	122257.0
-1874	123049.0	121796.0
-1873	122811.0	121856.0
-1872	122532.0	121919.0
-1871	122240.0	121638.0
-1870	122606.0	121973.0
-1869	122626.0	121782.0
-1868	122206.0	121733.0
-1867	122419.0	122172.0
-1866	122140.0	121933.0
-1865	122548.0	121839.0
-1864	122408.0	122189.0
-1863	122679.0	122195.0
-1862	123084.0	121565.0
-1861	122538.0	121896.0
-1860	123028.0	122291.0
-1859	122588.0	122081.0
-1858	122159.0	122308.0
-1857	122626.0	122748.0
-1856	122767.0	122400.0
-1855	122026.0	122161.0
-1854	121872.0	122050.0
-1853	122609.0	122400.0
-1852	122323.0	122306.0
-1851	122258.0	122212.0
-1850	122533.0	122268.0
-1849	123013.0	123025.0
-1848	122419.0	122707.0
-1847	122324.0	122060.0
-1846	121872.0	121830.0
-1845	122172.0	122266.0
-1844	123185.0	121107.0
-1843	123018.0	121804.0
-1842	122296.0	121434.0
-1841	122705.0	122103.0
-1840	121727.0	122420.0
-1839	122624.0	122732.0
-1838	122695.0	122495.0
-1837	122814.0	121936.0
-1836	122767.0	122481.0
-1835	122474.0	122112.0
-1834	122308.0	122438.0
-1833	122460.0	122121.0
-1832	122514.0	122226.0
-1831	122883.0	122029.0
-1830	122352.0	122245.0
-1829	122935.0	121916.0
-1828	122542.0	122310.0
-1827	123053.0	122459.0
-1826	122126.0	121791.0
-1825	122481.0	121842.0
-1824	122651.0	122004.0
-1823	122575.0	121802.0
-1822	123114.0	122017.0
-1821	122504.0	121880.0
-1820	122438.0	121570.0
-1819	122835.0	122230.0
-1818	122685.0	122108.0
-1817	122370.0	121862.0
-1816	122344.0	121936.0
-1815	122036.0	122136.0
-1814	122836.0	121601.0
-1813	122610.0	121265.0
-1812	123192.0	122083.0
-1811	122222.0	121865.0
-1810	122721.0	122636.0
-1809	122566.0	122354.0
-1808	121625.0	122278.0
-1807	121406.0	122434.0
-1806	122674.0	122217.0
-1805	122520.0	122178.0
-1804	122494.0	122378.0
-1803	122382.0	121955.0
-1802	122872.0	121972.0
-1801	122579.0	122557.0
-1800	122390.0	122372.0
-1799	122517.0	122247.0
-1798	122768.0	122702.0
-1797	123156.0	122392.0
-1796	122263.0	122119.0
-1795	122596.0	122267.0
-1794	122802.0	121660.0
-1793	122188.0	122147.0
-1792	122566.0	121968.0
-1791	122725.0	121353.0
-1790	122381.0	121164.0
-1789	122093.0	122250.0
-1788	122303.0	122229.0
-1787	122384.0	122568.0
-1786	122437.0	122284.0
-1785	122669.0	122071.0
-1784	122961.0	121170.0
-1783	122700.0	121413.0
-1782	123081.0	122115.0
-1781	122996.0	121703.0
-1780	122440.0	122103.0
-1779	122792.0	122284.0
-1778	122272.0	122112.0
-1777	122533.0	122468.0
-1776	122136.0	123112.0
-1775	122753.0	122436.0
-1774	122734.0	122348.0
-1773	123075.0	122166.0
-1772	122435.0	121629.0
-1771	122526.0	121927.0
-1770	122403.0	121829.0
-1769	122623.0	122246.0
-1768	122671.0	121988.0
-1767	122442.0	122419.0
-1766	122431.0	122071.0
-1765	122613.0	122291.0
-1764	122234.0	122073.0
-1763	122444.0	121999.0
-1762	122533.0	122441.0
-1761	122922.0	122536.0
-1760	122415.0	122316.0
-1759	122509.0	121738.0
-1758	122284.0	122473.0
-1757	122446.0	121897.0
-1756	122782.0	122363.0
-1755	122775.0	121838.0
-1754	122710.0	121876.0
-1753	122993.0	122089.0
-1752	122567.0	122299.0
-1751	122815.0	121697.0
-1750	122046.0	122100.0
-1749	122131.0	122398.0
-1748	122331.0	122177.0
-1747	122772.0	122346.0
-1746	122439.0	122329.0
-1745	122617.0	122236.0
-1744	123504.0	122407.0
-1743	122484.0	121976.0
-1742	123060.0	121702.0
-1741	122725.0	121953.0
-1740	122546.0	121798.0
-1739	123242.0	122551.0
-1738	122037.0	122156.0
-1737	122369.0	122297.0
-1736	123020.0	122624.0
-1735	122603.0	122312.0
-1734	122825.0	121825.0
-1733	122606.0	121982.0
-1732	122225.0	122463.0
-1731	123208.0	122135.0
-1730	123093.0	122331.0
-1729	122960.0	122221.0
-1728	122499.0	122209.0
-1727	122314.0	121866.0
-1726	122772.0	121975.0
-1725	122922.0	122478.0
-1724	122517.0	122237.0
-1723	122352.0	122583.0
-1722	122829.0	122638.0
-1721	122333.0	122329.0
-1720	122808.0	123159.0
-1719	122709.0	122582.0
-1718	123082.0	122547.0
-1717	122790.0	122639.0
-1716	122724.0	122656.0
-1715	122812.0	122304.0
-1714	122084.0	121988.0
-1713	122597.0	122476.0
-1712	121912.0	122696.0
-1711	122719.0	122349.0
-1710	123368.0	122857.0
-1709	123362.0	122301.0
-1708	123191.0	122577.0
-1707	122818.0	121525.0
-1706	122724.0	122558.0
-1705	123408.0	122131.0
-1704	122893.0	121683.0
-1703	123071.0	122180.0
-1702	123003.0	122779.0
-1701	122465.0	122048.0
-1700	122420.0	122762.0
-1699	123028.0	123139.0
-1698	123797.0	123341.0
-1697	123569.0	122826.0
-1696	122918.0	122661.0
-1695	123398.0	122205.0
-1694	123136.0	122250.0
-1693	122841.0	123119.0
-1692	122699.0	122523.0
-1691	122965.0	122579.0
-1690	122849.0	122936.0
-1689	123079.0	122484.0
-1688	123167.0	122118.0
-1687	123029.0	122214.0
-1686	123053.0	122348.0
-1685	122804.0	121871.0
-1684	123034.0	122282.0
-1683	123354.0	122032.0
-1682	122608.0	121980.0
-1681	122527.0	121972.0
-1680	122797.0	121919.0
-1679	123291.0	122096.0
-1678	123318.0	122303.0
-1677	122616.0	122387.0
-1676	122552.0	122723.0
-1675	122988.0	122490.0
-1674	122316.0	122925.0
-1673	122223.0	122367.0
-1672	122957.0	122220.0
-1671	123044.0	122590.0
-1670	122805.0	122499.0
-1669	122601.0	122818.0
-1668	123163.0	122114.0
-1667	123454.0	122734.0
-1666	123716.0	122540.0
-1665	122985.0	122440.0
-1664	123229.0	122209.0
-1663	123141.0	122554.0
-1662	122807.0	122885.0
-1661	122359.0	122418.0
-1660	122948.0	122222.0
-1659	122946.0	122399.0
-1658	122926.0	122918.0
-1657	122436.0	122223.0
-1656	123099.0	122386.0
-1655	122717.0	122111.0
-1654	122670.0	122216.0
-1653	122813.0	122587.0
-1652	122468.0	122301.0
-1651	122784.0	122113.0
-1650	122615.0	122775.0
-1649	122891.0	123352.0
-1648	122347.0	122552.0
-1647	123308.0	122968.0
-1646	122294.0	122504.0
-1645	122561.0	122809.0
-1644	122559.0	122848.0
-1643	122610.0	122381.0
-1642	122872.0	122953.0
-1641	122752.0	122737.0
-1640	122962.0	123068.0
-1639	122765.0	123043.0
-1638	123263.0	122647.0
-1637	122820.0	122392.0
-1636	122843.0	122909.0
-1635	123301.0	122089.0
-1634	122881.0	122047.0
-1633	122737.0	122757.0
-1632	122963.0	122406.0
-1631	122818.0	122609.0
-1630	123296.0	122855.0
-1629	123006.0	122832.0
-1628	122850.0	122645.0
-1627	122822.0	122323.0
-1626	123159.0	122303.0
-1625	122792.0	121660.0
-1624	122576.0	122794.0
-1623	122652.0	122328.0
-1622	122710.0	122729.0
-1621	123065.0	122445.0
-1620	123022.0	122306.0
-1619	122556.0	122577.0
-1618	123051.0	122676.0
-1617	123050.0	122126.0
-1616	122623.0	122563.0
-1615	122163.0	122076.0
-1614	122132.0	122926.0
-1613	122303.0	123062.0
-1612	122973.0	123328.0
-1611	123213.0	123483.0
-1610	123011.0	122622.0
-1609	122915.0	121931.0
-1608	123071.0	122702.0
-1607	122163.0	123045.0
-1606	122624.0	122813.0
-1605	123421.0	122502.0
-1604	123253.0	122267.0
-1603	122970.0	122436.0
-1602	122704.0	122262.0
-1601	123119.0	122620.0
-1600	123049.0	122911.0
-1599	123172.0	122475.0
-1598	122603.0	122499.0
-1597	122563.0	122325.0
-1596	122616.0	122609.0
-1595	122556.0	122435.0
-1594	122873.0	122915.0
-1593	123390.0	122343.0
-1592	122954.0	123117.0
-1591	122913.0	123296.0
-1590	123041.0	122556.0
-1589	123098.0	122672.0
-1588	122881.0	122298.0
-1587	123150.0	122520.0
-1586	122725.0	123016.0
-1585	123049.0	123593.0
-1584	122984.0	123393.0
-1583	122753.0	122446.0
-1582	123477.0	122872.0
-1581	123098.0	123023.0
-1580	123125.0	123153.0
-1579	123454.0	122612.0
-1578	123065.0	122116.0
-1577	122715.0	122417.0
-1576	123196.0	123223.0
-1575	122919.0	123076.0
-1574	122660.0	123312.0
-1573	122598.0	122683.0
-1572	123149.0	122237.0
-1571	122981.0	122518.0
-1570	122958.0	123132.0
-1569	122939.0	122597.0
-1568	122954.0	122631.0
-1567	122785.0	122592.0
-1566	122902.0	122947.0
-1565	123035.0	122586.0
-1564	122411.0	123164.0
-1563	122993.0	122862.0
-1562	122483.0	122935.0
-1561	122835.0	122906.0
-1560	122623.0	123223.0
-1559	122623.0	123851.0
-1558	122924.0	123079.0
-1557	122656.0	122760.0
-1556	122122.0	122396.0
-1555	122785.0	123141.0
-1554	123587.0	123293.0
-1553	123341.0	122557.0
-1552	123297.0	122622.0
-1551	123216.0	122864.0
-1550	122507.0	122448.0
-1549	123976.0	122673.0
-1548	123694.0	122623.0
-1547	122957.0	122887.0
-1546	122699.0	122811.0
-1545	122553.0	122931.0
-1544	122883.0	123237.0
-1543	123524.0	122784.0
-1542	123242.0	122670.0
-1541	123251.0	122374.0
-1540	122927.0	122970.0
-1539	123383.0	122908.0
-1538	122884.0	122737.0
-1537	123051.0	123111.0
-1536	122803.0	122416.0
-1535	122705.0	122553.0
-1534	123153.0	122418.0
-1533	123296.0	122320.0
-1532	123665.0	122532.0
-1531	123189.0	122429.0
-1530	123193.0	122526.0
-1529	123146.0	122537.0
-1528	123044.0	123109.0
-1527	123138.0	122589.0
-1526	123391.0	122556.0
-1525	123266.0	122937.0
-1524	122998.0	123016.0
-1523	123587.0	122757.0
-1522	122511.0	122589.0
-1521	123211.0	122366.0
-1520	123186.0	122966.0
-1519	123143.0	123060.0
-1518	122899.0	122677.0
-1517	122866.0	122492.0
-1516	122422.0	122704.0
-1515	122776.0	122875.0
-1514	123226.0	123435.0
-1513	122622.0	123005.0
-1512	122691.0	122871.0
-1511	122449.0	122645.0
-1510	122599.0	122714.0
-1509	122508.0	122711.0
-1508	123439.0	122587.0
-1507	123055.0	122395.0
-1506	123175.0	123056.0
-1505	122816.0	122944.0
-1504	123560.0	123302.0
-1503	123367.0	123145.0
-1502	123125.0	123282.0
-1501	123175.0	122855.0
-1500	124277.0	122665.0
-1499	123444.0	122754.0
-1498	123713.0	122699.0
-1497	123674.0	122381.0
-1496	123420.0	123026.0
-1495	123291.0	122975.0
-1494	123394.0	123615.0
-1493	123409.0	122743.0
-1492	123256.0	122700.0
-1491	123101.0	123443.0
-1490	123423.0	122574.0
-1489	122884.0	123601.0
-1488	123279.0	122531.0
-1487	122777.0	122589.0
-1486	122902.0	122564.0
-1485	122983.0	122520.0
-1484	123337.0	122964.0
-1483	123388.0	123179.0
-1482	123279.0	123006.0
-1481	123482.0	122598.0
-1480	122935.0	123206.0
-1479	122937.0	122980.0
-1478	123338.0	122986.0
-1477	123234.0	123117.0
-1476	123635.0	122603.0
-1475	123654.0	122602.0
-1474	123700.0	122927.0
-1473	123576.0	122718.0
-1472	123113.0	122614.0
-1471	123166.0	122613.0
-1470	122810.0	122838.0
-1469	123471.0	122785.0
-1468	123771.0	122778.0
-1467	123221.0	122709.0
-1466	123403.0	123055.0
-1465	123051.0	122669.0
-1464	123436.0	122633.0
-1463	123235.0	122596.0
-1462	122979.0	123211.0
-1461	123685.0	123396.0
-1460	122851.0	122641.0
-1459	122745.0	123275.0
-1458	122775.0	123230.0
-1457	122708.0	122847.0
-1456	123128.0	122252.0
-1455	123106.0	123089.0
-1454	123745.0	122657.0
-1453	123960.0	122687.0
-1452	123740.0	122563.0
-1451	123858.0	122973.0
-1450	123428.0	122825.0
-1449	123429.0	122909.0
-1448	123232.0	122793.0
-1447	123305.0	122920.0
-1446	123466.0	122776.0
-1445	123189.0	122595.0
-1444	123058.0	122780.0
-1443	123393.0	122374.0
-1442	122887.0	123024.0
-1441	122993.0	122827.0
-1440	123225.0	122951.0
-1439	123713.0	122675.0
-1438	123105.0	122704.0
-1437	122978.0	123025.0
-1436	123029.0	123209.0
-1435	123172.0	123315.0
-1434	123090.0	123132.0
-1433	122756.0	122181.0
-1432	123346.0	122941.0
-1431	123155.0	123087.0
-1430	123070.0	122633.0
-1429	123331.0	123196.0
-1428	122627.0	122594.0
-1427	122567.0	123127.0
-1426	123139.0	123260.0
-1425	122883.0	123658.0
-1424	123220.0	123075.0
-1423	123305.0	122943.0
-1422	123214.0	123377.0
-1421	123291.0	122519.0
-1420	123510.0	122815.0
-1419	122869.0	123036.0
-1418	123009.0	123050.0
-1417	122427.0	122592.0
-1416	122982.0	123057.0
-1415	122702.0	123084.0
-1414	122952.0	123293.0
-1413	123461.0	122799.0
-1412	124038.0	122965.0
-1411	123298.0	122661.0
-1410	123583.0	123273.0
-1409	122905.0	123186.0
-1408	123185.0	123072.0
-1407	123354.0	123582.0
-1406	123318.0	122970.0
-1405	123221.0	122969.0
-1404	123476.0	123186.0
-1403	123653.0	123214.0
-1402	123390.0	123071.0
-1401	123775.0	122543.0
-1400	123684.0	122595.0
-1399	123700.0	123303.0
-1398	123539.0	122550.0
-1397	123402.0	122769.0
-1396	123204.0	122685.0
-1395	123410.0	123293.0
-1394	122787.0	122972.0
-1393	123901.0	123308.0
-1392	123360.0	123046.0
-1391	123709.0	122986.0
-1390	123865.0	123131.0
-1389	123676.0	123330.0
-1388	123030.0	123193.0
-1387	123339.0	123514.0
-1386	123116.0	122935.0
-1385	123323.0	123596.0
-1384	123570.0	122790.0
-1383	123565.0	123175.0
-1382	123366.0	123072.0
-1381	122988.0	122813.0
-1380	123306.0	122933.0
-1379	123259.0	123410.0
-1378	123078.0	123141.0
-1377	123807.0	123417.0
-1376	123249.0	123131.0
-1375	123039.0	122607.0
-1374	123901.0	123287.0
-1373	123471.0	123167.0
-1372	123157.0	122927.0
-1371	122757.0	123010.0
-1370	123584.0	122811.0
-1369	123194.0	122781.0
-1368	123136.0	123405.0
-1367	122961.0	122820.0
-1366	123206.0	123305.0
-1365	123775.0	123666.0
-1364	123051.0	123209.0
-1363	123691.0	123328.0
-1362	123030.0	123156.0
-1361	123111.0	123224.0
-1360	123396.0	122929.0
-1359	123738.0	123219.0
-1358	123440.0	122732.0
-1357	123105.0	123310.0
-1356	123343.0	123055.0
-1355	123813.0	123531.0
-1354	123269.0	122900.0
-1353	123411.0	123351.0
-1352	123501.0	122962.0
-1351	123614.0	123758.0
-1350	123836.0	123513.0
-1349	123378.0	123781.0
-1348	123484.0	122844.0
-1347	123811.0	123058.0
-1346	123861.0	122349.0
-1345	122892.0	123396.0
-1344	123498.0	123730.0
-1343	123790.0	123382.0
-1342	123482.0	123346.0
-1341	123524.0	122870.0
-1340	123570.0	123175.0
-1339	123352.0	123112.0
-1338	124296.0	123352.0
-1337	123487.0	123371.0
-1336	123768.0	123310.0
-1335	123841.0	123140.0
-1334	123108.0	122938.0
-1333	123473.0	122865.0
-1332	123453.0	123319.0
-1331	123610.0	123495.0
-1330	123341.0	123088.0
-1329	123807.0	123280.0
-1328	124113.0	122824.0
-1327	123166.0	123080.0
-1326	123792.0	123643.0
-1325	123411.0	122777.0
-1324	123762.0	123037.0
-1323	123902.0	122999.0
-1322	122879.0	122984.0
-1321	123408.0	123655.0
-1320	123467.0	123361.0
-1319	123576.0	123216.0
-1318	123440.0	123074.0
-1317	123707.0	123145.0
-1316	123383.0	123313.0
-1315	123451.0	123403.0
-1314	123823.0	122949.0
-1313	123646.0	123060.0
-1312	123831.0	123084.0
-1311	123640.0	123019.0
-1310	123722.0	123372.0
-1309	123499.0	123088.0
-1308	123664.0	122604.0
-1307	123448.0	123406.0
-1306	123727.0	123169.0
-1305	123427.0	123050.0
-1304	123737.0	123167.0
-1303	123444.0	123465.0
-1302	124019.0	122993.0
-1301	123561.0	122931.0
-1300	124095.0	123992.0
-1299	123912.0	122653.0
-1298	123459.0	123330.0
-1297	123790.0	123098.0
-1296	123919.0	123678.0
-1295	123564.0	123328.0
-1294	123291.0	123537.0
-1293	123291.0	123468.0
-1292	124029.0	123389.0
-1291	123609.0	123046.0
-1290	123680.0	123213.0
-1289	124156.0	122746.0
-1288	123636.0	123330.0
-1287	123491.0	122917.0
-1286	123720.0	123181.0
-1285	123426.0	122857.0
-1284	124133.0	123037.0
-1283	123092.0	123281.0
-1282	123911.0	122863.0
-1281	123739.0	122918.0
-1280	123165.0	122649.0
-1279	123630.0	123019.0
-1278	123728.0	123944.0
-1277	123544.0	123502.0
-1276	123342.0	123370.0
-1275	123798.0	123140.0
-1274	123780.0	122694.0
-1273	123453.0	122847.0
-1272	123416.0	123408.0
-1271	123649.0	123434.0
-1270	123729.0	122852.0
-1269	123563.0	123006.0
-1268	123477.0	122802.0
-1267	123379.0	123249.0
-1266	123609.0	123006.0
-1265	122955.0	122811.0
-1264	123480.0	123100.0
-1263	123703.0	123015.0
-1262	123130.0	123091.0
-1261	122927.0	123556.0
-1260	122952.0	123425.0
-1259	123076.0	123083.0
-1258	123039.0	123748.0
-1257	123723.0	123109.0
-1256	123623.0	123118.0
-1255	123943.0	123433.0
-1254	123220.0	123583.0
-1253	123599.0	123064.0
-1252	124016.0	123161.0
-1251	123834.0	123365.0
-1250	123754.0	122868.0
-1249	123770.0	123431.0
-1248	123570.0	123077.0
-1247	123492.0	123116.0
-1246	123853.0	123405.0
-1245	123598.0	122841.0
-1244	123010.0	123363.0
-1243	123305.0	123484.0
-1242	123372.0	123097.0
-1241	123336.0	123597.0
-1240	123435.0	123480.0
-1239	123863.0	123424.0
-1238	123785.0	123553.0
-1237	123296.0	123695.0
-1236	123808.0	123584.0
-1235	123691.0	123216.0
-1234	123024.0	123505.0
-1233	123837.0	123397.0
-1232	123203.0	122752.0
-1231	123408.0	123312.0
-1230	123708.0	123308.0
-1229	123650.0	123094.0
-1228	123295.0	123639.0
-1227	124122.0	123380.0
-1226	123912.0	122831.0
-1225	123873.0	123637.0
-1224	123615.0	124061.0
-1223	124131.0	123312.0
-1222	123817.0	123588.0
-1221	123587.0	123357.0
-1220	124636.0	123602.0
-1219	123571.0	123610.0
-1218	124031.0	123649.0
-1217	123613.0	123555.0
-1216	123496.0	123586.0
-1215	123482.0	123765.0
-1214	123237.0	123753.0
-1213	123267.0	123909.0
-1212	123672.0	123488.0
-1211	123793.0	122924.0
-1210	124422.0	123212.0
-1209	123810.0	123470.0
-1208	123524.0	123371.0
-1207	123673.0	123085.0
-1206	124016.0	123542.0
-1205	123118.0	123566.0
-1204	123094.0	123991.0
-1203	123253.0	123233.0
-1202	123348.0	123441.0
-1201	124491.0	123472.0
-1200	123462.0	123805.0
-1199	124003.0	123509.0
-1198	123779.0	123414.0
-1197	124204.0	123477.0
-1196	124457.0	123165.0
-1195	123238.0	123486.0
-1194	123696.0	124092.0
-1193	123495.0	123920.0
-1192	123724.0	123860.0
-1191	124214.0	123562.0
-1190	123326.0	123609.0
-1189	123483.0	123190.0
-1188	123979.0	123468.0
-1187	123826.0	123627.0
-1186	124635.0	123515.0
-1185	124522.0	123695.0
-1184	123644.0	122763.0
-1183	123830.0	123406.0
-1182	124023.0	123442.0
-1181	123592.0	123625.0
-1180	123442.0	123313.0
-1179	124020.0	122848.0
-1178	124035.0	123086.0
-1177	124698.0	123248.0
-1176	123769.0	123363.0
-1175	124019.0	124310.0
-1174	124215.0	124010.0
-1173	124302.0	123953.0
-1172	124276.0	123538.0
-1171	124692.0	123097.0
-1170	124102.0	123186.0
-1169	124125.0	123584.0
-1168	124011.0	123561.0
-1167	123275.0	123486.0
-1166	124148.0	123350.0
-1165	124267.0	123791.0
-1164	124206.0	124195.0
-1163	123912.0	123410.0
-1162	124252.0	123737.0
-1161	124101.0	123462.0
-1160	124169.0	123110.0
-1159	124065.0	124063.0
-1158	123845.0	123803.0
-1157	123539.0	123387.0
-1156	123692.0	124240.0
-1155	123897.0	123997.0
-1154	124460.0	123687.0
-1153	124398.0	123641.0
-1152	123763.0	123636.0
-1151	123968.0	123315.0
-1150	124260.0	123493.0
-1149	124776.0	124000.0
-1148	124262.0	123377.0
-1147	124138.0	123755.0
-1146	124265.0	123399.0
-1145	123933.0	123411.0
-1144	123869.0	123626.0
-1143	123948.0	123558.0
-1142	123375.0	123366.0
-1141	123795.0	123637.0
-1140	124313.0	123995.0
-1139	124024.0	123508.0
-1138	124453.0	123313.0
-1137	124298.0	123404.0
-1136	123965.0	123658.0
-1135	124317.0	123582.0
-1134	124312.0	123756.0
-1133	124198.0	123326.0
-1132	124233.0	123191.0
-1131	124284.0	123323.0
-1130	124386.0	123579.0
-1129	124195.0	123210.0
-1128	123926.0	124602.0
-1127	123663.0	123385.0
-1126	124512.0	123998.0
-1125	124572.0	123565.0
-1124	123765.0	122931.0
-1123	123980.0	123498.0
-1122	123833.0	123657.0
-1121	124247.0	122982.0
-1120	124323.0	123090.0
-1119	124422.0	123138.0
-1118	123810.0	123537.0
-1117	123510.0	123772.0
-1116	124322.0	123507.0
-1115	123763.0	124177.0
-1114	124240.0	123997.0
-1113	123943.0	123929.0
-1112	124478.0	123192.0
-1111	124044.0	123687.0
-1110	123938.0	124268.0
-1109	123161.0	123488.0
-1108	124038.0	123474.0
-1107	124341.0	123755.0
-1106	124064.0	123537.0
-1105	124113.0	124292.0
-1104	124827.0	124021.0
-1103	123823.0	123949.0
-1102	124041.0	123607.0
-1101	123878.0	123752.0
-1100	124569.0	123316.0
-1099	123875.0	123302.0
-1098	124242.0	123953.0
-1097	124330.0	123255.0
-1096	124370.0	124146.0
-1095	124785.0	123642.0
-1094	124212.0	123677.0
-1093	124345.0	123894.0
-1092	124349.0	123795.0
-1091	124629.0	123593.0
-1090	124156.0	123790.0
-1089	123863.0	123604.0
-1088	124165.0	123875.0
-1087	124186.0	123989.0
-1086	124389.0	124066.0
-1085	123673.0	123985.0
-1084	123614.0	124096.0
-1083	124235.0	123759.0
-1082	123704.0	123672.0
-1081	124495.0	123511.0
-1080	124320.0	123240.0
-1079	124105.0	123529.0
-1078	124383.0	123563.0
-1077	124285.0	123704.0
-1076	123866.0	123333.0
-1075	124436.0	124191.0
-1074	124118.0	124304.0
-1073	123784.0	123816.0
-1072	123846.0	123601.0
-1071	123730.0	122997.0
-1070	124265.0	123222.0
-1069	124434.0	123352.0
-1068	124906.0	123406.0
-1067	123573.0	123885.0
-1066	124168.0	123678.0
-1065	124674.0	123438.0
-1064	123844.0	123299.0
-1063	123855.0	124386.0
-1062	124419.0	123884.0
-1061	124254.0	123698.0
-1060	123910.0	123881.0
-1059	124580.0	123256.0
-1058	123906.0	124134.0
-1057	123796.0	123973.0
-1056	123961.0	123975.0
-1055	123383.0	123698.0
-1054	124235.0	123854.0
-1053	124517.0	123532.0
-1052	124687.0	123745.0
-1051	124381.0	123569.0
-1050	124185.0	124103.0
-1049	124282.0	124009.0
-1048	123942.0	123893.0
-1047	124656.0	123595.0
-1046	124370.0	124297.0
-1045	124377.0	124439.0
-1044	124038.0	124084.0
-1043	124773.0	123886.0
-1042	124264.0	123771.0
-1041	124562.0	123715.0
-1040	124394.0	123756.0
-1039	124174.0	123663.0
-1038	124070.0	124139.0
-1037	124145.0	123710.0
-1036	124057.0	123871.0
-1035	124827.0	124387.0
-1034	124801.0	124223.0
-1033	124266.0	123942.0
-1032	124570.0	124609.0
-1031	124405.0	123819.0
-1030	123887.0	123988.0
-1029	123758.0	123764.0
-1028	123627.0	123977.0
-1027	123771.0	123983.0
-1026	124806.0	124068.0
-1025	124200.0	123769.0
-1024	124072.0	123634.0
-1023	124334.0	124173.0
-1022	124514.0	124091.0
-1021	123580.0	123361.0
-1020	124080.0	124636.0
-1019	124000.0	123957.0
-1018	124242.0	124063.0
-1017	124071.0	123964.0
-1016	123671.0	123207.0
-1015	123932.0	124409.0
-1014	124493.0	124201.0
-1013	124240.0	123934.0
-1012	124430.0	123841.0
-1011	124194.0	123765.0
-1010	124528.0	124036.0
-1009	124014.0	123723.0
-1008	124488.0	124663.0
-1007	124603.0	123504.0
-1006	123992.0	124331.0
-1005	124318.0	124023.0
-1004	124450.0	123642.0
-1003	123665.0	123911.0
-1002	124497.0	124891.0
-1001	124499.0	124266.0
-1000	124716.0	123945.0
-999	124985.0	124409.0
-998	124409.0	124153.0
-997	124803.0	123928.0
-996	124702.0	123921.0
-995	123799.0	124105.0
-994	123965.0	123927.0
-993	125168.0	124373.0
-992	124529.0	124078.0
-991	124039.0	124594.0
-990	124609.0	124582.0
-989	124891.0	123916.0
-988	124321.0	124357.0
-987	123847.0	124481.0
-986	124437.0	123851.0
-985	124877.0	124186.0
-984	125074.0	124018.0
-983	124572.0	124227.0
-982	124408.0	124187.0
-981	124790.0	123603.0
-980	124364.0	123844.0
-979	124435.0	123783.0
-978	124213.0	124165.0
-977	124903.0	124084.0
-976	125185.0	124014.0
-975	124862.0	124403.0
-974	124923.0	123796.0
-973	124323.0	124016.0
-972	124966.0	124580.0
-971	124768.0	123361.0
-970	124743.0	123583.0
-969	125037.0	124128.0
-968	124933.0	123633.0
-967	124421.0	124628.0
-966	125270.0	124657.0
-965	124222.0	123938.0
-964	124328.0	123894.0
-963	125264.0	124277.0
-962	125187.0	123904.0
-961	124767.0	123926.0
-960	124866.0	123968.0
-959	124324.0	123453.0
-958	124188.0	124604.0
-957	124887.0	124261.0
-956	124396.0	123489.0
-955	124286.0	123924.0
-954	124901.0	123802.0
-953	124781.0	123636.0
-952	124546.0	124262.0
-951	124258.0	124212.0
-950	124712.0	124031.0
-949	124504.0	124291.0
-948	124881.0	124098.0
-947	124474.0	123661.0
-946	124015.0	124511.0
-945	124337.0	124484.0
-944	124674.0	124280.0
-943	124550.0	124272.0
-942	125321.0	124194.0
-941	124788.0	124097.0
-940	124693.0	124137.0
-939	124832.0	123861.0
-938	124229.0	124143.0
-937	124487.0	124334.0
-936	125042.0	124384.0
-935	124162.0	123916.0
-934	124496.0	124974.0
-933	124863.0	124179.0
-932	124751.0	124500.0
-931	124581.0	123868.0
-930	124827.0	124172.0
-929	124236.0	124179.0
-928	124779.0	124019.0
-927	124147.0	124392.0
-926	124600.0	123984.0
-925	124369.0	124015.0
-924	124995.0	124648.0
-923	124292.0	124083.0
-922	124214.0	124375.0
-921	124889.0	124894.0
-920	124901.0	124377.0
-919	124309.0	124381.0
-918	124670.0	124417.0
-917	124747.0	124315.0
-916	124486.0	124401.0
-915	125369.0	124499.0
-914	124815.0	124444.0
-913	124796.0	124389.0
-912	125479.0	124861.0
-911	124743.0	123296.0
-910	124311.0	124435.0
-909	124643.0	124255.0
-908	124544.0	124273.0
-907	125098.0	123855.0
-906	124435.0	123532.0
-905	125079.0	123944.0
-904	124738.0	124445.0
-903	125052.0	124682.0
-902	124658.0	124421.0
-901	124602.0	123988.0
-900	125015.0	124294.0
-899	125106.0	124471.0
-898	124556.0	124123.0
-897	124289.0	124471.0
-896	124702.0	124636.0
-895	125066.0	123947.0
-894	125560.0	124220.0
-893	124677.0	124354.0
-892	124639.0	124120.0
-891	125592.0	124092.0
-890	124866.0	124290.0
-889	124859.0	124121.0
-888	124899.0	124777.0
-887	124678.0	123937.0
-886	124824.0	124122.0
-885	125239.0	124246.0
-884	125220.0	124413.0
-883	125233.0	124740.0
-882	125554.0	124603.0
-881	124640.0	124448.0
-880	124860.0	124130.0
-879	124684.0	124469.0
-878	124515.0	124538.0
-877	124524.0	124024.0
-876	125076.0	124273.0
-875	124513.0	124140.0
-874	125441.0	123723.0
-873	125343.0	123484.0
-872	124516.0	124037.0
-871	124417.0	123750.0
-870	124753.0	124173.0
-869	124783.0	124249.0
-868	124572.0	124804.0
-867	124777.0	124236.0
-866	124898.0	124335.0
-865	124316.0	124670.0
-864	124550.0	124684.0
-863	124666.0	124154.0
-862	124688.0	124538.0
-861	124964.0	124741.0
-860	125091.0	124029.0
-859	124827.0	124516.0
-858	124960.0	124304.0
-857	124660.0	124213.0
-856	125457.0	124207.0
-855	125612.0	124507.0
-854	124530.0	123646.0
-853	124752.0	124282.0
-852	124905.0	124612.0
-851	124940.0	124776.0
-850	124393.0	124468.0
-849	125578.0	125023.0
-848	124744.0	124736.0
-847	124115.0	124909.0
-846	124667.0	125094.0
-845	125081.0	124881.0
-844	124477.0	124540.0
-843	124186.0	124462.0
-842	125141.0	124698.0
-841	125047.0	124308.0
-840	124976.0	125005.0
-839	124985.0	124106.0
-838	124573.0	124558.0
-837	125297.0	124323.0
-836	124759.0	124543.0
-835	124363.0	124393.0
-834	124870.0	124576.0
-833	124898.0	124470.0
-832	124580.0	125075.0
-831	125136.0	124535.0
-830	124869.0	123980.0
-829	125537.0	124258.0
-828	125263.0	124068.0
-827	124902.0	124751.0
-826	124580.0	124845.0
-825	124982.0	124812.0
-824	124981.0	124170.0
-823	124356.0	124832.0
-822	124634.0	125519.0
-821	124308.0	124557.0
-820	124182.0	124615.0
-819	124837.0	125082.0
-818	124765.0	124274.0
-817	125046.0	125077.0
-816	125351.0	124841.0
-815	125179.0	124212.0
-814	124735.0	125034.0
-813	125304.0	124297.0
-812	125179.0	124362.0
-811	125182.0	124264.0
-810	124884.0	124706.0
-809	125200.0	124451.0
-808	125015.0	124546.0
-807	125439.0	124568.0
-806	125403.0	124320.0
-805	125166.0	124740.0
-804	125033.0	124686.0
-803	124677.0	123858.0
-802	125023.0	124155.0
-801	125059.0	124594.0
-800	125069.0	124051.0
-799	124790.0	124367.0
-798	125454.0	124466.0
-797	125080.0	124166.0
-796	124995.0	124697.0
-795	125003.0	125168.0
-794	124476.0	124787.0
-793	124931.0	125695.0
-792	125379.0	125222.0
-791	124742.0	124515.0
-790	125140.0	124278.0
-789	125406.0	124364.0
-788	125007.0	124441.0
-787	125058.0	124531.0
-786	125092.0	124983.0
-785	124616.0	124779.0
-784	125508.0	124558.0
-783	125032.0	124528.0
-782	125230.0	124994.0
-781	124904.0	124926.0
-780	125287.0	124408.0
-779	125685.0	125144.0
-778	124742.0	124629.0
-777	125465.0	125090.0
-776	124618.0	124321.0
-775	125232.0	124570.0
-774	125102.0	125259.0
-773	125267.0	124158.0
-772	125425.0	125133.0
-771	125898.0	125162.0
-770	125240.0	124556.0
-769	125258.0	125129.0
-768	125510.0	124446.0
-767	124995.0	124664.0
-766	125320.0	124724.0
-765	124909.0	125083.0
-764	125162.0	124611.0
-763	124772.0	125315.0
-762	125521.0	125058.0
-761	125148.0	124809.0
-760	125031.0	125194.0
-759	125556.0	124987.0
-758	124950.0	125520.0
-757	125434.0	125317.0
-756	125554.0	124906.0
-755	124472.0	124628.0
-754	124981.0	125143.0
-753	125519.0	125422.0
-752	126009.0	124974.0
-751	125415.0	124928.0
-750	125723.0	124724.0
-749	124845.0	124488.0
-748	124943.0	125025.0
-747	125821.0	125413.0
-746	125256.0	124951.0
-745	125738.0	124919.0
-744	125409.0	124370.0
-743	125291.0	124748.0
-742	125964.0	124830.0
-741	125879.0	124743.0
-740	125120.0	124532.0
-739	125420.0	124679.0
-738	125520.0	124513.0
-737	125362.0	123969.0
-736	125414.0	125012.0
-735	125895.0	124650.0
-734	125693.0	125134.0
-733	125064.0	124689.0
-732	125829.0	125071.0
-731	125579.0	124671.0
-730	125157.0	124867.0
-729	126295.0	124977.0
-728	125821.0	124612.0
-727	125208.0	125750.0
-726	125992.0	125326.0
-725	125702.0	124524.0
-724	125454.0	124962.0
-723	125919.0	125423.0
-722	125527.0	125125.0
-721	125612.0	124771.0
-720	125890.0	125039.0
-719	125465.0	124774.0
-718	125183.0	125496.0
-717	125544.0	125076.0
-716	126046.0	124824.0
-715	125402.0	125139.0
-714	125764.0	125306.0
-713	125289.0	124448.0
-712	125433.0	125114.0
-711	125739.0	124984.0
-710	125224.0	125348.0
-709	125311.0	125060.0
-708	125925.0	125162.0
-707	125731.0	124765.0
-706	125872.0	125015.0
-705	125713.0	125089.0
-704	125619.0	125006.0
-703	126240.0	124731.0
-702	125600.0	124733.0
-701	125438.0	124505.0
-700	125271.0	124281.0
-699	126005.0	124572.0
-698	125069.0	124330.0
-697	126012.0	125398.0
-696	125683.0	125230.0
-695	125765.0	124547.0
-694	125878.0	124598.0
-693	125987.0	125162.0
-692	125272.0	124912.0
-691	125286.0	124826.0
-690	126159.0	124732.0
-689	125724.0	124725.0
-688	126136.0	124409.0
-687	126049.0	125161.0
-686	125397.0	124538.0
-685	125426.0	124515.0
-684	126212.0	125002.0
-683	125412.0	124522.0
-682	125973.0	124764.0
-681	126589.0	124716.0
-680	125463.0	124311.0
-679	125631.0	124831.0
-678	125949.0	124546.0
-677	125879.0	124935.0
-676	125469.0	124981.0
-675	125871.0	124687.0
-674	125122.0	124174.0
-673	125451.0	124923.0
-672	126106.0	125005.0
-671	125604.0	124557.0
-670	125185.0	125235.0
-669	125619.0	125038.0
-668	125466.0	124296.0
-667	125578.0	124901.0
-666	125511.0	124681.0
-665	125585.0	124858.0
-664	125382.0	125383.0
-663	125882.0	124616.0
-662	125944.0	124435.0
-661	125246.0	124875.0
-660	125967.0	125297.0
-659	125197.0	124271.0
-658	125637.0	125312.0
-657	126138.0	124635.0
-656	125106.0	125140.0
-655	125211.0	125192.0
-654	125498.0	124607.0
-653	124713.0	124048.0
-652	124664.0	124904.0
-651	125494.0	125341.0
-650	125306.0	124895.0
-649	125600.0	125285.0
-648	125358.0	125848.0
-647	124781.0	125222.0
-646	125159.0	124921.0
-645	125392.0	125033.0
-644	125116.0	124144.0
-643	125100.0	125237.0
-642	125655.0	125439.0
-641	124690.0	124228.0
-640	125121.0	124590.0
-639	125347.0	124899.0
-638	124913.0	124439.0
-637	125309.0	125362.0
-636	124932.0	125110.0
-635	124938.0	125332.0
-634	125172.0	125252.0
-633	124954.0	124798.0
-632	124853.0	125042.0
-631	124317.0	124925.0
-630	125571.0	124812.0
-629	125075.0	124698.0
-628	125194.0	125338.0
-627	125278.0	125143.0
-626	125134.0	124833.0
-625	125137.0	124946.0
-624	125066.0	125173.0
-623	124935.0	125048.0
-622	125227.0	125579.0
-621	125608.0	125846.0
-620	124637.0	125377.0
-619	124848.0	124988.0
-618	126052.0	125034.0
-617	125082.0	124697.0
-616	124605.0	125511.0
-615	125433.0	125160.0
-614	124426.0	125137.0
-613	125293.0	125503.0
-612	125419.0	125390.0
-611	124914.0	124766.0
-610	124887.0	125780.0
-609	125756.0	125755.0
-608	124950.0	125243.0
-607	125492.0	125314.0
-606	125911.0	125342.0
-605	125073.0	124538.0
-604	125496.0	125591.0
-603	125331.0	125532.0
-602	125310.0	125251.0
-601	125359.0	125467.0
-600	125785.0	126182.0
-599	125810.0	125368.0
-598	125113.0	125391.0
-597	125908.0	125603.0
-596	125562.0	124924.0
-595	125501.0	125617.0
-594	126075.0	125471.0
-593	125084.0	125263.0
-592	125668.0	125617.0
-591	125582.0	125591.0
-590	125594.0	125454.0
-589	125399.0	125438.0
-588	126088.0	125356.0
-587	125345.0	125092.0
-586	125358.0	125666.0
-585	126101.0	126508.0
-584	125410.0	124996.0
-583	125215.0	125702.0
-582	125473.0	125671.0
-581	125143.0	125756.0
-580	125512.0	125672.0
-579	125444.0	125917.0
-578	125907.0	125304.0
-577	125896.0	125751.0
-576	125734.0	125815.0
-575	125703.0	125175.0
-574	125771.0	126232.0
-573	126538.0	125902.0
-572	125811.0	125667.0
-571	125712.0	125882.0
-570	126240.0	126084.0
-569	126052.0	125579.0
-568	126110.0	126150.0
-567	126060.0	126340.0
-566	126265.0	125722.0
-565	126234.0	125847.0
-564	126586.0	126542.0
-563	126563.0	125863.0
-562	125604.0	126072.0
-561	126454.0	125986.0
-560	126401.0	125474.0
-559	126230.0	125995.0
-558	126584.0	125811.0
-557	125793.0	125561.0
-556	126239.0	126118.0
-555	126600.0	126055.0
-554	126134.0	125758.0
-553	126224.0	126456.0
-552	126471.0	126166.0
-551	126710.0	125897.0
-550	126299.0	126004.0
-549	126278.0	126321.0
-548	126487.0	125880.0
-547	125808.0	126392.0
-546	127281.0	126026.0
-545	126465.0	125831.0
-544	126000.0	125441.0
-543	127113.0	126129.0
-542	126604.0	125159.0
-541	126659.0	125880.0
-540	127064.0	126438.0
-539	126369.0	124839.0
-538	125905.0	125935.0
-537	127246.0	125984.0
-536	126223.0	125458.0
-535	126615.0	125870.0
-534	126595.0	125749.0
-533	126377.0	124971.0
-532	125953.0	125341.0
-531	127127.0	125647.0
-530	126976.0	125624.0
-529	126690.0	125420.0
-528	126731.0	126050.0
-527	126153.0	125155.0
-526	126194.0	125535.0
-525	126901.0	125538.0
-524	126900.0	125125.0
-523	125984.0	125126.0
-522	126529.0	125782.0
-521	126896.0	125208.0
-520	126398.0	125485.0
-519	126900.0	125096.0
-518	126304.0	124972.0
-517	126362.0	125077.0
-516	127117.0	125558.0
-515	126556.0	124900.0
-514	126573.0	125193.0
-513	127030.0	125115.0
-512	125855.0	125093.0
-511	126341.0	124943.0
-510	126402.0	125255.0
-509	126162.0	125858.0
-508	126088.0	125104.0
-507	127210.0	125828.0
-506	126422.0	124635.0
-505	126125.0	124804.0
-504	127047.0	125415.0
-503	126432.0	125172.0
-502	126214.0	125399.0
-501	126171.0	124956.0
-500	126365.0	124979.0
-499	126331.0	125233.0
-498	127387.0	124437.0
-497	125980.0	124389.0
-496	126078.0	124858.0
-495	126478.0	125574.0
-494	125936.0	124500.0
-493	126090.0	125238.0
-492	126669.0	125118.0
-491	125962.0	124806.0
-490	126343.0	124988.0
-489	125856.0	124741.0
-488	125674.0	124747.0
-487	126223.0	125107.0
-486	126328.0	124816.0
-485	125076.0	124669.0
-484	125595.0	125398.0
-483	126369.0	124606.0
-482	125535.0	124387.0
-481	126130.0	124880.0
-480	126214.0	125566.0
-479	125794.0	124568.0
-478	125353.0	125263.0
-477	126202.0	125149.0
-476	124902.0	124673.0
-475	125947.0	125241.0
-474	125612.0	125587.0
-473	124886.0	124197.0
-472	124755.0	124872.0
-471	126168.0	125469.0
-470	125632.0	125073.0
-469	125544.0	124983.0
-468	125981.0	125200.0
-467	125875.0	124262.0
-466	125012.0	124940.0
-465	125800.0	125786.0
-464	125259.0	125653.0
-463	125492.0	125325.0
-462	125586.0	125099.0
-461	125568.0	124696.0
-460	124870.0	125041.0
-459	125652.0	124929.0
-458	124997.0	125544.0
-457	124963.0	125673.0
-456	126040.0	125431.0
-455	124631.0	125083.0
-454	125634.0	125577.0
-453	126269.0	125359.0
-452	125284.0	125056.0
-451	125385.0	125561.0
-450	126126.0	126002.0
-449	125237.0	125107.0
-448	125551.0	125751.0
-447	125485.0	125393.0
-446	124850.0	125401.0
-445	126063.0	125637.0
-444	125620.0	125498.0
-443	125793.0	124506.0
-442	124517.0	125400.0
-441	125737.0	126053.0
-440	124759.0	125268.0
-439	124928.0	125781.0
-438	126002.0	125902.0
-437	124782.0	125823.0
-436	124302.0	126504.0
-435	125814.0	126109.0
-434	125064.0	125436.0
-433	125219.0	126476.0
-432	125582.0	126247.0
-431	126079.0	125133.0
-430	124595.0	125874.0
-429	126306.0	125514.0
-428	125483.0	125786.0
-427	125463.0	126208.0
-426	126186.0	126683.0
-425	125577.0	126061.0
-424	125359.0	126441.0
-423	126112.0	126898.0
-422	125760.0	126224.0
-421	125396.0	126524.0
-420	125809.0	126678.0
-419	125242.0	125919.0
-418	125686.0	126533.0
-417	125872.0	126412.0
-416	124868.0	125670.0
-415	125651.0	126774.0
-414	126469.0	127033.0
-413	126248.0	126366.0
-412	125206.0	127365.0
-411	125702.0	127210.0
-410	125662.0	126338.0
-409	125841.0	127599.0
-408	126384.0	126280.0
-407	126219.0	126623.0
-406	125329.0	127203.0
-405	127395.0	126723.0
-404	126551.0	126319.0
-403	126037.0	127318.0
-402	126720.0	126515.0
-401	126292.0	125706.0
-400	126307.0	127078.0
-399	126998.0	126638.0
-398	126225.0	126701.0
-397	127046.0	127011.0
-396	127401.0	127437.0
-395	126309.0	126164.0
-394	126849.0	126698.0
-393	127508.0	126282.0
-392	126190.0	126625.0
-391	126389.0	126839.0
-390	127539.0	127475.0
-389	127407.0	126463.0
-388	127088.0	126924.0
-387	127878.0	127146.0
-386	126618.0	126744.0
-385	127438.0	127863.0
-384	128128.0	127114.0
-383	127343.0	126354.0
-382	127576.0	127755.0
-381	128324.0	126865.0
-380	127446.0	126418.0
-379	126793.0	126883.0
-378	128497.0	127947.0
-377	127325.0	126534.0
-376	128045.0	126982.0
-375	127991.0	127738.0
-374	127035.0	125938.0
-373	127484.0	127612.0
-372	128569.0	126776.0
-371	127823.0	126725.0
-370	127985.0	127369.0
-369	128459.0	127740.0
-368	128284.0	126957.0
-367	127987.0	127087.0
-366	128857.0	127439.0
-365	127696.0	126473.0
-364	127414.0	126715.0
-363	128257.0	126662.0
-362	128120.0	126398.0
-361	128195.0	126602.0
-360	128579.0	126267.0
-359	127598.0	125465.0
-358	128540.0	126979.0
-357	128248.0	126698.0
-356	127727.0	125729.0
-355	128029.0	127288.0
-354	128663.0	126743.0
-353	128684.0	125740.0
-352	128730.0	126233.0
-351	128861.0	126522.0
-350	127838.0	125787.0
-349	128451.0	126020.0
-348	128528.0	126467.0
-347	127843.0	125779.0
-346	127724.0	126535.0
-345	128614.0	126428.0
-344	127664.0	126337.0
-343	127652.0	126709.0
-342	129065.0	126828.0
-341	128307.0	125788.0
-340	128167.0	126032.0
-339	128748.0	125815.0
-338	127381.0	125755.0
-337	128261.0	126082.0
-336	128351.0	126364.0
-335	127707.0	125610.0
-334	127852.0	126308.0
-333	128296.0	126367.0
-332	127471.0	125134.0
-331	127671.0	125531.0
-330	127991.0	125975.0
-329	127564.0	124755.0
-328	127381.0	126218.0
-327	127705.0	126365.0
-326	127581.0	125241.0
-325	127183.0	125830.0
-324	128200.0	125081.0
-323	126918.0	125595.0
-322	127407.0	125638.0
-321	127922.0	125120.0
-320	127338.0	125279.0
-319	127405.0	126092.0
-318	127918.0	126003.0
-317	126711.0	124958.0
-316	126739.0	125197.0
-315	127506.0	125501.0
-314	126774.0	124276.0
-313	126234.0	125205.0
-312	127330.0	125063.0
-311	126520.0	124106.0
-310	127480.0	125661.0
-309	127821.0	125296.0
-308	126315.0	124879.0
-307	127098.0	124992.0
-306	127621.0	125205.0
-305	126671.0	124810.0
-304	126231.0	125262.0
-303	126832.0	125027.0
-302	126105.0	124406.0
-301	126208.0	124813.0
-300	126285.0	124515.0
-299	125741.0	123906.0
-298	126079.0	124985.0
-297	127207.0	125963.0
-296	126239.0	124776.0
-295	125751.0	125207.0
-294	126893.0	125738.0
-293	125846.0	124502.0
-292	126444.0	125702.0
-291	127059.0	125657.0
-290	126451.0	124700.0
-289	125713.0	125328.0
-288	126104.0	125092.0
-287	126055.0	124929.0
-286	126084.0	125455.0
-285	126688.0	125543.0
-284	125811.0	125378.0
-283	125245.0	125696.0
-282	126760.0	125212.0
-281	125944.0	124730.0
-280	125419.0	125394.0
-279	126056.0	125781.0
-278	125789.0	124986.0
-277	125509.0	125250.0
-276	125803.0	125380.0
-275	125056.0	125167.0
-274	125062.0	126155.0
-273	126555.0	126159.0
-272	125507.0	125216.0
-271	125665.0	125832.0
-270	126159.0	125605.0
-269	125814.0	125190.0
-268	125140.0	125727.0
-267	126358.0	125814.0
-266	125171.0	125649.0
-265	125240.0	126373.0
-264	126155.0	126915.0
-263	125307.0	125498.0
-262	125178.0	126280.0
-261	126556.0	126018.0
-260	125881.0	125650.0
-259	125392.0	126477.0
-258	126292.0	127377.0
-257	125519.0	126467.0
-256	125409.0	127603.0
-255	126724.0	126495.0
-254	125940.0	127525.0
-253	126273.0	127224.0
-252	126001.0	126625.0
-251	125554.0	125826.0
-250	125574.0	127100.0
-249	126507.0	126442.0
-248	125354.0	126773.0
-247	125507.0	128030.0
-246	126490.0	127309.0
-245	125652.0	126404.0
-244	126387.0	127804.0
-243	127174.0	127504.0
-242	126159.0	126713.0
-241	126012.0	127570.0
-240	126849.0	127735.0
-239	125847.0	126963.0
-238	126353.0	127902.0
-237	127236.0	127982.0
-236	125984.0	127495.0
-235	125956.0	128616.0
-234	127561.0	128700.0
-233	126390.0	127766.0
-232	126709.0	128894.0
-231	127410.0	127985.0
-230	127407.0	127707.0
-229	126654.0	128357.0
-228	127702.0	128877.0
-227	126671.0	127718.0
-226	126504.0	128589.0
-225	128224.0	128374.0
-224	127583.0	127798.0
-223	127030.0	128715.0
-222	127665.0	128718.0
-221	127295.0	127822.0
-220	127260.0	128629.0
-219	128611.0	128882.0
-218	127148.0	127730.0
-217	128733.0	129021.0
-216	129044.0	128885.0
-215	127890.0	127506.0
-214	127940.0	129122.0
-213	129022.0	128968.0
-212	128182.0	128510.0
-211	128074.0	128779.0
-210	129380.0	129016.0
-209	128455.0	128373.0
-208	128555.0	129032.0
-207	130262.0	129006.0
-206	129407.0	128131.0
-205	128589.0	128668.0
-204	130164.0	128968.0
-203	129408.0	128477.0
-202	129297.0	129193.0
-201	130417.0	128683.0
-200	129959.0	127418.0
-199	130145.0	128385.0
-198	130678.0	128666.0
-197	129834.0	128084.0
-196	129527.0	129193.0
-195	130698.0	129214.0
-194	129366.0	128351.0
-193	129570.0	129270.0
-192	130654.0	128858.0
-191	130245.0	128321.0
-190	130748.0	128579.0
-189	131767.0	128803.0
-188	130164.0	127970.0
-187	130843.0	128851.0
-186	131389.0	128802.0
-185	129843.0	127329.0
-184	129897.0	128042.0
-183	130864.0	127922.0
-182	130242.0	127164.0
-181	129591.0	128300.0
-180	131590.0	128059.0
-179	130299.0	126939.0
-178	130763.0	128174.0
-177	131753.0	128537.0
-176	130318.0	127068.0
-175	130593.0	128580.0
-174	132123.0	128432.0
-173	130735.0	126764.0
-172	130275.0	127762.0
-171	131868.0	127770.0
-170	130960.0	126904.0
-169	130402.0	127782.0
-168	132233.0	127644.0
-167	130411.0	126599.0
-166	130748.0	127448.0
-165	131050.0	127620.0
-164	129764.0	125835.0
-163	130277.0	127179.0
-162	131373.0	127342.0
-161	129782.0	127256.0
-160	129747.0	127581.0
-159	131268.0	127186.0
-158	130043.0	126023.0
-157	130104.0	127021.0
-156	130738.0	127037.0
-155	129947.0	125989.0
-154	130016.0	126913.0
-153	130957.0	126660.0
-152	130017.0	125800.0
-151	129847.0	127026.0
-150	130598.0	127125.0
-149	129112.0	125236.0
-148	128942.0	126503.0
-147	130933.0	126927.0
-146	129438.0	125662.0
-145	129662.0	127223.0
-144	130504.0	126770.0
-143	129476.0	125029.0
-142	129944.0	125444.0
-141	129999.0	125710.0
-140	128532.0	125227.0
-139	127395.0	126634.0
-138	128683.0	126295.0
-137	127179.0	124989.0
-136	126988.0	126223.0
-135	129510.0	126180.0
-134	128172.0	124918.0
-133	128552.0	126314.0
-132	129857.0	125752.0
-131	129124.0	125025.0
-130	128483.0	126168.0
-129	129140.0	126655.0
-128	127512.0	124425.0
-127	127337.0	126604.0
-126	128062.0	125962.0
-125	127425.0	124634.0
-124	127471.0	126094.0
-123	129116.0	125885.0
-122	128157.0	125024.0
-121	128589.0	125691.0
-120	129497.0	125918.0
-119	127623.0	125091.0
-118	126555.0	126469.0
-117	127524.0	126614.0
-116	125916.0	125156.0
-115	126374.0	126971.0
-114	128379.0	126305.0
-113	127940.0	124579.0
-112	127589.0	126010.0
-111	130393.0	126492.0
-110	128426.0	125486.0
-109	128245.0	126316.0
-108	129062.0	126797.0
-107	127254.0	125703.0
-106	126569.0	125938.0
-105	128206.0	125994.0
-104	127559.0	125329.0
-103	129218.0	125934.0
-102	130821.0	126142.0
-101	129937.0	125146.0
-100	129350.0	126070.0
-99	130620.0	126195.0
-98	129109.0	125265.0
-97	128063.0	126576.0
-96	129719.0	126428.0
-95	127839.0	125281.0
-94	128275.0	126394.0
-93	130526.0	126303.0
-92	129300.0	125721.0
-91	130087.0	126367.0
-90	131580.0	126465.0
-89	130244.0	125290.0
-88	129936.0	127377.0
-87	130730.0	127015.0
-86	128440.0	125979.0
-85	128137.0	127223.0
-84	129659.0	127326.0
-83	128811.0	125797.0
-82	129965.0	126843.0
-81	131472.0	127154.0
-80	129671.0	125955.0
-79	129835.0	127090.0
-78	130874.0	127187.0
-77	130347.0	126455.0
-76	130499.0	127521.0
-75	131706.0	127983.0
-74	129951.0	126469.0
-73	129506.0	127413.0
-72	131985.0	127345.0
-71	129974.0	126144.0
-70	131001.0	127529.0
-69	133164.0	127065.0
-68	130702.0	126254.0
-67	130262.0	128120.0
-66	131826.0	128317.0
-65	130076.0	126866.0
-64	130517.0	129079.0
-63	132174.0	129089.0
-62	131081.0	127886.0
-61	130981.0	128869.0
-60	132464.0	129715.0
-59	131856.0	127988.0
-58	131930.0	129290.0
-57	132248.0	129647.0
-56	129669.0	128194.0
-55	129733.0	129758.0
-54	132122.0	129698.0
-53	131220.0	129670.0
-52	132355.0	131552.0
-51	133747.0	131487.0
-50	132455.0	129498.0
-49	132443.0	131340.0
-48	134501.0	131000.0
-47	132917.0	129319.0
-46	131727.0	131635.0
-45	133714.0	131934.0
-44	132379.0	130300.0
-43	131847.0	132104.0
-42	135067.0	132617.0
-41	134276.0	131093.0
-40	134916.0	133396.0
-39	137284.0	133210.0
-38	134961.0	131330.0
-37	135494.0	132771.0
-36	136152.0	133370.0
-35	133669.0	131501.0
-34	134558.0	133242.0
-33	136564.0	134265.0
-32	136175.0	131723.0
-31	136992.0	133768.0
-30	139930.0	134022.0
-29	137452.0	132442.0
-28	138253.0	134854.0
-27	139020.0	135011.0
-26	136866.0	133378.0
-25	136631.0	135716.0
-24	138220.0	136293.0
-23	135400.0	134313.0
-22	135787.0	137092.0
-21	138621.0	137682.0
-20	138625.0	136768.0
-19	139772.0	138820.0
-18	142985.0	139182.0
-17	139733.0	137094.0
-16	139377.0	139402.0
-15	140703.0	140274.0
-14	138609.0	138447.0
-13	138877.0	141018.0
-12	144103.0	142991.0
-11	142362.0	140985.0
-10	143203.0	145084.0
-9	147290.0	146993.0
-8	146696.0	147368.0
-7	142973.0	153043.0
-6	139613.0	155797.0
-5	133614.0	153223.0
-4	132683.0	153756.0
-3	150161.0	159996.0
-2	165453.0	146074.0
-1	246932.0	144108.0
0	3041.0	98703.0
1	246974.0	30581.0
2	164592.0	62325.0
3	149957.0	91489.0
4	132268.0	123585.0
5	132772.0	138411.0
6	138693.0	131354.0
7	140833.0	117427.0
8	144943.0	115401.0
9	146517.0	111198.0
10	142384.0	110118.0
11	141555.0	113206.0
12	143207.0	117383.0
13	138034.0	117074.0
14	138931.0	120494.0
15	140420.0	122240.0
16	138742.0	120892.0
17	139465.0	122304.0
18	141489.0	124251.0
19	138445.0	122336.0
20	138179.0	125031.0
21	138704.0	126800.0
22	135929.0	127756.0
23	134962.0	131012.0
24	137989.0	132060.0
25	135571.0	129562.0
26	136691.0	130151.0
27	138709.0	129528.0
28	137293.0	126991.0
29	137391.0	127766.0
30	139767.0	128459.0
31	136782.0	126244.0
32	135328.0	129607.0
33	136833.0	131340.0
34	133485.0	130855.0
35	133364.0	133634.0
36	135393.0	134151.0
37	134407.0	131626.0
38	135035.0	131590.0
39	136202.0	130832.0
40	134294.0	129524.0
41	133413.0	131424.0
42	134838.0	132817.0
43	131454.0	133639.0
44	131046.0	135883.0
45	133234.0	135847.0
46	131368.0	134716.0
47	131431.0	135753.0
48	134014.0	134561.0
49	132155.0	133148.0
50	132575.0	133895.0
51	133895.0	134429.0
52	131335.0	132891.0
53	130461.0	135629.0
54	131560.0	135623.0
55	129671.0	134590.0
56	129412.0	136929.0
57	131985.0	137278.0
58	130730.0	134500.0
59	130448.0	135027.0
60	132681.0	134631.0
61	130311.0	133218.0
62	130173.0	134594.0
63	131580.0	135524.0
64	129991.0	133330.0
65	130069.0	134036.0
66	131102.0	133289.0
67	130008.0	131777.0
68	130269.0	133866.0
69	132302.0	132833.0
70	131078.0	130862.0
71	130702.0	132496.0
72	131596.0	133225.0
73	129687.0	132345.0
74	129984.0	134334.0
75	131400.0	133997.0
76	129879.0	132206.0
77	129799.0	132368.0
78	130966.0	132018.0
79	129678.0	130921.0
80	129760.0	133231.0
81	130913.0	133675.0
82	129107.0	131860.0
83	128124.0	133631.0
84	129683.0	134823.0
85	128428.0	133771.0
86	128135.0	134263.0
87	130026.0	133084.0
88	129537.0	130198.0
89	129939.0	130478.0
90	130625.0	130592.0
91	129554.0	129323.0
92	129166.0	132562.0
93	129775.0	133562.0
94	128126.0	132592.0
95	127530.0	134974.0
96	128641.0	135373.0
97	127059.0	133337.0
98	128333.0	133737.0
99	130386.0	132853.0
100	128857.0	130461.0
101	128754.0	132315.0
102	129648.0	132108.0
103	127636.0	132207.0
104	127431.0	135543.0
105	128069.0	136235.0
106	126392.0	135722.0
107	126722.0	137142.0
108	129453.0	136162.0
109	128038.0	133279.0
110	128390.0	134243.0
111	129857.0	133304.0
112	127829.0	133648.0
113	127945.0	134817.0
114	128348.0	136321.0
115	126336.0	136460.0
116	125731.0	138563.0
117	127370.0	138795.0
118	126299.0	138400.0
119	127744.0	139325.0
120	128795.0	137587.0
121	128291.0	135754.0
122	128092.0	136868.0
123	129534.0	138160.0
124	126889.0	137388.0
125	126760.0	139972.0
126	128253.0	140535.0
127	126957.0	140286.0
128	127219.0	141029.0
129	129032.0	140417.0
130	128210.0	137824.0
131	129280.0	139322.0
132	130258.0	138221.0
133	127518.0	137082.0
134	127851.0	139334.0
135	128298.0	140711.0
136	127470.0	141508.0
137	126799.0	142924.0
138	128891.0	143525.0
139	127489.0	141247.0
140	128144.0	142665.0
141	129555.0	141762.0
142	129578.0	140167.0
143	129130.0	141013.0
144	130229.0	141224.0
145	129336.0	140675.0
146	129024.0	141374.0
147	130400.0	141778.0
148	128730.0	140750.0
149	129256.0	142456.0
150	130413.0	141825.0
151	129953.0	140718.0
152	129477.0	141782.0
153	130263.0	141446.0
154	129244.0	139856.0
155	129823.0	141111.0
156	130397.0	141584.0
157	129088.0	139891.0
158	129389.0	141053.0
159	130563.0	139866.0
160	129762.0	138756.0
161	128628.0	139665.0
162	130977.0	139893.0
163	129730.0	138358.0
164	130267.0	139292.0
165	131143.0	139755.0
166	129795.0	138020.0
167	129977.0	138242.0
168	131625.0	138139.0
169	130076.0	137107.0
170	130342.0	137544.0
171	130858.0	137474.0
172	129512.0	136588.0
173	129856.0	138241.0
174	131304.0	137479.0
175	129393.0	137045.0
176	129854.0	137775.0
177	131057.0	137381.0
178	129162.0	135604.0
179	130003.0	136567.0
180	130818.0	135473.0
181	129789.0	134798.0
182	129930.0	135661.0
183	131616.0	135781.0
184	129515.0	134381.0
185	129706.0	135581.0
186	131192.0	135422.0
187	129903.0	134177.0
188	129404.0	135120.0
189	130649.0	134806.0
190	129365.0	133530.0
191	129539.0	134424.0
192	130855.0	134160.0
193	129537.0	132751.0
194	129143.0	134347.0
195	129804.0	133565.0
196	129085.0	133477.0
197	129181.0	134184.0
198	130092.0	133525.0
199	128730.0	131715.0
200	129003.0	132964.0
201	130155.0	132533.0
202	129168.0	131837.0
203	128735.0	132735.0
204	129260.0	132460.0
205	128614.0	131951.0
206	127673.0	132837.0
207	129786.0	132308.0
208	128362.0	131491.0
209	128525.0	131940.0
210	129302.0	131585.0
211	127505.0	130906.0
212	127572.0	131797.0
213	128875.0	131274.0
214	127701.0	130418.0
215	127152.0	131915.0
216	128164.0	131745.0
217	127018.0	130840.0
218	126759.0	131612.0
219	127975.0	131087.0
220	126776.0	130503.0
221	127472.0	131083.0
222	128579.0	130619.0
223	127282.0	130188.0
224	126793.0	130956.0
225	127527.0	131240.0
226	126720.0	130435.0
227	126421.0	131208.0
228	127535.0	130585.0
229	126669.0	129699.0
230	126265.0	130278.0
231	127224.0	130293.0
232	125316.0	130005.0
233	125985.0	130611.0
234	127058.0	130499.0
235	125897.0	129563.0
236	126067.0	130849.0
237	127039.0	130777.0
238	125825.0	129433.0
239	125631.0	130668.0
240	126505.0	130009.0
241	125193.0	129193.0
242	125752.0	130072.0
243	126253.0	130298.0
244	125459.0	129997.0
245	125281.0	130842.0
246	125601.0	131479.0
247	126258.0	130570.0
248	125727.0	130474.0
249	125779.0	130980.0
250	125248.0	129956.0
251	125139.0	130294.0
252	125532.0	129981.0
253	125175.0	129157.0
254	124654.0	130919.0
255	126499.0	130374.0
256	125239.0	130048.0
257	124865.0	130570.0
258	126398.0	130822.0
259	125336.0	129707.0
260	125287.0	131227.0
261	125800.0	129941.0
262	124646.0	129245.0
263	125049.0	130790.0
264	125949.0	130559.0
265	125119.0	129953.0
266	125127.0	131086.0
267	125936.0	130633.0
268	125101.0	130064.0
269	124690.0	130849.0
270	126373.0	131006.0
271	125034.0	130493.0
272	125107.0	130972.0
273	126426.0	131162.0
274	126129.0	130575.0
275	125596.0	130714.0
276	125691.0	130768.0
277	125152.0	129601.0
278	124673.0	131025.0
279	125525.0	130670.0
280	125611.0	130219.0
281	125408.0	131242.0
282	126614.0	131576.0
283	125582.0	129713.0
284	125246.0	131312.0
285	126533.0	130960.0
286	125269.0	130816.0
287	125706.0	131321.0
288	126434.0	130749.0
289	125301.0	130699.0
290	125491.0	131335.0
291	126505.0	131810.0
292	125930.0	130822.0
293	125312.0	131010.0
294	126583.0	131221.0
295	125663.0	130934.0
296	125980.0	131336.0
297	126307.0	131498.0
298	125352.0	130730.0
299	125612.0	130992.0
300	126786.0	131384.0
301	126131.0	130789.0
302	125988.0	131031.0
303	126949.0	130887.0
304	125835.0	130655.0
305	126054.0	131495.0
306	126730.0	131616.0
307	126341.0	130739.0
308	125922.0	130986.0
309	126552.0	131465.0
310	125825.0	130482.0
311	126409.0	131253.0
312	127315.0	131122.0
313	126639.0	130426.0
314	126296.0	131394.0
315	126808.0	131169.0
316	126141.0	130684.0
317	125659.0	131662.0
318	126775.0	131348.0
319	126252.0	131587.0
320	126225.0	131703.0
321	127327.0	131128.0
322	126041.0	130171.0
323	127018.0	131656.0
324	127412.0	131185.0
325	126530.0	130758.0
326	127046.0	130800.0
327	127555.0	131332.0
328	126963.0	130397.0
329	126769.0	131106.0
330	127917.0	130815.0
331	127312.0	130159.0
332	127000.0	131032.0
333	127269.0	131022.0
334	126887.0	129991.0
335	126988.0	130701.0
336	127410.0	130590.0
337	127774.0	130278.0
338	127386.0	130357.0
339	127845.0	130747.0
340	127130.0	129329.0
341	127091.0	130260.0
342	127690.0	130793.0
343	127516.0	129522.0
344	127165.0	129958.0
345	127892.0	130288.0
346	127260.0	128979.0
347	127573.0	129892.0
348	128133.0	130228.0
349	127573.0	129044.0
350	127113.0	130142.0
351	128596.0	129422.0
352	127537.0	128962.0
353	127697.0	129427.0
354	128122.0	129813.0
355	128025.0	128442.0
356	127220.0	128971.0
357	128751.0	128675.0
358	127446.0	128569.0
359	127464.0	128885.0
360	128385.0	128817.0
361	127767.0	127877.0
362	127660.0	128941.0
363	128029.0	128697.0
364	127048.0	127908.0
365	127742.0	128615.0
366	127771.0	128637.0
367	127326.0	127391.0
368	127875.0	128275.0
369	128237.0	127122.0
370	127876.0	127139.0
371	126449.0	127863.0
372	128473.0	127585.0
373	127738.0	127325.0
374	126738.0	128150.0
375	127309.0	127266.0
376	126892.0	126761.0
377	126858.0	127264.0
378	127643.0	127797.0
379	127041.0	126665.0
380	126975.0	127008.0
381	127613.0	126769.0
382	126950.0	126176.0
383	127192.0	126767.0
384	127177.0	126943.0
385	126322.0	126610.0
386	126291.0	126319.0
387	127195.0	126810.0
388	126104.0	125990.0
389	126419.0	126841.0
390	127182.0	126061.0
391	126084.0	126505.0
392	126538.0	126479.0
393	126439.0	126113.0
394	126430.0	126073.0
395	125916.0	127299.0
396	127069.0	127192.0
397	126431.0	126522.0
398	125876.0	126631.0
399	126854.0	126211.0
400	126375.0	125772.0
401	125774.0	126393.0
402	126652.0	127229.0
403	125611.0	125477.0
404	125519.0	125874.0
405	126257.0	126317.0
406	125385.0	125008.0
407	125811.0	125680.0
408	126582.0	126173.0
409	125744.0	125853.0
410	125252.0	125650.0
411	125808.0	126195.0
412	125233.0	126520.0
413	125335.0	126373.0
414	125680.0	126611.0
415	125026.0	125617.0
416	125349.0	126303.0
417	125824.0	126676.0
418	125101.0	125250.0
419	125660.0	126743.0
420	125591.0	126499.0
421	125606.0	126483.0
422	125392.0	126516.0
423	126006.0	126095.0
424	124988.0	125329.0
425	124597.0	125697.0
426	125114.0	125941.0
427	124629.0	125864.0
428	124790.0	126287.0
429	125199.0	125442.0
430	125335.0	125997.0
431	125122.0	126460.0
432	125663.0	126699.0
433	124647.0	125493.0
434	124140.0	126465.0
435	124826.0	126653.0
436	124544.0	126169.0
437	124869.0	126405.0
438	125687.0	126632.0
439	124386.0	125330.0
440	124471.0	126291.0
441	125033.0	126271.0
442	124862.0	126235.0
443	125045.0	126540.0
444	125445.0	126569.0
445	124724.0	125983.0
446	124673.0	126441.0
447	125410.0	126914.0
448	125041.0	125688.0
449	124278.0	126718.0
450	124867.0	127115.0
451	124339.0	126039.0
452	124753.0	126807.0
453	124778.0	127002.0
454	124671.0	126599.0
455	124812.0	127102.0
456	125592.0	127303.0
457	124705.0	126738.0
458	124606.0	127156.0
459	125155.0	126927.0
460	124367.0	126562.0
461	125161.0	127213.0
462	125135.0	127182.0
463	124985.0	126688.0
464	125155.0	127053.0
465	125256.0	127676.0
466	124269.0	126881.0
467	124572.0	127569.0
468	125515.0	127386.0
469	124300.0	126690.0
470	125038.0	127267.0
471	125626.0	127425.0
472	125302.0	127369.0
473	125336.0	127792.0
474	125955.0	127379.0
475	124805.0	127412.0
476	124969.0	127675.0
477	125330.0	127374.0
478	124760.0	127497.0
479	125192.0	128022.0
480	125843.0	127693.0
481	125465.0	126961.0
482	125354.0	127002.0
483	125660.0	127209.0
484	125090.0	126903.0
485	125302.0	127516.0
486	125260.0	127045.0
487	125907.0	126811.0
488	125650.0	127174.0
489	125815.0	127821.0
490	125172.0	127426.0
491	125497.0	127678.0
492	126394.0	127700.0
493	125340.0	127244.0
494	125481.0	128135.0
495	126491.0	127666.0
496	124930.0	126670.0
497	125569.0	127637.0
498	126098.0	127613.0
499	125576.0	127555.0
500	125873.0	127685.0
501	126139.0	127616.0
502	125503.0	127353.0
503	125023.0	127629.0
504	126560.0	127482.0
505	126288.0	127204.0
506	125766.0	127327.0
507	126765.0	127368.0
508	125569.0	127007.0
509	126011.0	127584.0
510	125496.0	127552.0
511	125615.0	126839.0
512	125644.0	127926.0
513	126865.0	127558.0
514	126152.0	126903.0
515	126372.0	126903.0
516	126481.0	127157.0
517	125776.0	126728.0
518	126126.0	127109.0
519	126831.0	127118.0
520	126299.0	126807.0
521	125947.0	127414.0
522	126557.0	127531.0
523	125620.0	126600.0
524	125505.0	127322.0
525	126653.0	126564.0
526	125798.0	125826.0
527	125943.0	126987.0
528	126725.0	127007.0
529	125381.0	126330.0
530	126713.0	127085.0
531	126133.0	126435.0
532	126223.0	126294.0
533	125924.0	127064.0
534	126732.0	126433.0
535	125995.0	126502.0
536	126048.0	126796.0
537	126485.0	126335.0
538	126037.0	126079.0
539	125555.0	126498.0
540	126319.0	126397.0
541	125953.0	126408.0
542	126202.0	126557.0
543	126022.0	126420.0
544	126092.0	125643.0
545	125568.0	126187.0
546	126236.0	125246.0
547	125872.0	126415.0
548	125734.0	125616.0
549	126247.0	126279.0
550	125349.0	126487.0
551	125388.0	126838.0
552	126014.0	126050.0
553	125441.0	125316.0
554	126193.0	125652.0
555	125951.0	125789.0
556	124915.0	125077.0
557	125202.0	125527.0
558	125834.0	125065.0
559	125517.0	124822.0
560	125593.0	125886.0
561	126274.0	125798.0
562	125893.0	125401.0
563	125239.0	125902.0
564	126070.0	125937.0
565	124981.0	125483.0
566	125075.0	125375.0
567	125706.0	125939.0
568	125011.0	125215.0
569	125646.0	125874.0
570	125615.0	124910.0
571	125036.0	125313.0
572	125452.0	125001.0
573	126336.0	125267.0
574	125373.0	125171.0
575	125059.0	125595.0
576	126074.0	125406.0
577	125457.0	125057.0
578	124750.0	125249.0
579	125232.0	125228.0
580	125319.0	125459.0
581	125558.0	125320.0
582	126157.0	125684.0
583	125172.0	124890.0
584	125497.0	125372.0
585	125493.0	125155.0
586	125072.0	125122.0
587	124810.0	125394.0
588	125149.0	125456.0
589	124724.0	124979.0
590	124782.0	125083.0
591	125374.0	125638.0
592	125172.0	125105.0
593	125194.0	125061.0
594	125647.0	125326.0
595	124760.0	124821.0
596	125094.0	125213.0
597	125648.0	125489.0
598	125184.0	125416.0
599	124808.0	124707.0
600	125477.0	125589.0
601	124242.0	125253.0
602	124750.0	125528.0
603	125159.0	125315.0
604	124897.0	124412.0
605	124835.0	124620.0
606	124630.0	125020.0
607	124640.0	125171.0
608	125095.0	125287.0
609	124488.0	125186.0
610	124702.0	124919.0
611	125031.0	125879.0
612	125433.0	125024.0
613	124678.0	125080.0
614	124333.0	125408.0
615	125106.0	126198.0
616	124291.0	125422.0
617	125232.0	125056.0
618	125190.0	125752.0
619	124864.0	124868.0
620	124866.0	125738.0
621	124905.0	126050.0
622	124930.0	125160.0
623	125066.0	125949.0
624	124841.0	125303.0
625	124119.0	124785.0
626	125041.0	125422.0
627	125297.0	125864.0
628	125174.0	125276.0
629	125183.0	125595.0
630	125193.0	125903.0
631	124970.0	125631.0
632	124697.0	126065.0
633	125637.0	125564.0
634	124474.0	125479.0
635	124211.0	125771.0
636	124975.0	125458.0
637	124920.0	125309.0
638	124826.0	125127.0
639	125553.0	125312.0
640	124707.0	125386.0
641	124910.0	124799.0
642	124863.0	125715.0
643	124959.0	125958.0
644	124372.0	126464.0
645	124635.0	125443.0
646	124535.0	125105.0
647	124435.0	125651.0
648	125501.0	125835.0
649	124275.0	125461.0
650	124682.0	125699.0
651	125294.0	126021.0
652	124669.0	125484.0
653	124832.0	126115.0
654	125531.0	126336.0
655	124889.0	125937.0
656	124723.0	126456.0
657	124505.0	126065.0
658	124763.0	125677.0
659	124698.0	126001.0
660	124689.0	125945.0
661	125271.0	125536.0
662	124770.0	126094.0
663	125073.0	125999.0
664	125157.0	124742.0
665	125480.0	126141.0
666	125150.0	125374.0
667	124147.0	125584.0
668	124511.0	126221.0
669	125845.0	125634.0
670	124704.0	125101.0
671	124715.0	126108.0
672	125707.0	126213.0
673	124898.0	125689.0
674	125236.0	125738.0
675	125787.0	125671.0
676	124159.0	125601.0
677	125021.0	125188.0
678	125249.0	125702.0
679	124776.0	125473.0
680	124678.0	125916.0
681	125202.0	125769.0
682	124917.0	125204.0
683	125521.0	126094.0
684	125114.0	125598.0
685	124990.0	125101.0
686	124736.0	125947.0
687	125302.0	125770.0
688	125068.0	125568.0
689	125163.0	125624.0
690	126416.0	125870.0
691	125942.0	125465.0
692	125336.0	125541.0
693	125186.0	125652.0
694	125594.0	125662.0
695	125172.0	126166.0
696	125568.0	126178.0
697	124277.0	125525.0
698	125394.0	125532.0
699	125727.0	125171.0
700	125364.0	125326.0
701	124800.0	125975.0
702	125399.0	125615.0
703	124794.0	125324.0
704	124822.0	125769.0
705	124660.0	125992.0
706	125050.0	125697.0
707	124845.0	126192.0
708	125372.0	126187.0
709	124973.0	125379.0
710	125121.0	125441.0
711	125518.0	125585.0
712	125605.0	125402.0
713	125331.0	125577.0
714	125418.0	125328.0
715	124709.0	125456.0
716	125255.0	125365.0
717	125483.0	125540.0
718	124234.0	125070.0
719	124912.0	125451.0
720	125735.0	125062.0
721	124717.0	125427.0
722	124952.0	125575.0
723	125781.0	125544.0
724	124456.0	124925.0
725	125040.0	125046.0
726	125090.0	125414.0
727	125216.0	124966.0
728	125515.0	124605.0
729	125844.0	124663.0
730	124652.0	124500.0
731	124989.0	125438.0
732	125061.0	125095.0
733	124905.0	124648.0
734	124933.0	125288.0
735	124902.0	125446.0
736	124915.0	125252.0
737	124520.0	125426.0
738	124260.0	125632.0
739	124856.0	125128.0
740	125102.0	125102.0
741	124811.0	125473.0
742	125227.0	125234.0
743	124701.0	125202.0
744	125045.0	125391.0
745	124804.0	124699.0
746	124737.0	124418.0
747	124968.0	125039.0
748	124741.0	124950.0
749	124472.0	124910.0
750	124672.0	124725.0
751	125170.0	124902.0
752	124881.0	124937.0
753	124895.0	125095.0
754	124485.0	125088.0
755	124720.0	125437.0
756	125131.0	125319.0
757	124606.0	124643.0
758	124437.0	125081.0
759	124809.0	124965.0
760	125025.0	124532.0
761	124789.0	125148.0
762	124970.0	124621.0
763	124262.0	124901.0
764	124114.0	124846.0
765	124404.0	124836.0
766	124639.0	124934.0
767	124623.0	124320.0
768	125412.0	124840.0
769	124929.0	124988.0
770	124798.0	125057.0
771	124758.0	125260.0
772	124996.0	124912.0
773	124625.0	125145.0
774	124959.0	124898.0
775	124310.0	124375.0
776	124317.0	124625.0
777	124501.0	125259.0
778	124594.0	124698.0
779	124430.0	125089.0
780	124464.0	124529.0
781	124815.0	124630.0
782	124232.0	125190.0
783	124403.0	124500.0
784	123945.0	124876.0
785	124939.0	124726.0
786	124427.0	125424.0
787	124388.0	124749.0
788	124437.0	124343.0
789	124923.0	125479.0
790	124957.0	124755.0
791	124730.0	124993.0
792	124443.0	125093.0
793	124483.0	124808.0
794	124919.0	124951.0
795	124639.0	124669.0
796	123760.0	124323.0
797	124110.0	124712.0
798	124621.0	124338.0
799	124526.0	124728.0
800	124495.0	125337.0
801	125006.0	124639.0
802	124954.0	124806.0
803	124467.0	125202.0
804	125244.0	125085.0
805	124686.0	124867.0
806	124066.0	125378.0
807	124803.0	125015.0
808	123685.0	125029.0
809	124393.0	125151.0
810	124397.0	124498.0
811	125013.0	124602.0
812	124425.0	124970.0
813	124503.0	125021.0
814	124834.0	124699.0
815	124881.0	125380.0
816	124679.0	124847.0
817	124310.0	124741.0
818	124558.0	125193.0
819	124969.0	124894.0
820	124447.0	125029.0
821	124496.0	125375.0
822	124607.0	125160.0
823	124063.0	125289.0
824	123903.0	124873.0
825	124622.0	124458.0
826	124413.0	124666.0
827	124655.0	124901.0
828	124311.0	125499.0
829	124250.0	124991.0
830	124602.0	124909.0
831	124115.0	124801.0
832	124130.0	124776.0
833	124521.0	125187.0
834	124333.0	125503.0
835	124472.0	124544.0
836	124257.0	125123.0
837	124713.0	125007.0
838	124118.0	124403.0
839	124260.0	124455.0
840	124865.0	124867.0
841	123887.0	124702.0
842	123962.0	125827.0
843	124511.0	124932.0
844	124584.0	124460.0
845	124411.0	125273.0
846	125085.0	125237.0
847	124207.0	125044.0
848	123801.0	125057.0
849	124345.0	125091.0
850	123827.0	124524.0
851	124501.0	125310.0
852	124525.0	125446.0
853	124583.0	125699.0
854	124221.0	125156.0
855	124129.0	124843.0
856	124496.0	125200.0
857	124352.0	125125.0
858	124079.0	124869.0
859	124513.0	124701.0
860	124918.0	125288.0
861	124838.0	124880.0
862	124327.0	124303.0
863	124128.0	124855.0
864	124081.0	124901.0
865	124278.0	125371.0
866	124466.0	125610.0
867	124418.0	125247.0
868	123873.0	124453.0
869	124160.0	125274.0
870	124401.0	124683.0
871	124472.0	124529.0
872	124506.0	124781.0
873	124666.0	125140.0
874	124208.0	124544.0
875	124300.0	124802.0
876	124632.0	125064.0
877	124501.0	124598.0
878	124122.0	124982.0
879	124674.0	124488.0
880	124754.0	124936.0
881	124401.0	124558.0
882	124985.0	124547.0
883	124125.0	124658.0
884	124276.0	124968.0
885	124305.0	125324.0
886	124243.0	125333.0
887	124332.0	124715.0
888	124453.0	124840.0
889	123985.0	124694.0
890	123909.0	125140.0
891	124151.0	124935.0
892	124841.0	124019.0
893	124538.0	124683.0
894	125077.0	124943.0
895	124344.0	124345.0
896	123764.0	125065.0
897	124254.0	124818.0
898	124017.0	124516.0
899	123618.0	124664.0
900	124766.0	125068.0
901	124552.0	124548.0
902	124055.0	124909.0
903	123926.0	124728.0
904	124764.0	124364.0
905	124243.0	124389.0
906	123856.0	124069.0
907	123778.0	124589.0
908	124236.0	124802.0
909	124430.0	125192.0
910	124214.0	124816.0
911	124456.0	124389.0
912	125188.0	125065.0
913	124783.0	124440.0
914	123836.0	124533.0
915	124112.0	124370.0
916	124252.0	123997.0
917	124390.0	124457.0
918	123930.0	124791.0
919	123989.0	124299.0
920	124338.0	124867.0
921	124467.0	124707.0
922	124738.0	124341.0
923	124152.0	124594.0
924	124189.0	123940.0
925	124049.0	124241.0
926	124253.0	124579.0
927	124497.0	124742.0
928	124019.0	124675.0
929	123571.0	124861.0
930	124618.0	125259.0
931	124130.0	123892.0
932	123638.0	125303.0
933	124473.0	124605.0
934	124197.0	124096.0
935	123880.0	124950.0
936	124421.0	124858.0
937	124097.0	124409.0
938	123860.0	124220.0
939	123726.0	124957.0
940	124247.0	124395.0
941	124858.0	125097.0
942	124370.0	125021.0
943	124134.0	124443.0
944	124128.0	124333.0
945	124213.0	124503.0
946	123935.0	124445.0
947	124038.0	125104.0
948	123889.0	124934.0
949	124177.0	124870.0
950	124342.0	124329.0
951	123904.0	124676.0
952	123115.0	124542.0
953	124448.0	124586.0
954	123979.0	124931.0
955	123973.0	124615.0
956	124444.0	125184.0
957	124492.0	124826.0
958	124091.0	124318.0
959	123640.0	124798.0
960	124092.0	124138.0
961	124221.0	124038.0
962	123460.0	124669.0
963	124017.0	124168.0
964	123842.0	124400.0
965	124507.0	124908.0
966	124295.0	124663.0
967	123672.0	124539.0
968	124126.0	124661.0
969	124538.0	124720.0
970	123654.0	124752.0
971	124274.0	124510.0
972	124786.0	124444.0
973	123886.0	124185.0
974	124582.0	124551.0
975	124367.0	124360.0
976	124356.0	124339.0
977	123365.0	124313.0
978	124240.0	124656.0
979	123553.0	124805.0
980	123806.0	123706.0
981	124059.0	125081.0
982	123805.0	124767.0
983	124549.0	124580.0
984	124957.0	124586.0
985	124348.0	124287.0
986	124601.0	124244.0
987	123889.0	124043.0
988	123991.0	124054.0
989	123618.0	125171.0
990	123975.0	124870.0
991	124270.0	124463.0
992	124170.0	124852.0
993	124631.0	124856.0
994	124341.0	123938.0
995	124075.0	124900.0
996	124522.0	124547.0
997	124201.0	124101.0
998	123766.0	124552.0
999	123878.0	124773.0
1000	124204.0	124235.0
1001	124228.0	124381.0
1002	124002.0	123960.0
1003	124270.0	124263.0
1004	124343.0	124188.0
1005	124165.0	124032.0
1006	124792.0	123901.0
1007	123438.0	123884.0
1008	123747.0	124882.0
1009	123773.0	124286.0
1010	124175.0	124552.0
1011	123768.0	124575.0
1012	123650.0	124254.0
1013	123437.0	123988.0
1014	123482.0	124137.0
1015	124473.0	123969.0
1016	123484.0	124185.0
1017	123816.0	124058.0
1018	123907.0	124635.0
1019	123722.0	123991.0
1020	124074.0	124378.0
1021	123984.0	124122.0
1022	123298.0	124112.0
1023	124367.0	124563.0
1024	123868.0	123537.0
1025	123540.0	124240.0
1026	124311.0	124178.0
1027	123715.0	124304.0
1028	123830.0	123694.0
1029	124284.0	124998.0
1030	124147.0	124023.0
1031	124456.0	123449.0
1032	124304.0	124183.0
1033	124106.0	124286.0
1034	123667.0	124056.0
1035	124072.0	124349.0
1036	123867.0	124095.0
1037	123569.0	124285.0
1038	123837.0	124544.0
1039	124098.0	124383.0
1040	123828.0	124811.0
1041	124238.0	124369.0
1042	124007.0	124398.0
1043	123976.0	123562.0
1044	123863.0	123960.0
1045	124031.0	123894.0
1046	123786.0	123786.0
1047	124214.0	123990.0
1048	124116.0	123523.0
1049	123921.0	124225.0
1050	123840.0	124044.0
1051	124117.0	123851.0
1052	123583.0	124162.0
1053	124141.0	124059.0
1054	123606.0	123914.0
1055	123777.0	124721.0
1056	123540.0	124235.0
1057	124019.0	123845.0
1058	123906.0	124532.0
1059	123312.0	124793.0
1060	123581.0	124119.0
1061	123334.0	124108.0
1062	124339.0	123543.0
1063	123750.0	124414.0
1064	123572.0	124196.0
1065	124731.0	123679.0
1066	124073.0	123806.0
1067	123968.0	123611.0
1068	123845.0	124416.0
1069	123228.0	123706.0
1070	124003.0	124003.0
1071	123753.0	124442.0
1072	123684.0	123648.0
1073	123841.0	124558.0
1074	124373.0	124332.0
1075	123390.0	124381.0
1076	123962.0	124090.0
1077	124388.0	124336.0
1078	124080.0	124535.0
1079	123483.0	124193.0
1080	124424.0	124419.0
1081	123740.0	123780.0
1082	123489.0	123870.0
1083	124160.0	123808.0
1084	124165.0	123951.0
1085	123357.0	124062.0
1086	124310.0	124125.0
1087	123904.0	123422.0
1088	123347.0	124108.0
1089	124139.0	124300.0
1090	123750.0	124254.0
1091	123873.0	124197.0
1092	123897.0	124513.0
1093	123201.0	123964.0
1094	124041.0	124127.0
1095	123724.0	124484.0
1096	123457.0	123795.0
1097	123732.0	124765.0
1098	124336.0	124784.0
1099	123752.0	123298.0
1100	123953.0	123767.0
1101	123946.0	123758.0
1102	123445.0	123730.0
1103	123624.0	123597.0
1104	123725.0	124006.0
1105	122945.0	124127.0
1106	123482.0	123864.0
1107	124282.0	124560.0
1108	123607.0	124352.0
1109	123123.0	124392.0
1110	122753.0	124474.0
1111	123302.0	124068.0
1112	122738.0	124478.0
1113	123794.0	123822.0
1114	123615.0	123848.0
1115	123714.0	124195.0
1116	123414.0	124462.0
1117	122983.0	124131.0
1118	123304.0	124664.0
1119	123526.0	124693.0
1120	124012.0	124483.0
1121	124141.0	124196.0
1122	123632.0	124374.0
1123	124006.0	124476.0
1124	123120.0	124111.0
1125	123810.0	124302.0
1126	124223.0	123967.0
1127	124030.0	123913.0
1128	124257.0	124379.0
1129	123655.0	124630.0
1130	123414.0	124725.0
1131	124421.0	124486.0
1132	123566.0	123660.0
1133	123629.0	123895.0
1134	123432.0	123959.0
1135	122577.0	123347.0
1136	123994.0	124271.0
1137	123582.0	123917.0
1138	123750.0	123821.0
1139	123969.0	124338.0
1140	124483.0	124345.0
1141	124210.0	123491.0
1142	123454.0	123888.0
1143	124140.0	123836.0
1144	123907.0	123679.0
1145	123875.0	123416.0
1146	124161.0	124166.0
1147	124186.0	123916.0
1148	123250.0	124460.0
1149	123846.0	123618.0
1150	123568.0	123834.0
1151	123581.0	123721.0
1152	123436.0	124500.0
1153	123956.0	124063.0
1154	123208.0	124102.0
1155	123897.0	124404.0
1156	124069.0	124326.0
1157	123525.0	124501.0
1158	124197.0	124241.0
1159	123875.0	123713.0
1160	123115.0	123960.0
1161	123706.0	124188.0
1162	123941.0	123839.0
1163	123032.0	123780.0
1164	123251.0	123984.0
1165	123610.0	123510.0
1166	123265.0	123849.0
1167	123053.0	124326.0
1168	123544.0	124098.0
1169	123653.0	123838.0
1170	123992.0	123545.0
1171	123704.0	124288.0
1172	123091.0	123786.0
1173	123623.0	123416.0
1174	123483.0	123838.0
1175	123491.0	123853.0
1176	123387.0	123906.0
1177	123740.0	123474.0
1178	123704.0	124379.0
1179	123515.0	123722.0
1180	123696.0	123249.0
1181	123436.0	123873.0
1182	123144.0	123031.0
1183	123414.0	123764.0
1184	124095.0	123606.0
1185	124083.0	123412.0
1186	123916.0	123213.0
1187	123863.0	124029.0
1188	123381.0	124209.0
1189	123943.0	123469.0
1190	123353.0	124226.0
1191	123685.0	123711.0
1192	123230.0	123128.0
1193	123851.0	124347.0
1194	123558.0	123952.0
1195	123319.0	123478.0
1196	122989.0	124122.0
1197	123343.0	124023.0
1198	123563.0	123998.0
1199	123669.0	123727.0
1200	123421.0	123549.0
1201	123751.0	123458.0
1202	123619.0	123470.0
1203	123571.0	123889.0
1204	123379.0	123679.0
1205	123372.0	123720.0
1206	123239.0	124038.0
1207	123644.0	123603.0
1208	123895.0	124171.0
1209	123717.0	123813.0
1210	123911.0	123231.0
1211	123764.0	123641.0
1212	123738.0	123882.0
1213	123768.0	123196.0
1214	123458.0	123004.0
1215	123604.0	123826.0
1216	123639.0	123494.0
1217	123644.0	123534.0
1218	123572.0	123727.0
1219	123329.0	123737.0
1220	122762.0	123487.0
1221	123498.0	124317.0
1222	122849.0	123509.0
1223	122940.0	123279.0
1224	123768.0	123879.0
1225	122995.0	123648.0
1226	123756.0	123529.0
1227	124108.0	123250.0
1228	123902.0	123135.0
1229	123551.0	123286.0
1230	123700.0	124111.0
1231	123046.0	123505.0
1232	123391.0	123715.0
1233	122952.0	123295.0
1234	123499.0	123956.0
1235	123178.0	123068.0
1236	122641.0	123549.0
1237	123223.0	123109.0
1238	122879.0	123726.0
1239	123113.0	123897.0
1240	122979.0	124130.0
1241	123241.0	123461.0
1242	122749.0	122760.0
1243	123079.0	123821.0
1244	122690.0	124059.0
1245	123307.0	124236.0
1246	123049.0	123788.0
1247	122623.0	124141.0
1248	123602.0	123899.0
1249	123389.0	124203.0
1250	123338.0	123970.0
1251	122608.0	123199.0
1252	122910.0	123656.0
1253	123470.0	123590.0
1254	123490.0	124549.0
1255	122832.0	123937.0
1256	123276.0	123712.0
1257	122951.0	123498.0
1258	122872.0	123225.0
1259	123186.0	123605.0
1260	122955.0	123822.0
1261	122918.0	123731.0
1262	123301.0	123453.0
1263	123418.0	123829.0
1264	122911.0	123602.0
1265	122927.0	123574.0
1266	123577.0	124207.0
1267	123568.0	123179.0
1268	123281.0	123574.0
1269	123225.0	123615.0
1270	123195.0	123817.0
1271	122455.0	123447.0
1272	122843.0	123905.0
1273	122638.0	123927.0
1274	123204.0	123512.0
1275	123770.0	123686.0
1276	123164.0	123269.0
1277	122714.0	124230.0
1278	123786.0	123899.0
1279	123549.0	123803.0
1280	123220.0	123721.0
1281	123126.0	124051.0
1282	123559.0	123911.0
1283	123063.0	123638.0
1284	123833.0	124324.0
1285	122800.0	124056.0
1286	123351.0	123794.0
1287	123522.0	123343.0
1288	123546.0	123741.0
1289	123397.0	123801.0
1290	123258.0	124293.0
1291	122716.0	123659.0
1292	122815.0	123939.0
1293	122844.0	124313.0
1294	123534.0	123830.0
1295	122753.0	124013.0
1296	123204.0	123620.0
1297	123458.0	123931.0
1298	123073.0	123591.0
1299	123839.0	123707.0
1300	123492.0	123182.0
1301	123449.0	123938.0
1302	123259.0	123322.0
1303	122766.0	123088.0
1304	123437.0	123388.0
1305	123162.0	123020.0
1306	123049.0	123449.0
1307	122957.0	123601.0
1308	122908.0	123527.0
1309	123234.0	123783.0
1310	122892.0	123836.0
1311	123340.0	123721.0
1312	122776.0	123444.0
1313	122623.0	123662.0
1314	123227.0	124068.0
1315	123172.0	123588.0
1316	123046.0	123242.0
1317	123202.0	123566.0
1318	123689.0	123977.0
1319	122969.0	123785.0
1320	123454.0	123148.0
1321	123100.0	123942.0
1322	123037.0	124185.0
1323	123138.0	124346.0
1324	122851.0	123689.0
1325	122367.0	122912.0
1326	123521.0	123977.0
1327	123035.0	123871.0
1328	123009.0	123388.0
1329	123144.0	123558.0
1330	123157.0	123519.0
1331	122892.0	123423.0
1332	123107.0	123865.0
1333	122854.0	123574.0
1334	122862.0	123625.0
1335	122940.0	124068.0
1336	123036.0	123832.0
1337	123033.0	123572.0
1338	123000.0	123724.0
1339	122806.0	123464.0
1340	123501.0	123487.0
1341	122572.0	123394.0
1342	123441.0	123842.0
1343	122989.0	123533.0
1344	123450.0	123625.0
1345	123526.0	123067.0
1346	122317.0	123100.0
1347	123472.0	123618.0
1348	122880.0	123684.0
1349	123054.0	123380.0
1350	122892.0	123438.0
1351	123036.0	123735.0
1352	123400.0	123196.0
1353	123307.0	123753.0
1354	122769.0	123479.0
1355	122910.0	123560.0
1356	122584.0	123504.0
1357	122602.0	123657.0
1358	122279.0	124055.0
1359	122804.0	123975.0
1360	123155.0	123479.0
1361	122888.0	123189.0
1362	122977.0	123433.0
1363	123201.0	123065.0
1364	123333.0	123567.0
1365	123765.0	123416.0
1366	122638.0	123420.0
1367	123071.0	123581.0
1368	122953.0	123226.0
1369	122626.0	123777.0
1370	123565.0	123701.0
1371	122717.0	124099.0
1372	122923.0	123442.0
1373	123077.0	123313.0
1374	122718.0	123631.0
1375	122964.0	123241.0
1376	123099.0	123699.0
1377	123234.0	123269.0
1378	123066.0	122834.0
1379	123218.0	123763.0
1380	122945.0	123454.0
1381	123280.0	123606.0
1382	123058.0	123610.0
1383	123594.0	123635.0
1384	123326.0	123169.0
1385	122883.0	123199.0
1386	123349.0	123046.0
1387	122981.0	122940.0
1388	122955.0	122923.0
1389	123479.0	123271.0
1390	123172.0	122957.0
1391	123005.0	123373.0
1392	123156.0	123389.0
1393	122331.0	123112.0
1394	122293.0	123235.0
1395	122607.0	123233.0
1396	122923.0	122851.0
1397	122691.0	123358.0
1398	122886.0	123385.0
1399	123102.0	122893.0
1400	122504.0	123181.0
1401	123116.0	122877.0
1402	122464.0	122192.0
1403	122748.0	123201.0
1404	123023.0	123091.0
1405	122155.0	122870.0
1406	123043.0	123077.0
1407	122853.0	123346.0
1408	123307.0	122743.0
1409	122448.0	122620.0
1410	123129.0	123221.0
1411	122829.0	122515.0
1412	123634.0	123000.0
1413	123277.0	122785.0
1414	123231.0	123219.0
1415	122515.0	123274.0
1416	122788.0	123777.0
1417	122989.0	123532.0
1418	122441.0	122469.0
1419	123005.0	123059.0
1420	122711.0	123283.0
1421	122597.0	123181.0
1422	122979.0	122787.0
1423	122803.0	122895.0
1424	122741.0	122956.0
1425	123435.0	123003.0
1426	123095.0	123191.0
1427	122738.0	123535.0
1428	122759.0	123439.0
1429	123153.0	123385.0
1430	122417.0	123412.0
1431	123095.0	123534.0
1432	122707.0	123786.0
1433	122593.0	122802.0
1434	122607.0	123644.0
1435	123053.0	123016.0
1436	122844.0	123308.0
1437	122539.0	123383.0
1438	122709.0	123054.0
1439	121972.0	123266.0
1440	122614.0	123600.0
1441	122396.0	123101.0
1442	122461.0	123554.0
1443	122814.0	123490.0
1444	122658.0	123129.0
1445	123357.0	123675.0
1446	123058.0	123673.0
1447	123322.0	123553.0
1448	122925.0	123778.0
1449	123223.0	123046.0
1450	122789.0	123208.0
1451	122705.0	123382.0
1452	123036.0	123435.0
1453	122647.0	123116.0
1454	122287.0	123285.0
1455	122814.0	123200.0
1456	123180.0	123261.0
1457	123001.0	122578.0
1458	123052.0	123122.0
1459	122942.0	123564.0
1460	122923.0	123586.0
1461	122866.0	123020.0
1462	123257.0	123406.0
1463	122730.0	123709.0
1464	122595.0	122788.0
1465	122623.0	122948.0
1466	122540.0	123150.0
1467	122394.0	123935.0
1468	122706.0	123577.0
1469	122972.0	123681.0
1470	123136.0	122924.0
1471	123109.0	123092.0
1472	122538.0	123472.0
1473	122918.0	122954.0
1474	122682.0	123056.0
1475	122864.0	122866.0
1476	122587.0	123565.0
1477	122210.0	123380.0
1478	123230.0	123714.0
1479	122589.0	122926.0
1480	122967.0	123258.0
1481	122720.0	123366.0
1482	123159.0	123568.0
1483	122629.0	123076.0
1484	122799.0	122789.0
1485	123283.0	123573.0
1486	122979.0	123244.0
1487	122575.0	123348.0
1488	122805.0	123269.0
1489	123008.0	123397.0
1490	122748.0	123170.0
1491	122630.0	123393.0
1492	123186.0	123472.0
1493	122696.0	122838.0
1494	122806.0	122588.0
1495	122519.0	123361.0
1496	122527.0	123502.0
1497	122788.0	123819.0
1498	123260.0	123693.0
1499	123211.0	123638.0
1500	123366.0	122887.0
1501	123036.0	122887.0
1502	122497.0	122586.0
1503	122636.0	123013.0
1504	122846.0	123265.0
1505	122801.0	123328.0
1506	122561.0	123135.0
1507	123145.0	123020.0
1508	123222.0	122543.0
1509	123121.0	122979.0
1510	123170.0	122899.0
1511	122270.0	122516.0
1512	122526.0	123471.0
1513	122852.0	122931.0
1514	122134.0	122722.0
1515	122712.0	122629.0
1516	123105.0	123087.0
1517	123085.0	123188.0
1518	122463.0	123273.0
1519	122925.0	123352.0
1520	122865.0	123028.0
1521	122552.0	123021.0
1522	122875.0	123146.0
1523	123059.0	123280.0
1524	122733.0	122599.0
1525	122484.0	122707.0
1526	122272.0	123292.0
1527	123142.0	122952.0
1528	122527.0	123111.0
1529	122357.0	123114.0
1530	122661.0	123337.0
1531	122758.0	122942.0
1532	122861.0	123149.0
1533	122781.0	122709.0
1534	122544.0	123226.0
1535	122229.0	123225.0
1536	122283.0	123233.0
1537	122588.0	122764.0
1538	122843.0	122465.0
1539	122377.0	123284.0
1540	122584.0	122616.0
1541	122461.0	122515.0
1542	122464.0	122920.0
1543	123082.0	122731.0
1544	122343.0	123155.0
1545	122355.0	123013.0
1546	122817.0	123326.0
1547	122397.0	122329.0
1548	123075.0	122599.0
1549	122815.0	122456.0
1550	122573.0	123031.0
1551	122878.0	123380.0
1552	122122.0	122775.0
1553	122689.0	123245.0
1554	122324.0	123226.0
1555	122562.0	123034.0
1556	122643.0	123563.0
1557	122659.0	123136.0
1558	122733.0	123421.0
1559	122466.0	123536.0
1560	122713.0	122863.0
1561	122595.0	122723.0
1562	122787.0	122821.0
1563	122912.0	122723.0
1564	122613.0	123643.0
1565	122778.0	122604.0
1566	123106.0	122580.0
1567	122068.0	122560.0
1568	122660.0	122295.0
1569	122419.0	123027.0
1570	122647.0	122937.0
1571	122265.0	122751.0
1572	122530.0	123350.0
1573	122617.0	123157.0
1574	122158.0	122325.0
1575	122506.0	122714.0
1576	122053.0	123016.0
1577	122196.0	122469.0
1578	122404.0	123127.0
1579	122344.0	122783.0
1580	122460.0	122598.0
1581	122533.0	123286.0
1582	123171.0	122689.0
1583	122543.0	123020.0
1584	122000.0	123443.0
1585	121877.0	123351.0
1586	122162.0	122909.0
1587	122298.0	122677.0
1588	122757.0	123159.0
1589	122508.0	123108.0
1590	123016.0	123150.0
1591	122467.0	122415.0
1592	122225.0	122346.0
1593	122483.0	122611.0
1594	122154.0	122295.0
1595	123149.0	122734.0
1596	122454.0	123088.0
1597	123046.0	122460.0
1598	122729.0	122842.0
1599	122590.0	122809.0
1600	122222.0	122690.0
1601	122205.0	123005.0
1602	122624.0	123213.0
1603	122191.0	122956.0
1604	122542.0	122655.0
1605	122533.0	122900.0
1606	122600.0	123047.0
1607	122219.0	122725.0
1608	122826.0	123244.0
1609	122848.0	123132.0
1610	122338.0	122608.0
1611	122431.0	123166.0
1612	121742.0	123144.0
1613	122605.0	122857.0
1614	122359.0	122318.0
1615	122392.0	122616.0
1616	122115.0	122938.0
1617	121990.0	123009.0
1618	122704.0	122858.0
1619	122597.0	123456.0
1620	121873.0	122847.0
1621	122644.0	122123.0
1622	122202.0	122550.0
1623	122769.0	122953.0
1624	122394.0	122698.0
1625	122433.0	122757.0
1626	122653.0	122669.0
1627	122069.0	122643.0
1628	122545.0	122263.0
1629	122274.0	122517.0
1630	121978.0	122516.0
1631	122316.0	122385.0
1632	122989.0	122896.0
1633	122751.0	122386.0
1634	122163.0	122985.0
1635	122283.0	122893.0
1636	122245.0	123059.0
1637	122665.0	123084.0
1638	121998.0	122889.0
1639	122238.0	122658.0
1640	123089.0	122621.0
1641	122314.0	122535.0
1642	122826.0	122659.0
1643	121976.0	123109.0
1644	122535.0	123040.0
1645	122243.0	123129.0
1646	122525.0	122717.0
1647	122486.0	122122.0
1648	121851.0	122568.0
1649	121856.0	122913.0
1650	122125.0	122669.0
1651	122228.0	123299.0
1652	122410.0	122438.0
1653	122367.0	122808.0
1654	122592.0	123152.0
1655	122051.0	123217.0
1656	122979.0	123216.0
1657	122100.0	122881.0
1658	122275.0	122676.0
1659	122412.0	122781.0
1660	122535.0	122891.0
1661	122431.0	123489.0
1662	122898.0	122974.0
1663	122466.0	122884.0
1664	122925.0	122709.0
1665	122466.0	122857.0
1666	122602.0	123271.0
1667	121577.0	122408.0
1668	122184.0	122614.0
1669	122507.0	122593.0
1670	122349.0	122855.0
1671	122899.0	122967.0
1672	122343.0	122496.0
1673	121979.0	122768.0
1674	122605.0	122608.0
1675	121973.0	122973.0
1676	121978.0	122909.0
1677	122168.0	123052.0
1678	122202.0	122990.0
1679	122713.0	122737.0
1680	123145.0	122202.0
1681	123210.0	122333.0
1682	122126.0	122159.0
1683	122378.0	122667.0
1684	122373.0	122839.0
1685	122117.0	123024.0
1686	122506.0	122949.0
1687	122116.0	122381.0
1688	122809.0	123095.0
1689	122768.0	122486.0
1690	122397.0	122796.0
1691	122125.0	123457.0
1692	123048.0	123742.0
1693	122136.0	122775.0
1694	122506.0	122630.0
1695	122694.0	122573.0
1696	122166.0	122765.0
1697	121843.0	122811.0
1698	122314.0	122671.0
1699	121809.0	122099.0
1700	122355.0	122229.0
1701	122223.0	123112.0
1702	122169.0	122527.0
1703	122430.0	123094.0
1704	122639.0	122465.0
1705	122645.0	122519.0
1706	122564.0	122871.0
1707	122581.0	121932.0
1708	122137.0	122410.0
1709	121416.0	123280.0
1710	122126.0	122703.0
1711	122643.0	122637.0
1712	122482.0	122349.0
1713	122286.0	122436.0
1714	122912.0	122269.0
1715	122076.0	122719.0
1716	121826.0	122013.0
1717	121980.0	122818.0
1718	122178.0	123149.0
1719	122292.0	122583.0
1720	122444.0	122961.0
1721	122619.0	122408.0
1722	122138.0	122535.0
1723	121748.0	123047.0
1724	121649.0	123063.0
1725	122870.0	122911.0
1726	122103.0	122613.0
1727	122284.0	122497.0
1728	122280.0	122960.0
1729	122145.0	121854.0
1730	121888.0	122734.0
1731	122114.0	122273.0
1732	121748.0	122554.0
1733	121534.0	122370.0
1734	121783.0	122597.0
1735	122338.0	122368.0
1736	122210.0	122763.0
1737	122111.0	122334.0
1738	122452.0	122163.0
1739	122064.0	122165.0
1740	121918.0	122251.0
1741	121883.0	122372.0
1742	122510.0	122960.0
1743	122469.0	122521.0
1744	122461.0	122943.0
1745	121539.0	122674.0
1746	122488.0	122312.0
1747	122293.0	122666.0
1748	122387.0	122663.0
1749	122291.0	122907.0
1750	122278.0	122872.0
1751	122723.0	122682.0
1752	122785.0	123029.0
1753	122605.0	122580.0
1754	122043.0	122779.0
1755	122300.0	122788.0
1756	122444.0	122632.0
1757	122382.0	122642.0
1758	122455.0	121841.0
1759	122436.0	122303.0
1760	122390.0	122438.0
1761	122698.0	122449.0
1762	122120.0	121968.0
1763	122089.0	122461.0
1764	122355.0	122449.0
1765	122340.0	122440.0
1766	122224.0	122498.0
1767	122682.0	122765.0
1768	122851.0	122334.0
1769	122323.0	122522.0
1770	122950.0	122625.0
1771	122239.0	122465.0
1772	122007.0	122621.0
1773	122345.0	122916.0
1774	122060.0	123075.0
1775	122267.0	122529.0
1776	123079.0	122040.0
1777	122100.0	122604.0
1778	121777.0	122551.0
1779	121921.0	122781.0
1780	122512.0	122761.0
1781	122239.0	122722.0
1782	122248.0	121656.0
1783	122076.0	122185.0
1784	121803.0	122383.0
1785	122614.0	122394.0
1786	122569.0	121829.0
1787	121989.0	122445.0
1788	122083.0	122934.0
1789	122078.0	122478.0
1790	122832.0	122890.0
1791	122349.0	122289.0
1792	121857.0	121977.0
1793	122045.0	122177.0
1794	121868.0	122945.0
1795	122074.0	122367.0
1796	122293.0	122743.0
1797	121956.0	122868.0
1798	122598.0	122083.0
1799	122529.0	122403.0
1800	121977.0	122470.0
1801	122542.0	122267.0
1802	122614.0	122110.0
1803	121447.0	122464.0
1804	121772.0	122079.0
1805	122103.0	122480.0
1806	122795.0	122206.0
1807	122433.0	122515.0
1808	122092.0	122631.0
1809	121776.0	122410.0
1810	121940.0	122636.0
1811	122276.0	122497.0
1812	122166.0	122210.0
1813	121857.0	122602.0
1814	122299.0	122205.0
1815	122105.0	122847.0
1816	122483.0	122677.0
1817	121801.0	122543.0
1818	122462.0	122316.0
1819	121947.0	122157.0
1820	122075.0	122171.0
1821	122335.0	122290.0
1822	122145.0	122239.0
1823	122488.0	122443.0
1824	121646.0	122672.0
1825	121917.0	123047.0
1826	121916.0	122653.0
1827	122319.0	122386.0
1828	122391.0	122207.0
1829	122105.0	122304.0
1830	121681.0	122290.0
1831	121802.0	122731.0
1832	121888.0	122324.0
1833	122110.0	122474.0
1834	121782.0	122658.0
1835	122087.0	122983.0
1836	121864.0	122654.0
1837	122345.0	122259.0
1838	121730.0	122492.0
1839	122010.0	121856.0
1840	122104.0	122086.0
1841	121957.0	122762.0
1842	122248.0	122339.0
1843	122138.0	122931.0
1844	122176.0	122996.0
1845	122509.0	122434.0
1846	122064.0	122578.0
1847	121626.0	123158.0
1848	122094.0	122487.0
1849	122208.0	122322.0
1850	121946.0	122611.0
1851	121826.0	122599.0
1852	121645.0	122014.0
1853	122042.0	121701.0
1854	122073.0	122890.0
1855	122317.0	122713.0
1856	122428.0	122612.0
1857	122153.0	122666.0
1858	121725.0	122786.0
1859	121976.0	122270.0
1860	122403.0	122430.0
1861	121570.0	122051.0
1862	121455.0	122293.0
1863	122342.0	122891.0
1864	122089.0	121876.0
1865	121624.0	122963.0
1866	122017.0	122650.0
1867	122135.0	121798.0
1868	121520.0	121764.0
1869	122103.0	122015.0
1870	121804.0	121986.0
1871	122291.0	122485.0
1872	122333.0	122412.0
1873	122730.0	121685.0
1874	122492.0	122607.0
1875	121967.0	122360.0
1876	121796.0	122480.0
1877	121957.0	122675.0
1878	121410.0	122514.0
1879	122287.0	121879.0
1880	121313.0	122405.0
1881	122032.0	121774.0
1882	121913.0	121993.0
1883	121953.0	122295.0
1884	121890.0	122334.0
1885	121828.0	122081.0
1886	121887.0	121950.0
1887	121838.0	121839.0
1888	122399.0	122206.0
1889	121775.0	122273.0
1890	121613.0	122467.0
1891	121995.0	121812.0
1892	122404.0	122379.0
1893	122170.0	122221.0
1894	122414.0	122485.0
1895	122089.0	121815.0
1896	121862.0	121941.0
1897	122000.0	122242.0
1898	122035.0	122349.0
1899	121384.0	122143.0
1900	121628.0	122202.0
1901	122169.0	122636.0
1902	122625.0	122129.0
1903	121948.0	122039.0
1904	122383.0	122033.0
1905	122574.0	122067.0
1906	122243.0	122521.0
1907	122224.0	121693.0
1908	122317.0	122546.0
1909	122498.0	122077.0
1910	121570.0	121686.0
1911	121674.0	122286.0
1912	121608.0	121610.0
1913	121610.0	122387.0
1914	121929.0	122028.0
1915	121502.0	121589.0
1916	121223.0	122243.0
1917	121797.0	121746.0
1918	121857.0	122900.0
1919	122592.0	123143.0
1920	121638.0	122060.0
1921	121512.0	122207.0
1922	121662.0	122570.0
1923	122020.0	122896.0
1924	122162.0	121994.0
1925	121592.0	121512.0
1926	121890.0	122023.0
1927	121479.0	122269.0
1928	121749.0	122374.0
1929	122164.0	122779.0
1930	121870.0	123091.0
1931	121583.0	122516.0
1932	121862.0	121857.0
1933	122448.0	122460.0
1934	122245.0	122076.0
1935	122286.0	122490.0
1936	122043.0	122187.0
1937	122259.0	121918.0
1938	122176.0	122474.0
1939	121983.0	122599.0
1940	122158.0	122627.0
1941	122131.0	122038.0
1942	121410.0	122357.0
1943	121952.0	122220.0
1944	122616.0	122654.0
1945	122147.0	121975.0
1946	122007.0	122517.0
1947	121705.0	122673.0
1948	121649.0	122330.0
1949	122295.0	121844.0
1950	122546.0	121889.0
1951	121693.0	122417.0
1952	121772.0	122403.0
1953	122429.0	122364.0
1954	122048.0	121780.0
1955	121950.0	121991.0
1956	121768.0	122106.0
1957	121766.0	121792.0
1958	122193.0	121731.0
1959	122406.0	122588.0
1960	121322.0	122024.0
1961	122169.0	122073.0
1962	122152.0	122037.0
1963	122198.0	122121.0
1964	122082.0	121699.0
1965	122274.0	122292.0
1966	121908.0	121649.0
1967	122250.0	121797.0
1968	122350.0	122053.0
1969	121902.0	122186.0
1970	122343.0	121783.0
1971	121713.0	121795.0
1972	121712.0	122249.0
1973	121472.0	122336.0
1974	121426.0	122692.0
1975	121986.0	121783.0
1976	121527.0	122572.0
1977	121607.0	122556.0
1978	122211.0	122265.0
1979	121982.0	122747.0
1980	121812.0	122347.0
1981	122239.0	122443.0
1982	121897.0	122187.0
1983	121598.0	121913.0
1984	122207.0	121815.0
1985	121228.0	122029.0
1986	121614.0	122111.0
1987	121532.0	121981.0
1988	121681.0	122084.0
1989	121529.0	121719.0
1990	122449.0	122128.0
1991	121784.0	121519.0
1992	121333.0	121878.0
1993	121527.0	121994.0
1994	121198.0	122263.0
1995	121508.0	121746.0
1996	121611.0	121710.0
1997	122014.0	122127.0
1998	122129.0	122124.0
1999	122072.0	121999.0
