Distance in bp(Fragment Length Estimate: 132)(Peak Width Estimate: 132)	Same Strand (+ for Watson strand, - for Crick)	Opposite Strand
-2000	121941.0	122694.0
-1999	123085.0	122906.0
-1998	123669.0	122815.0
-1997	122773.0	122325.0
-1996	122860.0	122667.0
-1995	123411.0	122597.0
-1994	123425.0	122844.0
-1993	123636.0	122597.0
-1992	123745.0	122350.0
-1991	122938.0	123263.0
-1990	122775.0	122199.0
-1989	123029.0	123283.0
-1988	123293.0	123028.0
-1987	122532.0	122299.0
-1986	123098.0	122887.0
-1985	123689.0	122538.0
-1984	122567.0	123034.0
-1983	122926.0	122951.0
-1982	122943.0	122678.0
-1981	123243.0	122659.0
-1980	122960.0	122435.0
-1979	123154.0	122623.0
-1978	122239.0	122291.0
-1977	122986.0	122762.0
-1976	123288.0	122368.0
-1975	123580.0	122027.0
-1974	123049.0	123415.0
-1973	122886.0	122533.0
-1972	123145.0	122323.0
-1971	123177.0	122524.0
-1970	122914.0	124012.0
-1969	123041.0	122840.0
-1968	122730.0	122725.0
-1967	123178.0	122956.0
-1966	122836.0	123038.0
-1965	122864.0	123327.0
-1964	122783.0	123093.0
-1963	123039.0	122202.0
-1962	123462.0	123046.0
-1961	122964.0	122199.0
-1960	122854.0	122890.0
-1959	123496.0	122959.0
-1958	123153.0	122639.0
-1957	122871.0	122948.0
-1956	122954.0	122384.0
-1955	123410.0	122005.0
-1954	122968.0	122905.0
-1953	123301.0	122681.0
-1952	123045.0	122619.0
-1951	123197.0	122983.0
-1950	122786.0	122625.0
-1949	122824.0	122100.0
-1948	122742.0	122538.0
-1947	123742.0	122733.0
-1946	122663.0	122640.0
-1945	122956.0	123115.0
-1944	123072.0	123416.0
-1943	123030.0	122780.0
-1942	123069.0	123172.0
-1941	123192.0	123165.0
-1940	123065.0	123010.0
-1939	123089.0	122320.0
-1938	123047.0	122178.0
-1937	123084.0	122935.0
-1936	122614.0	123099.0
-1935	122873.0	122476.0
-1934	123330.0	122883.0
-1933	123045.0	123437.0
-1932	123642.0	122797.0
-1931	123262.0	122883.0
-1930	123246.0	123102.0
-1929	123290.0	122781.0
-1928	123732.0	122320.0
-1927	122948.0	122584.0
-1926	123142.0	122926.0
-1925	122963.0	122817.0
-1924	122578.0	123382.0
-1923	123408.0	123078.0
-1922	122704.0	123413.0
-1921	122727.0	123247.0
-1920	123282.0	122772.0
-1919	123073.0	122517.0
-1918	122804.0	122669.0
-1917	123345.0	123139.0
-1916	123102.0	122521.0
-1915	123313.0	123094.0
-1914	123117.0	123057.0
-1913	123287.0	122586.0
-1912	123212.0	123134.0
-1911	123182.0	123788.0
-1910	123279.0	122643.0
-1909	123083.0	123394.0
-1908	122977.0	123146.0
-1907	122723.0	122938.0
-1906	123099.0	122388.0
-1905	123555.0	123546.0
-1904	123015.0	123155.0
-1903	122928.0	123204.0
-1902	123436.0	122935.0
-1901	122796.0	122510.0
-1900	122885.0	123210.0
-1899	123077.0	123094.0
-1898	122533.0	122859.0
-1897	123173.0	123418.0
-1896	123325.0	123251.0
-1895	123560.0	122735.0
-1894	123271.0	123065.0
-1893	122830.0	122736.0
-1892	123602.0	123286.0
-1891	123574.0	122878.0
-1890	123810.0	122838.0
-1889	122870.0	122733.0
-1888	122856.0	123064.0
-1887	123469.0	122601.0
-1886	122839.0	122796.0
-1885	123169.0	122952.0
-1884	123205.0	122966.0
-1883	123491.0	122580.0
-1882	122820.0	123663.0
-1881	123490.0	122856.0
-1880	123369.0	123084.0
-1879	123191.0	123206.0
-1878	122659.0	123119.0
-1877	122700.0	123511.0
-1876	122875.0	123374.0
-1875	123249.0	122918.0
-1874	123486.0	122829.0
-1873	123376.0	122095.0
-1872	123434.0	122627.0
-1871	122875.0	123005.0
-1870	122945.0	123193.0
-1869	123150.0	122842.0
-1868	123126.0	122956.0
-1867	123696.0	123074.0
-1866	123525.0	122631.0
-1865	123614.0	123176.0
-1864	123128.0	123166.0
-1863	122451.0	123398.0
-1862	123054.0	123035.0
-1861	122735.0	122979.0
-1860	122510.0	123422.0
-1859	123007.0	122385.0
-1858	123226.0	122929.0
-1857	123187.0	122818.0
-1856	123029.0	122525.0
-1855	122736.0	122770.0
-1854	123063.0	122368.0
-1853	123293.0	123128.0
-1852	122964.0	122452.0
-1851	123618.0	122799.0
-1850	123425.0	122586.0
-1849	123349.0	123336.0
-1848	123679.0	122803.0
-1847	123539.0	122546.0
-1846	123344.0	123195.0
-1845	123665.0	122431.0
-1844	123038.0	122960.0
-1843	124434.0	122575.0
-1842	123327.0	122709.0
-1841	123152.0	122809.0
-1840	123117.0	123109.0
-1839	122946.0	122557.0
-1838	123511.0	123259.0
-1837	123106.0	123209.0
-1836	123016.0	123622.0
-1835	123502.0	123107.0
-1834	123218.0	122713.0
-1833	123036.0	123224.0
-1832	123429.0	123245.0
-1831	123361.0	122851.0
-1830	123382.0	123153.0
-1829	123070.0	122805.0
-1828	122958.0	123066.0
-1827	123285.0	122948.0
-1826	123126.0	122877.0
-1825	123423.0	122918.0
-1824	123063.0	123015.0
-1823	123740.0	122972.0
-1822	123491.0	123116.0
-1821	122980.0	122813.0
-1820	123273.0	122225.0
-1819	122610.0	123282.0
-1818	123354.0	122767.0
-1817	123088.0	122942.0
-1816	123920.0	122531.0
-1815	123090.0	122976.0
-1814	123568.0	123341.0
-1813	123447.0	123337.0
-1812	123367.0	123621.0
-1811	123187.0	122925.0
-1810	123071.0	122798.0
-1809	122929.0	122580.0
-1808	122469.0	123254.0
-1807	122790.0	123581.0
-1806	123778.0	123257.0
-1805	122502.0	122860.0
-1804	123250.0	122925.0
-1803	123614.0	122534.0
-1802	123507.0	122687.0
-1801	123946.0	122706.0
-1800	123850.0	123675.0
-1799	123738.0	123123.0
-1798	123128.0	122963.0
-1797	123011.0	123587.0
-1796	123283.0	122795.0
-1795	122997.0	123487.0
-1794	123422.0	123104.0
-1793	123635.0	123082.0
-1792	123463.0	123192.0
-1791	123457.0	122520.0
-1790	123300.0	122348.0
-1789	123434.0	122563.0
-1788	123199.0	122571.0
-1787	123266.0	122993.0
-1786	123001.0	123050.0
-1785	123372.0	122996.0
-1784	123662.0	122585.0
-1783	123057.0	122705.0
-1782	123651.0	122391.0
-1781	123557.0	122501.0
-1780	122969.0	123218.0
-1779	123306.0	123074.0
-1778	122752.0	122365.0
-1777	123459.0	122563.0
-1776	123814.0	123251.0
-1775	122966.0	123162.0
-1774	123326.0	123307.0
-1773	123326.0	123637.0
-1772	123014.0	122865.0
-1771	123033.0	123515.0
-1770	123532.0	122807.0
-1769	123415.0	122795.0
-1768	123860.0	122553.0
-1767	123548.0	123591.0
-1766	123226.0	122520.0
-1765	123146.0	122495.0
-1764	123689.0	123416.0
-1763	123392.0	123117.0
-1762	123227.0	123013.0
-1761	123490.0	123200.0
-1760	123400.0	123304.0
-1759	123458.0	122890.0
-1758	123019.0	123202.0
-1757	123334.0	123707.0
-1756	123385.0	123680.0
-1755	122983.0	123853.0
-1754	123259.0	123089.0
-1753	123562.0	123294.0
-1752	123465.0	123324.0
-1751	122917.0	123192.0
-1750	123460.0	123377.0
-1749	122851.0	123700.0
-1748	123460.0	123034.0
-1747	123719.0	123718.0
-1746	123866.0	122430.0
-1745	122979.0	122695.0
-1744	123333.0	123576.0
-1743	123707.0	123620.0
-1742	123594.0	123475.0
-1741	123594.0	122912.0
-1740	123378.0	123926.0
-1739	123096.0	123703.0
-1738	123512.0	122559.0
-1737	123909.0	123380.0
-1736	123573.0	123122.0
-1735	123805.0	123566.0
-1734	123338.0	123636.0
-1733	123636.0	123299.0
-1732	123443.0	123012.0
-1731	123648.0	122999.0
-1730	122271.0	123098.0
-1729	122681.0	123447.0
-1728	123644.0	123252.0
-1727	123464.0	122932.0
-1726	124064.0	122878.0
-1725	123569.0	123433.0
-1724	122941.0	122904.0
-1723	123820.0	123286.0
-1722	122817.0	123242.0
-1721	123784.0	122261.0
-1720	123871.0	123501.0
-1719	124126.0	123025.0
-1718	123636.0	123222.0
-1717	123430.0	123141.0
-1716	123416.0	123187.0
-1715	123114.0	123526.0
-1714	123369.0	122943.0
-1713	123781.0	122920.0
-1712	123135.0	122648.0
-1711	123455.0	123082.0
-1710	124200.0	123035.0
-1709	123281.0	123759.0
-1708	123041.0	123574.0
-1707	123121.0	123692.0
-1706	123977.0	123620.0
-1705	123607.0	123220.0
-1704	123916.0	123275.0
-1703	123542.0	123343.0
-1702	123207.0	123182.0
-1701	123281.0	123106.0
-1700	123759.0	123369.0
-1699	123539.0	123738.0
-1698	123802.0	123361.0
-1697	124181.0	123190.0
-1696	123680.0	123188.0
-1695	124553.0	123289.0
-1694	123615.0	122516.0
-1693	123680.0	123412.0
-1692	123916.0	122468.0
-1691	123501.0	123027.0
-1690	123546.0	122943.0
-1689	123412.0	123108.0
-1688	123580.0	122915.0
-1687	123643.0	123164.0
-1686	123888.0	123957.0
-1685	123742.0	123035.0
-1684	123270.0	123516.0
-1683	124763.0	123493.0
-1682	124188.0	123163.0
-1681	123884.0	122668.0
-1680	123860.0	122884.0
-1679	123279.0	122530.0
-1678	123537.0	123350.0
-1677	123869.0	122852.0
-1676	122806.0	122830.0
-1675	123448.0	123378.0
-1674	123627.0	122978.0
-1673	123240.0	123116.0
-1672	123082.0	123403.0
-1671	124022.0	123439.0
-1670	123870.0	123231.0
-1669	123980.0	123458.0
-1668	124027.0	122656.0
-1667	123759.0	123393.0
-1666	124006.0	123088.0
-1665	123950.0	122985.0
-1664	123182.0	123486.0
-1663	123295.0	123313.0
-1662	123569.0	123172.0
-1661	123925.0	123252.0
-1660	123756.0	122729.0
-1659	122990.0	122577.0
-1658	123498.0	123021.0
-1657	123663.0	122602.0
-1656	123563.0	123135.0
-1655	123766.0	123329.0
-1654	124336.0	123046.0
-1653	123920.0	123109.0
-1652	123430.0	123551.0
-1651	123327.0	123564.0
-1650	123388.0	123348.0
-1649	123334.0	123615.0
-1648	123550.0	122765.0
-1647	123627.0	122934.0
-1646	123054.0	123154.0
-1645	123485.0	123546.0
-1644	123871.0	123922.0
-1643	123530.0	123496.0
-1642	123589.0	123131.0
-1641	123233.0	123374.0
-1640	123294.0	123665.0
-1639	123288.0	122860.0
-1638	123079.0	123482.0
-1637	123281.0	123537.0
-1636	123919.0	123229.0
-1635	123401.0	122841.0
-1634	123300.0	122834.0
-1633	123246.0	122473.0
-1632	123335.0	123183.0
-1631	123539.0	122976.0
-1630	123094.0	123996.0
-1629	123340.0	123002.0
-1628	123187.0	123650.0
-1627	122961.0	122848.0
-1626	123154.0	122869.0
-1625	123249.0	123343.0
-1624	123405.0	123289.0
-1623	123458.0	123428.0
-1622	123890.0	123301.0
-1621	123329.0	123427.0
-1620	123728.0	123537.0
-1619	123418.0	123180.0
-1618	123382.0	122850.0
-1617	123755.0	123310.0
-1616	123425.0	123070.0
-1615	123423.0	122765.0
-1614	123184.0	122881.0
-1613	123663.0	123339.0
-1612	124034.0	123426.0
-1611	123790.0	122950.0
-1610	123648.0	123665.0
-1609	123063.0	123420.0
-1608	123151.0	123682.0
-1607	123002.0	123173.0
-1606	123859.0	123397.0
-1605	123675.0	123602.0
-1604	123667.0	122875.0
-1603	123349.0	123353.0
-1602	123491.0	122913.0
-1601	123516.0	123132.0
-1600	123926.0	123356.0
-1599	123483.0	123432.0
-1598	123255.0	124144.0
-1597	122924.0	124015.0
-1596	123499.0	123494.0
-1595	124045.0	122915.0
-1594	123381.0	123093.0
-1593	123766.0	123246.0
-1592	123357.0	122224.0
-1591	123934.0	122977.0
-1590	123981.0	123181.0
-1589	123732.0	123594.0
-1588	123820.0	123265.0
-1587	123444.0	123416.0
-1586	123782.0	123412.0
-1585	123960.0	123019.0
-1584	123626.0	123540.0
-1583	123372.0	123299.0
-1582	124011.0	123780.0
-1581	123757.0	123194.0
-1580	123739.0	123496.0
-1579	123440.0	124107.0
-1578	123707.0	123283.0
-1577	123130.0	123820.0
-1576	123449.0	123145.0
-1575	123725.0	124414.0
-1574	123531.0	123560.0
-1573	123839.0	122981.0
-1572	123317.0	123462.0
-1571	123140.0	123230.0
-1570	122778.0	124016.0
-1569	123503.0	124126.0
-1568	124022.0	123616.0
-1567	123425.0	123591.0
-1566	122892.0	123695.0
-1565	123800.0	123265.0
-1564	124028.0	123466.0
-1563	123694.0	122962.0
-1562	123405.0	123306.0
-1561	123127.0	123930.0
-1560	123725.0	124090.0
-1559	123490.0	123554.0
-1558	123825.0	123366.0
-1557	123126.0	123793.0
-1556	123598.0	123479.0
-1555	123298.0	124496.0
-1554	123514.0	123377.0
-1553	123818.0	123320.0
-1552	124046.0	123848.0
-1551	123472.0	123618.0
-1550	123458.0	123223.0
-1549	123780.0	124047.0
-1548	123691.0	123675.0
-1547	123467.0	123719.0
-1546	123494.0	123397.0
-1545	123373.0	123324.0
-1544	123419.0	123406.0
-1543	123537.0	123391.0
-1542	123896.0	123521.0
-1541	123936.0	123790.0
-1540	123634.0	123477.0
-1539	123375.0	124283.0
-1538	123919.0	123240.0
-1537	123801.0	123445.0
-1536	123962.0	123372.0
-1535	123988.0	122840.0
-1534	123669.0	123328.0
-1533	124164.0	123709.0
-1532	124513.0	123472.0
-1531	123385.0	123056.0
-1530	124027.0	123444.0
-1529	123368.0	123988.0
-1528	123886.0	123545.0
-1527	124226.0	123214.0
-1526	124018.0	123395.0
-1525	123787.0	123483.0
-1524	124756.0	123663.0
-1523	123755.0	123254.0
-1522	124054.0	123158.0
-1521	123804.0	123445.0
-1520	123966.0	123292.0
-1519	123806.0	122299.0
-1518	123979.0	123154.0
-1517	124082.0	123603.0
-1516	124436.0	123581.0
-1515	123892.0	123302.0
-1514	124003.0	123330.0
-1513	123831.0	123416.0
-1512	123437.0	123667.0
-1511	123592.0	123208.0
-1510	123287.0	123595.0
-1509	123700.0	123558.0
-1508	124251.0	123408.0
-1507	124225.0	123677.0
-1506	124489.0	122884.0
-1505	123670.0	123761.0
-1504	123670.0	123221.0
-1503	123483.0	123667.0
-1502	124028.0	123315.0
-1501	124294.0	122862.0
-1500	123876.0	123061.0
-1499	123898.0	123418.0
-1498	123825.0	123161.0
-1497	124382.0	123672.0
-1496	124076.0	122424.0
-1495	123989.0	123060.0
-1494	123744.0	124109.0
-1493	123631.0	123370.0
-1492	124457.0	123181.0
-1491	124826.0	123155.0
-1490	123916.0	122962.0
-1489	123620.0	122685.0
-1488	123938.0	123249.0
-1487	123737.0	123254.0
-1486	123788.0	123301.0
-1485	124439.0	123756.0
-1484	123886.0	123193.0
-1483	124054.0	123185.0
-1482	124648.0	123238.0
-1481	124487.0	123678.0
-1480	123766.0	123556.0
-1479	123606.0	123456.0
-1478	124830.0	123154.0
-1477	123924.0	123711.0
-1476	124176.0	123434.0
-1475	123867.0	123183.0
-1474	124199.0	123338.0
-1473	124121.0	123321.0
-1472	123999.0	123557.0
-1471	124227.0	123399.0
-1470	124220.0	123395.0
-1469	123784.0	123452.0
-1468	124214.0	123522.0
-1467	124437.0	123218.0
-1466	123833.0	123606.0
-1465	123754.0	123584.0
-1464	123923.0	123688.0
-1463	123859.0	123269.0
-1462	124151.0	123470.0
-1461	123633.0	123462.0
-1460	123770.0	123092.0
-1459	123684.0	123581.0
-1458	124087.0	123525.0
-1457	123918.0	122880.0
-1456	124198.0	123682.0
-1455	123760.0	123443.0
-1454	123664.0	122576.0
-1453	124019.0	123210.0
-1452	123665.0	123153.0
-1451	123530.0	123458.0
-1450	123524.0	123197.0
-1449	123770.0	123017.0
-1448	123991.0	122818.0
-1447	123128.0	123330.0
-1446	123539.0	123930.0
-1445	123001.0	123330.0
-1444	122826.0	123741.0
-1443	123727.0	123544.0
-1442	123661.0	123443.0
-1441	123573.0	124027.0
-1440	124306.0	124179.0
-1439	123208.0	123521.0
-1438	123857.0	123318.0
-1437	123775.0	123751.0
-1436	123774.0	123721.0
-1435	123032.0	123762.0
-1434	122924.0	124025.0
-1433	123613.0	123789.0
-1432	123519.0	123165.0
-1431	123954.0	123592.0
-1430	124265.0	123626.0
-1429	123882.0	123868.0
-1428	123287.0	123779.0
-1427	124186.0	123528.0
-1426	123419.0	123759.0
-1425	123877.0	124201.0
-1424	123608.0	123528.0
-1423	123568.0	124102.0
-1422	123800.0	123368.0
-1421	123932.0	123297.0
-1420	123388.0	123541.0
-1419	123050.0	124116.0
-1418	122736.0	123415.0
-1417	123430.0	124077.0
-1416	123961.0	123973.0
-1415	123492.0	123369.0
-1414	123358.0	123453.0
-1413	124145.0	123769.0
-1412	124134.0	123422.0
-1411	123110.0	123558.0
-1410	123814.0	123428.0
-1409	124102.0	123011.0
-1408	123492.0	123479.0
-1407	123707.0	123885.0
-1406	123830.0	123467.0
-1405	124167.0	123874.0
-1404	124291.0	124187.0
-1403	123587.0	123520.0
-1402	123673.0	123900.0
-1401	124005.0	123244.0
-1400	123743.0	123505.0
-1399	124001.0	123817.0
-1398	123635.0	124119.0
-1397	123436.0	124264.0
-1396	124077.0	124334.0
-1395	123378.0	123511.0
-1394	124208.0	123534.0
-1393	123952.0	123863.0
-1392	123683.0	124302.0
-1391	123511.0	123552.0
-1390	124139.0	123503.0
-1389	124178.0	123889.0
-1388	124052.0	123518.0
-1387	123662.0	124135.0
-1386	124293.0	123479.0
-1385	123460.0	123627.0
-1384	124613.0	124212.0
-1383	123713.0	123875.0
-1382	123498.0	123921.0
-1381	123701.0	123449.0
-1380	123556.0	123460.0
-1379	123783.0	123986.0
-1378	123917.0	123417.0
-1377	124277.0	124160.0
-1376	124533.0	123164.0
-1375	124587.0	123751.0
-1374	123477.0	124069.0
-1373	123226.0	123738.0
-1372	123564.0	123491.0
-1371	124227.0	123990.0
-1370	124041.0	123491.0
-1369	123532.0	123316.0
-1368	124437.0	124012.0
-1367	124091.0	123645.0
-1366	124468.0	123919.0
-1365	123752.0	123645.0
-1364	123804.0	123269.0
-1363	124449.0	123817.0
-1362	124134.0	123807.0
-1361	123753.0	124370.0
-1360	123524.0	123946.0
-1359	123426.0	124375.0
-1358	124149.0	124011.0
-1357	123782.0	124360.0
-1356	123412.0	123899.0
-1355	124270.0	123805.0
-1354	123753.0	123617.0
-1353	124009.0	123802.0
-1352	123978.0	124044.0
-1351	124051.0	124310.0
-1350	123805.0	123885.0
-1349	124368.0	124066.0
-1348	124209.0	123981.0
-1347	124866.0	123898.0
-1346	124278.0	123875.0
-1345	123724.0	123934.0
-1344	123719.0	123895.0
-1343	124754.0	123256.0
-1342	123581.0	123565.0
-1341	123905.0	123659.0
-1340	123628.0	123626.0
-1339	124229.0	124448.0
-1338	124181.0	123398.0
-1337	123678.0	123758.0
-1336	123806.0	123588.0
-1335	124157.0	123550.0
-1334	123915.0	123841.0
-1333	124020.0	123465.0
-1332	124085.0	123841.0
-1331	124751.0	123410.0
-1330	123926.0	124156.0
-1329	124411.0	123485.0
-1328	123943.0	123530.0
-1327	124300.0	124073.0
-1326	124496.0	124001.0
-1325	124355.0	123755.0
-1324	123928.0	123853.0
-1323	124198.0	123056.0
-1322	124465.0	123778.0
-1321	124546.0	123796.0
-1320	124934.0	123691.0
-1319	124311.0	123790.0
-1318	124081.0	123799.0
-1317	124466.0	123974.0
-1316	124208.0	123760.0
-1315	124223.0	123604.0
-1314	123985.0	123423.0
-1313	124302.0	123075.0
-1312	124150.0	123427.0
-1311	124238.0	123617.0
-1310	124349.0	123013.0
-1309	124297.0	123263.0
-1308	124724.0	123759.0
-1307	124157.0	123250.0
-1306	124314.0	123663.0
-1305	124425.0	123076.0
-1304	123922.0	123418.0
-1303	123804.0	123974.0
-1302	123941.0	123571.0
-1301	123942.0	123265.0
-1300	124774.0	123364.0
-1299	124123.0	123110.0
-1298	123520.0	122833.0
-1297	123626.0	123737.0
-1296	124120.0	123823.0
-1295	124442.0	123303.0
-1294	124262.0	124053.0
-1293	124687.0	124068.0
-1292	124265.0	122919.0
-1291	123816.0	123383.0
-1290	125047.0	123525.0
-1289	124351.0	122987.0
-1288	123790.0	123730.0
-1287	124202.0	123769.0
-1286	124035.0	122978.0
-1285	124310.0	123417.0
-1284	124372.0	123626.0
-1283	123667.0	123358.0
-1282	124272.0	123088.0
-1281	124385.0	123204.0
-1280	123412.0	123141.0
-1279	123982.0	123476.0
-1278	124488.0	123344.0
-1277	123710.0	123575.0
-1276	124399.0	124101.0
-1275	123839.0	123279.0
-1274	123654.0	123759.0
-1273	123900.0	123527.0
-1272	124241.0	123701.0
-1271	123746.0	122997.0
-1270	123319.0	123346.0
-1269	124294.0	123699.0
-1268	123684.0	122986.0
-1267	123829.0	123684.0
-1266	124245.0	123668.0
-1265	123500.0	123094.0
-1264	123549.0	123280.0
-1263	124376.0	123311.0
-1262	123851.0	122943.0
-1261	123685.0	123891.0
-1260	123888.0	123774.0
-1259	123480.0	124089.0
-1258	123876.0	123701.0
-1257	124135.0	124105.0
-1256	123328.0	123173.0
-1255	123701.0	123903.0
-1254	123280.0	122994.0
-1253	123754.0	124001.0
-1252	123358.0	123226.0
-1251	124284.0	123400.0
-1250	124013.0	123720.0
-1249	124143.0	124322.0
-1248	124202.0	123596.0
-1247	124228.0	124299.0
-1246	123677.0	124114.0
-1245	123291.0	123477.0
-1244	123657.0	123205.0
-1243	124011.0	123606.0
-1242	123536.0	123329.0
-1241	124157.0	123883.0
-1240	124274.0	123833.0
-1239	124617.0	123732.0
-1238	123336.0	123462.0
-1237	123669.0	124446.0
-1236	123946.0	124087.0
-1235	123657.0	123543.0
-1234	123932.0	123688.0
-1233	123472.0	124167.0
-1232	123092.0	123772.0
-1231	124182.0	124614.0
-1230	124316.0	124654.0
-1229	123976.0	124173.0
-1228	124439.0	123716.0
-1227	124292.0	123883.0
-1226	124267.0	123711.0
-1225	123612.0	124349.0
-1224	124136.0	123896.0
-1223	123637.0	123765.0
-1222	124043.0	123984.0
-1221	123942.0	123838.0
-1220	123419.0	124194.0
-1219	123702.0	124351.0
-1218	124000.0	123826.0
-1217	123869.0	124309.0
-1216	124509.0	123850.0
-1215	123940.0	124103.0
-1214	123690.0	124067.0
-1213	123655.0	123884.0
-1212	124582.0	124101.0
-1211	123778.0	123986.0
-1210	124030.0	124356.0
-1209	123787.0	124710.0
-1208	123626.0	124185.0
-1207	124412.0	124579.0
-1206	124305.0	123703.0
-1205	124004.0	123973.0
-1204	123673.0	124289.0
-1203	123443.0	124437.0
-1202	124081.0	124325.0
-1201	123984.0	124432.0
-1200	124013.0	124566.0
-1199	124300.0	123823.0
-1198	123742.0	123735.0
-1197	124510.0	124133.0
-1196	123828.0	124288.0
-1195	123437.0	124614.0
-1194	123539.0	124390.0
-1193	124565.0	124069.0
-1192	123749.0	124331.0
-1191	124516.0	123663.0
-1190	124461.0	124396.0
-1189	123663.0	124696.0
-1188	124443.0	124126.0
-1187	124613.0	124402.0
-1186	124368.0	123600.0
-1185	124429.0	124411.0
-1184	123740.0	123750.0
-1183	124218.0	124256.0
-1182	124167.0	124392.0
-1181	123524.0	124308.0
-1180	124788.0	124069.0
-1179	123950.0	123896.0
-1178	123817.0	124268.0
-1177	124401.0	124489.0
-1176	124537.0	124333.0
-1175	124614.0	124002.0
-1174	124305.0	123448.0
-1173	124469.0	124213.0
-1172	124568.0	124538.0
-1171	124675.0	124497.0
-1170	124703.0	124032.0
-1169	124434.0	123795.0
-1168	124972.0	124442.0
-1167	124432.0	124590.0
-1166	124915.0	124745.0
-1165	123991.0	123947.0
-1164	124364.0	123627.0
-1163	124699.0	123493.0
-1162	124491.0	124165.0
-1161	124290.0	124251.0
-1160	124515.0	123745.0
-1159	124998.0	124310.0
-1158	124366.0	124462.0
-1157	124485.0	124010.0
-1156	124919.0	123927.0
-1155	124935.0	124330.0
-1154	124752.0	124094.0
-1153	124867.0	124087.0
-1152	124559.0	124049.0
-1151	124585.0	124051.0
-1150	125032.0	124350.0
-1149	124519.0	123626.0
-1148	124103.0	123552.0
-1147	124979.0	123993.0
-1146	125084.0	124219.0
-1145	124891.0	123603.0
-1144	124304.0	123918.0
-1143	124480.0	123781.0
-1142	124435.0	123598.0
-1141	124637.0	124323.0
-1140	124755.0	123982.0
-1139	124889.0	123863.0
-1138	124806.0	123688.0
-1137	125129.0	123542.0
-1136	124002.0	123886.0
-1135	124635.0	124338.0
-1134	124916.0	123945.0
-1133	124508.0	123834.0
-1132	125111.0	123773.0
-1131	124475.0	123950.0
-1130	124373.0	123962.0
-1129	124840.0	124289.0
-1128	124980.0	124172.0
-1127	124788.0	123580.0
-1126	124169.0	124405.0
-1125	125113.0	124016.0
-1124	125409.0	123699.0
-1123	125213.0	123842.0
-1122	124782.0	124666.0
-1121	124854.0	123394.0
-1120	124561.0	123912.0
-1119	124527.0	124525.0
-1118	124477.0	123890.0
-1117	125428.0	124351.0
-1116	125070.0	123529.0
-1115	124678.0	124118.0
-1114	124518.0	124390.0
-1113	125166.0	124222.0
-1112	124499.0	123793.0
-1111	124582.0	124075.0
-1110	124715.0	124322.0
-1109	125182.0	123682.0
-1108	124797.0	123588.0
-1107	124563.0	123782.0
-1106	124530.0	123536.0
-1105	124502.0	124241.0
-1104	124073.0	124045.0
-1103	124373.0	124279.0
-1102	124150.0	124012.0
-1101	125092.0	123381.0
-1100	124355.0	124016.0
-1099	125186.0	123791.0
-1098	124876.0	123189.0
-1097	124435.0	123756.0
-1096	124240.0	123824.0
-1095	125263.0	123658.0
-1094	124735.0	124028.0
-1093	124486.0	123488.0
-1092	124493.0	123334.0
-1091	124194.0	123916.0
-1090	124185.0	123928.0
-1089	124755.0	123571.0
-1088	124713.0	124551.0
-1087	124856.0	123820.0
-1086	124928.0	124496.0
-1085	124062.0	123393.0
-1084	123408.0	124500.0
-1083	124179.0	124169.0
-1082	124654.0	124166.0
-1081	124718.0	123613.0
-1080	124377.0	123917.0
-1079	124357.0	123733.0
-1078	124538.0	123617.0
-1077	124858.0	123455.0
-1076	124468.0	123844.0
-1075	123500.0	123912.0
-1074	125050.0	123435.0
-1073	124611.0	123871.0
-1072	124042.0	123962.0
-1071	124030.0	124408.0
-1070	124143.0	124321.0
-1069	124903.0	123487.0
-1068	124335.0	124366.0
-1067	123902.0	123330.0
-1066	124682.0	123739.0
-1065	124730.0	123407.0
-1064	124364.0	124061.0
-1063	124508.0	124565.0
-1062	124425.0	124204.0
-1061	124463.0	123717.0
-1060	124205.0	124412.0
-1059	124575.0	124783.0
-1058	124320.0	124150.0
-1057	124601.0	124413.0
-1056	124792.0	124632.0
-1055	124389.0	124038.0
-1054	124062.0	124029.0
-1053	124321.0	124971.0
-1052	124432.0	123747.0
-1051	124537.0	124094.0
-1050	124921.0	124109.0
-1049	124716.0	123689.0
-1048	124636.0	124330.0
-1047	124266.0	124682.0
-1046	123912.0	124257.0
-1045	124380.0	124714.0
-1044	124684.0	124103.0
-1043	124402.0	124385.0
-1042	123995.0	124149.0
-1041	124516.0	123817.0
-1040	124270.0	124537.0
-1039	124330.0	124185.0
-1038	124673.0	125080.0
-1037	124687.0	124267.0
-1036	123872.0	124372.0
-1035	124148.0	124675.0
-1034	124103.0	124321.0
-1033	124273.0	124455.0
-1032	123548.0	124771.0
-1031	124176.0	124250.0
-1030	124033.0	124683.0
-1029	123941.0	124159.0
-1028	124020.0	123889.0
-1027	124167.0	124439.0
-1026	124071.0	124669.0
-1025	124095.0	124323.0
-1024	123783.0	124729.0
-1023	124031.0	125385.0
-1022	124175.0	123995.0
-1021	123469.0	124431.0
-1020	124595.0	125012.0
-1019	124557.0	124095.0
-1018	124223.0	124108.0
-1017	124301.0	124328.0
-1016	124784.0	124241.0
-1015	124540.0	124728.0
-1014	124272.0	124818.0
-1013	124386.0	124416.0
-1012	124395.0	125324.0
-1011	125061.0	125482.0
-1010	125115.0	123859.0
-1009	124334.0	124607.0
-1008	124290.0	124591.0
-1007	124481.0	124588.0
-1006	124598.0	124981.0
-1005	124097.0	125587.0
-1004	124991.0	124477.0
-1003	124343.0	124390.0
-1002	124769.0	124815.0
-1001	124728.0	125329.0
-1000	124043.0	125297.0
-999	124877.0	124635.0
-998	124647.0	124633.0
-997	124279.0	124605.0
-996	125005.0	125146.0
-995	124885.0	123960.0
-994	124361.0	125196.0
-993	125206.0	124380.0
-992	125040.0	124587.0
-991	124896.0	124821.0
-990	124895.0	124830.0
-989	124724.0	124173.0
-988	124489.0	124669.0
-987	125129.0	124591.0
-986	124378.0	124285.0
-985	124681.0	124921.0
-984	124800.0	124582.0
-983	125059.0	124448.0
-982	124727.0	124719.0
-981	124966.0	124626.0
-980	125307.0	124127.0
-979	124971.0	124521.0
-978	125565.0	124486.0
-977	124534.0	124637.0
-976	124691.0	124226.0
-975	125050.0	124940.0
-974	124652.0	124907.0
-973	124806.0	124311.0
-972	124937.0	124819.0
-971	125129.0	124674.0
-970	125146.0	124861.0
-969	125409.0	123794.0
-968	124909.0	124180.0
-967	124759.0	124903.0
-966	125535.0	125126.0
-965	124894.0	124190.0
-964	124773.0	125114.0
-963	124999.0	124423.0
-962	125695.0	124583.0
-961	125294.0	124774.0
-960	125505.0	124866.0
-959	124770.0	124470.0
-958	124727.0	124946.0
-957	124716.0	124629.0
-956	125010.0	124303.0
-955	125058.0	124599.0
-954	125369.0	124907.0
-953	125164.0	124586.0
-952	125314.0	124300.0
-951	125262.0	124357.0
-950	124606.0	124200.0
-949	125436.0	124830.0
-948	125319.0	124617.0
-947	125132.0	124146.0
-946	124824.0	124058.0
-945	124612.0	124746.0
-944	125202.0	124283.0
-943	125015.0	124945.0
-942	124957.0	124711.0
-941	125040.0	124318.0
-940	124749.0	124235.0
-939	124676.0	124915.0
-938	124964.0	124439.0
-937	125131.0	124424.0
-936	125636.0	124217.0
-935	125100.0	124141.0
-934	125212.0	124272.0
-933	125959.0	124685.0
-932	125090.0	124512.0
-931	125213.0	124151.0
-930	125604.0	123814.0
-929	125099.0	124230.0
-928	125054.0	124265.0
-927	125717.0	124711.0
-926	125751.0	124385.0
-925	125427.0	123785.0
-924	125937.0	124040.0
-923	125568.0	123591.0
-922	125215.0	124252.0
-921	126267.0	124380.0
-920	125798.0	123868.0
-919	125146.0	124531.0
-918	125618.0	123400.0
-917	125646.0	124404.0
-916	124717.0	124104.0
-915	125320.0	124723.0
-914	124786.0	124348.0
-913	125085.0	124652.0
-912	125702.0	123894.0
-911	125501.0	124318.0
-910	125146.0	124918.0
-909	125612.0	124322.0
-908	125361.0	123729.0
-907	124924.0	124243.0
-906	125638.0	124605.0
-905	124802.0	124395.0
-904	124680.0	123918.0
-903	125350.0	124904.0
-902	124732.0	124216.0
-901	124728.0	124890.0
-900	125614.0	123972.0
-899	124972.0	123888.0
-898	124741.0	124750.0
-897	125808.0	124912.0
-896	125306.0	124050.0
-895	125785.0	124671.0
-894	125594.0	124302.0
-893	125016.0	123743.0
-892	125414.0	124227.0
-891	125576.0	124577.0
-890	124333.0	124146.0
-889	125323.0	124741.0
-888	125209.0	124093.0
-887	124418.0	123806.0
-886	125374.0	124814.0
-885	125085.0	124259.0
-884	124673.0	123717.0
-883	125085.0	124491.0
-882	125757.0	123971.0
-881	125004.0	123896.0
-880	124880.0	123604.0
-879	125224.0	123788.0
-878	125250.0	124467.0
-877	124813.0	124166.0
-876	125182.0	124305.0
-875	124915.0	124215.0
-874	124786.0	124515.0
-873	124757.0	123942.0
-872	124887.0	124131.0
-871	124535.0	124189.0
-870	125217.0	124618.0
-869	124649.0	124423.0
-868	124381.0	123842.0
-867	124701.0	125266.0
-866	124393.0	124369.0
-865	124455.0	124950.0
-864	124877.0	124675.0
-863	124825.0	124617.0
-862	124605.0	124578.0
-861	124699.0	125303.0
-860	124831.0	124513.0
-859	124644.0	125132.0
-858	125045.0	124816.0
-857	124312.0	124193.0
-856	125100.0	125340.0
-855	125435.0	125119.0
-854	124722.0	124396.0
-853	124403.0	124603.0
-852	124818.0	124648.0
-851	124595.0	124189.0
-850	124272.0	123963.0
-849	124727.0	124982.0
-848	123933.0	124779.0
-847	124489.0	124963.0
-846	124790.0	124610.0
-845	123775.0	124799.0
-844	124044.0	124838.0
-843	124709.0	124889.0
-842	124508.0	124947.0
-841	124303.0	124799.0
-840	125059.0	124220.0
-839	124689.0	124537.0
-838	124594.0	124236.0
-837	124676.0	124536.0
-836	124229.0	124671.0
-835	124175.0	125668.0
-834	125302.0	125286.0
-833	124582.0	125121.0
-832	124348.0	125013.0
-831	124035.0	125246.0
-830	124004.0	125350.0
-829	124737.0	125078.0
-828	125286.0	124921.0
-827	124279.0	124988.0
-826	124495.0	125338.0
-825	125097.0	124882.0
-824	124613.0	125034.0
-823	124653.0	125096.0
-822	124601.0	125394.0
-821	124301.0	124624.0
-820	124392.0	125139.0
-819	124672.0	125559.0
-818	123908.0	124520.0
-817	124555.0	125345.0
-816	124622.0	125371.0
-815	123851.0	124527.0
-814	124211.0	125653.0
-813	124705.0	124916.0
-812	124266.0	124732.0
-811	124333.0	125938.0
-810	125361.0	125587.0
-809	123980.0	124800.0
-808	125545.0	125588.0
-807	125254.0	125262.0
-806	124588.0	125474.0
-805	124488.0	124922.0
-804	125240.0	124911.0
-803	124568.0	124241.0
-802	124274.0	125133.0
-801	125008.0	125149.0
-800	124659.0	125053.0
-799	124755.0	125361.0
-798	125108.0	125311.0
-797	125451.0	125366.0
-796	124585.0	124999.0
-795	125286.0	125403.0
-794	124520.0	125115.0
-793	124449.0	125799.0
-792	125526.0	125106.0
-791	124694.0	125106.0
-790	125157.0	124945.0
-789	125702.0	125270.0
-788	125140.0	124704.0
-787	124908.0	125179.0
-786	125246.0	125070.0
-785	124812.0	124958.0
-784	125227.0	125545.0
-783	125301.0	125141.0
-782	125007.0	124782.0
-781	125068.0	124788.0
-780	125903.0	125611.0
-779	125058.0	125043.0
-778	125386.0	125500.0
-777	125423.0	125394.0
-776	125939.0	124591.0
-775	124760.0	124965.0
-774	125806.0	125250.0
-773	125981.0	124665.0
-772	124756.0	125383.0
-771	126041.0	125582.0
-770	125981.0	125560.0
-769	125333.0	125284.0
-768	125755.0	125164.0
-767	126664.0	124842.0
-766	125411.0	124610.0
-765	126035.0	124994.0
-764	125535.0	125067.0
-763	125908.0	125339.0
-762	125898.0	124962.0
-761	125876.0	125884.0
-760	125381.0	125640.0
-759	126118.0	125705.0
-758	126153.0	124952.0
-757	125816.0	125043.0
-756	125951.0	124868.0
-755	125499.0	125126.0
-754	126453.0	125729.0
-753	126749.0	125282.0
-752	125836.0	124589.0
-751	126435.0	124870.0
-750	126545.0	124955.0
-749	126603.0	124311.0
-748	125853.0	125147.0
-747	126138.0	125027.0
-746	125895.0	124529.0
-745	125478.0	124875.0
-744	126028.0	125249.0
-743	126155.0	124455.0
-742	126158.0	125388.0
-741	126283.0	125345.0
-740	125819.0	124580.0
-739	125864.0	124775.0
-738	126232.0	124731.0
-737	126312.0	123931.0
-736	126070.0	125121.0
-735	126514.0	124806.0
-734	126470.0	123760.0
-733	126407.0	124693.0
-732	126337.0	124697.0
-731	126223.0	124894.0
-730	125999.0	125145.0
-729	126213.0	125059.0
-728	126003.0	124289.0
-727	126869.0	124590.0
-726	126388.0	124278.0
-725	126257.0	124501.0
-724	126121.0	125090.0
-723	126242.0	124089.0
-722	126587.0	124090.0
-721	126412.0	124510.0
-720	126004.0	124472.0
-719	126171.0	124680.0
-718	126288.0	125136.0
-717	126299.0	124428.0
-716	125908.0	124217.0
-715	125901.0	124622.0
-714	126885.0	124684.0
-713	126070.0	124345.0
-712	126207.0	124600.0
-711	126531.0	125011.0
-710	126600.0	124741.0
-709	125881.0	124737.0
-708	126121.0	124849.0
-707	126443.0	123703.0
-706	126115.0	124156.0
-705	126338.0	124304.0
-704	125411.0	123751.0
-703	125716.0	123976.0
-702	126068.0	124905.0
-701	125845.0	124338.0
-700	125478.0	124322.0
-699	125747.0	124679.0
-698	124798.0	124406.0
-697	125033.0	124252.0
-696	126018.0	124699.0
-695	125629.0	124616.0
-694	125150.0	124871.0
-693	125704.0	124605.0
-692	125621.0	124209.0
-691	124929.0	123770.0
-690	126294.0	123801.0
-689	125432.0	124111.0
-688	125219.0	124325.0
-687	125271.0	124596.0
-686	124682.0	124376.0
-685	125155.0	124361.0
-684	125462.0	124673.0
-683	125349.0	124404.0
-682	124919.0	124591.0
-681	125530.0	124491.0
-680	124896.0	124672.0
-679	125151.0	124364.0
-678	125053.0	124755.0
-677	125633.0	123552.0
-676	125009.0	125313.0
-675	125445.0	125228.0
-674	124424.0	123902.0
-673	124976.0	124673.0
-672	124968.0	124915.0
-671	124424.0	124121.0
-670	124830.0	125240.0
-669	125256.0	124502.0
-668	124557.0	124231.0
-667	124583.0	124914.0
-666	124669.0	124516.0
-665	124606.0	124780.0
-664	123969.0	124717.0
-663	124986.0	124483.0
-662	124500.0	124461.0
-661	124522.0	124908.0
-660	125329.0	125135.0
-659	124289.0	124545.0
-658	123689.0	125657.0
-657	125122.0	125149.0
-656	124174.0	124542.0
-655	124353.0	125067.0
-654	124086.0	124893.0
-653	123984.0	124149.0
-652	124408.0	125288.0
-651	124921.0	125490.0
-650	124376.0	124718.0
-649	124400.0	125437.0
-648	124392.0	125107.0
-647	123928.0	124220.0
-646	124287.0	125653.0
-645	125185.0	125068.0
-644	124189.0	125239.0
-643	123763.0	125805.0
-642	124743.0	125463.0
-641	123788.0	125021.0
-640	124071.0	125028.0
-639	124052.0	125148.0
-638	123690.0	124607.0
-637	124476.0	125667.0
-636	124470.0	125525.0
-635	124183.0	125501.0
-634	124084.0	125959.0
-633	124456.0	125203.0
-632	124014.0	125744.0
-631	123530.0	126527.0
-630	124420.0	125487.0
-629	124273.0	124650.0
-628	124107.0	126288.0
-627	124688.0	126129.0
-626	123922.0	125497.0
-625	123609.0	125730.0
-624	124606.0	125865.0
-623	124637.0	125509.0
-622	124059.0	126242.0
-621	125070.0	125366.0
-620	124506.0	125146.0
-619	124215.0	125211.0
-618	124752.0	126413.0
-617	124625.0	126186.0
-616	124293.0	126624.0
-615	124698.0	126344.0
-614	125079.0	125669.0
-613	124847.0	126781.0
-612	124933.0	125992.0
-611	124311.0	125795.0
-610	124598.0	126631.0
-609	125362.0	126453.0
-608	125261.0	126172.0
-607	125136.0	126313.0
-606	125722.0	126157.0
-605	124731.0	125574.0
-604	124821.0	126251.0
-603	125290.0	126004.0
-602	125137.0	126128.0
-601	124993.0	126341.0
-600	125365.0	126468.0
-599	125420.0	126111.0
-598	124901.0	126310.0
-597	125407.0	126885.0
-596	125631.0	125922.0
-595	125360.0	126802.0
-594	125602.0	126624.0
-593	125959.0	125968.0
-592	125857.0	126996.0
-591	126809.0	126724.0
-590	126253.0	126195.0
-589	125745.0	126898.0
-588	126490.0	126244.0
-587	126194.0	125731.0
-586	126517.0	126465.0
-585	126937.0	126169.0
-584	126079.0	125904.0
-583	125750.0	126344.0
-582	126594.0	126418.0
-581	126752.0	125769.0
-580	126641.0	126474.0
-579	127224.0	125721.0
-578	126570.0	125864.0
-577	126784.0	125997.0
-576	127149.0	126232.0
-575	127009.0	125639.0
-574	127270.0	126716.0
-573	127365.0	126213.0
-572	126832.0	125531.0
-571	126923.0	126227.0
-570	127322.0	126467.0
-569	126665.0	126506.0
-568	127255.0	125923.0
-567	127222.0	125915.0
-566	126715.0	125520.0
-565	126752.0	126353.0
-564	127823.0	126379.0
-563	127767.0	125786.0
-562	127193.0	126290.0
-561	127789.0	126237.0
-560	128160.0	125145.0
-559	127618.0	125892.0
-558	127948.0	125057.0
-557	127503.0	124952.0
-556	127490.0	125734.0
-555	127852.0	125169.0
-554	127101.0	125506.0
-553	127249.0	125441.0
-552	127745.0	125177.0
-551	127016.0	124804.0
-550	127643.0	125037.0
-549	128174.0	125580.0
-548	127866.0	124649.0
-547	127600.0	125552.0
-546	128541.0	124954.0
-545	128169.0	125011.0
-544	127563.0	125319.0
-543	128108.0	125248.0
-542	127336.0	124398.0
-541	127685.0	125565.0
-540	127934.0	125573.0
-539	127726.0	124168.0
-538	127117.0	124875.0
-537	127512.0	125677.0
-536	126866.0	124328.0
-535	127100.0	125596.0
-534	127419.0	124803.0
-533	127788.0	124680.0
-532	127260.0	124656.0
-531	128056.0	125170.0
-530	126994.0	124624.0
-529	127646.0	124679.0
-528	127933.0	124635.0
-527	127406.0	123623.0
-526	126818.0	124595.0
-525	127441.0	124981.0
-524	127426.0	124470.0
-523	126898.0	124714.0
-522	127263.0	124910.0
-521	126964.0	123866.0
-520	126196.0	124070.0
-519	127081.0	123912.0
-518	126764.0	123865.0
-517	127227.0	124435.0
-516	127410.0	124366.0
-515	126682.0	124324.0
-514	125866.0	124537.0
-513	127628.0	124231.0
-512	126300.0	123533.0
-511	125965.0	124478.0
-510	127605.0	124610.0
-509	126084.0	123819.0
-508	125909.0	124313.0
-507	126716.0	124273.0
-506	126214.0	123701.0
-505	126158.0	123939.0
-504	126920.0	123923.0
-503	125668.0	122803.0
-502	126617.0	124554.0
-501	126306.0	124099.0
-500	125658.0	123131.0
-499	124968.0	124375.0
-498	125909.0	124573.0
-497	125652.0	123778.0
-496	125560.0	124052.0
-495	126371.0	123392.0
-494	125627.0	123011.0
-493	125407.0	123977.0
-492	125467.0	125276.0
-491	125110.0	124448.0
-490	125434.0	124580.0
-489	125663.0	124215.0
-488	124985.0	124436.0
-487	125095.0	124678.0
-486	125513.0	124546.0
-485	124641.0	124429.0
-484	124355.0	124389.0
-483	124948.0	124187.0
-482	124015.0	124362.0
-481	124169.0	125569.0
-480	124591.0	124660.0
-479	124419.0	124191.0
-478	124369.0	124817.0
-477	124531.0	124911.0
-476	124403.0	124250.0
-475	124157.0	124702.0
-474	124485.0	124903.0
-473	124351.0	124119.0
-472	123415.0	124999.0
-471	124683.0	124892.0
-470	124175.0	124406.0
-469	123590.0	125266.0
-468	124662.0	125059.0
-467	123609.0	124248.0
-466	123854.0	125145.0
-465	124041.0	125648.0
-464	123365.0	124976.0
-463	124052.0	125051.0
-462	124389.0	125190.0
-461	123275.0	125124.0
-460	123814.0	125424.0
-459	123268.0	125625.0
-458	123332.0	125721.0
-457	123182.0	125857.0
-456	123654.0	125582.0
-455	123725.0	125043.0
-454	123478.0	126696.0
-453	123668.0	125752.0
-452	122963.0	125424.0
-451	123124.0	126103.0
-450	124215.0	125852.0
-449	123039.0	125853.0
-448	123491.0	126061.0
-447	123627.0	126606.0
-446	122987.0	125655.0
-445	123520.0	126675.0
-444	124298.0	127207.0
-443	123657.0	126067.0
-442	123364.0	126549.0
-441	124330.0	126425.0
-440	123303.0	126448.0
-439	123411.0	127146.0
-438	124651.0	127517.0
-437	123238.0	126304.0
-436	123669.0	127902.0
-435	124564.0	126921.0
-434	124024.0	126814.0
-433	124025.0	127335.0
-432	124439.0	127462.0
-431	124125.0	126455.0
-430	123713.0	127177.0
-429	124484.0	126757.0
-428	124571.0	126554.0
-427	124676.0	127508.0
-426	124639.0	128135.0
-425	124666.0	127114.0
-424	124923.0	127379.0
-423	125548.0	128126.0
-422	125322.0	127879.0
-421	124927.0	128077.0
-420	125705.0	128377.0
-419	125195.0	127604.0
-418	125242.0	128135.0
-417	125780.0	128142.0
-416	125166.0	126877.0
-415	125523.0	127984.0
-414	126446.0	127737.0
-413	125532.0	127991.0
-412	126158.0	128634.0
-411	126366.0	128667.0
-410	125262.0	127043.0
-409	126176.0	127857.0
-408	126680.0	128316.0
-407	125922.0	126970.0
-406	126401.0	128199.0
-405	127667.0	128026.0
-404	126801.0	127165.0
-403	126700.0	128185.0
-402	127872.0	128582.0
-401	127176.0	127520.0
-400	126888.0	128776.0
-399	128458.0	128623.0
-398	127085.0	127888.0
-397	127344.0	128509.0
-396	128442.0	127763.0
-395	128050.0	127380.0
-394	128360.0	127702.0
-393	128307.0	128811.0
-392	128407.0	127425.0
-391	128611.0	127449.0
-390	128796.0	127627.0
-389	128119.0	127126.0
-388	128986.0	127917.0
-387	129411.0	127771.0
-386	128500.0	126924.0
-385	129047.0	127992.0
-384	130547.0	127788.0
-383	128888.0	126729.0
-382	128646.0	127444.0
-381	129828.0	127384.0
-380	129232.0	126591.0
-379	128876.0	126429.0
-378	129928.0	127325.0
-377	129198.0	126607.0
-376	130315.0	126933.0
-375	130406.0	126464.0
-374	129555.0	126660.0
-373	129941.0	127089.0
-372	130585.0	126200.0
-371	129470.0	125946.0
-370	129605.0	126575.0
-369	130472.0	126543.0
-368	129468.0	125194.0
-367	129684.0	126741.0
-366	130439.0	126987.0
-365	129488.0	125666.0
-364	129598.0	126245.0
-363	130105.0	126114.0
-362	129570.0	125736.0
-361	129740.0	126136.0
-360	130113.0	126198.0
-359	129322.0	125074.0
-358	129364.0	126008.0
-357	130133.0	126132.0
-356	129397.0	124692.0
-355	129525.0	125690.0
-354	130546.0	125409.0
-353	128982.0	124722.0
-352	129697.0	124904.0
-351	130289.0	125174.0
-350	129292.0	124909.0
-349	129813.0	124906.0
-348	130464.0	124861.0
-347	129647.0	123413.0
-346	129649.0	124654.0
-345	130500.0	124551.0
-344	129204.0	124085.0
-343	128903.0	124530.0
-342	130138.0	124662.0
-341	128623.0	123018.0
-340	129435.0	124104.0
-339	129125.0	123930.0
-338	128014.0	123504.0
-337	127986.0	124367.0
-336	129560.0	124492.0
-335	128640.0	123689.0
-334	128723.0	124332.0
-333	128837.0	123753.0
-332	128128.0	122639.0
-331	127966.0	123926.0
-330	128345.0	124018.0
-329	127223.0	123050.0
-328	127734.0	123355.0
-327	127765.0	123971.0
-326	127091.0	123041.0
-325	127239.0	123115.0
-324	127736.0	123806.0
-323	126470.0	122677.0
-322	127113.0	123981.0
-321	127509.0	123952.0
-320	127312.0	123068.0
-319	127086.0	123016.0
-318	127032.0	123256.0
-317	126342.0	122904.0
-316	125804.0	124010.0
-315	126753.0	123935.0
-314	125445.0	123174.0
-313	125512.0	124268.0
-312	126693.0	124060.0
-311	125764.0	122852.0
-310	125886.0	123799.0
-309	125752.0	122859.0
-308	125512.0	122731.0
-307	124829.0	123917.0
-306	125214.0	124220.0
-305	124734.0	123127.0
-304	124033.0	124012.0
-303	124903.0	123750.0
-302	124169.0	123202.0
-301	123730.0	123666.0
-300	124810.0	124021.0
-299	123651.0	123314.0
-298	123784.0	124023.0
-297	124570.0	124025.0
-296	123875.0	123564.0
-295	123442.0	124553.0
-294	124350.0	124493.0
-293	124131.0	123962.0
-292	123658.0	124589.0
-291	124633.0	124582.0
-290	123189.0	123478.0
-289	123014.0	124938.0
-288	123891.0	125226.0
-287	122814.0	124038.0
-286	123179.0	124721.0
-285	124115.0	125794.0
-284	123444.0	124545.0
-283	123303.0	125088.0
-282	123404.0	125548.0
-281	122877.0	124842.0
-280	122544.0	125572.0
-279	124163.0	125774.0
-278	123112.0	125037.0
-277	122980.0	125931.0
-276	123243.0	126409.0
-275	122573.0	125802.0
-274	122400.0	127160.0
-273	123822.0	126411.0
-272	122166.0	126092.0
-271	121936.0	126587.0
-270	123213.0	126052.0
-269	122345.0	125942.0
-268	122045.0	126736.0
-267	123205.0	127286.0
-266	122469.0	126334.0
-265	122613.0	127584.0
-264	123444.0	127401.0
-263	122338.0	126553.0
-262	122948.0	127637.0
-261	123761.0	127652.0
-260	122882.0	127045.0
-259	123004.0	127931.0
-258	123869.0	128634.0
-257	122956.0	127746.0
-256	122491.0	129086.0
-255	123556.0	128759.0
-254	122772.0	127821.0
-253	123074.0	129338.0
-252	124409.0	128742.0
-251	123127.0	128322.0
-250	122879.0	129421.0
-249	123894.0	129663.0
-248	123655.0	128701.0
-247	123463.0	129586.0
-246	124906.0	130025.0
-245	124242.0	128807.0
-244	124099.0	129655.0
-243	124568.0	129994.0
-242	124171.0	129412.0
-241	124158.0	130559.0
-240	126055.0	130342.0
-239	124128.0	129235.0
-238	124378.0	130433.0
-237	125876.0	130476.0
-236	125139.0	129587.0
-235	125244.0	130955.0
-234	126288.0	131288.0
-233	125229.0	130288.0
-232	126154.0	130622.0
-231	127086.0	131026.0
-230	125859.0	129311.0
-229	126502.0	130681.0
-228	127354.0	130949.0
-227	126469.0	129820.0
-226	126433.0	130480.0
-225	128141.0	130453.0
-224	127266.0	130096.0
-223	127720.0	131179.0
-222	128366.0	131264.0
-221	127473.0	130272.0
-220	127177.0	131092.0
-219	129026.0	131254.0
-218	128620.0	129729.0
-217	128379.0	130914.0
-216	129360.0	130876.0
-215	128635.0	129622.0
-214	128901.0	130514.0
-213	130215.0	131580.0
-212	129949.0	129347.0
-211	129691.0	130809.0
-210	131216.0	131050.0
-209	130550.0	129166.0
-208	130558.0	130170.0
-207	131551.0	130456.0
-206	130193.0	129096.0
-205	130637.0	129959.0
-204	131701.0	130968.0
-203	131325.0	129036.0
-202	131461.0	130077.0
-201	133186.0	129429.0
-200	131706.0	128954.0
-199	132583.0	129480.0
-198	133151.0	129688.0
-197	131580.0	127832.0
-196	132425.0	129399.0
-195	133414.0	129389.0
-194	132624.0	127950.0
-193	132499.0	128593.0
-192	133853.0	129234.0
-191	133208.0	127313.0
-190	133385.0	128207.0
-189	135170.0	128303.0
-188	133271.0	126556.0
-187	133384.0	127673.0
-186	135079.0	127682.0
-185	133927.0	125964.0
-184	133953.0	127276.0
-183	133946.0	127196.0
-182	133406.0	126639.0
-181	133941.0	127220.0
-180	134605.0	127242.0
-179	133519.0	126152.0
-178	133944.0	127310.0
-177	134437.0	126015.0
-176	133428.0	125200.0
-175	133546.0	126472.0
-174	134333.0	126298.0
-173	132738.0	124321.0
-172	133686.0	125957.0
-171	134658.0	125539.0
-170	133624.0	125359.0
-169	133208.0	125922.0
-168	134293.0	125156.0
-167	133005.0	123966.0
-166	132445.0	125561.0
-165	133879.0	125043.0
-164	132462.0	123506.0
-163	132932.0	124912.0
-162	134249.0	124738.0
-161	132141.0	124014.0
-160	132015.0	124390.0
-159	133021.0	124492.0
-158	132403.0	123287.0
-157	131853.0	124291.0
-156	133076.0	123816.0
-155	131580.0	122332.0
-154	131149.0	124088.0
-153	132420.0	124262.0
-152	131116.0	122212.0
-151	130292.0	123941.0
-150	131470.0	123524.0
-149	130159.0	122397.0
-148	130363.0	124050.0
-147	130870.0	123364.0
-146	129627.0	122050.0
-145	129298.0	123465.0
-144	130603.0	123583.0
-143	128722.0	122308.0
-142	128709.0	123347.0
-141	128929.0	122881.0
-140	127219.0	121603.0
-139	126446.0	123521.0
-138	128278.0	123635.0
-137	125174.0	122249.0
-136	125207.0	123664.0
-135	126833.0	123092.0
-134	125843.0	122058.0
-133	126418.0	123257.0
-132	127783.0	123498.0
-131	125872.0	121839.0
-130	125190.0	123486.0
-129	125408.0	123534.0
-128	124027.0	122370.0
-127	123047.0	123619.0
-126	124019.0	123205.0
-125	122958.0	122009.0
-124	122350.0	123295.0
-123	125347.0	123168.0
-122	123882.0	121554.0
-121	124455.0	123151.0
-120	124499.0	123555.0
-119	122631.0	123044.0
-118	122033.0	124227.0
-117	122091.0	124648.0
-116	120587.0	123367.0
-115	121165.0	124732.0
-114	123044.0	124261.0
-113	122269.0	122594.0
-112	122303.0	123720.0
-111	124196.0	123981.0
-110	122204.0	122923.0
-109	121905.0	125042.0
-108	122569.0	124938.0
-107	120495.0	124161.0
-106	119523.0	125573.0
-105	121232.0	125755.0
-104	120300.0	124055.0
-103	121487.0	125069.0
-102	123543.0	125103.0
-101	122472.0	124388.0
-100	122247.0	126336.0
-99	124234.0	125755.0
-98	121870.0	124780.0
-97	121245.0	126437.0
-96	121883.0	126274.0
-95	120145.0	125181.0
-94	120625.0	126126.0
-93	122647.0	125769.0
-92	121252.0	125007.0
-91	122226.0	126519.0
-90	124924.0	127641.0
-89	123388.0	125554.0
-88	122885.0	127494.0
-87	124023.0	128449.0
-86	121409.0	126614.0
-85	121362.0	128051.0
-84	122949.0	128446.0
-83	121403.0	126522.0
-82	122199.0	127927.0
-81	123880.0	128668.0
-80	122339.0	127876.0
-79	122986.0	129891.0
-78	124437.0	129494.0
-77	123238.0	128728.0
-76	122828.0	131195.0
-75	125261.0	130448.0
-74	122617.0	129201.0
-73	123012.0	131241.0
-72	125232.0	131085.0
-71	123582.0	128935.0
-70	124749.0	130959.0
-69	126408.0	130666.0
-68	124176.0	129951.0
-67	123857.0	132279.0
-66	125357.0	132289.0
-65	123997.0	130662.0
-64	124264.0	133006.0
-63	126167.0	132663.0
-62	124455.0	131833.0
-61	124759.0	133220.0
-60	127266.0	134007.0
-59	124668.0	131502.0
-58	125368.0	133808.0
-57	126316.0	133803.0
-56	123837.0	131883.0
-55	124134.0	134264.0
-54	127006.0	134632.0
-53	125905.0	132861.0
-52	126620.0	135039.0
-51	129563.0	135175.0
-50	127599.0	133562.0
-49	127257.0	135585.0
-48	129863.0	135875.0
-47	127218.0	133814.0
-46	127094.0	135904.0
-45	128137.0	135781.0
-44	127132.0	134243.0
-43	126984.0	136109.0
-42	130925.0	136182.0
-41	130504.0	133773.0
-40	131170.0	136789.0
-39	134133.0	137123.0
-38	131694.0	135660.0
-37	130744.0	137095.0
-36	132223.0	136916.0
-35	129796.0	134309.0
-34	130478.0	136447.0
-33	133093.0	136114.0
-32	132915.0	134576.0
-31	134694.0	136220.0
-30	137725.0	136716.0
-29	135318.0	134489.0
-28	135153.0	137396.0
-27	137466.0	137902.0
-26	134933.0	135496.0
-25	133253.0	137591.0
-24	136374.0	137653.0
-23	133232.0	134904.0
-22	133354.0	137857.0
-21	138174.0	137856.0
-20	137606.0	135694.0
-19	138579.0	139140.0
-18	141695.0	139303.0
-17	138967.0	136567.0
-16	138301.0	139007.0
-15	139061.0	138561.0
-14	137097.0	136469.0
-13	137539.0	138926.0
-12	143622.0	140036.0
-11	142068.0	136526.0
-10	142600.0	140635.0
-9	146233.0	142578.0
-8	143963.0	142349.0
-7	140356.0	147691.0
-6	138242.0	148599.0
-5	130610.0	144332.0
-4	128037.0	145784.0
-3	143023.0	150107.0
-2	156779.0	137716.0
-1	235918.0	136340.0
0	2565.0	96805.0
1	235739.0	26983.0
2	155769.0	64143.0
3	143442.0	95189.0
4	127872.0	127781.0
5	130650.0	140868.0
6	138226.0	130830.0
7	140541.0	116427.0
8	143088.0	113825.0
9	146252.0	111766.0
10	142382.0	110969.0
11	141464.0	114736.0
12	143209.0	119699.0
13	137407.0	118884.0
14	136607.0	122168.0
15	138801.0	123362.0
16	137143.0	120451.0
17	138265.0	121490.0
18	141191.0	121817.0
19	137472.0	118710.0
20	137078.0	121305.0
21	137761.0	123566.0
22	133644.0	124397.0
23	133071.0	129484.0
24	135204.0	129712.0
25	133611.0	126640.0
26	134206.0	127024.0
27	136646.0	125619.0
28	134950.0	121741.0
29	135393.0	123185.0
30	136835.0	123555.0
31	133866.0	122951.0
32	132398.0	126108.0
33	133180.0	128009.0
34	130105.0	128060.0
35	129252.0	130940.0
36	131780.0	129881.0
37	130096.0	126636.0
38	131120.0	127102.0
39	133924.0	124660.0
40	130545.0	123513.0
41	129178.0	125845.0
42	130838.0	127549.0
43	127738.0	128246.0
44	126435.0	131326.0
45	128589.0	132683.0
46	126859.0	129282.0
47	126892.0	129798.0
48	129327.0	128835.0
49	127015.0	125963.0
50	126679.0	127837.0
51	129165.0	128849.0
52	127115.0	127358.0
53	125615.0	129812.0
54	126306.0	130363.0
55	123937.0	129102.0
56	123635.0	132495.0
57	125640.0	132268.0
58	124424.0	128003.0
59	125383.0	128465.0
60	126959.0	127713.0
61	124073.0	126867.0
62	123531.0	130064.0
63	125606.0	130011.0
64	123647.0	127886.0
65	123656.0	127752.0
66	124475.0	127598.0
67	123463.0	126225.0
68	123863.0	127682.0
69	126069.0	126721.0
70	124465.0	125817.0
71	123700.0	128080.0
72	125037.0	129114.0
73	122926.0	128699.0
74	122435.0	130510.0
75	124109.0	128986.0
76	123226.0	126134.0
77	123034.0	126602.0
78	124734.0	125855.0
79	122353.0	125559.0
80	121815.0	129131.0
81	123450.0	129749.0
82	121664.0	129000.0
83	121596.0	131702.0
84	121937.0	132268.0
85	120544.0	130286.0
86	121522.0	130846.0
87	123827.0	128770.0
88	122405.0	125551.0
89	123007.0	126809.0
90	124328.0	127465.0
91	122658.0	127204.0
92	121746.0	130341.0
93	122496.0	132251.0
94	120571.0	131900.0
95	120265.0	134622.0
96	121815.0	134597.0
97	120869.0	132618.0
98	121442.0	132353.0
99	123222.0	131356.0
100	122240.0	130117.0
101	122154.0	131112.0
102	123381.0	132526.0
103	120554.0	133151.0
104	119538.0	137264.0
105	120603.0	138903.0
106	119859.0	138554.0
107	120226.0	138853.0
108	122613.0	137690.0
109	121511.0	134695.0
110	122220.0	135500.0
111	123740.0	136460.0
112	122269.0	136112.0
113	121408.0	139173.0
114	122355.0	141131.0
115	120382.0	141433.0
116	119492.0	143384.0
117	121271.0	143270.0
118	120718.0	142067.0
119	122629.0	141986.0
120	124541.0	141310.0
121	123642.0	139761.0
122	123047.0	142363.0
123	124755.0	143302.0
124	122470.0	143282.0
125	122525.0	147243.0
126	123686.0	147997.0
127	122663.0	145564.0
128	123725.0	147111.0
129	125807.0	144806.0
130	125545.0	142321.0
131	126069.0	143181.0
132	127359.0	143178.0
133	125881.0	142052.0
134	124972.0	144810.0
135	126447.0	145579.0
136	125130.0	144914.0
137	124916.0	148341.0
138	127132.0	147373.0
139	126322.0	144485.0
140	126921.0	145245.0
141	128745.0	144628.0
142	128184.0	142898.0
143	128531.0	144134.0
144	129938.0	143928.0
145	128268.0	142892.0
146	129203.0	144193.0
147	130950.0	143390.0
148	129662.0	141678.0
149	130232.0	141918.0
150	131676.0	141117.0
151	130276.0	139555.0
152	130421.0	140881.0
153	132519.0	140603.0
154	130826.0	138627.0
155	131529.0	139028.0
156	132376.0	139058.0
157	131195.0	136652.0
158	131016.0	137636.0
159	132966.0	135895.0
160	131804.0	135102.0
161	131637.0	135718.0
162	133694.0	134460.0
163	132158.0	134032.0
164	132465.0	135807.0
165	133955.0	134869.0
166	132860.0	132909.0
167	132876.0	133945.0
168	134574.0	132576.0
169	133091.0	131134.0
170	132730.0	132223.0
171	134798.0	132447.0
172	133148.0	130210.0
173	132217.0	131875.0
174	134664.0	132331.0
175	132621.0	129440.0
176	132661.0	130325.0
177	134311.0	130177.0
178	133193.0	129457.0
179	132866.0	129507.0
180	134870.0	129016.0
181	133299.0	127427.0
182	133294.0	128384.0
183	134158.0	128250.0
184	133072.0	126968.0
185	132618.0	127998.0
186	133952.0	127895.0
187	132386.0	126464.0
188	132859.0	127442.0
189	134309.0	126713.0
190	132891.0	125188.0
191	133149.0	125973.0
192	133765.0	125906.0
193	132031.0	124646.0
194	132572.0	125504.0
195	133056.0	125506.0
196	132286.0	124430.0
197	132027.0	124889.0
198	133278.0	124680.0
199	131850.0	123320.0
200	131339.0	123639.0
201	132426.0	123747.0
202	130825.0	122896.0
203	131147.0	124131.0
204	131764.0	123806.0
205	130642.0	123303.0
206	130343.0	123587.0
207	131230.0	123531.0
208	129554.0	122271.0
209	129732.0	122703.0
210	130449.0	122935.0
211	129382.0	121417.0
212	129050.0	122350.0
213	130370.0	122782.0
214	128289.0	121838.0
215	128932.0	122384.0
216	129524.0	122480.0
217	128043.0	121791.0
218	127708.0	122818.0
219	128677.0	122225.0
220	127613.0	121309.0
221	127498.0	121660.0
222	128137.0	122220.0
223	126728.0	121199.0
224	126439.0	122295.0
225	127755.0	122157.0
226	126994.0	121530.0
227	126186.0	122526.0
228	126712.0	122258.0
229	126252.0	121297.0
230	126186.0	121848.0
231	126534.0	121973.0
232	125315.0	121627.0
233	124851.0	121892.0
234	126083.0	121834.0
235	125429.0	121223.0
236	124485.0	121347.0
237	125032.0	122573.0
238	123988.0	121419.0
239	123575.0	122900.0
240	125232.0	122637.0
241	123047.0	120828.0
242	123955.0	122442.0
243	124622.0	122807.0
244	123638.0	122290.0
245	123698.0	122913.0
246	124091.0	123316.0
247	123119.0	123075.0
248	122883.0	123352.0
249	123642.0	123321.0
250	122873.0	122644.0
251	122831.0	123832.0
252	123913.0	124157.0
253	122934.0	122404.0
254	122634.0	124108.0
255	123942.0	124086.0
256	122693.0	123678.0
257	122480.0	124444.0
258	122981.0	124245.0
259	122290.0	124332.0
260	122306.0	124272.0
261	123133.0	125030.0
262	122117.0	124198.0
263	122014.0	125441.0
264	123143.0	125576.0
265	122126.0	125183.0
266	122216.0	126440.0
267	122791.0	126622.0
268	122038.0	125010.0
269	122653.0	125756.0
270	123220.0	126258.0
271	122163.0	125937.0
272	122027.0	126797.0
273	123525.0	127026.0
274	122666.0	126558.0
275	122356.0	127372.0
276	123054.0	127280.0
277	122191.0	126852.0
278	122433.0	128101.0
279	123878.0	127770.0
280	122474.0	128043.0
281	122410.0	128262.0
282	122885.0	128325.0
283	122698.0	127767.0
284	121961.0	129731.0
285	124030.0	129821.0
286	122570.0	128591.0
287	123217.0	129512.0
288	123785.0	129870.0
289	122471.0	129078.0
290	122804.0	130352.0
291	124339.0	130317.0
292	122943.0	129405.0
293	123071.0	130607.0
294	124268.0	129918.0
295	123363.0	129713.0
296	123741.0	131453.0
297	124693.0	131369.0
298	123328.0	130550.0
299	123062.0	131194.0
300	124811.0	131562.0
301	123765.0	130689.0
302	124281.0	132018.0
303	125284.0	131711.0
304	123398.0	130561.0
305	123654.0	132730.0
306	125497.0	131906.0
307	124271.0	131491.0
308	124458.0	132585.0
309	125767.0	132988.0
310	124875.0	131191.0
311	124626.0	132376.0
312	126021.0	132799.0
313	124961.0	131422.0
314	124792.0	132377.0
315	125657.0	132840.0
316	125090.0	132233.0
317	125755.0	132401.0
318	126834.0	133669.0
319	125724.0	132258.0
320	125904.0	133077.0
321	127207.0	132701.0
322	126946.0	132068.0
323	126356.0	132659.0
324	127839.0	132679.0
325	126665.0	131967.0
326	126624.0	132707.0
327	127791.0	132807.0
328	126918.0	131800.0
329	127244.0	132684.0
330	128042.0	132415.0
331	127377.0	132089.0
332	127612.0	132926.0
333	128359.0	132471.0
334	127914.0	131114.0
335	127880.0	132266.0
336	129107.0	132224.0
337	128072.0	130617.0
338	127854.0	131911.0
339	129419.0	131522.0
340	129178.0	130238.0
341	129208.0	130704.0
342	129669.0	130688.0
343	128778.0	129987.0
344	128752.0	130533.0
345	130106.0	130294.0
346	129562.0	129541.0
347	129268.0	129716.0
348	129791.0	129593.0
349	128826.0	128908.0
350	129107.0	129786.0
351	129734.0	129861.0
352	129121.0	128590.0
353	129191.0	128534.0
354	130227.0	129126.0
355	129757.0	127595.0
356	129099.0	128788.0
357	130651.0	128136.0
358	129972.0	127153.0
359	130177.0	127547.0
360	130117.0	127249.0
361	128669.0	126489.0
362	129618.0	127917.0
363	130017.0	127044.0
364	129606.0	126351.0
365	129666.0	126584.0
366	130527.0	126482.0
367	129041.0	125863.0
368	129853.0	126119.0
369	130200.0	125740.0
370	129676.0	125444.0
371	129111.0	125880.0
372	129669.0	125658.0
373	129019.0	124550.0
374	129765.0	124660.0
375	129423.0	125128.0
376	128592.0	124489.0
377	128634.0	124214.0
378	129776.0	124937.0
379	128462.0	123761.0
380	129509.0	124430.0
381	129576.0	124080.0
382	128650.0	123865.0
383	128296.0	124131.0
384	129475.0	124295.0
385	128192.0	123015.0
386	128637.0	123698.0
387	129001.0	123349.0
388	127939.0	123080.0
389	128506.0	123763.0
390	128551.0	123693.0
391	127766.0	122607.0
392	127854.0	123641.0
393	128223.0	123614.0
394	128006.0	122868.0
395	127269.0	122868.0
396	127850.0	122726.0
397	127201.0	122503.0
398	127177.0	122717.0
399	127675.0	123239.0
400	126959.0	122512.0
401	126906.0	122870.0
402	127506.0	122745.0
403	126490.0	122186.0
404	125848.0	122965.0
405	127311.0	122909.0
406	126502.0	122018.0
407	126552.0	122671.0
408	126069.0	122864.0
409	125899.0	122355.0
410	125676.0	122952.0
411	125585.0	122620.0
412	125594.0	122514.0
413	125190.0	122819.0
414	125736.0	122910.0
415	124936.0	121948.0
416	124747.0	123222.0
417	125807.0	122761.0
418	124646.0	122629.0
419	125054.0	122932.0
420	124953.0	122994.0
421	124666.0	122141.0
422	124305.0	123370.0
423	124745.0	123052.0
424	124302.0	123221.0
425	124172.0	122375.0
426	124726.0	123165.0
427	124024.0	122870.0
428	124398.0	123584.0
429	124850.0	123567.0
430	123747.0	123285.0
431	124175.0	124706.0
432	124872.0	123604.0
433	123942.0	123572.0
434	123958.0	124365.0
435	124095.0	124085.0
436	124008.0	123379.0
437	123631.0	124394.0
438	124177.0	124502.0
439	123519.0	123651.0
440	123410.0	124442.0
441	123857.0	124035.0
442	123437.0	124363.0
443	123054.0	124605.0
444	123201.0	124750.0
445	122748.0	124462.0
446	123097.0	125127.0
447	123065.0	125410.0
448	123474.0	124994.0
449	123392.0	125853.0
450	123965.0	126403.0
451	123051.0	124895.0
452	123060.0	126810.0
453	124048.0	125903.0
454	122722.0	125282.0
455	122374.0	126263.0
456	123670.0	126343.0
457	123059.0	126033.0
458	122917.0	126485.0
459	123701.0	126844.0
460	123147.0	126525.0
461	122791.0	126939.0
462	124240.0	127061.0
463	122866.0	126537.0
464	123533.0	127258.0
465	124124.0	127896.0
466	123591.0	127071.0
467	123560.0	127493.0
468	123908.0	127802.0
469	123450.0	126689.0
470	123792.0	127791.0
471	123621.0	127980.0
472	123426.0	127471.0
473	123322.0	127822.0
474	123651.0	128373.0
475	122714.0	127775.0
476	123310.0	128560.0
477	123969.0	128409.0
478	123590.0	128077.0
479	124048.0	128428.0
480	124226.0	128651.0
481	123876.0	128017.0
482	124070.0	128898.0
483	125278.0	128923.0
484	123940.0	128052.0
485	124277.0	128779.0
486	124860.0	128437.0
487	124372.0	128521.0
488	124275.0	129427.0
489	125166.0	128724.0
490	124184.0	128744.0
491	124730.0	129211.0
492	124905.0	129216.0
493	124300.0	128688.0
494	125366.0	129310.0
495	125889.0	129180.0
496	125842.0	128972.0
497	125335.0	129688.0
498	125975.0	128912.0
499	124870.0	128568.0
500	124503.0	128925.0
501	125487.0	129179.0
502	124653.0	128325.0
503	125190.0	129167.0
504	126387.0	129361.0
505	126083.0	128630.0
506	125520.0	129480.0
507	126715.0	130136.0
508	126054.0	128595.0
509	125786.0	129484.0
510	126002.0	129867.0
511	126036.0	128967.0
512	126278.0	129502.0
513	126637.0	129398.0
514	126222.0	127954.0
515	125777.0	129406.0
516	126471.0	128984.0
517	126543.0	127873.0
518	126357.0	128764.0
519	127007.0	128725.0
520	126129.0	128305.0
521	126665.0	128437.0
522	127251.0	128667.0
523	126588.0	128071.0
524	126450.0	128551.0
525	126935.0	127808.0
526	126861.0	128143.0
527	126290.0	129122.0
528	128048.0	128334.0
529	127348.0	127233.0
530	127029.0	127562.0
531	127054.0	127801.0
532	126351.0	127088.0
533	126573.0	127942.0
534	127476.0	127610.0
535	126493.0	127587.0
536	126767.0	127028.0
537	127581.0	126986.0
538	127394.0	126737.0
539	127256.0	127262.0
540	127631.0	126945.0
541	127226.0	126848.0
542	126762.0	126551.0
543	127253.0	126696.0
544	126843.0	126412.0
545	127513.0	126607.0
546	128130.0	126819.0
547	127153.0	125448.0
548	127431.0	126585.0
549	127404.0	126185.0
550	127379.0	125492.0
551	127186.0	125239.0
552	127623.0	125619.0
553	127130.0	125153.0
554	127172.0	125546.0
555	127528.0	124642.0
556	127133.0	124978.0
557	126815.0	124683.0
558	126965.0	125098.0
559	126687.0	124842.0
560	127266.0	125210.0
561	127999.0	125043.0
562	126550.0	124134.0
563	126342.0	124098.0
564	127163.0	124890.0
565	126723.0	123669.0
566	126483.0	124310.0
567	127584.0	124409.0
568	126893.0	122997.0
569	126785.0	124645.0
570	126991.0	123856.0
571	126756.0	123314.0
572	125691.0	124297.0
573	126875.0	123672.0
574	126804.0	123510.0
575	126646.0	123524.0
576	126930.0	123442.0
577	126223.0	123469.0
578	126871.0	123688.0
579	126205.0	123851.0
580	125880.0	123257.0
581	126276.0	123674.0
582	126892.0	123343.0
583	126294.0	123174.0
584	125940.0	123958.0
585	126854.0	123273.0
586	125459.0	122908.0
587	126191.0	123115.0
588	126058.0	122800.0
589	125021.0	122857.0
590	124958.0	124025.0
591	125930.0	123497.0
592	125701.0	122893.0
593	125225.0	123364.0
594	126131.0	123548.0
595	125057.0	123195.0
596	125339.0	123558.0
597	125890.0	123528.0
598	125021.0	123228.0
599	124353.0	124117.0
600	125020.0	123651.0
601	124387.0	123547.0
602	124319.0	124038.0
603	125217.0	123787.0
604	124290.0	123055.0
605	125548.0	123885.0
606	124714.0	123625.0
607	125046.0	123260.0
608	124684.0	123875.0
609	125637.0	124359.0
610	124731.0	124421.0
611	123883.0	124404.0
612	124618.0	124245.0
613	124523.0	124054.0
614	124124.0	124628.0
615	124474.0	123830.0
616	124244.0	124194.0
617	124312.0	124571.0
618	124335.0	123834.0
619	123354.0	124040.0
620	124569.0	124520.0
621	124847.0	124471.0
622	124406.0	123769.0
623	124424.0	124592.0
624	124032.0	124523.0
625	123303.0	124125.0
626	123751.0	125350.0
627	124021.0	125360.0
628	123581.0	124995.0
629	123647.0	124562.0
630	124470.0	125488.0
631	123578.0	125269.0
632	123525.0	125558.0
633	124426.0	125131.0
634	123789.0	125489.0
635	123604.0	125500.0
636	123736.0	125154.0
637	124027.0	125331.0
638	123778.0	125253.0
639	124641.0	125383.0
640	123395.0	125195.0
641	123759.0	125893.0
642	124456.0	125815.0
643	123994.0	125066.0
644	123371.0	126463.0
645	123865.0	126256.0
646	123246.0	125262.0
647	124414.0	126956.0
648	124526.0	126072.0
649	123621.0	125508.0
650	123411.0	126099.0
651	123908.0	126393.0
652	123323.0	125211.0
653	124033.0	126386.0
654	124418.0	126949.0
655	123570.0	126134.0
656	124200.0	126995.0
657	124260.0	125978.0
658	123815.0	126441.0
659	123813.0	126954.0
660	124536.0	126523.0
661	123956.0	126793.0
662	123665.0	127423.0
663	124070.0	126203.0
664	124064.0	126481.0
665	124494.0	126703.0
666	124177.0	126934.0
667	123594.0	126494.0
668	124086.0	127187.0
669	124582.0	127035.0
670	123716.0	126690.0
671	124025.0	126913.0
672	124502.0	126513.0
673	124078.0	126222.0
674	124311.0	127150.0
675	124847.0	126980.0
676	124612.0	126942.0
677	124486.0	126700.0
678	125362.0	126672.0
679	124347.0	127060.0
680	124238.0	126843.0
681	125040.0	126838.0
682	124448.0	126415.0
683	124723.0	127321.0
684	125180.0	126848.0
685	124887.0	126676.0
686	124368.0	127468.0
687	125321.0	127242.0
688	124576.0	126834.0
689	124067.0	127262.0
690	125243.0	127016.0
691	125055.0	127126.0
692	124981.0	127171.0
693	125145.0	127081.0
694	125248.0	126992.0
695	125241.0	127104.0
696	125704.0	127861.0
697	125484.0	126823.0
698	124949.0	127235.0
699	125560.0	126812.0
700	124540.0	126517.0
701	124812.0	127146.0
702	125864.0	126989.0
703	125204.0	127073.0
704	125184.0	127138.0
705	125671.0	126757.0
706	125580.0	126511.0
707	125272.0	126565.0
708	125486.0	126577.0
709	125569.0	126684.0
710	125488.0	126600.0
711	125664.0	126581.0
712	126189.0	125595.0
713	125699.0	126959.0
714	125803.0	126610.0
715	124989.0	125987.0
716	125453.0	126202.0
717	125276.0	125818.0
718	125860.0	125920.0
719	124793.0	125903.0
720	126154.0	126129.0
721	125079.0	126449.0
722	126098.0	126113.0
723	126178.0	125547.0
724	125360.0	125527.0
725	125412.0	126369.0
726	125886.0	125815.0
727	125983.0	125532.0
728	125642.0	126471.0
729	126593.0	126008.0
730	125517.0	125574.0
731	125747.0	125269.0
732	125915.0	125280.0
733	125008.0	125213.0
734	125319.0	125360.0
735	126341.0	125766.0
736	125529.0	125277.0
737	125927.0	125486.0
738	126093.0	125971.0
739	125082.0	125324.0
740	126158.0	125490.0
741	125704.0	124972.0
742	125345.0	124601.0
743	125925.0	125167.0
744	126641.0	124715.0
745	125285.0	124488.0
746	125672.0	125017.0
747	125847.0	124809.0
748	125929.0	124882.0
749	125590.0	124856.0
750	125981.0	124441.0
751	125117.0	124560.0
752	125700.0	125145.0
753	125947.0	124137.0
754	125062.0	123876.0
755	124576.0	124829.0
756	125967.0	124564.0
757	125462.0	123784.0
758	125279.0	124728.0
759	125572.0	124514.0
760	125559.0	123925.0
761	125738.0	124558.0
762	125528.0	124655.0
763	125887.0	123261.0
764	125369.0	123666.0
765	124948.0	124080.0
766	124938.0	124063.0
767	125512.0	123954.0
768	125452.0	124289.0
769	125178.0	123087.0
770	126043.0	123451.0
771	125517.0	124055.0
772	124894.0	123561.0
773	124979.0	123435.0
774	125715.0	124007.0
775	124708.0	123751.0
776	124973.0	124165.0
777	124798.0	123905.0
778	125286.0	123576.0
779	124835.0	124034.0
780	125371.0	123673.0
781	124943.0	123603.0
782	124832.0	123911.0
783	125726.0	124168.0
784	124911.0	123217.0
785	124637.0	124510.0
786	125062.0	124216.0
787	123746.0	123871.0
788	124087.0	124442.0
789	125118.0	123904.0
790	124400.0	123610.0
791	123929.0	124183.0
792	124574.0	124800.0
793	124641.0	123696.0
794	124700.0	124505.0
795	125198.0	124627.0
796	124482.0	123885.0
797	124766.0	124446.0
798	125079.0	124070.0
799	124865.0	123911.0
800	124765.0	124261.0
801	124075.0	124323.0
802	124523.0	123729.0
803	124377.0	124333.0
804	124783.0	124769.0
805	124326.0	124597.0
806	124458.0	124836.0
807	124450.0	124335.0
808	124875.0	124023.0
809	124430.0	124182.0
810	124601.0	124492.0
811	123893.0	124582.0
812	123924.0	124676.0
813	124571.0	124524.0
814	124283.0	124192.0
815	124321.0	124523.0
816	124147.0	124977.0
817	124355.0	124267.0
818	123961.0	124756.0
819	124479.0	125375.0
820	124110.0	124739.0
821	123794.0	125431.0
822	124763.0	125179.0
823	124468.0	124288.0
824	124206.0	124538.0
825	124699.0	126104.0
826	124501.0	124614.0
827	124734.0	125271.0
828	124468.0	124709.0
829	123798.0	124916.0
830	123573.0	125664.0
831	124463.0	125542.0
832	123772.0	124811.0
833	123607.0	125323.0
834	124545.0	125609.0
835	123682.0	124603.0
836	124118.0	125394.0
837	124304.0	124992.0
838	124579.0	124751.0
839	123800.0	124682.0
840	124368.0	125438.0
841	124168.0	125053.0
842	123609.0	125454.0
843	123751.0	125771.0
844	123533.0	125474.0
845	124362.0	125474.0
846	123868.0	126178.0
847	123804.0	124866.0
848	124129.0	125689.0
849	123843.0	125803.0
850	123160.0	125485.0
851	124175.0	125993.0
852	124391.0	126525.0
853	124241.0	125146.0
854	124411.0	125648.0
855	125087.0	125557.0
856	123926.0	125521.0
857	124344.0	125580.0
858	123691.0	125338.0
859	124185.0	124663.0
860	124242.0	126003.0
861	125172.0	125405.0
862	124002.0	125568.0
863	124020.0	125775.0
864	124301.0	125824.0
865	123935.0	125412.0
866	123817.0	126185.0
867	123905.0	126114.0
868	124162.0	125688.0
869	124796.0	126170.0
870	124368.0	125853.0
871	123744.0	126136.0
872	123712.0	126658.0
873	124615.0	126065.0
874	123952.0	125274.0
875	123845.0	125907.0
876	124224.0	125645.0
877	124429.0	125206.0
878	124322.0	125104.0
879	124182.0	126317.0
880	124612.0	125640.0
881	124739.0	125755.0
882	124540.0	125574.0
883	124138.0	125731.0
884	124347.0	125676.0
885	124217.0	126305.0
886	124528.0	125629.0
887	124502.0	125523.0
888	124786.0	125824.0
889	124623.0	125093.0
890	125014.0	125625.0
891	124955.0	125845.0
892	124222.0	125228.0
893	124552.0	125651.0
894	124882.0	125385.0
895	124870.0	125466.0
896	124816.0	125599.0
897	124659.0	126219.0
898	124561.0	125191.0
899	124538.0	125352.0
900	124800.0	124647.0
901	124403.0	125447.0
902	124796.0	126146.0
903	124778.0	125654.0
904	124883.0	125451.0
905	125019.0	125182.0
906	124933.0	125343.0
907	124698.0	125124.0
908	124905.0	125011.0
909	124519.0	125193.0
910	124235.0	125557.0
911	124760.0	125657.0
912	125425.0	125039.0
913	124709.0	124817.0
914	125307.0	124949.0
915	125357.0	125576.0
916	124618.0	125507.0
917	124787.0	125627.0
918	124780.0	125451.0
919	124592.0	125097.0
920	125125.0	125430.0
921	125165.0	125180.0
922	124578.0	125092.0
923	124764.0	124577.0
924	125696.0	124819.0
925	124415.0	124636.0
926	124803.0	125164.0
927	124873.0	124940.0
928	124500.0	124156.0
929	124839.0	124878.0
930	124869.0	124032.0
931	125403.0	124970.0
932	125081.0	124709.0
933	124439.0	124903.0
934	124649.0	124533.0
935	124468.0	124840.0
936	125068.0	124783.0
937	124768.0	124056.0
938	124603.0	124947.0
939	125355.0	124287.0
940	124045.0	124817.0
941	124675.0	124596.0
942	124449.0	124826.0
943	124407.0	123810.0
944	124675.0	124891.0
945	124579.0	124642.0
946	124591.0	124641.0
947	124571.0	124473.0
948	125507.0	124860.0
949	124578.0	124065.0
950	124759.0	124193.0
951	125188.0	124104.0
952	124230.0	123706.0
953	124149.0	125053.0
954	124819.0	124633.0
955	124972.0	123794.0
956	125277.0	125048.0
957	125121.0	124804.0
958	124446.0	123848.0
959	124836.0	124177.0
960	125055.0	124247.0
961	125323.0	123129.0
962	124283.0	124182.0
963	124696.0	124042.0
964	124286.0	123533.0
965	124931.0	124237.0
966	124993.0	124567.0
967	125180.0	124104.0
968	124634.0	124094.0
969	125264.0	124394.0
970	124474.0	123726.0
971	124663.0	124222.0
972	124572.0	124593.0
973	124709.0	123468.0
974	124915.0	124179.0
975	124503.0	124082.0
976	124486.0	123784.0
977	123825.0	124286.0
978	124400.0	124515.0
979	124212.0	124208.0
980	125370.0	123980.0
981	124474.0	123966.0
982	124486.0	123630.0
983	124476.0	124712.0
984	125250.0	124256.0
985	124097.0	123642.0
986	124816.0	124319.0
987	124579.0	124294.0
988	123828.0	124178.0
989	124101.0	124424.0
990	124335.0	124478.0
991	123850.0	124357.0
992	124912.0	124915.0
993	124149.0	124714.0
994	123846.0	123603.0
995	123680.0	123797.0
996	124637.0	124180.0
997	124181.0	123966.0
998	124463.0	124163.0
999	124128.0	124055.0
1000	124221.0	123364.0
1001	123832.0	124382.0
1002	123843.0	124648.0
1003	123805.0	124193.0
1004	123768.0	124552.0
1005	123750.0	123690.0
1006	123740.0	124058.0
1007	123716.0	124254.0
1008	124638.0	124793.0
1009	123616.0	123944.0
1010	124182.0	124639.0
1011	123955.0	124916.0
1012	123667.0	124024.0
1013	124039.0	124319.0
1014	124226.0	124456.0
1015	123416.0	124204.0
1016	123912.0	124672.0
1017	124455.0	123782.0
1018	124339.0	124197.0
1019	123458.0	124828.0
1020	123166.0	124627.0
1021	123400.0	123453.0
1022	123481.0	124834.0
1023	124062.0	124028.0
1024	123182.0	124555.0
1025	123783.0	124955.0
1026	124332.0	124825.0
1027	124098.0	124517.0
1028	124018.0	124438.0
1029	124346.0	125159.0
1030	123810.0	124554.0
1031	123736.0	124771.0
1032	123335.0	124755.0
1033	124509.0	124272.0
1034	123886.0	124509.0
1035	124254.0	124965.0
1036	124288.0	124441.0
1037	123717.0	124603.0
1038	123848.0	124603.0
1039	123619.0	125110.0
1040	123155.0	124821.0
1041	124071.0	124586.0
1042	123482.0	124649.0
1043	124108.0	125640.0
1044	124157.0	125824.0
1045	123980.0	124939.0
1046	124423.0	124314.0
1047	124089.0	124879.0
1048	123594.0	124582.0
1049	123870.0	125252.0
1050	124184.0	125459.0
1051	124188.0	124524.0
1052	123723.0	125033.0
1053	124274.0	124743.0
1054	123572.0	125153.0
1055	123565.0	125317.0
1056	123408.0	124600.0
1057	123901.0	124904.0
1058	123823.0	125263.0
1059	124149.0	125470.0
1060	124301.0	125294.0
1061	123719.0	124983.0
1062	124208.0	124891.0
1063	124015.0	124684.0
1064	124254.0	124579.0
1065	123843.0	125022.0
1066	123475.0	124787.0
1067	123990.0	124744.0
1068	124734.0	125023.0
1069	124492.0	124987.0
1070	123574.0	124623.0
1071	124178.0	124844.0
1072	123561.0	124499.0
1073	123880.0	125109.0
1074	123864.0	125213.0
1075	123561.0	124733.0
1076	124222.0	125021.0
1077	124741.0	124930.0
1078	123794.0	124751.0
1079	123987.0	125647.0
1080	123935.0	125082.0
1081	123968.0	125407.0
1082	123409.0	124892.0
1083	124293.0	125097.0
1084	124767.0	124764.0
1085	123911.0	124028.0
1086	124218.0	124750.0
1087	124323.0	125121.0
1088	123982.0	125034.0
1089	124160.0	125465.0
1090	123959.0	124826.0
1091	123872.0	124888.0
1092	124445.0	125062.0
1093	124391.0	123982.0
1094	124096.0	124781.0
1095	124420.0	125186.0
1096	123740.0	124666.0
1097	124009.0	125045.0
1098	124330.0	124722.0
1099	124099.0	124466.0
1100	124448.0	124719.0
1101	124049.0	125096.0
1102	124091.0	124511.0
1103	124151.0	124718.0
1104	124184.0	124635.0
1105	124131.0	124312.0
1106	124815.0	125282.0
1107	124348.0	125065.0
1108	123957.0	124564.0
1109	124080.0	125299.0
1110	124467.0	124357.0
1111	124326.0	124878.0
1112	123889.0	124551.0
1113	124024.0	124735.0
1114	124164.0	124670.0
1115	123623.0	124692.0
1116	124389.0	124696.0
1117	123938.0	124190.0
1118	124835.0	124718.0
1119	124176.0	124107.0
1120	124006.0	124444.0
1121	124837.0	124170.0
1122	124494.0	124976.0
1123	124106.0	124424.0
1124	123912.0	123777.0
1125	123966.0	124904.0
1126	123973.0	124082.0
1127	124630.0	124475.0
1128	124204.0	124300.0
1129	124016.0	124290.0
1130	124741.0	124198.0
1131	125315.0	124571.0
1132	124422.0	124171.0
1133	124441.0	124193.0
1134	124458.0	123936.0
1135	124224.0	124139.0
1136	124303.0	124025.0
1137	124767.0	124198.0
1138	123886.0	123770.0
1139	124319.0	123792.0
1140	124838.0	123659.0
1141	124655.0	124147.0
1142	124166.0	123848.0
1143	124269.0	124032.0
1144	124594.0	124155.0
1145	124416.0	123992.0
1146	124360.0	124041.0
1147	124559.0	123606.0
1148	125033.0	124413.0
1149	124786.0	124290.0
1150	124456.0	123655.0
1151	124290.0	124088.0
1152	124718.0	124087.0
1153	123531.0	123802.0
1154	123649.0	124323.0
1155	124384.0	124175.0
1156	124446.0	123613.0
1157	123963.0	123955.0
1158	124514.0	123681.0
1159	124185.0	124093.0
1160	123889.0	123633.0
1161	124528.0	124648.0
1162	123837.0	124228.0
1163	124133.0	123714.0
1164	123608.0	123972.0
1165	124351.0	123856.0
1166	124344.0	124005.0
1167	124074.0	123503.0
1168	124091.0	124282.0
1169	124069.0	124221.0
1170	124932.0	124160.0
1171	124285.0	123393.0
1172	123887.0	123918.0
1173	124278.0	123785.0
1174	124079.0	123390.0
1175	124145.0	123706.0
1176	124385.0	124245.0
1177	124130.0	123273.0
1178	123878.0	124133.0
1179	123716.0	123905.0
1180	123330.0	123579.0
1181	123671.0	123892.0
1182	123797.0	123719.0
1183	124021.0	124053.0
1184	123953.0	123298.0
1185	124169.0	123972.0
1186	123455.0	123795.0
1187	124129.0	124169.0
1188	123985.0	123798.0
1189	123948.0	123410.0
1190	123651.0	124347.0
1191	124128.0	123402.0
1192	123596.0	123446.0
1193	123433.0	124293.0
1194	124010.0	123813.0
1195	124120.0	124416.0
1196	123958.0	124057.0
1197	123884.0	123957.0
1198	123769.0	123704.0
1199	123851.0	124420.0
1200	123390.0	123694.0
1201	123506.0	123556.0
1202	123825.0	123959.0
1203	124235.0	124073.0
1204	124267.0	123889.0
1205	123901.0	123821.0
1206	123312.0	123855.0
1207	123394.0	123865.0
1208	123577.0	124059.0
1209	123328.0	124552.0
1210	123402.0	123886.0
1211	124160.0	124251.0
1212	123811.0	124026.0
1213	123425.0	124174.0
1214	123753.0	124276.0
1215	123732.0	124536.0
1216	123679.0	123767.0
1217	123282.0	123915.0
1218	123542.0	124208.0
1219	123246.0	123402.0
1220	123675.0	124135.0
1221	123634.0	124545.0
1222	123233.0	123451.0
1223	123539.0	124442.0
1224	123964.0	124785.0
1225	123215.0	123774.0
1226	123376.0	124236.0
1227	123910.0	124190.0
1228	124137.0	123801.0
1229	123075.0	123827.0
1230	123354.0	124287.0
1231	123234.0	123800.0
1232	122929.0	123968.0
1233	123429.0	124148.0
1234	123204.0	123881.0
1235	122839.0	124092.0
1236	123807.0	124327.0
1237	123460.0	124812.0
1238	123151.0	124439.0
1239	123575.0	124534.0
1240	123526.0	124590.0
1241	123518.0	123994.0
1242	123504.0	124225.0
1243	122621.0	123971.0
1244	123472.0	124433.0
1245	123732.0	125171.0
1246	123449.0	124941.0
1247	123391.0	124449.0
1248	123584.0	124055.0
1249	123317.0	124478.0
1250	123569.0	124477.0
1251	122704.0	123969.0
1252	123857.0	124415.0
1253	123353.0	124177.0
1254	123726.0	124037.0
1255	123510.0	124119.0
1256	123483.0	124423.0
1257	122992.0	123953.0
1258	123662.0	124285.0
1259	123497.0	125101.0
1260	124332.0	124924.0
1261	123595.0	124609.0
1262	123440.0	123999.0
1263	123764.0	124874.0
1264	123364.0	124772.0
1265	122941.0	123983.0
1266	123753.0	124029.0
1267	123327.0	123905.0
1268	123641.0	124523.0
1269	124339.0	124051.0
1270	124166.0	124182.0
1271	122760.0	125084.0
1272	123283.0	124071.0
1273	124059.0	123853.0
1274	124126.0	125313.0
1275	124011.0	124102.0
1276	123629.0	124296.0
1277	123041.0	124298.0
1278	123609.0	124637.0
1279	123577.0	124583.0
1280	123547.0	124579.0
1281	124135.0	124178.0
1282	123435.0	124287.0
1283	123053.0	124553.0
1284	123783.0	124383.0
1285	123794.0	124003.0
1286	123992.0	124332.0
1287	124135.0	124372.0
1288	123993.0	124456.0
1289	123511.0	124449.0
1290	123466.0	124263.0
1291	123825.0	124629.0
1292	123624.0	124948.0
1293	124002.0	124416.0
1294	123934.0	124866.0
1295	123934.0	124433.0
1296	123255.0	123706.0
1297	123642.0	124034.0
1298	123614.0	124700.0
1299	123665.0	123988.0
1300	123799.0	124104.0
1301	123952.0	124101.0
1302	123923.0	124065.0
1303	123805.0	123554.0
1304	123246.0	123883.0
1305	123970.0	124234.0
1306	123373.0	124336.0
1307	123707.0	124200.0
1308	123892.0	123647.0
1309	124297.0	123847.0
1310	124176.0	124378.0
1311	123901.0	124464.0
1312	123790.0	123812.0
1313	124410.0	124238.0
1314	124219.0	124195.0
1315	124115.0	124463.0
1316	123766.0	123820.0
1317	124122.0	124558.0
1318	123801.0	124207.0
1319	124105.0	124204.0
1320	123878.0	124088.0
1321	123834.0	123979.0
1322	124045.0	124377.0
1323	123970.0	124068.0
1324	123616.0	124250.0
1325	123560.0	123664.0
1326	123748.0	124002.0
1327	123715.0	123979.0
1328	123854.0	124259.0
1329	123797.0	123739.0
1330	124135.0	123990.0
1331	123498.0	123653.0
1332	123568.0	124362.0
1333	123697.0	123750.0
1334	123841.0	124148.0
1335	124264.0	123474.0
1336	123979.0	123606.0
1337	123564.0	123200.0
1338	124105.0	124219.0
1339	123968.0	123591.0
1340	123116.0	123937.0
1341	124099.0	124122.0
1342	123348.0	123771.0
1343	123788.0	123850.0
1344	124135.0	123506.0
1345	123548.0	122827.0
1346	123968.0	123934.0
1347	123501.0	123612.0
1348	123875.0	124324.0
1349	123900.0	123428.0
1350	124165.0	124170.0
1351	123301.0	123692.0
1352	123320.0	123905.0
1353	123695.0	123038.0
1354	123569.0	122939.0
1355	123607.0	123793.0
1356	124004.0	123614.0
1357	123398.0	123273.0
1358	123256.0	123648.0
1359	123243.0	123732.0
1360	123156.0	123710.0
1361	124032.0	123708.0
1362	123659.0	124085.0
1363	123441.0	123881.0
1364	123536.0	123531.0
1365	124120.0	124030.0
1366	123031.0	123627.0
1367	123378.0	123688.0
1368	123519.0	123751.0
1369	123079.0	123543.0
1370	123114.0	124174.0
1371	123745.0	123579.0
1372	123584.0	123351.0
1373	123754.0	123065.0
1374	122871.0	123771.0
1375	123340.0	123659.0
1376	122733.0	123470.0
1377	123026.0	123659.0
1378	123951.0	123915.0
1379	123878.0	123698.0
1380	124015.0	123634.0
1381	123688.0	123114.0
1382	123626.0	124026.0
1383	123511.0	123991.0
1384	122844.0	123054.0
1385	123357.0	123507.0
1386	123868.0	123946.0
1387	123431.0	123360.0
1388	123891.0	123937.0
1389	123999.0	123486.0
1390	122731.0	123651.0
1391	123566.0	123461.0
1392	123089.0	123293.0
1393	123841.0	124015.0
1394	123637.0	124414.0
1395	123189.0	123420.0
1396	123345.0	123501.0
1397	123408.0	123351.0
1398	123619.0	123729.0
1399	123128.0	123475.0
1400	123911.0	123784.0
1401	124015.0	123499.0
1402	122665.0	123818.0
1403	122937.0	123679.0
1404	123193.0	123955.0
1405	123007.0	124058.0
1406	123449.0	124055.0
1407	123304.0	123640.0
1408	123365.0	123456.0
1409	122801.0	123925.0
1410	123287.0	123617.0
1411	123309.0	124204.0
1412	123450.0	124137.0
1413	123063.0	123822.0
1414	123614.0	124051.0
1415	123757.0	124243.0
1416	123557.0	123445.0
1417	122965.0	124017.0
1418	122734.0	123520.0
1419	123069.0	123947.0
1420	123686.0	123715.0
1421	123769.0	124358.0
1422	123596.0	123546.0
1423	123688.0	124150.0
1424	123313.0	124006.0
1425	123182.0	123960.0
1426	123524.0	123718.0
1427	123099.0	123996.0
1428	123472.0	123985.0
1429	123096.0	124199.0
1430	122726.0	123797.0
1431	123564.0	123466.0
1432	123380.0	123656.0
1433	123051.0	124028.0
1434	122976.0	123495.0
1435	123481.0	123829.0
1436	123451.0	123714.0
1437	122562.0	124341.0
1438	122737.0	124176.0
1439	123199.0	124446.0
1440	122843.0	123911.0
1441	122679.0	123290.0
1442	123266.0	123897.0
1443	122749.0	123888.0
1444	122874.0	123932.0
1445	123122.0	124480.0
1446	123407.0	124027.0
1447	123299.0	124235.0
1448	123359.0	124555.0
1449	124071.0	123382.0
1450	123062.0	123792.0
1451	123151.0	123813.0
1452	123035.0	123456.0
1453	123035.0	123673.0
1454	123466.0	124051.0
1455	124109.0	124018.0
1456	123099.0	124403.0
1457	122979.0	123653.0
1458	123059.0	123514.0
1459	123366.0	124445.0
1460	123226.0	123954.0
1461	123642.0	124116.0
1462	123339.0	123295.0
1463	124226.0	123519.0
1464	124207.0	123457.0
1465	123292.0	123526.0
1466	123965.0	123882.0
1467	124010.0	124338.0
1468	123574.0	123911.0
1469	123270.0	123503.0
1470	123149.0	124003.0
1471	122889.0	124176.0
1472	122944.0	124166.0
1473	123377.0	123888.0
1474	123329.0	123694.0
1475	123484.0	123716.0
1476	123991.0	123853.0
1477	123679.0	123597.0
1478	123893.0	123957.0
1479	123277.0	123881.0
1480	123124.0	124383.0
1481	123089.0	124185.0
1482	123624.0	123634.0
1483	123168.0	123614.0
1484	122910.0	123395.0
1485	122538.0	124260.0
1486	123468.0	124026.0
1487	123227.0	123781.0
1488	123569.0	123221.0
1489	123519.0	123511.0
1490	123658.0	123117.0
1491	123591.0	123670.0
1492	123563.0	123596.0
1493	123909.0	123790.0
1494	122816.0	122892.0
1495	123468.0	123634.0
1496	123568.0	123525.0
1497	123201.0	123739.0
1498	123283.0	123743.0
1499	123888.0	124081.0
1500	123450.0	123660.0
1501	123323.0	123063.0
1502	123284.0	123237.0
1503	122633.0	123424.0
1504	122648.0	124131.0
1505	123460.0	123936.0
1506	123915.0	123215.0
1507	123312.0	123162.0
1508	123426.0	123241.0
1509	123860.0	123472.0
1510	123800.0	123945.0
1511	123333.0	123618.0
1512	124084.0	123884.0
1513	123489.0	124222.0
1514	123102.0	123286.0
1515	123147.0	123875.0
1516	123306.0	123341.0
1517	123661.0	123572.0
1518	123392.0	123974.0
1519	123161.0	123189.0
1520	123429.0	123613.0
1521	123841.0	123268.0
1522	123686.0	123379.0
1523	123831.0	123778.0
1524	123479.0	123319.0
1525	123101.0	123252.0
1526	123422.0	124179.0
1527	122994.0	123535.0
1528	123676.0	123694.0
1529	122646.0	123924.0
1530	123339.0	123444.0
1531	123344.0	123048.0
1532	123276.0	123203.0
1533	123304.0	123293.0
1534	123577.0	123279.0
1535	123534.0	123534.0
1536	123239.0	123627.0
1537	123167.0	123355.0
1538	123168.0	123970.0
1539	123303.0	122954.0
1540	123198.0	123462.0
1541	122877.0	123077.0
1542	123506.0	123706.0
1543	123382.0	123648.0
1544	124038.0	123662.0
1545	123232.0	123672.0
1546	122940.0	123214.0
1547	123231.0	122698.0
1548	123416.0	124345.0
1549	123408.0	124161.0
1550	123307.0	123187.0
1551	123536.0	122982.0
1552	123191.0	123339.0
1553	122900.0	123277.0
1554	123604.0	123459.0
1555	123147.0	123327.0
1556	122547.0	123620.0
1557	123202.0	123398.0
1558	122634.0	123505.0
1559	123199.0	123738.0
1560	122618.0	123490.0
1561	122531.0	123807.0
1562	123535.0	123340.0
1563	122893.0	123869.0
1564	123110.0	123044.0
1565	123027.0	123177.0
1566	123199.0	123484.0
1567	122703.0	123552.0
1568	122967.0	123656.0
1569	122997.0	123002.0
1570	123275.0	123512.0
1571	123334.0	123504.0
1572	123007.0	123576.0
1573	123054.0	123013.0
1574	123292.0	123362.0
1575	122957.0	123067.0
1576	123058.0	123684.0
1577	122764.0	123303.0
1578	123191.0	123316.0
1579	122628.0	123251.0
1580	123081.0	123792.0
1581	123239.0	123555.0
1582	123508.0	123096.0
1583	122931.0	123256.0
1584	123443.0	123131.0
1585	122935.0	123371.0
1586	123112.0	123318.0
1587	122836.0	123739.0
1588	122816.0	123615.0
1589	122955.0	123055.0
1590	123201.0	123823.0
1591	123208.0	123316.0
1592	123453.0	123046.0
1593	122915.0	123402.0
1594	122848.0	123141.0
1595	123277.0	123977.0
1596	122762.0	123615.0
1597	123160.0	123448.0
1598	123210.0	123159.0
1599	122486.0	123434.0
1600	122962.0	123422.0
1601	122991.0	123716.0
1602	123508.0	123535.0
1603	123323.0	123561.0
1604	123468.0	123632.0
1605	122850.0	123792.0
1606	123086.0	123347.0
1607	123419.0	123579.0
1608	123047.0	123422.0
1609	123321.0	123552.0
1610	123191.0	124107.0
1611	123214.0	123437.0
1612	123220.0	123271.0
1613	123423.0	123576.0
1614	123115.0	123588.0
1615	122121.0	123293.0
1616	122752.0	123019.0
1617	122767.0	122699.0
1618	123256.0	123697.0
1619	123428.0	123411.0
1620	123115.0	123403.0
1621	122413.0	123899.0
1622	123490.0	123601.0
1623	122915.0	123336.0
1624	123120.0	123680.0
1625	123012.0	123387.0
1626	122498.0	123304.0
1627	123362.0	123924.0
1628	122922.0	123839.0
1629	123285.0	123629.0
1630	122739.0	123831.0
1631	122920.0	123423.0
1632	122953.0	123155.0
1633	123549.0	123193.0
1634	122640.0	123593.0
1635	123656.0	123181.0
1636	123301.0	123183.0
1637	122972.0	123207.0
1638	123025.0	123722.0
1639	122773.0	124106.0
1640	123121.0	123545.0
1641	122982.0	123617.0
1642	123175.0	123697.0
1643	122319.0	123149.0
1644	123362.0	123490.0
1645	122769.0	123391.0
1646	122370.0	124125.0
1647	122399.0	124145.0
1648	122472.0	123769.0
1649	123178.0	123471.0
1650	123150.0	123758.0
1651	122697.0	123008.0
1652	123219.0	123398.0
1653	123021.0	123660.0
1654	122375.0	123049.0
1655	122592.0	123463.0
1656	123610.0	123494.0
1657	123149.0	123879.0
1658	122916.0	123118.0
1659	122955.0	123476.0
1660	122723.0	123156.0
1661	123027.0	123525.0
1662	123303.0	123106.0
1663	123281.0	123510.0
1664	123062.0	123663.0
1665	123398.0	123882.0
1666	122781.0	123111.0
1667	123457.0	123097.0
1668	123332.0	123241.0
1669	123639.0	123170.0
1670	122472.0	122845.0
1671	123111.0	124080.0
1672	122930.0	123019.0
1673	122606.0	123117.0
1674	122974.0	123593.0
1675	122761.0	123250.0
1676	122945.0	123517.0
1677	122820.0	123752.0
1678	123314.0	123690.0
1679	122957.0	124036.0
1680	122713.0	123429.0
1681	123392.0	123414.0
1682	122940.0	123258.0
1683	122986.0	123548.0
1684	123056.0	123269.0
1685	123352.0	123327.0
1686	123165.0	122819.0
1687	123338.0	123030.0
1688	123077.0	123492.0
1689	122782.0	124052.0
1690	123362.0	123133.0
1691	123028.0	123248.0
1692	124048.0	123276.0
1693	123521.0	123187.0
1694	123147.0	123185.0
1695	123139.0	122759.0
1696	123430.0	123179.0
1697	123931.0	123341.0
1698	123354.0	123415.0
1699	123347.0	122594.0
1700	123411.0	123519.0
1701	122884.0	123511.0
1702	123405.0	123697.0
1703	123261.0	123214.0
1704	123686.0	123274.0
1705	123308.0	123240.0
1706	123240.0	123027.0
1707	123538.0	123097.0
1708	123178.0	123132.0
1709	122780.0	123047.0
1710	122230.0	123155.0
1711	122554.0	123461.0
1712	123184.0	123305.0
1713	122863.0	123030.0
1714	123788.0	123123.0
1715	123302.0	123270.0
1716	122851.0	123601.0
1717	122507.0	123949.0
1718	122487.0	122867.0
1719	123034.0	123284.0
1720	123336.0	123428.0
1721	123564.0	123024.0
1722	123089.0	123449.0
1723	122978.0	123530.0
1724	122976.0	122743.0
1725	122884.0	123156.0
1726	122809.0	122782.0
1727	122927.0	123145.0
1728	123026.0	123068.0
1729	123145.0	123414.0
1730	123474.0	123591.0
1731	122421.0	123450.0
1732	123174.0	122509.0
1733	122843.0	123375.0
1734	122963.0	122745.0
1735	123192.0	123011.0
1736	122567.0	123295.0
1737	123067.0	123539.0
1738	122756.0	123201.0
1739	122944.0	123120.0
1740	123229.0	123122.0
1741	123088.0	123562.0
1742	123343.0	123262.0
1743	122816.0	122309.0
1744	122917.0	123092.0
1745	122393.0	123284.0
1746	122491.0	122500.0
1747	122814.0	122884.0
1748	123056.0	123742.0
1749	123675.0	123459.0
1750	123612.0	123405.0
1751	122810.0	123072.0
1752	123148.0	123511.0
1753	123079.0	123244.0
1754	122813.0	123955.0
1755	122313.0	122719.0
1756	122705.0	122620.0
1757	123491.0	123792.0
1758	123215.0	123282.0
1759	122879.0	123310.0
1760	122805.0	123463.0
1761	122969.0	123457.0
1762	122857.0	122887.0
1763	123371.0	123332.0
1764	122852.0	123474.0
1765	122810.0	123084.0
1766	122675.0	123114.0
1767	123014.0	123425.0
1768	122072.0	123385.0
1769	122978.0	123186.0
1770	123365.0	123401.0
1771	122311.0	123392.0
1772	122645.0	123662.0
1773	122859.0	123757.0
1774	122326.0	122817.0
1775	122765.0	123150.0
1776	123171.0	122906.0
1777	122229.0	122579.0
1778	122982.0	122775.0
1779	123242.0	123095.0
1780	123538.0	123574.0
1781	122128.0	123241.0
1782	122827.0	123146.0
1783	123042.0	122775.0
1784	122339.0	123842.0
1785	122712.0	123385.0
1786	122656.0	123027.0
1787	123059.0	123258.0
1788	122837.0	122996.0
1789	122342.0	122738.0
1790	123011.0	123286.0
1791	123323.0	123035.0
1792	123326.0	123139.0
1793	123065.0	123806.0
1794	123303.0	123229.0
1795	122934.0	123665.0
1796	122581.0	123149.0
1797	123024.0	122915.0
1798	123155.0	122846.0
1799	122356.0	122895.0
1800	122975.0	123012.0
1801	122641.0	123159.0
1802	122578.0	123508.0
1803	123573.0	123487.0
1804	123258.0	124085.0
1805	123044.0	122775.0
1806	122621.0	123733.0
1807	123347.0	123085.0
1808	122476.0	122928.0
1809	122944.0	123429.0
1810	122649.0	122910.0
1811	122961.0	122769.0
1812	123349.0	123181.0
1813	122913.0	122815.0
1814	122393.0	123171.0
1815	122545.0	123523.0
1816	122725.0	123017.0
1817	122445.0	122497.0
1818	123046.0	122893.0
1819	123375.0	123622.0
1820	123437.0	123319.0
1821	122835.0	123144.0
1822	122919.0	123105.0
1823	122594.0	123025.0
1824	122688.0	122867.0
1825	123394.0	122531.0
1826	122973.0	123270.0
1827	122232.0	123577.0
1828	123207.0	123795.0
1829	122819.0	123279.0
1830	123063.0	123153.0
1831	123199.0	122871.0
1832	122732.0	122875.0
1833	122755.0	123043.0
1834	122928.0	123307.0
1835	122799.0	123402.0
1836	122888.0	123578.0
1837	122928.0	123213.0
1838	123432.0	123196.0
1839	123537.0	122656.0
1840	123392.0	122773.0
1841	123617.0	123522.0
1842	122838.0	122706.0
1843	122706.0	123310.0
1844	122749.0	123702.0
1845	123000.0	122695.0
1846	122639.0	123230.0
1847	122858.0	123096.0
1848	122865.0	123812.0
1849	122591.0	123162.0
1850	122166.0	123624.0
1851	122315.0	123408.0
1852	123047.0	123303.0
1853	123139.0	123320.0
1854	123411.0	123094.0
1855	123107.0	123659.0
1856	122930.0	123132.0
1857	122764.0	122732.0
1858	122608.0	123353.0
1859	123079.0	123119.0
1860	122674.0	122859.0
1861	123005.0	123338.0
1862	122812.0	122668.0
1863	122907.0	122637.0
1864	122686.0	123164.0
1865	123165.0	122660.0
1866	122636.0	123366.0
1867	123135.0	123206.0
1868	122758.0	122710.0
1869	123074.0	122880.0
1870	123083.0	122792.0
1871	122657.0	122476.0
1872	122815.0	123311.0
1873	122686.0	123145.0
1874	122538.0	123134.0
1875	122697.0	123300.0
1876	122407.0	123260.0
1877	122751.0	123363.0
1878	122511.0	123164.0
1879	122737.0	123111.0
1880	122331.0	123354.0
1881	123256.0	123397.0
1882	122878.0	123402.0
1883	123485.0	123395.0
1884	122671.0	122907.0
1885	122319.0	123194.0
1886	122669.0	122909.0
1887	123117.0	122938.0
1888	122577.0	123684.0
1889	122987.0	122905.0
1890	122947.0	122903.0
1891	123221.0	122809.0
1892	123257.0	123121.0
1893	123023.0	123016.0
1894	122703.0	123942.0
1895	122111.0	123000.0
1896	122712.0	122424.0
1897	122813.0	123076.0
1898	122759.0	122971.0
1899	122749.0	122412.0
1900	122598.0	122891.0
1901	122592.0	123170.0
1902	122765.0	123067.0
1903	122411.0	122591.0
1904	122378.0	123243.0
1905	122769.0	122856.0
1906	122914.0	122490.0
1907	122959.0	122965.0
1908	122500.0	122707.0
1909	122945.0	123274.0
1910	122904.0	123415.0
1911	123115.0	122953.0
1912	122477.0	123607.0
1913	122387.0	123193.0
1914	122483.0	123074.0
1915	122474.0	122834.0
1916	122588.0	123470.0
1917	123177.0	123044.0
1918	122465.0	122943.0
1919	122963.0	123036.0
1920	123356.0	122837.0
1921	122546.0	123058.0
1922	122934.0	123129.0
1923	122607.0	122792.0
1924	122257.0	122774.0
1925	122580.0	122753.0
1926	121905.0	122792.0
1927	122810.0	122927.0
1928	122885.0	123178.0
1929	122554.0	122852.0
1930	122451.0	123213.0
1931	122919.0	122922.0
1932	122167.0	122708.0
1933	121835.0	122668.0
1934	122499.0	123548.0
1935	123333.0	122984.0
1936	122706.0	122921.0
1937	122161.0	122782.0
1938	122103.0	123825.0
1939	122292.0	123095.0
1940	122990.0	122470.0
1941	122909.0	123401.0
1942	122680.0	122671.0
1943	122575.0	123013.0
1944	122665.0	123127.0
1945	123148.0	123539.0
1946	121983.0	122808.0
1947	122855.0	123376.0
1948	122575.0	122734.0
1949	122558.0	122272.0
1950	123227.0	122661.0
1951	123085.0	122917.0
1952	122639.0	123033.0
1953	122883.0	122098.0
1954	123065.0	122598.0
1955	122640.0	123190.0
1956	123148.0	122654.0
1957	122582.0	123005.0
1958	122769.0	123435.0
1959	122611.0	122816.0
1960	122768.0	122500.0
1961	123108.0	123183.0
1962	122157.0	123105.0
1963	122423.0	123033.0
1964	122320.0	123165.0
1965	122208.0	122612.0
1966	122561.0	123470.0
1967	122655.0	122636.0
1968	122598.0	123019.0
1969	122327.0	122554.0
1970	122550.0	123783.0
1971	122451.0	122773.0
1972	122034.0	123059.0
1973	122769.0	122510.0
1974	122165.0	123268.0
1975	122420.0	122606.0
1976	122621.0	122742.0
1977	122124.0	122912.0
1978	122408.0	123079.0
1979	122211.0	122940.0
1980	122148.0	122756.0
1981	122406.0	122861.0
1982	122362.0	123189.0
1983	122654.0	123212.0
1984	122601.0	122945.0
1985	122918.0	123136.0
1986	122245.0	123060.0
1987	122129.0	122880.0
1988	122948.0	123057.0
1989	123221.0	122845.0
1990	122697.0	123052.0
1991	122688.0	122972.0
1992	122603.0	122916.0
1993	122451.0	122834.0
1994	122365.0	122871.0
1995	123041.0	123298.0
1996	122741.0	123130.0
1997	122201.0	123026.0
1998	122824.0	122600.0
1999	122661.0	122626.0
