Distance in bp(Fragment Length Estimate: 132)(Peak Width Estimate: 132)	Same Strand (+ for Watson strand, - for Crick)	Opposite Strand
-2000	121366.0	121008.0
-1999	121458.0	121235.0
-1998	121615.0	120854.0
-1997	121456.0	120841.0
-1996	121354.0	121343.0
-1995	121959.0	121403.0
-1994	121961.0	121087.0
-1993	121398.0	121348.0
-1992	122004.0	121499.0
-1991	121617.0	121003.0
-1990	122436.0	120985.0
-1989	121405.0	121832.0
-1988	121586.0	121832.0
-1987	121916.0	121204.0
-1986	121993.0	121770.0
-1985	121623.0	121451.0
-1984	122026.0	120959.0
-1983	122140.0	121172.0
-1982	122048.0	121546.0
-1981	122263.0	121006.0
-1980	121610.0	121423.0
-1979	122407.0	121709.0
-1978	122133.0	121530.0
-1977	121651.0	121611.0
-1976	122158.0	121113.0
-1975	121346.0	121697.0
-1974	122090.0	121452.0
-1973	121887.0	121988.0
-1972	121288.0	121611.0
-1971	121785.0	121368.0
-1970	121426.0	121731.0
-1969	121975.0	121584.0
-1968	122059.0	121402.0
-1967	121898.0	121113.0
-1966	121388.0	121460.0
-1965	121830.0	120940.0
-1964	121848.0	121749.0
-1963	121839.0	121303.0
-1962	122241.0	121642.0
-1961	121600.0	121339.0
-1960	121631.0	121656.0
-1959	122409.0	121829.0
-1958	121238.0	121037.0
-1957	121192.0	121478.0
-1956	121713.0	122360.0
-1955	121600.0	121246.0
-1954	121847.0	121420.0
-1953	121678.0	121532.0
-1952	122617.0	121296.0
-1951	121967.0	121029.0
-1950	122375.0	121168.0
-1949	121886.0	121278.0
-1948	121690.0	121270.0
-1947	121739.0	120763.0
-1946	122057.0	121308.0
-1945	122062.0	121771.0
-1944	122281.0	121540.0
-1943	121793.0	122277.0
-1942	122056.0	121761.0
-1941	121846.0	121224.0
-1940	122143.0	121277.0
-1939	121553.0	121646.0
-1938	121978.0	121449.0
-1937	121561.0	121493.0
-1936	121661.0	121706.0
-1935	121327.0	121437.0
-1934	122281.0	121163.0
-1933	122413.0	121740.0
-1932	122079.0	121687.0
-1931	121206.0	121764.0
-1930	121747.0	121803.0
-1929	121876.0	121832.0
-1928	122288.0	121084.0
-1927	121519.0	121749.0
-1926	121521.0	122187.0
-1925	121652.0	121093.0
-1924	121842.0	121918.0
-1923	121796.0	121903.0
-1922	121305.0	121184.0
-1921	121450.0	121908.0
-1920	121590.0	122036.0
-1919	121752.0	121319.0
-1918	122347.0	121694.0
-1917	121385.0	121461.0
-1916	122471.0	121663.0
-1915	122502.0	121331.0
-1914	121733.0	121414.0
-1913	122011.0	121711.0
-1912	121662.0	121450.0
-1911	121817.0	121905.0
-1910	121967.0	120956.0
-1909	121987.0	121557.0
-1908	121616.0	122017.0
-1907	121788.0	121350.0
-1906	122234.0	122105.0
-1905	121779.0	121315.0
-1904	122235.0	121452.0
-1903	122116.0	121904.0
-1902	122096.0	121377.0
-1901	121734.0	121359.0
-1900	121926.0	121063.0
-1899	121876.0	121699.0
-1898	121528.0	121377.0
-1897	121599.0	122235.0
-1896	122373.0	121269.0
-1895	121628.0	121313.0
-1894	122342.0	121516.0
-1893	121596.0	121280.0
-1892	121853.0	121781.0
-1891	121811.0	121416.0
-1890	121638.0	121459.0
-1889	121439.0	121553.0
-1888	121771.0	121794.0
-1887	121405.0	121687.0
-1886	121847.0	121306.0
-1885	121823.0	121652.0
-1884	122298.0	121634.0
-1883	122559.0	122271.0
-1882	122309.0	121732.0
-1881	121957.0	121779.0
-1880	122003.0	122286.0
-1879	121893.0	121360.0
-1878	121901.0	121817.0
-1877	122122.0	121640.0
-1876	121924.0	121302.0
-1875	121548.0	121946.0
-1874	122124.0	121624.0
-1873	122234.0	121787.0
-1872	122516.0	121629.0
-1871	122084.0	121536.0
-1870	121666.0	121695.0
-1869	121791.0	121968.0
-1868	121448.0	121906.0
-1867	121590.0	121881.0
-1866	122240.0	121598.0
-1865	122207.0	121588.0
-1864	121881.0	121712.0
-1863	122211.0	121946.0
-1862	121364.0	122092.0
-1861	121958.0	121379.0
-1860	122331.0	121778.0
-1859	121524.0	121730.0
-1858	121798.0	121833.0
-1857	122163.0	121368.0
-1856	121110.0	121628.0
-1855	122280.0	122162.0
-1854	122590.0	121601.0
-1853	122375.0	121856.0
-1852	121998.0	121686.0
-1851	122089.0	122318.0
-1850	121819.0	121865.0
-1849	121750.0	121535.0
-1848	122049.0	121892.0
-1847	122255.0	121211.0
-1846	121574.0	121975.0
-1845	121836.0	121433.0
-1844	121966.0	121505.0
-1843	121815.0	121555.0
-1842	122080.0	121423.0
-1841	121345.0	122377.0
-1840	121774.0	121475.0
-1839	122310.0	121511.0
-1838	122098.0	121772.0
-1837	121836.0	121826.0
-1836	121712.0	122480.0
-1835	121620.0	121924.0
-1834	121957.0	121585.0
-1833	122059.0	121708.0
-1832	121951.0	121505.0
-1831	122138.0	122132.0
-1830	122507.0	122138.0
-1829	122004.0	121757.0
-1828	121555.0	122000.0
-1827	121756.0	122231.0
-1826	122339.0	122007.0
-1825	121935.0	122291.0
-1824	121881.0	121823.0
-1823	122497.0	121424.0
-1822	121738.0	121849.0
-1821	122111.0	122305.0
-1820	122323.0	121684.0
-1819	122163.0	121679.0
-1818	122903.0	121522.0
-1817	121943.0	122279.0
-1816	122346.0	121255.0
-1815	122227.0	122015.0
-1814	121490.0	121773.0
-1813	122416.0	121741.0
-1812	122166.0	122105.0
-1811	121754.0	122478.0
-1810	122508.0	121988.0
-1809	121620.0	121878.0
-1808	122719.0	121438.0
-1807	121977.0	121855.0
-1806	122089.0	121746.0
-1805	121863.0	121345.0
-1804	122181.0	121807.0
-1803	122097.0	122098.0
-1802	121501.0	121799.0
-1801	122569.0	121343.0
-1800	121937.0	121389.0
-1799	122243.0	121592.0
-1798	122002.0	122148.0
-1797	122103.0	121579.0
-1796	122306.0	122281.0
-1795	122416.0	121862.0
-1794	122580.0	121970.0
-1793	121108.0	121393.0
-1792	122356.0	121181.0
-1791	122099.0	121581.0
-1790	122238.0	122008.0
-1789	122091.0	121693.0
-1788	122208.0	122722.0
-1787	122259.0	122056.0
-1786	121943.0	121971.0
-1785	122375.0	121591.0
-1784	121695.0	121861.0
-1783	121715.0	121911.0
-1782	122126.0	122114.0
-1781	122283.0	121777.0
-1780	121771.0	122077.0
-1779	121999.0	122058.0
-1778	122400.0	121979.0
-1777	121980.0	121482.0
-1776	121712.0	121848.0
-1775	121901.0	121650.0
-1774	122284.0	121289.0
-1773	122083.0	121733.0
-1772	121554.0	121629.0
-1771	122280.0	122538.0
-1770	122103.0	121819.0
-1769	122267.0	122509.0
-1768	122053.0	121561.0
-1767	121954.0	122357.0
-1766	122735.0	121464.0
-1765	121936.0	121735.0
-1764	122179.0	121367.0
-1763	122514.0	121523.0
-1762	121714.0	122107.0
-1761	121927.0	121524.0
-1760	122177.0	122045.0
-1759	122296.0	122410.0
-1758	121657.0	122440.0
-1757	122852.0	122471.0
-1756	122219.0	122577.0
-1755	122032.0	121996.0
-1754	121997.0	122366.0
-1753	121945.0	121782.0
-1752	122200.0	121682.0
-1751	122280.0	122401.0
-1750	122374.0	121996.0
-1749	122283.0	122439.0
-1748	122320.0	121834.0
-1747	121985.0	121973.0
-1746	122677.0	121948.0
-1745	122765.0	121955.0
-1744	122846.0	122091.0
-1743	122256.0	122235.0
-1742	122136.0	121807.0
-1741	122474.0	122184.0
-1740	122174.0	122440.0
-1739	122206.0	121655.0
-1738	122401.0	122544.0
-1737	121959.0	122417.0
-1736	122058.0	121688.0
-1735	122368.0	122227.0
-1734	121704.0	122279.0
-1733	122353.0	121736.0
-1732	121777.0	121885.0
-1731	122482.0	122144.0
-1730	122397.0	121902.0
-1729	122121.0	122538.0
-1728	122396.0	122166.0
-1727	122585.0	121830.0
-1726	121551.0	122552.0
-1725	122518.0	122520.0
-1724	122044.0	121940.0
-1723	123049.0	122234.0
-1722	122018.0	122091.0
-1721	122257.0	121891.0
-1720	122338.0	122701.0
-1719	122267.0	121863.0
-1718	122147.0	122335.0
-1717	122179.0	121918.0
-1716	121482.0	122610.0
-1715	122340.0	122782.0
-1714	122017.0	121890.0
-1713	122401.0	122176.0
-1712	122014.0	122287.0
-1711	122241.0	121821.0
-1710	122190.0	122138.0
-1709	122085.0	122117.0
-1708	121810.0	122989.0
-1707	122102.0	121558.0
-1706	122401.0	122271.0
-1705	122466.0	122434.0
-1704	122229.0	122574.0
-1703	122394.0	121099.0
-1702	122711.0	122277.0
-1701	122273.0	122319.0
-1700	121182.0	121633.0
-1699	122502.0	121939.0
-1698	122798.0	122513.0
-1697	122175.0	121826.0
-1696	122013.0	121420.0
-1695	122420.0	122182.0
-1694	122406.0	121621.0
-1693	122626.0	122118.0
-1692	122476.0	122447.0
-1691	122569.0	122009.0
-1690	122936.0	121651.0
-1689	122671.0	121445.0
-1688	122234.0	121478.0
-1687	122614.0	122103.0
-1686	122381.0	122175.0
-1685	122261.0	121931.0
-1684	122244.0	122369.0
-1683	122637.0	121910.0
-1682	122248.0	121408.0
-1681	122517.0	122512.0
-1680	122303.0	121789.0
-1679	122419.0	121937.0
-1678	122535.0	122323.0
-1677	121823.0	122212.0
-1676	122038.0	122230.0
-1675	122143.0	122309.0
-1674	122466.0	122400.0
-1673	122085.0	121763.0
-1672	122301.0	121956.0
-1671	122592.0	121646.0
-1670	122492.0	121854.0
-1669	122390.0	122040.0
-1668	122437.0	122224.0
-1667	122527.0	121618.0
-1666	122179.0	122175.0
-1665	122254.0	122042.0
-1664	122262.0	122409.0
-1663	121900.0	122110.0
-1662	122336.0	122117.0
-1661	122579.0	121948.0
-1660	122524.0	122619.0
-1659	122220.0	122728.0
-1658	122766.0	122460.0
-1657	122469.0	122129.0
-1656	123146.0	122559.0
-1655	122541.0	122071.0
-1654	122747.0	122381.0
-1653	122396.0	122281.0
-1652	122725.0	122165.0
-1651	122107.0	121790.0
-1650	122981.0	121661.0
-1649	122692.0	122121.0
-1648	122210.0	121417.0
-1647	122608.0	122311.0
-1646	122524.0	122335.0
-1645	122326.0	122238.0
-1644	122446.0	122255.0
-1643	122626.0	121736.0
-1642	122245.0	122814.0
-1641	122669.0	122421.0
-1640	122692.0	121187.0
-1639	122064.0	122272.0
-1638	122341.0	122107.0
-1637	122558.0	122055.0
-1636	122688.0	122129.0
-1635	122634.0	121911.0
-1634	122073.0	122474.0
-1633	122481.0	122297.0
-1632	122763.0	122398.0
-1631	123049.0	122247.0
-1630	122464.0	121918.0
-1629	122696.0	122173.0
-1628	122848.0	122450.0
-1627	121850.0	121429.0
-1626	122303.0	122607.0
-1625	121894.0	122240.0
-1624	122182.0	121866.0
-1623	121947.0	122225.0
-1622	122367.0	122230.0
-1621	122102.0	121995.0
-1620	123046.0	122321.0
-1619	121720.0	122289.0
-1618	122639.0	121863.0
-1617	122471.0	122653.0
-1616	122547.0	122798.0
-1615	122201.0	122251.0
-1614	122276.0	121636.0
-1613	122609.0	122352.0
-1612	122936.0	122415.0
-1611	122278.0	122577.0
-1610	122589.0	122108.0
-1609	122540.0	122838.0
-1608	122354.0	122445.0
-1607	122586.0	122262.0
-1606	122808.0	122779.0
-1605	123018.0	122204.0
-1604	122383.0	122156.0
-1603	121989.0	122262.0
-1602	122137.0	122149.0
-1601	122258.0	122091.0
-1600	122623.0	122377.0
-1599	122670.0	122215.0
-1598	122309.0	122276.0
-1597	122667.0	122071.0
-1596	121968.0	122522.0
-1595	122417.0	122192.0
-1594	121837.0	122375.0
-1593	122905.0	122750.0
-1592	122162.0	122181.0
-1591	122455.0	122508.0
-1590	122516.0	122451.0
-1589	122655.0	122549.0
-1588	122464.0	122065.0
-1587	122557.0	122237.0
-1586	122437.0	122193.0
-1585	122612.0	122474.0
-1584	122507.0	122393.0
-1583	122408.0	122427.0
-1582	122693.0	122991.0
-1581	122649.0	121959.0
-1580	122509.0	122242.0
-1579	123055.0	122214.0
-1578	123462.0	122243.0
-1577	122348.0	121711.0
-1576	122540.0	121899.0
-1575	122592.0	122788.0
-1574	122752.0	122737.0
-1573	122444.0	121813.0
-1572	122725.0	122311.0
-1571	122966.0	122583.0
-1570	122433.0	122634.0
-1569	122477.0	121967.0
-1568	121834.0	122300.0
-1567	122603.0	122759.0
-1566	122309.0	122143.0
-1565	122916.0	122171.0
-1564	122396.0	122803.0
-1563	123125.0	122434.0
-1562	122455.0	122326.0
-1561	122316.0	122645.0
-1560	122827.0	122573.0
-1559	122731.0	122414.0
-1558	122227.0	122553.0
-1557	122838.0	122630.0
-1556	122097.0	122596.0
-1555	122558.0	122731.0
-1554	122148.0	123011.0
-1553	122856.0	122713.0
-1552	123074.0	122553.0
-1551	122875.0	122635.0
-1550	122710.0	122147.0
-1549	122639.0	122253.0
-1548	122706.0	122180.0
-1547	121992.0	122281.0
-1546	122447.0	122616.0
-1545	123171.0	122463.0
-1544	123014.0	122187.0
-1543	123024.0	122590.0
-1542	123274.0	122820.0
-1541	122226.0	122461.0
-1540	122815.0	122383.0
-1539	122848.0	122202.0
-1538	122726.0	122438.0
-1537	122679.0	122570.0
-1536	122936.0	122983.0
-1535	122962.0	122473.0
-1534	122833.0	122324.0
-1533	122639.0	122401.0
-1532	122736.0	122607.0
-1531	122843.0	122255.0
-1530	123034.0	122604.0
-1529	122925.0	122234.0
-1528	122704.0	122560.0
-1527	122882.0	122441.0
-1526	123081.0	122576.0
-1525	122256.0	122514.0
-1524	123092.0	122231.0
-1523	123120.0	121713.0
-1522	122781.0	121891.0
-1521	123145.0	121716.0
-1520	122661.0	122600.0
-1519	122484.0	122536.0
-1518	122318.0	122549.0
-1517	122663.0	122491.0
-1516	122600.0	122344.0
-1515	123062.0	123155.0
-1514	122768.0	122494.0
-1513	123043.0	122495.0
-1512	123097.0	122284.0
-1511	123304.0	122500.0
-1510	123000.0	122518.0
-1509	123043.0	122381.0
-1508	122709.0	122638.0
-1507	122975.0	122747.0
-1506	123206.0	122463.0
-1505	122558.0	122422.0
-1504	122775.0	122567.0
-1503	123033.0	122724.0
-1502	123348.0	122262.0
-1501	122506.0	122716.0
-1500	123072.0	122359.0
-1499	122872.0	122438.0
-1498	123234.0	122638.0
-1497	123176.0	122539.0
-1496	122779.0	122673.0
-1495	122509.0	122809.0
-1494	123010.0	122358.0
-1493	122989.0	122740.0
-1492	123224.0	122899.0
-1491	123051.0	121737.0
-1490	123609.0	121553.0
-1489	123155.0	122664.0
-1488	123259.0	122612.0
-1487	122520.0	122103.0
-1486	122753.0	122340.0
-1485	122848.0	121988.0
-1484	123072.0	122256.0
-1483	122796.0	123058.0
-1482	123677.0	121786.0
-1481	122967.0	122373.0
-1480	122543.0	122267.0
-1479	122405.0	122458.0
-1478	122942.0	122100.0
-1477	122745.0	122715.0
-1476	123072.0	122479.0
-1475	122566.0	122177.0
-1474	122737.0	122321.0
-1473	122932.0	122099.0
-1472	122863.0	122105.0
-1471	122603.0	122862.0
-1470	122991.0	122154.0
-1469	122559.0	122792.0
-1468	122758.0	122490.0
-1467	122809.0	122735.0
-1466	122546.0	122300.0
-1465	122668.0	122207.0
-1464	123464.0	122128.0
-1463	122814.0	122428.0
-1462	122527.0	122170.0
-1461	122936.0	121986.0
-1460	123357.0	122734.0
-1459	123113.0	122136.0
-1458	123155.0	122822.0
-1457	123050.0	121801.0
-1456	122454.0	122687.0
-1455	122921.0	122952.0
-1454	123208.0	122065.0
-1453	122850.0	122213.0
-1452	122973.0	122857.0
-1451	122832.0	122695.0
-1450	122909.0	122586.0
-1449	122904.0	122915.0
-1448	122598.0	122464.0
-1447	122908.0	123068.0
-1446	122564.0	122596.0
-1445	122677.0	122250.0
-1444	122165.0	122717.0
-1443	122369.0	122885.0
-1442	122399.0	123374.0
-1441	122883.0	122043.0
-1440	123612.0	122655.0
-1439	123351.0	122080.0
-1438	123129.0	122576.0
-1437	122860.0	122561.0
-1436	123169.0	122608.0
-1435	122926.0	123096.0
-1434	122803.0	122857.0
-1433	123047.0	122717.0
-1432	122515.0	122605.0
-1431	123362.0	122513.0
-1430	122349.0	122765.0
-1429	122196.0	122243.0
-1428	122890.0	123545.0
-1427	122496.0	122791.0
-1426	122411.0	122448.0
-1425	123221.0	122813.0
-1424	122891.0	122445.0
-1423	122410.0	122717.0
-1422	122698.0	122049.0
-1421	122623.0	122659.0
-1420	122856.0	122870.0
-1419	122764.0	122615.0
-1418	122459.0	122902.0
-1417	122809.0	123167.0
-1416	122719.0	122996.0
-1415	122968.0	122379.0
-1414	123169.0	123239.0
-1413	122716.0	122482.0
-1412	123079.0	122402.0
-1411	122802.0	122274.0
-1410	123175.0	122951.0
-1409	122688.0	122747.0
-1408	122147.0	122943.0
-1407	122643.0	123559.0
-1406	122771.0	123231.0
-1405	123013.0	122967.0
-1404	123429.0	123108.0
-1403	122918.0	123328.0
-1402	122399.0	123681.0
-1401	123265.0	122963.0
-1400	122767.0	123091.0
-1399	122849.0	123033.0
-1398	122937.0	122509.0
-1397	123051.0	122195.0
-1396	123241.0	123330.0
-1395	122729.0	122748.0
-1394	122717.0	122895.0
-1393	122425.0	122668.0
-1392	122938.0	122912.0
-1391	122988.0	123536.0
-1390	123027.0	123448.0
-1389	123127.0	123293.0
-1388	122498.0	123069.0
-1387	122759.0	122726.0
-1386	123039.0	123380.0
-1385	122934.0	123552.0
-1384	123799.0	123274.0
-1383	123574.0	123250.0
-1382	123795.0	123273.0
-1381	123277.0	123166.0
-1380	122842.0	122934.0
-1379	122750.0	122836.0
-1378	123255.0	122751.0
-1377	123489.0	122938.0
-1376	122878.0	122928.0
-1375	123298.0	122805.0
-1374	123745.0	122611.0
-1373	123633.0	122755.0
-1372	123469.0	123371.0
-1371	122910.0	122834.0
-1370	122746.0	122959.0
-1369	122675.0	123566.0
-1368	123157.0	123396.0
-1367	123003.0	123304.0
-1366	122694.0	123403.0
-1365	122881.0	122923.0
-1364	123351.0	122812.0
-1363	123107.0	122917.0
-1362	123653.0	123090.0
-1361	123183.0	122778.0
-1360	123254.0	123204.0
-1359	123100.0	122900.0
-1358	123577.0	123016.0
-1357	123198.0	122556.0
-1356	123436.0	123042.0
-1355	123272.0	123144.0
-1354	123246.0	123099.0
-1353	123044.0	122611.0
-1352	123680.0	122889.0
-1351	123777.0	123179.0
-1350	123699.0	123067.0
-1349	123572.0	122833.0
-1348	123522.0	122392.0
-1347	123343.0	122368.0
-1346	123158.0	122697.0
-1345	123066.0	123378.0
-1344	123716.0	123437.0
-1343	123145.0	123021.0
-1342	123337.0	122392.0
-1341	123334.0	122758.0
-1340	122757.0	122399.0
-1339	122320.0	123339.0
-1338	123566.0	123278.0
-1337	123489.0	123424.0
-1336	123741.0	122755.0
-1335	123481.0	123173.0
-1334	123264.0	122819.0
-1333	123405.0	123049.0
-1332	123487.0	122578.0
-1331	123277.0	122337.0
-1330	122745.0	122916.0
-1329	122396.0	122589.0
-1328	122984.0	122205.0
-1327	123168.0	123137.0
-1326	122896.0	123147.0
-1325	123497.0	122545.0
-1324	123377.0	122545.0
-1323	123640.0	122873.0
-1322	123401.0	123005.0
-1321	122694.0	122862.0
-1320	123269.0	123045.0
-1319	123651.0	122907.0
-1318	122972.0	122606.0
-1317	123359.0	122369.0
-1316	123675.0	121940.0
-1315	123028.0	122862.0
-1314	123531.0	123209.0
-1313	123696.0	122864.0
-1312	122311.0	123246.0
-1311	123415.0	123279.0
-1310	123291.0	122819.0
-1309	123454.0	123210.0
-1308	123395.0	123069.0
-1307	123527.0	122604.0
-1306	122874.0	123019.0
-1305	123136.0	122215.0
-1304	123187.0	123306.0
-1303	123052.0	122995.0
-1302	123229.0	122439.0
-1301	123487.0	122913.0
-1300	123697.0	123350.0
-1299	123286.0	122458.0
-1298	123066.0	122861.0
-1297	122890.0	123506.0
-1296	123330.0	123246.0
-1295	123436.0	122422.0
-1294	123051.0	123254.0
-1293	123445.0	122856.0
-1292	123018.0	122610.0
-1291	123426.0	122555.0
-1290	123247.0	122593.0
-1289	123015.0	122799.0
-1288	123785.0	122797.0
-1287	123070.0	122911.0
-1286	122898.0	122760.0
-1285	123205.0	123029.0
-1284	123050.0	123406.0
-1283	122928.0	122451.0
-1282	122872.0	122940.0
-1281	123425.0	122772.0
-1280	122990.0	123185.0
-1279	124119.0	122995.0
-1278	123614.0	122770.0
-1277	123164.0	123014.0
-1276	123215.0	122667.0
-1275	122969.0	122391.0
-1274	123782.0	122882.0
-1273	123094.0	122714.0
-1272	122990.0	122848.0
-1271	122845.0	122865.0
-1270	123555.0	122997.0
-1269	123696.0	122798.0
-1268	123275.0	122800.0
-1267	123314.0	123043.0
-1266	123323.0	122991.0
-1265	123058.0	122831.0
-1264	123260.0	122770.0
-1263	123296.0	123437.0
-1262	123017.0	122706.0
-1261	122845.0	122889.0
-1260	123052.0	122853.0
-1259	123358.0	122587.0
-1258	122457.0	123254.0
-1257	123006.0	124052.0
-1256	122723.0	123178.0
-1255	122945.0	122986.0
-1254	123150.0	122899.0
-1253	122990.0	123160.0
-1252	123074.0	123539.0
-1251	123668.0	122852.0
-1250	123606.0	122894.0
-1249	123201.0	123130.0
-1248	123063.0	123016.0
-1247	123547.0	122723.0
-1246	122935.0	123065.0
-1245	123378.0	123550.0
-1244	123438.0	123316.0
-1243	123233.0	122069.0
-1242	123137.0	122753.0
-1241	122907.0	123375.0
-1240	123124.0	123129.0
-1239	123024.0	123474.0
-1238	123172.0	123099.0
-1237	122940.0	123681.0
-1236	123047.0	123390.0
-1235	122292.0	123399.0
-1234	122852.0	123625.0
-1233	123224.0	123180.0
-1232	122791.0	122968.0
-1231	123027.0	123277.0
-1230	123522.0	123098.0
-1229	122557.0	122854.0
-1228	122888.0	123887.0
-1227	123676.0	123302.0
-1226	123218.0	123255.0
-1225	124022.0	123861.0
-1224	123436.0	123344.0
-1223	123181.0	123382.0
-1222	123572.0	123705.0
-1221	123753.0	123592.0
-1220	123360.0	123629.0
-1219	123391.0	123656.0
-1218	123353.0	123061.0
-1217	123194.0	123398.0
-1216	123263.0	122805.0
-1215	122821.0	124024.0
-1214	123468.0	123304.0
-1213	123612.0	123470.0
-1212	123237.0	123076.0
-1211	122979.0	123234.0
-1210	123449.0	123131.0
-1209	123437.0	124156.0
-1208	123398.0	123591.0
-1207	123687.0	124135.0
-1206	123778.0	123232.0
-1205	123849.0	123825.0
-1204	123892.0	124151.0
-1203	122865.0	123357.0
-1202	123440.0	123804.0
-1201	123258.0	123669.0
-1200	123517.0	122972.0
-1199	123702.0	123175.0
-1198	123045.0	123109.0
-1197	123819.0	123711.0
-1196	123196.0	123819.0
-1195	123319.0	123577.0
-1194	123885.0	123367.0
-1193	123595.0	123093.0
-1192	123595.0	123420.0
-1191	124337.0	123319.0
-1190	123800.0	123172.0
-1189	123475.0	123356.0
-1188	124061.0	123072.0
-1187	124106.0	123887.0
-1186	123754.0	123762.0
-1185	123906.0	122964.0
-1184	123797.0	122928.0
-1183	123599.0	123440.0
-1182	123597.0	123538.0
-1181	123652.0	123399.0
-1180	123546.0	123507.0
-1179	123608.0	123550.0
-1178	123362.0	123095.0
-1177	123752.0	123840.0
-1176	124151.0	123462.0
-1175	123331.0	123029.0
-1174	123662.0	123042.0
-1173	124214.0	123469.0
-1172	123933.0	123610.0
-1171	124007.0	124027.0
-1170	123806.0	122910.0
-1169	123770.0	123521.0
-1168	123700.0	123261.0
-1167	124038.0	123197.0
-1166	123735.0	123261.0
-1165	123566.0	123494.0
-1164	123831.0	123264.0
-1163	123491.0	122975.0
-1162	123553.0	123552.0
-1161	124087.0	123417.0
-1160	123809.0	123538.0
-1159	123958.0	123530.0
-1158	124341.0	123073.0
-1157	123761.0	122632.0
-1156	124403.0	123221.0
-1155	123868.0	123373.0
-1154	123859.0	122789.0
-1153	123441.0	123495.0
-1152	124390.0	123287.0
-1151	123955.0	122905.0
-1150	123699.0	123214.0
-1149	123914.0	123209.0
-1148	123409.0	122916.0
-1147	123554.0	123170.0
-1146	123876.0	123208.0
-1145	123191.0	123579.0
-1144	123330.0	124265.0
-1143	123555.0	124139.0
-1142	123241.0	123363.0
-1141	123651.0	123580.0
-1140	123859.0	123606.0
-1139	123174.0	123004.0
-1138	123958.0	123773.0
-1137	124085.0	123555.0
-1136	123443.0	122547.0
-1135	124083.0	122736.0
-1134	123582.0	123475.0
-1133	123607.0	123103.0
-1132	123756.0	123718.0
-1131	124060.0	123457.0
-1130	123338.0	122713.0
-1129	123096.0	123754.0
-1128	123492.0	123609.0
-1127	123433.0	123002.0
-1126	123591.0	123254.0
-1125	123304.0	122981.0
-1124	123446.0	122771.0
-1123	124003.0	123601.0
-1122	123656.0	122825.0
-1121	123030.0	123168.0
-1120	123189.0	123383.0
-1119	123224.0	122976.0
-1118	123294.0	123298.0
-1117	123285.0	123545.0
-1116	123337.0	123739.0
-1115	123345.0	123389.0
-1114	123658.0	123593.0
-1113	123674.0	123161.0
-1112	123991.0	123323.0
-1111	123622.0	123253.0
-1110	123201.0	123100.0
-1109	123633.0	123587.0
-1108	123733.0	123672.0
-1107	123418.0	124072.0
-1106	123137.0	123686.0
-1105	122907.0	123184.0
-1104	123581.0	124231.0
-1103	123459.0	123331.0
-1102	123375.0	122845.0
-1101	124368.0	123361.0
-1100	122723.0	122429.0
-1099	123327.0	123705.0
-1098	123324.0	123842.0
-1097	123266.0	123665.0
-1096	123032.0	124117.0
-1095	124178.0	123622.0
-1094	122989.0	123274.0
-1093	123778.0	123798.0
-1092	123538.0	123678.0
-1091	123393.0	123047.0
-1090	123381.0	123751.0
-1089	123592.0	123374.0
-1088	123313.0	123373.0
-1087	123570.0	123430.0
-1086	123680.0	123320.0
-1085	123545.0	123304.0
-1084	124021.0	123487.0
-1083	124100.0	123575.0
-1082	123062.0	123163.0
-1081	123633.0	123497.0
-1080	124072.0	123341.0
-1079	123011.0	122827.0
-1078	123621.0	123522.0
-1077	124394.0	124124.0
-1076	123788.0	122752.0
-1075	123110.0	123273.0
-1074	123571.0	123572.0
-1073	122829.0	122974.0
-1072	123610.0	123715.0
-1071	123913.0	123161.0
-1070	123346.0	123194.0
-1069	123692.0	123724.0
-1068	123531.0	123092.0
-1067	123212.0	123485.0
-1066	123582.0	123812.0
-1065	124302.0	123902.0
-1064	123614.0	123613.0
-1063	123488.0	123728.0
-1062	123927.0	123519.0
-1061	123310.0	122950.0
-1060	123531.0	123794.0
-1059	123588.0	124472.0
-1058	123553.0	123540.0
-1057	123536.0	123836.0
-1056	123335.0	124095.0
-1055	123542.0	123660.0
-1054	123198.0	124544.0
-1053	123647.0	123673.0
-1052	123796.0	123845.0
-1051	123685.0	123566.0
-1050	123925.0	124024.0
-1049	123427.0	123748.0
-1048	123363.0	123519.0
-1047	123556.0	124100.0
-1046	123204.0	123521.0
-1045	123578.0	124213.0
-1044	123250.0	123861.0
-1043	123744.0	123662.0
-1042	124067.0	123878.0
-1041	123942.0	123730.0
-1040	123552.0	124133.0
-1039	123322.0	123773.0
-1038	124544.0	123602.0
-1037	123418.0	123759.0
-1036	123016.0	124006.0
-1035	123545.0	123665.0
-1034	123241.0	123672.0
-1033	124072.0	124433.0
-1032	123990.0	123963.0
-1031	123916.0	123758.0
-1030	123994.0	123864.0
-1029	124448.0	123250.0
-1028	124295.0	123736.0
-1027	123417.0	123779.0
-1026	124303.0	123542.0
-1025	124016.0	122965.0
-1024	123675.0	123462.0
-1023	124093.0	123864.0
-1022	123859.0	124129.0
-1021	124243.0	124044.0
-1020	124266.0	124314.0
-1019	124081.0	123792.0
-1018	124703.0	123273.0
-1017	124069.0	123411.0
-1016	124220.0	123536.0
-1015	123807.0	124268.0
-1014	124974.0	124009.0
-1013	124063.0	123079.0
-1012	124477.0	123744.0
-1011	123859.0	123868.0
-1010	124225.0	123312.0
-1009	123633.0	123925.0
-1008	124216.0	124352.0
-1007	123925.0	123617.0
-1006	123852.0	124289.0
-1005	124854.0	123884.0
-1004	123717.0	123239.0
-1003	124179.0	123436.0
-1002	124569.0	123859.0
-1001	124096.0	123839.0
-1000	123953.0	123393.0
-999	124850.0	123628.0
-998	123845.0	124198.0
-997	123529.0	124396.0
-996	124344.0	124027.0
-995	124347.0	123538.0
-994	123935.0	123981.0
-993	124015.0	123411.0
-992	123936.0	123542.0
-991	123849.0	123913.0
-990	124231.0	123324.0
-989	123341.0	123407.0
-988	123832.0	124228.0
-987	124566.0	123951.0
-986	123938.0	123503.0
-985	123698.0	123117.0
-984	124698.0	123772.0
-983	124263.0	123419.0
-982	124234.0	123953.0
-981	124236.0	123697.0
-980	123785.0	123004.0
-979	123952.0	123427.0
-978	124200.0	123382.0
-977	123997.0	123278.0
-976	123785.0	123995.0
-975	124246.0	123391.0
-974	124192.0	123947.0
-973	123810.0	124244.0
-972	124810.0	124193.0
-971	124749.0	123375.0
-970	125151.0	124050.0
-969	124991.0	123798.0
-968	123872.0	123473.0
-967	124497.0	123944.0
-966	124132.0	123507.0
-965	123484.0	122738.0
-964	123565.0	123841.0
-963	124108.0	123908.0
-962	123804.0	123708.0
-961	124025.0	123663.0
-960	124253.0	124010.0
-959	123910.0	123629.0
-958	124072.0	123585.0
-957	123963.0	124150.0
-956	123640.0	123301.0
-955	123486.0	123437.0
-954	123623.0	123936.0
-953	123211.0	123104.0
-952	124154.0	123859.0
-951	124232.0	123555.0
-950	123955.0	123928.0
-949	124280.0	123833.0
-948	124456.0	123542.0
-947	123717.0	123715.0
-946	124205.0	124076.0
-945	124552.0	123626.0
-944	123662.0	123718.0
-943	124177.0	123974.0
-942	124146.0	123687.0
-941	123757.0	123659.0
-940	123359.0	123841.0
-939	123763.0	124032.0
-938	123554.0	123678.0
-937	123638.0	123997.0
-936	124666.0	123784.0
-935	123489.0	123318.0
-934	124146.0	124487.0
-933	124536.0	123842.0
-932	124685.0	123561.0
-931	124451.0	123887.0
-930	124311.0	123311.0
-929	123848.0	123391.0
-928	124140.0	124522.0
-927	124449.0	123763.0
-926	123896.0	124031.0
-925	123988.0	123819.0
-924	124531.0	123844.0
-923	124286.0	123899.0
-922	124762.0	124338.0
-921	124578.0	123912.0
-920	124372.0	123410.0
-919	124086.0	124159.0
-918	124172.0	123462.0
-917	123876.0	124001.0
-916	124226.0	123802.0
-915	124130.0	124107.0
-914	124124.0	124108.0
-913	124236.0	123541.0
-912	124873.0	124364.0
-911	124276.0	123512.0
-910	123376.0	124917.0
-909	124322.0	123971.0
-908	124478.0	123480.0
-907	124606.0	123662.0
-906	124554.0	123300.0
-905	123517.0	124271.0
-904	124319.0	124036.0
-903	123817.0	123825.0
-902	123285.0	123876.0
-901	124036.0	124553.0
-900	124901.0	124117.0
-899	123883.0	123325.0
-898	123957.0	123820.0
-897	124504.0	124715.0
-896	124266.0	123406.0
-895	123901.0	124287.0
-894	124291.0	123649.0
-893	124442.0	124038.0
-892	123852.0	124685.0
-891	124619.0	123618.0
-890	123999.0	123530.0
-889	124272.0	123738.0
-888	124194.0	123936.0
-887	123993.0	123623.0
-886	124485.0	124288.0
-885	124219.0	123756.0
-884	123763.0	123578.0
-883	124681.0	124106.0
-882	124886.0	124403.0
-881	124083.0	124412.0
-880	124265.0	124007.0
-879	124366.0	124450.0
-878	123763.0	124052.0
-877	123621.0	124371.0
-876	125029.0	123701.0
-875	124510.0	123820.0
-874	124152.0	124095.0
-873	124904.0	124227.0
-872	123771.0	123584.0
-871	123832.0	124398.0
-870	125032.0	124592.0
-869	123948.0	124285.0
-868	124541.0	124033.0
-867	125159.0	124167.0
-866	124088.0	124263.0
-865	124555.0	124868.0
-864	125415.0	123871.0
-863	124327.0	124042.0
-862	124610.0	124407.0
-861	124936.0	124140.0
-860	124963.0	124068.0
-859	124380.0	124163.0
-858	125021.0	124244.0
-857	124855.0	123993.0
-856	124816.0	123572.0
-855	124532.0	123743.0
-854	124373.0	123886.0
-853	124419.0	123852.0
-852	124766.0	123747.0
-851	124575.0	123420.0
-850	124611.0	124205.0
-849	124852.0	124380.0
-848	124187.0	124012.0
-847	124440.0	124532.0
-846	124659.0	123745.0
-845	124255.0	123706.0
-844	124516.0	124413.0
-843	124503.0	124195.0
-842	124211.0	123894.0
-841	124071.0	124678.0
-840	124196.0	124544.0
-839	124341.0	123767.0
-838	125037.0	124578.0
-837	124774.0	124268.0
-836	124290.0	123877.0
-835	124823.0	124640.0
-834	124409.0	123780.0
-833	124338.0	123591.0
-832	124369.0	124318.0
-831	124914.0	124813.0
-830	124267.0	123443.0
-829	125406.0	124157.0
-828	124778.0	123798.0
-827	124404.0	123261.0
-826	124981.0	123862.0
-825	124506.0	123846.0
-824	124117.0	124169.0
-823	124580.0	124078.0
-822	124623.0	124614.0
-821	124575.0	124374.0
-820	123919.0	124392.0
-819	124404.0	124285.0
-818	124090.0	123731.0
-817	124348.0	124019.0
-816	124920.0	124152.0
-815	124370.0	124256.0
-814	124805.0	124146.0
-813	124400.0	124015.0
-812	124362.0	124044.0
-811	124719.0	124258.0
-810	124857.0	124427.0
-809	124509.0	123855.0
-808	124478.0	124082.0
-807	125386.0	123906.0
-806	124653.0	123674.0
-805	124916.0	124635.0
-804	125046.0	123666.0
-803	124333.0	123852.0
-802	124829.0	124334.0
-801	125053.0	124131.0
-800	124223.0	123526.0
-799	124909.0	123725.0
-798	125420.0	124462.0
-797	124854.0	123871.0
-796	124968.0	123880.0
-795	124913.0	124411.0
-794	124430.0	124043.0
-793	124112.0	124211.0
-792	124333.0	124169.0
-791	124117.0	123756.0
-790	124124.0	124183.0
-789	124895.0	123903.0
-788	124143.0	124074.0
-787	124353.0	124282.0
-786	124713.0	124459.0
-785	124282.0	124356.0
-784	124331.0	124303.0
-783	125018.0	124618.0
-782	123987.0	124446.0
-781	123820.0	124885.0
-780	124333.0	123846.0
-779	124241.0	124499.0
-778	124752.0	124675.0
-777	125261.0	123879.0
-776	123586.0	123572.0
-775	123925.0	124422.0
-774	124599.0	124834.0
-773	124469.0	124230.0
-772	124141.0	124769.0
-771	124698.0	124208.0
-770	124639.0	124517.0
-769	124446.0	124415.0
-768	125207.0	124544.0
-767	124493.0	124066.0
-766	124803.0	124435.0
-765	125224.0	124310.0
-764	124295.0	124019.0
-763	124677.0	124670.0
-762	124748.0	124822.0
-761	124472.0	124498.0
-760	124619.0	124061.0
-759	124369.0	125001.0
-758	124425.0	124466.0
-757	124267.0	124558.0
-756	124609.0	124880.0
-755	124257.0	124341.0
-754	124009.0	124921.0
-753	124731.0	124535.0
-752	124342.0	124312.0
-751	124532.0	124742.0
-750	125250.0	124979.0
-749	124942.0	124638.0
-748	124420.0	124465.0
-747	124859.0	124912.0
-746	123993.0	124702.0
-745	124194.0	124873.0
-744	124671.0	124999.0
-743	125039.0	124732.0
-742	124029.0	124479.0
-741	124874.0	124480.0
-740	124779.0	124614.0
-739	124352.0	124364.0
-738	125161.0	124795.0
-737	124339.0	125068.0
-736	124769.0	125204.0
-735	125144.0	124317.0
-734	124796.0	124552.0
-733	124446.0	124764.0
-732	125491.0	125108.0
-731	124616.0	124403.0
-730	124883.0	124777.0
-729	124838.0	125684.0
-728	124422.0	125009.0
-727	124923.0	125130.0
-726	124751.0	124765.0
-725	124457.0	124085.0
-724	124499.0	124820.0
-723	125562.0	124957.0
-722	125382.0	125103.0
-721	124884.0	124703.0
-720	125113.0	125323.0
-719	125008.0	124841.0
-718	124819.0	124684.0
-717	126056.0	124662.0
-716	124248.0	124673.0
-715	124916.0	125289.0
-714	124893.0	124639.0
-713	124776.0	124843.0
-712	124992.0	125125.0
-711	125510.0	125492.0
-710	125364.0	124505.0
-709	125465.0	124962.0
-708	125629.0	124723.0
-707	124821.0	124538.0
-706	125252.0	125067.0
-705	125739.0	124592.0
-704	125296.0	124104.0
-703	124814.0	124562.0
-702	125905.0	124952.0
-701	125140.0	124049.0
-700	124545.0	124858.0
-699	125517.0	125310.0
-698	124594.0	124573.0
-697	125219.0	125518.0
-696	125431.0	124836.0
-695	125012.0	124014.0
-694	125513.0	124734.0
-693	125923.0	124907.0
-692	125764.0	124190.0
-691	125480.0	124607.0
-690	126116.0	124749.0
-689	124545.0	124410.0
-688	124965.0	125138.0
-687	125283.0	125219.0
-686	125045.0	124528.0
-685	125275.0	124646.0
-684	126358.0	124885.0
-683	124817.0	124012.0
-682	124937.0	125355.0
-681	125840.0	125090.0
-680	125007.0	124015.0
-679	125388.0	123796.0
-678	125430.0	124748.0
-677	125205.0	124117.0
-676	125995.0	124788.0
-675	125751.0	124453.0
-674	124782.0	123635.0
-673	124534.0	125068.0
-672	125593.0	125064.0
-671	124496.0	123836.0
-670	124622.0	124613.0
-669	125572.0	124265.0
-668	125018.0	124279.0
-667	125151.0	124740.0
-666	126261.0	124258.0
-665	124730.0	124074.0
-664	125172.0	124409.0
-663	125465.0	123965.0
-662	125029.0	124083.0
-661	124970.0	124424.0
-660	125831.0	124590.0
-659	125091.0	123447.0
-658	124640.0	124790.0
-657	125810.0	124279.0
-656	124964.0	124414.0
-655	124663.0	125014.0
-654	124997.0	124212.0
-653	124718.0	123704.0
-652	124804.0	124317.0
-651	125401.0	124487.0
-650	124703.0	124338.0
-649	124794.0	125277.0
-648	125766.0	124582.0
-647	125034.0	123789.0
-646	125193.0	124378.0
-645	125231.0	124601.0
-644	125506.0	124044.0
-643	124103.0	124479.0
-642	125388.0	125017.0
-641	124410.0	123952.0
-640	124613.0	124464.0
-639	125422.0	124199.0
-638	124319.0	123582.0
-637	124202.0	124419.0
-636	124821.0	124603.0
-635	124646.0	124205.0
-634	124366.0	124448.0
-633	124739.0	124786.0
-632	124310.0	124214.0
-631	124269.0	124612.0
-630	125041.0	124900.0
-629	124130.0	124213.0
-628	124271.0	124939.0
-627	124640.0	124402.0
-626	124407.0	124177.0
-625	124803.0	124282.0
-624	124507.0	124822.0
-623	124944.0	124735.0
-622	124630.0	124567.0
-621	125299.0	125047.0
-620	124771.0	123642.0
-619	123915.0	124424.0
-618	124850.0	124539.0
-617	124553.0	124952.0
-616	124610.0	124990.0
-615	124851.0	125265.0
-614	124431.0	125164.0
-613	124167.0	125351.0
-612	125188.0	125368.0
-611	123990.0	124408.0
-610	124409.0	124987.0
-609	125036.0	124716.0
-608	124716.0	124380.0
-607	124244.0	125022.0
-606	125089.0	124927.0
-605	124448.0	124256.0
-604	124731.0	125706.0
-603	124629.0	125189.0
-602	124612.0	124830.0
-601	124766.0	125284.0
-600	125146.0	125099.0
-599	124448.0	124858.0
-598	124105.0	125261.0
-597	124884.0	125375.0
-596	124327.0	125126.0
-595	124377.0	125423.0
-594	125223.0	126148.0
-593	124131.0	125019.0
-592	125187.0	124951.0
-591	125391.0	125658.0
-590	124791.0	124360.0
-589	124667.0	125554.0
-588	125336.0	125862.0
-587	125196.0	125187.0
-586	125767.0	125468.0
-585	125523.0	125205.0
-584	124927.0	124782.0
-583	125081.0	125391.0
-582	125055.0	125888.0
-581	124317.0	125431.0
-580	124838.0	125784.0
-579	125494.0	125509.0
-578	124430.0	125202.0
-577	124707.0	125695.0
-576	125198.0	126143.0
-575	124873.0	124562.0
-574	124638.0	125352.0
-573	125964.0	125526.0
-572	125808.0	125819.0
-571	124853.0	126273.0
-570	125891.0	125740.0
-569	125266.0	125601.0
-568	125102.0	125856.0
-567	126276.0	126190.0
-566	125253.0	125617.0
-565	125352.0	125453.0
-564	125742.0	126350.0
-563	125583.0	125135.0
-562	125495.0	125624.0
-561	126239.0	126016.0
-560	125676.0	125047.0
-559	125673.0	126399.0
-558	126103.0	125897.0
-557	125556.0	125780.0
-556	125157.0	125580.0
-555	126195.0	126184.0
-554	125877.0	125243.0
-553	125312.0	125302.0
-552	126443.0	125888.0
-551	125978.0	125051.0
-550	125880.0	126078.0
-549	126498.0	126111.0
-548	125539.0	125169.0
-547	126549.0	125921.0
-546	126467.0	126298.0
-545	126242.0	125317.0
-544	125867.0	126101.0
-543	126763.0	125770.0
-542	125294.0	124906.0
-541	125808.0	125884.0
-540	126463.0	125910.0
-539	125689.0	124584.0
-538	125784.0	125893.0
-537	126113.0	125592.0
-536	127001.0	125221.0
-535	125154.0	126142.0
-534	125888.0	125891.0
-533	126063.0	124912.0
-532	125895.0	126171.0
-531	126947.0	125196.0
-530	126595.0	124682.0
-529	125878.0	125309.0
-528	126749.0	125555.0
-527	126337.0	125088.0
-526	126425.0	125888.0
-525	127477.0	125809.0
-524	126391.0	124829.0
-523	125937.0	125437.0
-522	126740.0	125541.0
-521	126599.0	125071.0
-520	125801.0	125117.0
-519	127166.0	124947.0
-518	126057.0	125260.0
-517	125994.0	124677.0
-516	126769.0	125063.0
-515	126387.0	124472.0
-514	126350.0	124917.0
-513	126529.0	125063.0
-512	125967.0	124968.0
-511	126536.0	124585.0
-510	126894.0	124771.0
-509	125965.0	124217.0
-508	125810.0	125351.0
-507	126927.0	124576.0
-506	126592.0	124134.0
-505	126405.0	125086.0
-504	126425.0	125011.0
-503	126428.0	124263.0
-502	125933.0	124771.0
-501	126635.0	124122.0
-500	126215.0	123570.0
-499	125960.0	124647.0
-498	127199.0	125157.0
-497	125224.0	124469.0
-496	126134.0	124760.0
-495	126545.0	124418.0
-494	126113.0	124116.0
-493	125585.0	124944.0
-492	126525.0	124395.0
-491	125469.0	124482.0
-490	125710.0	124502.0
-489	126306.0	124834.0
-488	125627.0	123902.0
-487	125552.0	124927.0
-486	126299.0	124151.0
-485	125777.0	124682.0
-484	125992.0	124913.0
-483	126274.0	125351.0
-482	125450.0	124226.0
-481	124918.0	124546.0
-480	126239.0	124743.0
-479	125258.0	123779.0
-478	125740.0	124241.0
-477	126456.0	124728.0
-476	125511.0	123773.0
-475	125221.0	124115.0
-474	126300.0	124306.0
-473	125052.0	123925.0
-472	125348.0	124699.0
-471	125501.0	124356.0
-470	124863.0	124242.0
-469	124788.0	124498.0
-468	125500.0	124670.0
-467	125315.0	124615.0
-466	124565.0	124764.0
-465	125916.0	124735.0
-464	125148.0	123845.0
-463	124739.0	124973.0
-462	125149.0	124205.0
-461	124855.0	124057.0
-460	124517.0	125072.0
-459	124940.0	124717.0
-458	124718.0	124166.0
-457	124191.0	124481.0
-456	125317.0	125088.0
-455	124735.0	124974.0
-454	124166.0	125118.0
-453	125538.0	125161.0
-452	124543.0	124425.0
-451	124478.0	124708.0
-450	125246.0	124506.0
-449	124360.0	124304.0
-448	124200.0	125000.0
-447	125044.0	125092.0
-446	124481.0	124160.0
-445	124589.0	125525.0
-444	125021.0	125305.0
-443	124853.0	125111.0
-442	124526.0	125763.0
-441	125385.0	125385.0
-440	124550.0	124645.0
-439	124318.0	125311.0
-438	125233.0	125473.0
-437	124115.0	125286.0
-436	124366.0	125432.0
-435	125633.0	125509.0
-434	124541.0	124575.0
-433	124135.0	125549.0
-432	125128.0	125908.0
-431	124593.0	125570.0
-430	124417.0	125887.0
-429	124717.0	125812.0
-428	124938.0	125060.0
-427	124622.0	125675.0
-426	124499.0	126053.0
-425	124438.0	124706.0
-424	125030.0	126310.0
-423	125463.0	126072.0
-422	124560.0	125531.0
-421	124463.0	126223.0
-420	125493.0	126393.0
-419	125107.0	125170.0
-418	125083.0	125977.0
-417	125846.0	127110.0
-416	125173.0	125760.0
-415	124546.0	126786.0
-414	125175.0	126703.0
-413	124540.0	125751.0
-412	124718.0	127351.0
-411	125856.0	126878.0
-410	124971.0	125982.0
-409	125557.0	127263.0
-408	125569.0	126794.0
-407	124880.0	126094.0
-406	125454.0	127032.0
-405	126529.0	126747.0
-404	125711.0	125949.0
-403	125297.0	126809.0
-402	125969.0	127158.0
-401	125706.0	126119.0
-400	124717.0	126879.0
-399	126630.0	127560.0
-398	125847.0	126936.0
-397	125916.0	127488.0
-396	126424.0	127303.0
-395	125503.0	126573.0
-394	125840.0	127604.0
-393	126830.0	127591.0
-392	126585.0	126910.0
-391	125961.0	127411.0
-390	127388.0	127562.0
-389	126337.0	126222.0
-388	126366.0	127075.0
-387	126975.0	127062.0
-386	126821.0	127062.0
-385	127232.0	127405.0
-384	128014.0	126815.0
-383	127241.0	126590.0
-382	127009.0	127590.0
-381	128146.0	127232.0
-380	127162.0	126760.0
-379	127432.0	127755.0
-378	128832.0	127342.0
-377	127141.0	126351.0
-376	127437.0	127531.0
-375	128966.0	127073.0
-374	127636.0	126655.0
-373	127149.0	127008.0
-372	128653.0	126420.0
-371	127875.0	125671.0
-370	127668.0	127348.0
-369	128658.0	127327.0
-368	127294.0	126488.0
-367	127752.0	127034.0
-366	129271.0	126890.0
-365	127773.0	126424.0
-364	128011.0	127103.0
-363	128789.0	127806.0
-362	127791.0	125814.0
-361	128618.0	126673.0
-360	129561.0	126849.0
-359	128355.0	125963.0
-358	128039.0	127000.0
-357	128960.0	126866.0
-356	127816.0	125768.0
-355	128019.0	126421.0
-354	129325.0	127164.0
-353	128371.0	125310.0
-352	128432.0	126523.0
-351	129394.0	126455.0
-350	128846.0	125380.0
-349	128496.0	126348.0
-348	129488.0	126328.0
-347	128803.0	125772.0
-346	129016.0	126474.0
-345	129617.0	126301.0
-344	128888.0	125600.0
-343	128590.0	126097.0
-342	129866.0	125855.0
-341	128547.0	125156.0
-340	128385.0	125763.0
-339	129345.0	126287.0
-338	129272.0	125369.0
-337	127978.0	126348.0
-336	129259.0	125955.0
-335	128113.0	124594.0
-334	128382.0	125838.0
-333	129089.0	125636.0
-332	128087.0	124310.0
-331	128007.0	124816.0
-330	129766.0	125956.0
-329	128537.0	124915.0
-328	127923.0	125362.0
-327	129213.0	125830.0
-326	128002.0	124186.0
-325	127419.0	125004.0
-324	128587.0	125737.0
-323	128213.0	124149.0
-322	127861.0	124954.0
-321	128731.0	125384.0
-320	128078.0	123708.0
-319	127530.0	124942.0
-318	128516.0	124604.0
-317	127802.0	123731.0
-316	128327.0	125096.0
-315	128760.0	124769.0
-314	127515.0	123635.0
-313	127274.0	124769.0
-312	129017.0	124799.0
-311	127661.0	123760.0
-310	127273.0	124594.0
-309	127959.0	124560.0
-308	127466.0	122839.0
-307	126949.0	124255.0
-306	128344.0	124241.0
-305	127169.0	122965.0
-304	126787.0	124508.0
-303	127942.0	125190.0
-302	126333.0	123243.0
-301	125901.0	125315.0
-300	127914.0	124465.0
-299	126028.0	123371.0
-298	126122.0	124657.0
-297	127561.0	124571.0
-296	126196.0	123447.0
-295	125850.0	125053.0
-294	127629.0	125099.0
-293	125829.0	123980.0
-292	125985.0	124338.0
-291	127269.0	125228.0
-290	126595.0	124006.0
-289	125858.0	124954.0
-288	127086.0	124816.0
-287	125923.0	123982.0
-286	125429.0	124967.0
-285	126999.0	125109.0
-284	125327.0	124163.0
-283	124873.0	124818.0
-282	126736.0	124926.0
-281	125386.0	123680.0
-280	125221.0	124739.0
-279	126000.0	125176.0
-278	125576.0	124139.0
-277	125176.0	125522.0
-276	126144.0	125324.0
-275	124559.0	124330.0
-274	125183.0	125478.0
-273	126129.0	126102.0
-272	125597.0	125089.0
-271	124395.0	125718.0
-270	125920.0	126220.0
-269	125162.0	124865.0
-268	124437.0	126156.0
-267	126054.0	126755.0
-266	125171.0	124906.0
-265	125009.0	126443.0
-264	125461.0	126421.0
-263	124341.0	124949.0
-262	124406.0	126286.0
-261	126261.0	127209.0
-260	125140.0	125081.0
-259	125105.0	126781.0
-258	125370.0	126985.0
-257	125018.0	125975.0
-256	124771.0	127233.0
-255	126212.0	126771.0
-254	125276.0	125212.0
-253	125001.0	126723.0
-252	126424.0	127313.0
-251	124703.0	126078.0
-250	124723.0	127675.0
-249	126690.0	127668.0
-248	124992.0	126417.0
-247	125071.0	127884.0
-246	125903.0	127373.0
-245	125555.0	127117.0
-244	125849.0	128393.0
-243	126658.0	127849.0
-242	125674.0	126545.0
-241	125524.0	128635.0
-240	126941.0	128159.0
-239	125730.0	127343.0
-238	125933.0	128786.0
-237	126953.0	129061.0
-236	125457.0	127849.0
-235	125725.0	128897.0
-234	127475.0	128473.0
-233	126107.0	127772.0
-232	126153.0	129259.0
-231	127762.0	129022.0
-230	126470.0	127554.0
-229	126500.0	129269.0
-228	128056.0	128470.0
-227	126834.0	128395.0
-226	126884.0	129742.0
-225	128960.0	129909.0
-224	127269.0	128032.0
-223	127235.0	129218.0
-222	128784.0	129510.0
-221	127917.0	128424.0
-220	127551.0	130063.0
-219	129381.0	129985.0
-218	127727.0	128586.0
-217	128103.0	130121.0
-216	129195.0	129490.0
-215	128750.0	128581.0
-214	128094.0	129736.0
-213	129398.0	129730.0
-212	129146.0	128402.0
-211	128090.0	130265.0
-210	130473.0	130660.0
-209	129006.0	128367.0
-208	129414.0	129788.0
-207	130876.0	130191.0
-206	130019.0	128259.0
-205	129410.0	130304.0
-204	131013.0	129928.0
-203	130166.0	128165.0
-202	130203.0	129379.0
-201	132271.0	129915.0
-200	130904.0	128497.0
-199	130902.0	129874.0
-198	132202.0	129540.0
-197	130614.0	128193.0
-196	131056.0	129675.0
-195	132493.0	130191.0
-194	130875.0	128099.0
-193	131632.0	129520.0
-192	133037.0	129383.0
-191	131867.0	127557.0
-190	131526.0	128998.0
-189	133678.0	129147.0
-188	131404.0	127023.0
-187	131083.0	129183.0
-186	133505.0	129533.0
-185	132113.0	127110.0
-184	132090.0	129339.0
-183	134068.0	129046.0
-182	132394.0	126780.0
-181	132329.0	128731.0
-180	133521.0	128660.0
-179	132352.0	127250.0
-178	131927.0	128032.0
-177	134121.0	128319.0
-176	132846.0	126679.0
-175	133035.0	127832.0
-174	134025.0	128304.0
-173	132368.0	126307.0
-172	132896.0	128417.0
-171	134534.0	127494.0
-170	132931.0	126345.0
-169	133052.0	128166.0
-168	133616.0	127235.0
-167	132636.0	126002.0
-166	132117.0	127687.0
-165	135117.0	127578.0
-164	132657.0	125666.0
-163	131763.0	127526.0
-162	133821.0	127211.0
-161	132370.0	125700.0
-160	132456.0	127489.0
-159	134431.0	126948.0
-158	132754.0	125246.0
-157	132163.0	126696.0
-156	134594.0	127015.0
-155	132126.0	124892.0
-154	131872.0	126860.0
-153	133858.0	126311.0
-152	131893.0	124493.0
-151	131478.0	126441.0
-150	134108.0	126599.0
-149	131325.0	124465.0
-148	131434.0	126224.0
-147	133631.0	126481.0
-146	131566.0	124974.0
-145	131664.0	125964.0
-144	133925.0	126116.0
-143	130963.0	124385.0
-142	130980.0	125753.0
-141	133108.0	125820.0
-140	130534.0	123547.0
-139	130418.0	126500.0
-138	132237.0	125720.0
-137	129879.0	124143.0
-136	129316.0	125252.0
-135	131324.0	125746.0
-134	130018.0	123782.0
-133	130077.0	124707.0
-132	131969.0	125639.0
-131	129983.0	124331.0
-130	130557.0	125655.0
-129	131298.0	125174.0
-128	128884.0	124255.0
-127	128501.0	126117.0
-126	129996.0	125599.0
-125	127857.0	124079.0
-124	128929.0	125436.0
-123	130316.0	124894.0
-122	129594.0	123735.0
-121	129864.0	125933.0
-120	130919.0	125038.0
-119	128695.0	124319.0
-118	127160.0	125657.0
-117	129756.0	126014.0
-116	126536.0	124162.0
-115	126934.0	126308.0
-114	129927.0	125912.0
-113	127660.0	123741.0
-112	128765.0	125322.0
-111	130102.0	125452.0
-110	128214.0	124511.0
-109	127774.0	125912.0
-108	129754.0	126610.0
-107	127157.0	124705.0
-106	126232.0	126575.0
-105	128512.0	126798.0
-104	126503.0	124484.0
-103	127353.0	126771.0
-102	129604.0	126638.0
-101	127803.0	124531.0
-100	128179.0	126640.0
-99	130257.0	126849.0
-98	127170.0	125374.0
-97	126977.0	127124.0
-96	128938.0	127184.0
-95	126338.0	125467.0
-94	125824.0	127132.0
-93	128565.0	126695.0
-92	127038.0	125097.0
-91	127450.0	127104.0
-90	130474.0	127500.0
-89	128457.0	125372.0
-88	128142.0	127577.0
-87	129559.0	128164.0
-86	127513.0	126182.0
-85	126395.0	128635.0
-84	128489.0	128673.0
-83	127211.0	126835.0
-82	127740.0	128254.0
-81	130069.0	128406.0
-80	127850.0	126647.0
-79	128021.0	128753.0
-78	130444.0	128764.0
-77	128670.0	127532.0
-76	129293.0	130036.0
-75	131041.0	129821.0
-74	128241.0	128069.0
-73	128453.0	129844.0
-72	130521.0	129905.0
-71	128935.0	127022.0
-70	129820.0	129657.0
-69	132111.0	130322.0
-68	130382.0	128055.0
-67	130209.0	130659.0
-66	132186.0	130599.0
-65	129678.0	128897.0
-64	129540.0	131295.0
-63	132398.0	131111.0
-62	130128.0	129952.0
-61	130223.0	131905.0
-60	133295.0	131759.0
-59	131491.0	130120.0
-58	130404.0	132239.0
-57	133099.0	132438.0
-56	131122.0	131212.0
-55	130935.0	132854.0
-54	133802.0	133671.0
-53	131939.0	131275.0
-52	132776.0	133203.0
-51	135625.0	134288.0
-50	133565.0	131342.0
-49	133587.0	133757.0
-48	136005.0	134572.0
-47	133832.0	132122.0
-46	133356.0	134544.0
-45	136009.0	134588.0
-44	133286.0	132403.0
-43	133180.0	135220.0
-42	137117.0	135337.0
-41	134995.0	133224.0
-40	136483.0	135367.0
-39	139448.0	135504.0
-38	136975.0	133180.0
-37	136533.0	136118.0
-36	138342.0	136021.0
-35	135970.0	133088.0
-34	135761.0	135631.0
-33	140461.0	135890.0
-32	138437.0	133890.0
-31	139095.0	136785.0
-30	143315.0	136951.0
-29	140540.0	133843.0
-28	140684.0	137470.0
-27	142922.0	137299.0
-26	139849.0	134341.0
-25	138880.0	137461.0
-24	142171.0	138856.0
-23	138451.0	135960.0
-22	138507.0	139222.0
-21	142785.0	139680.0
-20	141615.0	137850.0
-19	142660.0	140676.0
-18	146862.0	141943.0
-17	143184.0	138120.0
-16	142646.0	141492.0
-15	145991.0	142141.0
-14	142606.0	139270.0
-13	142662.0	142517.0
-12	148795.0	144260.0
-11	145799.0	140894.0
-10	145862.0	145817.0
-9	150930.0	147634.0
-8	148768.0	147237.0
-7	145455.0	154018.0
-6	145387.0	155482.0
-5	137236.0	150815.0
-4	135819.0	153561.0
-3	152681.0	159438.0
-2	165719.0	144387.0
-1	244949.0	142102.0
0	2532.0	102563.0
1	245189.0	29578.0
2	166000.0	63709.0
3	153011.0	91078.0
4	135506.0	121107.0
5	137282.0	136685.0
6	145244.0	130378.0
7	145518.0	115945.0
8	149372.0	115805.0
9	151487.0	114423.0
10	146430.0	111582.0
11	145967.0	116917.0
12	147924.0	120267.0
13	142477.0	118286.0
14	142369.0	122842.0
15	145489.0	123454.0
16	142225.0	121600.0
17	142535.0	123721.0
18	146113.0	124446.0
19	142418.0	121308.0
20	141141.0	124963.0
21	142523.0	125557.0
22	138677.0	126654.0
23	138972.0	131107.0
24	141140.0	131355.0
25	138705.0	128267.0
26	139818.0	129873.0
27	142877.0	128529.0
28	140511.0	124501.0
29	140334.0	127121.0
30	142683.0	127491.0
31	139413.0	125319.0
32	138094.0	129282.0
33	140327.0	130453.0
34	135876.0	130034.0
35	136432.0	133268.0
36	139616.0	133257.0
37	137082.0	129860.0
38	137209.0	131241.0
39	139101.0	129858.0
40	135705.0	128214.0
41	135279.0	130547.0
42	137196.0	132542.0
43	133387.0	131007.0
44	132933.0	135685.0
45	135905.0	135772.0
46	133832.0	132798.0
47	134068.0	134587.0
48	136625.0	133550.0
49	133576.0	131367.0
50	133277.0	133429.0
51	135537.0	133854.0
52	132420.0	132072.0
53	132317.0	134846.0
54	133452.0	135143.0
55	130469.0	133093.0
56	129926.0	137301.0
57	132542.0	136511.0
58	130835.0	132887.0
59	131573.0	134635.0
60	133700.0	133086.0
61	130449.0	132460.0
62	130264.0	135329.0
63	132202.0	135860.0
64	130076.0	132701.0
65	130363.0	134079.0
66	132101.0	134118.0
67	129716.0	131828.0
68	129933.0	134201.0
69	132574.0	134453.0
70	129456.0	132164.0
71	129411.0	135164.0
72	131144.0	135703.0
73	128320.0	134467.0
74	128540.0	136465.0
75	130599.0	135868.0
76	128817.0	133258.0
77	129312.0	134886.0
78	130894.0	134787.0
79	128561.0	132749.0
80	128650.0	136663.0
81	130021.0	137578.0
82	127346.0	135702.0
83	126786.0	138784.0
84	128951.0	139542.0
85	126671.0	138313.0
86	127900.0	139437.0
87	129993.0	137450.0
88	128291.0	134451.0
89	128352.0	135430.0
90	130740.0	136626.0
91	128352.0	134405.0
92	127403.0	138482.0
93	128971.0	140582.0
94	125943.0	139344.0
95	125927.0	141947.0
96	128721.0	141951.0
97	126167.0	139682.0
98	127301.0	141192.0
99	130131.0	139880.0
100	128317.0	137777.0
101	127848.0	139338.0
102	129543.0	140310.0
103	127806.0	139908.0
104	126370.0	143167.0
105	128300.0	143642.0
106	126400.0	142222.0
107	126563.0	144839.0
108	128839.0	143561.0
109	127532.0	140121.0
110	128313.0	141455.0
111	130547.0	141709.0
112	128559.0	140031.0
113	128102.0	142792.0
114	129296.0	143869.0
115	126547.0	143069.0
116	126808.0	146469.0
117	128568.0	146991.0
118	127608.0	144440.0
119	127980.0	146066.0
120	130940.0	144762.0
121	129828.0	142845.0
122	128916.0	144401.0
123	130906.0	144158.0
124	128464.0	143427.0
125	128332.0	146388.0
126	129902.0	148051.0
127	128371.0	145956.0
128	128600.0	147661.0
129	131167.0	146891.0
130	130458.0	143095.0
131	130531.0	144520.0
132	132199.0	144266.0
133	130505.0	143122.0
134	129875.0	145571.0
135	131214.0	146400.0
136	129440.0	145450.0
137	129021.0	147472.0
138	131651.0	148079.0
139	129964.0	145351.0
140	130259.0	146059.0
141	133008.0	146163.0
142	131360.0	143319.0
143	131806.0	145496.0
144	133751.0	144833.0
145	131231.0	142854.0
146	130883.0	145572.0
147	133943.0	145186.0
148	131809.0	142413.0
149	131859.0	144537.0
150	133515.0	143857.0
151	131406.0	142043.0
152	132021.0	144233.0
153	134022.0	143283.0
154	131909.0	141861.0
155	131989.0	143001.0
156	134349.0	142781.0
157	131927.0	140808.0
158	131913.0	141756.0
159	133911.0	141201.0
160	132308.0	139456.0
161	131950.0	141092.0
162	134305.0	140427.0
163	132685.0	139535.0
164	132539.0	140928.0
165	133937.0	140483.0
166	132152.0	138159.0
167	132345.0	139717.0
168	134203.0	139044.0
169	131740.0	137305.0
170	132428.0	138504.0
171	134231.0	138417.0
172	132928.0	136860.0
173	131974.0	138688.0
174	133474.0	138400.0
175	132223.0	136695.0
176	132556.0	137881.0
177	133973.0	137201.0
178	132682.0	134966.0
179	132354.0	136869.0
180	134123.0	136437.0
181	132182.0	134873.0
182	132343.0	135927.0
183	133570.0	135766.0
184	131897.0	134007.0
185	131675.0	135638.0
186	133111.0	135588.0
187	130733.0	133292.0
188	131887.0	134544.0
189	133826.0	134435.0
190	132226.0	132911.0
191	131678.0	134052.0
192	133024.0	133886.0
193	131935.0	131936.0
194	131139.0	133299.0
195	133262.0	133441.0
196	131165.0	132372.0
197	131296.0	133013.0
198	131994.0	132197.0
199	130155.0	131191.0
200	130475.0	132332.0
201	132578.0	133218.0
202	129997.0	130374.0
203	130187.0	132643.0
204	131593.0	132550.0
205	129403.0	130004.0
206	129616.0	131120.0
207	131835.0	131289.0
208	129631.0	130135.0
209	129514.0	131422.0
210	130114.0	131153.0
211	128802.0	129693.0
212	129413.0	130998.0
213	130240.0	131289.0
214	128342.0	129578.0
215	128303.0	131331.0
216	129494.0	131275.0
217	127869.0	130330.0
218	127444.0	131342.0
219	129296.0	131112.0
220	127738.0	129476.0
221	127896.0	130761.0
222	128817.0	130042.0
223	127669.0	129745.0
224	127455.0	131042.0
225	128270.0	130915.0
226	126763.0	129706.0
227	127053.0	130841.0
228	128207.0	131274.0
229	127505.0	129558.0
230	126105.0	130507.0
231	128248.0	130269.0
232	126561.0	129236.0
233	126198.0	131253.0
234	127613.0	130608.0
235	126382.0	129878.0
236	125835.0	131584.0
237	127379.0	130677.0
238	125757.0	129945.0
239	125574.0	130847.0
240	127106.0	131126.0
241	125656.0	129975.0
242	126299.0	130978.0
243	126880.0	130905.0
244	125290.0	129945.0
245	125064.0	131506.0
246	126778.0	131518.0
247	125155.0	130509.0
248	124928.0	131471.0
249	126504.0	132116.0
250	125999.0	130434.0
251	125513.0	131058.0
252	126686.0	131009.0
253	124956.0	130497.0
254	124874.0	131463.0
255	126254.0	131484.0
256	125124.0	130358.0
257	124882.0	131875.0
258	126687.0	132020.0
259	125073.0	130770.0
260	124785.0	132441.0
261	126043.0	131719.0
262	125028.0	130709.0
263	125598.0	131517.0
264	125849.0	132978.0
265	124797.0	131357.0
266	125199.0	132365.0
267	126725.0	132632.0
268	124495.0	131332.0
269	125199.0	132892.0
270	126134.0	132719.0
271	124502.0	131552.0
272	125480.0	132917.0
273	126239.0	133087.0
274	124315.0	131562.0
275	125086.0	133147.0
276	126609.0	132826.0
277	125633.0	131876.0
278	125084.0	133268.0
279	126834.0	133054.0
280	125388.0	131796.0
281	125615.0	133420.0
282	126670.0	133319.0
283	126097.0	131641.0
284	125562.0	132955.0
285	126582.0	133280.0
286	125296.0	132301.0
287	126018.0	133339.0
288	127204.0	133275.0
289	125809.0	132711.0
290	126101.0	133969.0
291	126787.0	133644.0
292	125713.0	132812.0
293	125985.0	133298.0
294	127221.0	133099.0
295	125914.0	132398.0
296	126315.0	133509.0
297	127235.0	133385.0
298	126443.0	132848.0
299	126373.0	133624.0
300	128038.0	133249.0
301	126755.0	132267.0
302	126387.0	134059.0
303	128473.0	133836.0
304	126796.0	133262.0
305	126879.0	133705.0
306	127961.0	133835.0
307	127452.0	132269.0
308	127395.0	133444.0
309	127631.0	133965.0
310	127376.0	132134.0
311	127189.0	133236.0
312	128362.0	133989.0
313	127624.0	132236.0
314	127436.0	132913.0
315	128525.0	132865.0
316	127892.0	132010.0
317	127549.0	133174.0
318	128335.0	132791.0
319	127934.0	131635.0
320	127846.0	132883.0
321	128269.0	133014.0
322	127827.0	132040.0
323	128124.0	132670.0
324	128751.0	132916.0
325	127332.0	131648.0
326	128260.0	132569.0
327	129026.0	131725.0
328	127713.0	131337.0
329	127984.0	132616.0
330	129693.0	131842.0
331	127959.0	131358.0
332	127879.0	132462.0
333	129491.0	131217.0
334	128899.0	131098.0
335	128544.0	131825.0
336	129491.0	132020.0
337	128430.0	130623.0
338	128700.0	132100.0
339	129570.0	131730.0
340	128638.0	129843.0
341	128918.0	130665.0
342	129121.0	130901.0
343	128523.0	129389.0
344	128990.0	130624.0
345	130016.0	130010.0
346	128791.0	129878.0
347	128582.0	130580.0
348	129202.0	130068.0
349	128457.0	128984.0
350	128150.0	129625.0
351	129803.0	129551.0
352	128534.0	128689.0
353	128237.0	129495.0
354	129179.0	128829.0
355	128642.0	128501.0
356	128870.0	129575.0
357	129078.0	128794.0
358	128492.0	127756.0
359	128900.0	128889.0
360	128953.0	128476.0
361	128337.0	127313.0
362	128143.0	127896.0
363	128854.0	128407.0
364	128465.0	127673.0
365	127500.0	128192.0
366	129088.0	128159.0
367	128205.0	126467.0
368	128307.0	127820.0
369	128580.0	127786.0
370	127636.0	126765.0
371	127303.0	127032.0
372	128391.0	127404.0
373	127746.0	126819.0
374	127481.0	126913.0
375	129074.0	126879.0
376	127366.0	126279.0
377	127047.0	127422.0
378	127835.0	126760.0
379	126581.0	126630.0
380	127098.0	126989.0
381	128063.0	126324.0
382	127675.0	125786.0
383	126665.0	126648.0
384	127517.0	126591.0
385	126203.0	126164.0
386	126806.0	126453.0
387	127573.0	126969.0
388	126779.0	125821.0
389	126044.0	126387.0
390	127379.0	126865.0
391	125976.0	125159.0
392	125851.0	126646.0
393	127096.0	126334.0
394	126229.0	125107.0
395	126785.0	126619.0
396	127358.0	126591.0
397	125978.0	125295.0
398	125763.0	126711.0
399	126733.0	125887.0
400	125588.0	125458.0
401	126333.0	126469.0
402	126668.0	125849.0
403	125568.0	125644.0
404	125476.0	125844.0
405	126803.0	126089.0
406	125150.0	125553.0
407	125129.0	126687.0
408	126881.0	126822.0
409	125127.0	125810.0
410	125420.0	126889.0
411	125690.0	126853.0
412	124900.0	125620.0
413	125063.0	126623.0
414	126570.0	127099.0
415	125499.0	125909.0
416	124877.0	126497.0
417	125479.0	127115.0
418	124593.0	126241.0
419	124505.0	126397.0
420	125949.0	127035.0
421	124526.0	125855.0
422	124381.0	126735.0
423	125488.0	126286.0
424	124168.0	125698.0
425	124831.0	126791.0
426	125836.0	126854.0
427	125249.0	126179.0
428	124465.0	127155.0
429	124497.0	127145.0
430	124451.0	127274.0
431	124389.0	127087.0
432	125377.0	127485.0
433	124230.0	126471.0
434	124615.0	127860.0
435	125086.0	127599.0
436	124415.0	127305.0
437	124313.0	127891.0
438	125936.0	127803.0
439	124470.0	126934.0
440	124706.0	128026.0
441	125749.0	127442.0
442	124723.0	127028.0
443	124466.0	128015.0
444	124904.0	128382.0
445	124318.0	127692.0
446	125120.0	128339.0
447	125475.0	128233.0
448	124575.0	127385.0
449	125149.0	128325.0
450	125476.0	128321.0
451	124676.0	127224.0
452	124720.0	128184.0
453	125758.0	128276.0
454	124959.0	128150.0
455	125108.0	128753.0
456	125768.0	128819.0
457	125039.0	127377.0
458	124810.0	128684.0
459	125726.0	128146.0
460	124975.0	128184.0
461	124847.0	128323.0
462	126288.0	128416.0
463	124768.0	127787.0
464	124345.0	128766.0
465	125845.0	129088.0
466	125105.0	128026.0
467	124874.0	129351.0
468	125890.0	128773.0
469	125136.0	128644.0
470	125208.0	128894.0
471	125731.0	128033.0
472	125024.0	128245.0
473	125294.0	129122.0
474	125993.0	128615.0
475	125612.0	127486.0
476	125423.0	129156.0
477	126198.0	128323.0
478	125217.0	127489.0
479	125877.0	128495.0
480	126104.0	128117.0
481	126034.0	127829.0
482	125928.0	128511.0
483	126558.0	128476.0
484	125742.0	127924.0
485	125341.0	128189.0
486	126335.0	128801.0
487	126069.0	128060.0
488	126226.0	128626.0
489	126281.0	128744.0
490	125511.0	127845.0
491	125370.0	128254.0
492	126724.0	128648.0
493	125826.0	127921.0
494	125761.0	128487.0
495	127126.0	128403.0
496	126194.0	127697.0
497	125566.0	127815.0
498	126280.0	128232.0
499	125786.0	127849.0
500	125721.0	128399.0
501	126719.0	128377.0
502	126024.0	127247.0
503	126018.0	127564.0
504	126527.0	127689.0
505	126206.0	126677.0
506	125689.0	127659.0
507	126826.0	127698.0
508	125960.0	126999.0
509	126626.0	127922.0
510	127715.0	128243.0
511	125954.0	126999.0
512	126169.0	127577.0
513	126974.0	126947.0
514	126218.0	126577.0
515	126874.0	127120.0
516	127239.0	127843.0
517	125776.0	126553.0
518	125947.0	127585.0
519	126248.0	127533.0
520	126643.0	126404.0
521	126478.0	127066.0
522	127361.0	127143.0
523	126107.0	126009.0
524	126443.0	126509.0
525	126241.0	126660.0
526	126278.0	126150.0
527	125938.0	126865.0
528	127209.0	126775.0
529	126770.0	126053.0
530	126249.0	125923.0
531	126842.0	126823.0
532	126074.0	126448.0
533	126008.0	126705.0
534	126592.0	126516.0
535	125379.0	125754.0
536	125624.0	126444.0
537	126566.0	126413.0
538	125665.0	125616.0
539	125707.0	125947.0
540	126863.0	125984.0
541	126128.0	125579.0
542	125764.0	126426.0
543	126978.0	126079.0
544	125811.0	125552.0
545	126248.0	125729.0
546	126208.0	126166.0
547	125523.0	125417.0
548	125960.0	126243.0
549	125916.0	126004.0
550	125469.0	125045.0
551	125347.0	126175.0
552	126422.0	125998.0
553	125435.0	125218.0
554	126241.0	125682.0
555	126120.0	125126.0
556	125556.0	125383.0
557	125417.0	125384.0
558	125950.0	125069.0
559	125117.0	124432.0
560	124953.0	125210.0
561	125787.0	124894.0
562	125450.0	124815.0
563	125209.0	125118.0
564	126320.0	125586.0
565	125308.0	124921.0
566	125478.0	125310.0
567	126045.0	125823.0
568	125919.0	124155.0
569	124970.0	125536.0
570	125677.0	125488.0
571	125487.0	125163.0
572	124892.0	125496.0
573	125002.0	125783.0
574	124840.0	124759.0
575	124986.0	124680.0
576	125803.0	124957.0
577	125163.0	124648.0
578	125119.0	125548.0
579	125321.0	125260.0
580	124200.0	125301.0
581	124088.0	125196.0
582	125080.0	125054.0
583	124546.0	125364.0
584	124881.0	125044.0
585	125659.0	125523.0
586	124765.0	124730.0
587	124450.0	124545.0
588	125125.0	124759.0
589	124387.0	124332.0
590	124659.0	125085.0
591	125722.0	125247.0
592	125027.0	124977.0
593	124472.0	125194.0
594	124130.0	125588.0
595	124681.0	124861.0
596	124605.0	124731.0
597	124610.0	125280.0
598	124579.0	125130.0
599	124078.0	125516.0
600	124680.0	126051.0
601	124484.0	125648.0
602	124308.0	125618.0
603	125278.0	126151.0
604	124369.0	125314.0
605	123957.0	125778.0
606	125030.0	125292.0
607	124571.0	125488.0
608	124585.0	126051.0
609	125176.0	125820.0
610	124765.0	125518.0
611	124649.0	125970.0
612	124852.0	125761.0
613	124069.0	124825.0
614	124984.0	125999.0
615	124781.0	125837.0
616	124306.0	125547.0
617	123813.0	125905.0
618	124432.0	126239.0
619	124291.0	125089.0
620	124536.0	125950.0
621	124958.0	125736.0
622	123932.0	125375.0
623	124727.0	125953.0
624	124860.0	125622.0
625	123946.0	125019.0
626	124494.0	125900.0
627	124613.0	125829.0
628	125088.0	125854.0
629	124602.0	125957.0
630	125506.0	125809.0
631	124622.0	125710.0
632	124287.0	126163.0
633	125203.0	125692.0
634	124140.0	126115.0
635	124515.0	125991.0
636	125633.0	126245.0
637	124781.0	125799.0
638	124632.0	126276.0
639	124457.0	126247.0
640	124481.0	125831.0
641	124980.0	126021.0
642	125573.0	126294.0
643	124284.0	125577.0
644	124135.0	126632.0
645	125686.0	126243.0
646	124737.0	125133.0
647	124989.0	125916.0
648	125669.0	125906.0
649	124506.0	125126.0
650	125420.0	126527.0
651	125148.0	126383.0
652	124958.0	125401.0
653	124915.0	126051.0
654	125343.0	126004.0
655	124829.0	125590.0
656	125241.0	126323.0
657	125622.0	126345.0
658	124519.0	125797.0
659	124162.0	126418.0
660	124935.0	125975.0
661	124464.0	125286.0
662	124682.0	126228.0
663	125073.0	125844.0
664	125032.0	125440.0
665	125400.0	126247.0
666	125159.0	125956.0
667	124593.0	125523.0
668	124849.0	125740.0
669	125996.0	126113.0
670	124905.0	125706.0
671	125080.0	126034.0
672	125449.0	125923.0
673	124328.0	126029.0
674	124595.0	126265.0
675	125511.0	125153.0
676	125128.0	125169.0
677	124982.0	125699.0
678	125491.0	125466.0
679	124656.0	125275.0
680	124520.0	125293.0
681	125739.0	125537.0
682	124654.0	124755.0
683	124750.0	125951.0
684	125875.0	125354.0
685	124520.0	125109.0
686	125094.0	125687.0
687	125812.0	125691.0
688	124052.0	125926.0
689	124588.0	126023.0
690	125220.0	125821.0
691	124848.0	125272.0
692	125182.0	125025.0
693	125353.0	124910.0
694	125086.0	125175.0
695	124564.0	124956.0
696	125615.0	125899.0
697	124983.0	124990.0
698	125199.0	125853.0
699	125645.0	125637.0
700	125117.0	125491.0
701	124578.0	125594.0
702	125765.0	125445.0
703	124772.0	124660.0
704	125379.0	125704.0
705	124941.0	125219.0
706	125583.0	124431.0
707	124514.0	125763.0
708	125425.0	125129.0
709	124878.0	124751.0
710	124837.0	125488.0
711	124686.0	124648.0
712	124682.0	124613.0
713	124783.0	125064.0
714	124974.0	125132.0
715	124697.0	124978.0
716	125020.0	125386.0
717	124933.0	125070.0
718	124366.0	124406.0
719	125002.0	125366.0
720	125360.0	124966.0
721	125059.0	124480.0
722	125122.0	124497.0
723	124475.0	124885.0
724	124627.0	124365.0
725	124334.0	124974.0
726	125294.0	125089.0
727	124853.0	123729.0
728	125076.0	124605.0
729	125404.0	124684.0
730	124666.0	124523.0
731	124866.0	125075.0
732	125056.0	125299.0
733	124138.0	124074.0
734	124037.0	124578.0
735	124764.0	125494.0
736	123745.0	124350.0
737	124340.0	124627.0
738	125247.0	125178.0
739	123937.0	124331.0
740	124221.0	124483.0
741	124713.0	125378.0
742	124728.0	125093.0
743	124072.0	125401.0
744	124637.0	124872.0
745	124321.0	124572.0
746	124787.0	124617.0
747	125232.0	124555.0
748	124970.0	124706.0
749	124029.0	124954.0
750	125479.0	125100.0
751	124108.0	124484.0
752	124314.0	125022.0
753	124793.0	125098.0
754	124243.0	124382.0
755	123605.0	124751.0
756	124226.0	125113.0
757	124414.0	124503.0
758	124076.0	125178.0
759	124351.0	125263.0
760	124501.0	124875.0
761	123964.0	125393.0
762	124280.0	124730.0
763	124671.0	124991.0
764	124244.0	124789.0
765	124694.0	125165.0
766	124200.0	124836.0
767	124068.0	124609.0
768	125082.0	125146.0
769	124480.0	124714.0
770	124242.0	125089.0
771	124713.0	124468.0
772	124166.0	124019.0
773	124189.0	124893.0
774	125048.0	124839.0
775	124894.0	124329.0
776	124282.0	125114.0
777	124539.0	124815.0
778	124487.0	124251.0
779	123839.0	124805.0
780	124375.0	125180.0
781	124229.0	125136.0
782	123765.0	125073.0
783	124400.0	124349.0
784	124402.0	124421.0
785	124484.0	124987.0
786	124540.0	125373.0
787	124681.0	124961.0
788	123729.0	125547.0
789	124569.0	125230.0
790	124369.0	125085.0
791	124325.0	125091.0
792	124444.0	124993.0
793	124214.0	124838.0
794	124739.0	125111.0
795	124188.0	124773.0
796	124697.0	124457.0
797	123725.0	124306.0
798	124604.0	124432.0
799	124088.0	124889.0
800	123918.0	125248.0
801	124489.0	125324.0
802	124006.0	124646.0
803	123720.0	125015.0
804	124682.0	125271.0
805	124786.0	124044.0
806	124561.0	124790.0
807	124521.0	124782.0
808	123981.0	124758.0
809	124376.0	125743.0
810	125114.0	125371.0
811	123931.0	124705.0
812	123715.0	124786.0
813	124269.0	124671.0
814	124643.0	124536.0
815	124246.0	124461.0
816	125488.0	124888.0
817	123722.0	124676.0
818	124216.0	124707.0
819	125037.0	124256.0
820	123968.0	124446.0
821	124168.0	124326.0
822	124752.0	125050.0
823	124148.0	124410.0
824	124687.0	124746.0
825	124876.0	124401.0
826	124543.0	124034.0
827	124482.0	124813.0
828	125006.0	124302.0
829	124339.0	124794.0
830	123743.0	124565.0
831	125199.0	124956.0
832	124548.0	124221.0
833	124514.0	124414.0
834	124743.0	125149.0
835	124064.0	124528.0
836	124445.0	124865.0
837	124835.0	124766.0
838	124254.0	123788.0
839	123885.0	124678.0
840	125111.0	124633.0
841	124041.0	124866.0
842	124239.0	124546.0
843	124969.0	124638.0
844	124037.0	124723.0
845	124178.0	124545.0
846	124322.0	124494.0
847	123803.0	124768.0
848	124190.0	124647.0
849	124319.0	124113.0
850	123781.0	123876.0
851	124643.0	124891.0
852	125177.0	125230.0
853	124215.0	124324.0
854	124876.0	124454.0
855	124004.0	124695.0
856	124440.0	124546.0
857	124055.0	124518.0
858	124647.0	124629.0
859	124640.0	124796.0
860	124565.0	124783.0
861	124880.0	125351.0
862	124291.0	124214.0
863	123978.0	124584.0
864	124944.0	124284.0
865	123720.0	124904.0
866	123993.0	124859.0
867	124798.0	124450.0
868	124515.0	123780.0
869	124917.0	124785.0
870	125369.0	124855.0
871	124355.0	123711.0
872	124770.0	125044.0
873	124602.0	124347.0
874	123765.0	124477.0
875	124095.0	124315.0
876	124363.0	124215.0
877	124170.0	124386.0
878	123911.0	124587.0
879	124686.0	124481.0
880	124561.0	123951.0
881	123884.0	124012.0
882	124648.0	123669.0
883	124212.0	123936.0
884	123727.0	124615.0
885	124352.0	124076.0
886	123908.0	123852.0
887	124583.0	124266.0
888	124970.0	124305.0
889	124232.0	124680.0
890	123731.0	124235.0
891	124653.0	124133.0
892	124247.0	124009.0
893	123770.0	123897.0
894	124438.0	124611.0
895	124312.0	124438.0
896	123643.0	124936.0
897	124232.0	124943.0
898	123759.0	124142.0
899	123801.0	124472.0
900	124635.0	124615.0
901	124804.0	124100.0
902	124100.0	124016.0
903	124537.0	124517.0
904	124436.0	124196.0
905	124282.0	124582.0
906	124070.0	125041.0
907	124147.0	124042.0
908	124248.0	124532.0
909	124359.0	124435.0
910	123430.0	124053.0
911	123959.0	124415.0
912	124152.0	124458.0
913	123638.0	123637.0
914	123583.0	123955.0
915	124482.0	124100.0
916	123416.0	124242.0
917	123544.0	124024.0
918	123871.0	124998.0
919	123900.0	124532.0
920	123953.0	124108.0
921	124783.0	125188.0
922	123948.0	124500.0
923	123659.0	124411.0
924	124091.0	124635.0
925	123751.0	124003.0
926	123593.0	124728.0
927	123968.0	124842.0
928	124051.0	124612.0
929	124630.0	124575.0
930	123990.0	124626.0
931	123778.0	124380.0
932	123505.0	124220.0
933	124077.0	124293.0
934	124180.0	124120.0
935	123315.0	124010.0
936	124291.0	124263.0
937	123831.0	123990.0
938	124049.0	124729.0
939	124075.0	124637.0
940	123689.0	124713.0
941	124173.0	124738.0
942	124386.0	124578.0
943	123991.0	124632.0
944	124012.0	124706.0
945	123726.0	124239.0
946	123694.0	123797.0
947	123867.0	124522.0
948	124339.0	124804.0
949	123665.0	124258.0
950	124494.0	124765.0
951	124170.0	124483.0
952	124011.0	124912.0
953	123524.0	124568.0
954	124160.0	124327.0
955	123794.0	124113.0
956	123837.0	124674.0
957	124060.0	124206.0
958	124190.0	124660.0
959	123658.0	124660.0
960	124254.0	124434.0
961	123490.0	124474.0
962	123863.0	124721.0
963	124330.0	125110.0
964	124342.0	124593.0
965	124137.0	124454.0
966	124634.0	124561.0
967	124012.0	124144.0
968	124066.0	123906.0
969	123966.0	124571.0
970	123943.0	124182.0
971	123774.0	124019.0
972	124441.0	124368.0
973	123988.0	124357.0
974	123798.0	124910.0
975	124365.0	124485.0
976	124482.0	124235.0
977	124554.0	123978.0
978	124152.0	124567.0
979	123559.0	124078.0
980	124478.0	124111.0
981	124501.0	124363.0
982	123896.0	124210.0
983	123677.0	124702.0
984	124485.0	124043.0
985	123443.0	124069.0
986	123593.0	124720.0
987	123771.0	124202.0
988	123818.0	124292.0
989	123677.0	124239.0
990	123873.0	124910.0
991	123639.0	124262.0
992	124046.0	124157.0
993	124576.0	124246.0
994	123638.0	124332.0
995	124309.0	123723.0
996	124915.0	124306.0
997	124918.0	124232.0
998	124019.0	124407.0
999	124163.0	124077.0
1000	123540.0	123775.0
1001	123979.0	124251.0
1002	123904.0	123883.0
1003	123283.0	124256.0
1004	124167.0	124345.0
1005	124492.0	124328.0
1006	124074.0	123997.0
1007	123296.0	124751.0
1008	123992.0	123334.0
1009	123633.0	124065.0
1010	123915.0	124246.0
1011	124321.0	124016.0
1012	124333.0	123920.0
1013	123900.0	123938.0
1014	124009.0	124229.0
1015	123608.0	124131.0
1016	124228.0	123732.0
1017	124291.0	124289.0
1018	124671.0	123695.0
1019	124100.0	123528.0
1020	123782.0	123147.0
1021	124113.0	123830.0
1022	123429.0	124120.0
1023	124118.0	123249.0
1024	124044.0	123846.0
1025	124106.0	124011.0
1026	124129.0	124019.0
1027	123495.0	123787.0
1028	124062.0	123520.0
1029	124256.0	124048.0
1030	123991.0	123621.0
1031	123842.0	123954.0
1032	123929.0	124198.0
1033	124082.0	123729.0
1034	123912.0	123369.0
1035	124206.0	123818.0
1036	124003.0	123773.0
1037	123861.0	124356.0
1038	124079.0	124097.0
1039	123565.0	123431.0
1040	123445.0	123424.0
1041	124342.0	123518.0
1042	123697.0	123466.0
1043	124054.0	124046.0
1044	124371.0	123857.0
1045	123842.0	123309.0
1046	123430.0	123628.0
1047	123944.0	123781.0
1048	123171.0	123881.0
1049	123427.0	123886.0
1050	124324.0	124132.0
1051	123565.0	123719.0
1052	123239.0	123718.0
1053	123902.0	123863.0
1054	123504.0	123841.0
1055	122907.0	123886.0
1056	123643.0	123666.0
1057	123133.0	123547.0
1058	123392.0	124207.0
1059	123437.0	123530.0
1060	123252.0	123454.0
1061	123814.0	124201.0
1062	123771.0	123736.0
1063	123648.0	123915.0
1064	123946.0	123858.0
1065	123918.0	124158.0
1066	122744.0	123104.0
1067	123557.0	123606.0
1068	123097.0	124023.0
1069	123610.0	123710.0
1070	123224.0	123941.0
1071	123690.0	124031.0
1072	123756.0	123655.0
1073	123926.0	124049.0
1074	123606.0	124227.0
1075	123292.0	123400.0
1076	123433.0	123529.0
1077	123806.0	124573.0
1078	124176.0	123523.0
1079	123775.0	123493.0
1080	124077.0	123646.0
1081	123290.0	124043.0
1082	123476.0	124254.0
1083	123631.0	123840.0
1084	123400.0	123892.0
1085	123541.0	123685.0
1086	123687.0	124220.0
1087	123528.0	123801.0
1088	123529.0	123962.0
1089	123701.0	123749.0
1090	123409.0	123916.0
1091	123214.0	124148.0
1092	123472.0	124171.0
1093	123421.0	123925.0
1094	123600.0	124145.0
1095	123588.0	124169.0
1096	123562.0	123836.0
1097	123078.0	124316.0
1098	123336.0	123936.0
1099	123666.0	123994.0
1100	123791.0	124685.0
1101	123484.0	124348.0
1102	123704.0	123735.0
1103	123630.0	124101.0
1104	123444.0	123796.0
1105	122857.0	123748.0
1106	123541.0	124416.0
1107	124275.0	123499.0
1108	123657.0	123940.0
1109	123387.0	124006.0
1110	124153.0	123517.0
1111	123375.0	124002.0
1112	123738.0	124794.0
1113	123283.0	124179.0
1114	123915.0	123872.0
1115	123611.0	124299.0
1116	123505.0	124229.0
1117	123234.0	124423.0
1118	123768.0	123964.0
1119	123907.0	124131.0
1120	123746.0	123658.0
1121	123648.0	123769.0
1122	123828.0	124603.0
1123	123882.0	124305.0
1124	123427.0	123455.0
1125	123669.0	124011.0
1126	123593.0	124280.0
1127	123327.0	124629.0
1128	123846.0	123902.0
1129	123698.0	123336.0
1130	123816.0	123987.0
1131	123874.0	123775.0
1132	123969.0	124024.0
1133	123505.0	123704.0
1134	123745.0	123951.0
1135	123267.0	123982.0
1136	123255.0	124407.0
1137	124424.0	123908.0
1138	123261.0	124104.0
1139	124045.0	124192.0
1140	124054.0	123987.0
1141	123097.0	123554.0
1142	123398.0	123558.0
1143	124060.0	124066.0
1144	123807.0	124274.0
1145	123967.0	124165.0
1146	123997.0	123805.0
1147	123695.0	123657.0
1148	123548.0	123537.0
1149	123864.0	124048.0
1150	124180.0	123458.0
1151	123957.0	123916.0
1152	124475.0	123754.0
1153	124018.0	123764.0
1154	123261.0	123910.0
1155	123789.0	124488.0
1156	123729.0	123781.0
1157	123841.0	123803.0
1158	124567.0	123701.0
1159	124131.0	123286.0
1160	124184.0	123465.0
1161	123885.0	123829.0
1162	124021.0	123895.0
1163	123567.0	123474.0
1164	124311.0	123537.0
1165	123747.0	123561.0
1166	123919.0	123693.0
1167	123994.0	123646.0
1168	123866.0	123295.0
1169	123641.0	123203.0
1170	123751.0	124092.0
1171	123602.0	123390.0
1172	123635.0	123665.0
1173	123977.0	124258.0
1174	123446.0	123057.0
1175	122858.0	123206.0
1176	123839.0	123721.0
1177	123894.0	123281.0
1178	124015.0	123644.0
1179	124078.0	123430.0
1180	123186.0	123302.0
1181	123130.0	123864.0
1182	123554.0	123721.0
1183	123535.0	123652.0
1184	124333.0	123359.0
1185	123061.0	124155.0
1186	123847.0	122980.0
1187	123829.0	123486.0
1188	124305.0	123669.0
1189	123533.0	122955.0
1190	123206.0	123424.0
1191	123855.0	122945.0
1192	123499.0	123525.0
1193	123518.0	122544.0
1194	123979.0	123808.0
1195	123435.0	123023.0
1196	123179.0	123415.0
1197	123586.0	123687.0
1198	123508.0	123172.0
1199	123632.0	123037.0
1200	124087.0	123258.0
1201	123827.0	123138.0
1202	123208.0	122907.0
1203	123788.0	123450.0
1204	122860.0	122688.0
1205	123140.0	123621.0
1206	123960.0	123009.0
1207	123375.0	123287.0
1208	123708.0	123337.0
1209	123166.0	123251.0
1210	123634.0	123093.0
1211	123652.0	123523.0
1212	123715.0	123673.0
1213	123894.0	123447.0
1214	122838.0	123493.0
1215	123351.0	123775.0
1216	123105.0	123786.0
1217	123408.0	123060.0
1218	123568.0	123026.0
1219	123016.0	123309.0
1220	122797.0	123461.0
1221	123316.0	123404.0
1222	123508.0	123644.0
1223	123332.0	123537.0
1224	123107.0	123848.0
1225	122940.0	122631.0
1226	122833.0	123661.0
1227	122901.0	123340.0
1228	123236.0	123229.0
1229	123254.0	123232.0
1230	123474.0	123488.0
1231	122750.0	123139.0
1232	123399.0	123155.0
1233	123270.0	123389.0
1234	122907.0	123048.0
1235	123723.0	123258.0
1236	123050.0	123350.0
1237	123110.0	122871.0
1238	122713.0	123564.0
1239	122675.0	124254.0
1240	123185.0	123645.0
1241	122843.0	123903.0
1242	123802.0	123672.0
1243	123291.0	123650.0
1244	123542.0	123377.0
1245	123458.0	123591.0
1246	122710.0	123587.0
1247	122994.0	123782.0
1248	123687.0	123987.0
1249	122828.0	123485.0
1250	123168.0	123249.0
1251	122888.0	123414.0
1252	123715.0	123753.0
1253	123443.0	123560.0
1254	123429.0	123184.0
1255	123076.0	123099.0
1256	122706.0	124208.0
1257	122808.0	123805.0
1258	122509.0	123232.0
1259	123504.0	123688.0
1260	123162.0	123759.0
1261	123459.0	123196.0
1262	123048.0	124178.0
1263	123386.0	123411.0
1264	122948.0	123638.0
1265	123221.0	122934.0
1266	123517.0	123423.0
1267	123575.0	123509.0
1268	123087.0	124011.0
1269	123372.0	123656.0
1270	122804.0	123565.0
1271	123037.0	123904.0
1272	123166.0	123493.0
1273	122936.0	123355.0
1274	123057.0	123698.0
1275	123128.0	123545.0
1276	123189.0	123497.0
1277	123105.0	123445.0
1278	123082.0	123911.0
1279	123164.0	123358.0
1280	123459.0	123998.0
1281	123159.0	124051.0
1282	122781.0	123929.0
1283	123889.0	123305.0
1284	123283.0	124072.0
1285	123166.0	123733.0
1286	123226.0	123745.0
1287	123073.0	123979.0
1288	122775.0	123772.0
1289	123254.0	123244.0
1290	123537.0	123431.0
1291	123630.0	123665.0
1292	123373.0	123344.0
1293	123539.0	123932.0
1294	122784.0	123273.0
1295	123115.0	123266.0
1296	123342.0	123365.0
1297	123471.0	123307.0
1298	123832.0	123687.0
1299	123503.0	123187.0
1300	123419.0	123460.0
1301	123584.0	123196.0
1302	123215.0	123524.0
1303	123144.0	123263.0
1304	123102.0	123888.0
1305	122815.0	123170.0
1306	123356.0	123487.0
1307	123324.0	123564.0
1308	123185.0	123837.0
1309	122936.0	123505.0
1310	123719.0	123702.0
1311	123772.0	124061.0
1312	122849.0	123410.0
1313	123063.0	123801.0
1314	123773.0	123210.0
1315	123128.0	123239.0
1316	123855.0	123658.0
1317	123159.0	123299.0
1318	122891.0	123603.0
1319	123328.0	123574.0
1320	122641.0	123268.0
1321	122956.0	123385.0
1322	123262.0	123459.0
1323	123351.0	123844.0
1324	123235.0	123053.0
1325	122820.0	123378.0
1326	123519.0	123954.0
1327	123564.0	122708.0
1328	122984.0	123539.0
1329	123796.0	123370.0
1330	122854.0	122987.0
1331	123585.0	122615.0
1332	123052.0	123395.0
1333	123162.0	123319.0
1334	122846.0	123377.0
1335	123156.0	123902.0
1336	123469.0	123270.0
1337	122906.0	123250.0
1338	123746.0	123487.0
1339	123341.0	123437.0
1340	122793.0	123265.0
1341	123087.0	122629.0
1342	122545.0	122812.0
1343	123375.0	122957.0
1344	123015.0	123592.0
1345	123012.0	122705.0
1346	123038.0	123245.0
1347	123253.0	122737.0
1348	122639.0	123209.0
1349	122962.0	123445.0
1350	122664.0	123832.0
1351	123615.0	123089.0
1352	123623.0	123222.0
1353	123037.0	123245.0
1354	122920.0	123237.0
1355	122857.0	123493.0
1356	123570.0	122947.0
1357	122985.0	122983.0
1358	122826.0	123218.0
1359	123154.0	123453.0
1360	122971.0	123404.0
1361	122864.0	123656.0
1362	123540.0	123139.0
1363	123293.0	123038.0
1364	122940.0	123071.0
1365	123056.0	123407.0
1366	123010.0	123231.0
1367	123108.0	123599.0
1368	122442.0	123150.0
1369	122564.0	123362.0
1370	123426.0	123245.0
1371	122951.0	123194.0
1372	122854.0	123311.0
1373	123476.0	122617.0
1374	122991.0	122771.0
1375	122755.0	122535.0
1376	123017.0	122871.0
1377	123366.0	123104.0
1378	123105.0	123304.0
1379	122973.0	123391.0
1380	123392.0	123689.0
1381	123078.0	123451.0
1382	123167.0	123271.0
1383	123743.0	122944.0
1384	123572.0	122776.0
1385	122917.0	122996.0
1386	122909.0	122961.0
1387	122803.0	122710.0
1388	123127.0	122839.0
1389	123146.0	123033.0
1390	123052.0	122719.0
1391	122810.0	123094.0
1392	122808.0	123019.0
1393	123743.0	122867.0
1394	123445.0	123373.0
1395	123187.0	123110.0
1396	122739.0	122259.0
1397	122551.0	123306.0
1398	122981.0	123025.0
1399	122676.0	122887.0
1400	122435.0	123365.0
1401	122839.0	122791.0
1402	122867.0	123015.0
1403	122942.0	122964.0
1404	123130.0	122568.0
1405	123236.0	122649.0
1406	122182.0	123063.0
1407	122716.0	122929.0
1408	122954.0	123433.0
1409	122378.0	123694.0
1410	122533.0	123780.0
1411	123186.0	122828.0
1412	122728.0	123428.0
1413	122994.0	123208.0
1414	122812.0	123326.0
1415	123032.0	122995.0
1416	122332.0	122950.0
1417	122741.0	123568.0
1418	122484.0	122901.0
1419	122302.0	122873.0
1420	122710.0	122977.0
1421	122110.0	123276.0
1422	122795.0	123060.0
1423	123239.0	122513.0
1424	122519.0	122961.0
1425	122811.0	123929.0
1426	122881.0	123435.0
1427	122669.0	123579.0
1428	122978.0	122821.0
1429	123142.0	122765.0
1430	123216.0	123078.0
1431	122952.0	123129.0
1432	123102.0	122988.0
1433	122919.0	122583.0
1434	122532.0	123216.0
1435	122372.0	122911.0
1436	122326.0	123335.0
1437	122412.0	123287.0
1438	122726.0	123450.0
1439	123003.0	123912.0
1440	122837.0	122957.0
1441	122599.0	122566.0
1442	122295.0	123244.0
1443	122211.0	123508.0
1444	122501.0	122939.0
1445	122865.0	123233.0
1446	123102.0	123842.0
1447	122722.0	123265.0
1448	122889.0	123315.0
1449	122779.0	123350.0
1450	123110.0	123547.0
1451	122653.0	123378.0
1452	123092.0	122895.0
1453	122635.0	123067.0
1454	123008.0	123744.0
1455	123327.0	122703.0
1456	122342.0	123130.0
1457	122711.0	123202.0
1458	122547.0	123586.0
1459	121937.0	122832.0
1460	122649.0	123608.0
1461	123069.0	122929.0
1462	123125.0	122931.0
1463	123182.0	123380.0
1464	123267.0	122984.0
1465	123208.0	122905.0
1466	123157.0	123089.0
1467	123142.0	123357.0
1468	122938.0	123708.0
1469	122658.0	122881.0
1470	122415.0	123007.0
1471	122931.0	122989.0
1472	122770.0	123210.0
1473	123361.0	123446.0
1474	122868.0	122424.0
1475	123092.0	123696.0
1476	122384.0	122963.0
1477	122840.0	122941.0
1478	123200.0	122945.0
1479	122584.0	123103.0
1480	122793.0	123418.0
1481	122905.0	122850.0
1482	123090.0	123251.0
1483	123464.0	123166.0
1484	122443.0	122830.0
1485	123164.0	123241.0
1486	122466.0	122925.0
1487	122133.0	122933.0
1488	123126.0	123275.0
1489	122781.0	123250.0
1490	123046.0	122958.0
1491	123025.0	122631.0
1492	122602.0	123111.0
1493	123438.0	122846.0
1494	123318.0	123412.0
1495	122445.0	123388.0
1496	122884.0	122705.0
1497	122986.0	123333.0
1498	122969.0	123898.0
1499	122712.0	123175.0
1500	123752.0	123185.0
1501	123420.0	123000.0
1502	122866.0	122837.0
1503	122558.0	123270.0
1504	122887.0	123455.0
1505	122424.0	122861.0
1506	122799.0	122989.0
1507	123176.0	122864.0
1508	122974.0	122936.0
1509	123358.0	123157.0
1510	122639.0	122780.0
1511	122432.0	122924.0
1512	122610.0	122768.0
1513	122558.0	122382.0
1514	122720.0	123129.0
1515	122646.0	122623.0
1516	122861.0	122856.0
1517	122631.0	122686.0
1518	122873.0	123727.0
1519	123121.0	123244.0
1520	122839.0	123120.0
1521	122781.0	123176.0
1522	122543.0	122826.0
1523	122110.0	122945.0
1524	122340.0	123597.0
1525	122796.0	122792.0
1526	122855.0	122972.0
1527	123477.0	122135.0
1528	123144.0	122294.0
1529	122728.0	122846.0
1530	123086.0	123238.0
1531	122260.0	122529.0
1532	121997.0	122579.0
1533	122514.0	123133.0
1534	122270.0	122786.0
1535	122885.0	122775.0
1536	122999.0	123126.0
1537	122916.0	122119.0
1538	122641.0	123107.0
1539	122790.0	122988.0
1540	122720.0	123172.0
1541	122706.0	122827.0
1542	123259.0	122828.0
1543	122758.0	122127.0
1544	122532.0	122628.0
1545	123093.0	123042.0
1546	122631.0	122645.0
1547	122429.0	122961.0
1548	122815.0	122885.0
1549	122532.0	122788.0
1550	122374.0	122972.0
1551	122512.0	123125.0
1552	122359.0	122949.0
1553	122570.0	122774.0
1554	122509.0	123023.0
1555	122720.0	123248.0
1556	122108.0	122459.0
1557	122608.0	122752.0
1558	122702.0	122771.0
1559	122643.0	122503.0
1560	122450.0	122724.0
1561	123126.0	123088.0
1562	122394.0	122668.0
1563	122795.0	122883.0
1564	122918.0	122447.0
1565	122823.0	122730.0
1566	122339.0	122611.0
1567	122579.0	122332.0
1568	122789.0	123122.0
1569	121977.0	122939.0
1570	122698.0	122475.0
1571	121718.0	123073.0
1572	122659.0	122689.0
1573	122689.0	123000.0
1574	122006.0	122872.0
1575	122269.0	123063.0
1576	122594.0	122558.0
1577	122367.0	123277.0
1578	123031.0	122517.0
1579	122704.0	122215.0
1580	123209.0	122685.0
1581	122458.0	123348.0
1582	121798.0	122281.0
1583	122591.0	122469.0
1584	122661.0	122899.0
1585	122419.0	122947.0
1586	122547.0	122532.0
1587	123117.0	122505.0
1588	122401.0	122286.0
1589	122924.0	122756.0
1590	122553.0	122883.0
1591	123075.0	122227.0
1592	122922.0	122522.0
1593	122689.0	123514.0
1594	122736.0	122632.0
1595	122878.0	122772.0
1596	122566.0	122713.0
1597	122845.0	122765.0
1598	122027.0	122348.0
1599	122146.0	122852.0
1600	122520.0	122734.0
1601	122129.0	122249.0
1602	122854.0	122730.0
1603	122967.0	122340.0
1604	122808.0	122365.0
1605	122667.0	122451.0
1606	122586.0	122848.0
1607	121940.0	122590.0
1608	122938.0	122529.0
1609	122121.0	122680.0
1610	122231.0	123403.0
1611	122486.0	122848.0
1612	122951.0	123248.0
1613	122463.0	122891.0
1614	122726.0	122334.0
1615	122741.0	123093.0
1616	122437.0	122791.0
1617	122653.0	123055.0
1618	122711.0	123200.0
1619	122722.0	122641.0
1620	122924.0	122817.0
1621	123161.0	122535.0
1622	122615.0	122852.0
1623	122891.0	122517.0
1624	122565.0	122548.0
1625	122374.0	122909.0
1626	122930.0	123212.0
1627	122341.0	122641.0
1628	122474.0	122190.0
1629	122401.0	121621.0
1630	122192.0	122708.0
1631	122238.0	122695.0
1632	122412.0	122300.0
1633	121893.0	123092.0
1634	121939.0	122334.0
1635	122521.0	122759.0
1636	122361.0	122218.0
1637	122661.0	122340.0
1638	122792.0	122365.0
1639	122982.0	123070.0
1640	122419.0	123102.0
1641	121887.0	122261.0
1642	121927.0	122745.0
1643	122404.0	122956.0
1644	123016.0	123038.0
1645	122380.0	122933.0
1646	122325.0	122924.0
1647	122454.0	122734.0
1648	122546.0	122251.0
1649	122046.0	122959.0
1650	122373.0	122841.0
1651	122544.0	121938.0
1652	122491.0	122739.0
1653	122306.0	122363.0
1654	121993.0	122667.0
1655	122551.0	122247.0
1656	122664.0	122756.0
1657	122299.0	122906.0
1658	122629.0	122666.0
1659	122205.0	122354.0
1660	121716.0	122459.0
1661	122586.0	122967.0
1662	122546.0	122834.0
1663	122172.0	122840.0
1664	122156.0	123073.0
1665	122547.0	123222.0
1666	122565.0	123167.0
1667	122441.0	121899.0
1668	122661.0	122396.0
1669	122861.0	122470.0
1670	122314.0	122688.0
1671	122825.0	122699.0
1672	122114.0	122408.0
1673	122705.0	122780.0
1674	122952.0	122297.0
1675	122286.0	122535.0
1676	122187.0	123455.0
1677	122334.0	122914.0
1678	122501.0	122713.0
1679	122959.0	122903.0
1680	122544.0	122717.0
1681	122203.0	122320.0
1682	122444.0	122407.0
1683	121789.0	122004.0
1684	121798.0	122434.0
1685	122010.0	122575.0
1686	122105.0	122461.0
1687	122090.0	122368.0
1688	122087.0	122323.0
1689	122215.0	122720.0
1690	122383.0	122591.0
1691	122181.0	122670.0
1692	122740.0	123020.0
1693	121795.0	123009.0
1694	122111.0	122447.0
1695	122509.0	122365.0
1696	122776.0	122131.0
1697	122999.0	122958.0
1698	122523.0	122526.0
1699	122102.0	122282.0
1700	122601.0	122745.0
1701	122191.0	122554.0
1702	122809.0	122945.0
1703	122744.0	122497.0
1704	122871.0	121936.0
1705	121806.0	122430.0
1706	122023.0	122679.0
1707	122564.0	122481.0
1708	122201.0	122882.0
1709	122141.0	122540.0
1710	121663.0	122912.0
1711	122221.0	123064.0
1712	122679.0	122372.0
1713	122255.0	122870.0
1714	122583.0	122716.0
1715	121593.0	122634.0
1716	122726.0	122738.0
1717	122495.0	122686.0
1718	122162.0	122787.0
1719	122474.0	122148.0
1720	122656.0	122459.0
1721	122177.0	122699.0
1722	122444.0	122064.0
1723	122971.0	122843.0
1724	122377.0	122329.0
1725	122533.0	122767.0
1726	122490.0	122644.0
1727	122321.0	121501.0
1728	122543.0	122283.0
1729	122612.0	122404.0
1730	122324.0	122073.0
1731	122489.0	122757.0
1732	122303.0	122008.0
1733	121884.0	122801.0
1734	122320.0	123010.0
1735	121792.0	122459.0
1736	121723.0	122575.0
1737	122458.0	122897.0
1738	121897.0	122269.0
1739	122154.0	122538.0
1740	121990.0	122362.0
1741	122367.0	122487.0
1742	122038.0	122103.0
1743	122192.0	122886.0
1744	122435.0	122178.0
1745	122402.0	121788.0
1746	121864.0	122075.0
1747	121355.0	122525.0
1748	121849.0	122552.0
1749	122167.0	122565.0
1750	122400.0	122601.0
1751	122204.0	122385.0
1752	121551.0	122300.0
1753	122534.0	122345.0
1754	122419.0	122427.0
1755	122184.0	122576.0
1756	122115.0	122855.0
1757	122462.0	122356.0
1758	122425.0	122431.0
1759	122135.0	122005.0
1760	122292.0	122127.0
1761	121922.0	122572.0
1762	122320.0	122331.0
1763	122009.0	121852.0
1764	122327.0	122699.0
1765	121631.0	121811.0
1766	122121.0	122118.0
1767	122460.0	122679.0
1768	122190.0	121835.0
1769	121953.0	122309.0
1770	121802.0	122012.0
1771	121810.0	121972.0
1772	122549.0	122952.0
1773	122633.0	122665.0
1774	121982.0	122048.0
1775	122038.0	122221.0
1776	122669.0	122407.0
1777	121955.0	122112.0
1778	122299.0	122334.0
1779	122179.0	122064.0
1780	122090.0	122177.0
1781	122027.0	122508.0
1782	122085.0	122877.0
1783	121974.0	122711.0
1784	122133.0	122351.0
1785	121916.0	122227.0
1786	122330.0	122179.0
1787	121456.0	121927.0
1788	121861.0	122842.0
1789	122182.0	122174.0
1790	121469.0	122337.0
1791	122420.0	122375.0
1792	121941.0	122221.0
1793	122347.0	122850.0
1794	122200.0	122550.0
1795	121837.0	122501.0
1796	122298.0	122078.0
1797	121894.0	122455.0
1798	122295.0	122430.0
1799	122158.0	122289.0
1800	122379.0	122510.0
1801	121610.0	123073.0
1802	121987.0	122395.0
1803	121784.0	122568.0
1804	121642.0	122305.0
1805	122024.0	121653.0
1806	122099.0	122761.0
1807	121952.0	122411.0
1808	122306.0	122517.0
1809	122147.0	122268.0
1810	122456.0	122327.0
1811	121491.0	122593.0
1812	121806.0	121975.0
1813	122059.0	122108.0
1814	122133.0	122326.0
1815	122106.0	122459.0
1816	122086.0	121592.0
1817	121428.0	121967.0
1818	121736.0	121598.0
1819	122339.0	122354.0
1820	122439.0	122238.0
1821	121992.0	122135.0
1822	122223.0	122428.0
1823	121763.0	121861.0
1824	122011.0	122212.0
1825	121408.0	122596.0
1826	121966.0	122098.0
1827	122326.0	122720.0
1828	121538.0	122457.0
1829	122259.0	122613.0
1830	122689.0	122397.0
1831	122424.0	122252.0
1832	121894.0	122305.0
1833	121896.0	122388.0
1834	122386.0	122285.0
1835	121855.0	122361.0
1836	121586.0	122821.0
1837	122157.0	122621.0
1838	122071.0	122539.0
1839	121934.0	122331.0
1840	121369.0	122099.0
1841	121750.0	122056.0
1842	122858.0	122137.0
1843	121840.0	122037.0
1844	121928.0	122148.0
1845	121566.0	122134.0
1846	121905.0	122773.0
1847	121825.0	122362.0
1848	122019.0	122432.0
1849	121657.0	122056.0
1850	121913.0	122445.0
1851	122150.0	122595.0
1852	122420.0	122366.0
1853	121986.0	122470.0
1854	122284.0	122343.0
1855	122104.0	122744.0
1856	121752.0	121603.0
1857	122332.0	121897.0
1858	121678.0	122372.0
1859	122582.0	122708.0
1860	122185.0	121803.0
1861	121834.0	122163.0
1862	122029.0	121749.0
1863	122721.0	122724.0
1864	121932.0	122130.0
1865	121939.0	122054.0
1866	121898.0	121980.0
1867	122050.0	122285.0
1868	122458.0	122581.0
1869	121920.0	122255.0
1870	121948.0	122342.0
1871	121808.0	122182.0
1872	122387.0	121790.0
1873	122121.0	122276.0
1874	121640.0	121984.0
1875	121983.0	122444.0
1876	121852.0	122251.0
1877	121989.0	122518.0
1878	122201.0	122487.0
1879	121837.0	122569.0
1880	122143.0	123045.0
1881	122433.0	122350.0
1882	121587.0	122436.0
1883	121544.0	122225.0
1884	122157.0	122024.0
1885	122747.0	121773.0
1886	122089.0	121727.0
1887	121263.0	121834.0
1888	121975.0	121889.0
1889	121509.0	122126.0
1890	121602.0	122591.0
1891	122002.0	121530.0
1892	121465.0	121807.0
1893	121491.0	122424.0
1894	121850.0	122361.0
1895	122182.0	122258.0
1896	121909.0	122235.0
1897	121595.0	121790.0
1898	121626.0	122030.0
1899	122403.0	121980.0
1900	121661.0	122189.0
1901	122148.0	122637.0
1902	122164.0	122685.0
1903	121819.0	121854.0
1904	121830.0	121927.0
1905	121783.0	122099.0
1906	121979.0	122479.0
1907	122189.0	122404.0
1908	121928.0	122190.0
1909	121911.0	121659.0
1910	122455.0	122417.0
1911	122691.0	122126.0
1912	121824.0	122091.0
1913	121847.0	122360.0
1914	121559.0	122440.0
1915	121773.0	121849.0
1916	121758.0	122081.0
1917	121577.0	121732.0
1918	121839.0	122031.0
1919	121947.0	121752.0
1920	121938.0	121971.0
1921	122209.0	121935.0
1922	121502.0	122007.0
1923	121742.0	122194.0
1924	121526.0	122596.0
1925	121826.0	122258.0
1926	121547.0	121712.0
1927	121379.0	122322.0
1928	121484.0	122626.0
1929	122132.0	122460.0
1930	121670.0	122480.0
1931	121529.0	121929.0
1932	122369.0	121690.0
1933	121166.0	121765.0
1934	121297.0	121692.0
1935	122002.0	122247.0
1936	121605.0	122440.0
1937	121835.0	121652.0
1938	121283.0	121922.0
1939	121603.0	121736.0
1940	121794.0	122015.0
1941	121896.0	121621.0
1942	121612.0	122052.0
1943	121815.0	121926.0
1944	121508.0	122373.0
1945	121550.0	121939.0
1946	122104.0	122047.0
1947	121556.0	122538.0
1948	121346.0	121668.0
1949	121204.0	122236.0
1950	121668.0	122103.0
1951	121875.0	121934.0
1952	121794.0	122114.0
1953	121854.0	122230.0
1954	121619.0	121648.0
1955	121320.0	122416.0
1956	121775.0	122034.0
1957	121702.0	122178.0
1958	121101.0	121614.0
1959	121802.0	121910.0
1960	121267.0	122254.0
1961	121702.0	122156.0
1962	121626.0	122353.0
1963	121354.0	122058.0
1964	121485.0	122316.0
1965	121558.0	121775.0
1966	121644.0	122067.0
1967	122024.0	122192.0
1968	121927.0	122150.0
1969	122145.0	121972.0
1970	121735.0	122518.0
1971	121915.0	122529.0
1972	121507.0	121360.0
1973	122047.0	122167.0
1974	121140.0	122290.0
1975	121602.0	122350.0
1976	121706.0	122155.0
1977	121632.0	121936.0
1978	121835.0	122113.0
1979	121199.0	122316.0
1980	121083.0	122031.0
1981	121233.0	121788.0
1982	121451.0	122655.0
1983	121164.0	121579.0
1984	121495.0	121865.0
1985	121436.0	121566.0
1986	122083.0	121861.0
1987	121935.0	122116.0
1988	121352.0	122133.0
1989	121784.0	122081.0
1990	121699.0	122698.0
1991	121555.0	121629.0
1992	121761.0	122573.0
1993	121267.0	121490.0
1994	120854.0	122213.0
1995	121636.0	122355.0
1996	121590.0	121820.0
1997	121298.0	121828.0
1998	121029.0	122227.0
1999	122140.0	122867.0
