Distance in bp(Fragment Length Estimate: 141)(Peak Width Estimate: 141)	Same Strand (+ for Watson strand, - for Crick)	Opposite Strand
-2000	117518.0	116775.0
-1999	117607.0	116574.0
-1998	118171.0	116989.0
-1997	118308.0	116694.0
-1996	117486.0	116574.0
-1995	118382.0	116944.0
-1994	117704.0	116838.0
-1993	118100.0	117262.0
-1992	117383.0	116881.0
-1991	118176.0	116990.0
-1990	118095.0	116395.0
-1989	118416.0	116875.0
-1988	117540.0	116780.0
-1987	117331.0	116631.0
-1986	118332.0	117199.0
-1985	117923.0	116215.0
-1984	117678.0	117335.0
-1983	118234.0	117146.0
-1982	118195.0	117309.0
-1981	118347.0	116934.0
-1980	118247.0	116702.0
-1979	117967.0	116305.0
-1978	118153.0	117174.0
-1977	117820.0	116989.0
-1976	118050.0	117169.0
-1975	118070.0	117267.0
-1974	118090.0	117016.0
-1973	117542.0	117234.0
-1972	117709.0	116700.0
-1971	118127.0	116618.0
-1970	117658.0	116946.0
-1969	118483.0	117269.0
-1968	118127.0	116881.0
-1967	118097.0	116712.0
-1966	117975.0	117062.0
-1965	118267.0	117320.0
-1964	118217.0	117012.0
-1963	118161.0	117733.0
-1962	117547.0	116597.0
-1961	117957.0	117023.0
-1960	117910.0	116850.0
-1959	118652.0	116930.0
-1958	118661.0	117097.0
-1957	118149.0	117393.0
-1956	118832.0	117157.0
-1955	118076.0	117343.0
-1954	117932.0	117371.0
-1953	117980.0	117305.0
-1952	118048.0	116848.0
-1951	118118.0	116756.0
-1950	118400.0	117248.0
-1949	118171.0	117075.0
-1948	117834.0	117402.0
-1947	117582.0	117720.0
-1946	118290.0	116967.0
-1945	118663.0	117546.0
-1944	117629.0	117261.0
-1943	118380.0	116867.0
-1942	118577.0	116869.0
-1941	118087.0	117175.0
-1940	117826.0	116864.0
-1939	118250.0	117282.0
-1938	118993.0	116780.0
-1937	118127.0	116793.0
-1936	118433.0	116992.0
-1935	118358.0	117252.0
-1934	117946.0	117629.0
-1933	118203.0	117169.0
-1932	118035.0	117493.0
-1931	117793.0	117376.0
-1930	118469.0	117006.0
-1929	118138.0	117070.0
-1928	118399.0	117267.0
-1927	118338.0	117387.0
-1926	118440.0	117503.0
-1925	118674.0	117035.0
-1924	118314.0	117268.0
-1923	118423.0	117510.0
-1922	118072.0	117204.0
-1921	118205.0	117202.0
-1920	118989.0	117408.0
-1919	118189.0	117276.0
-1918	118255.0	117670.0
-1917	118491.0	117344.0
-1916	117782.0	117103.0
-1915	118330.0	117543.0
-1914	118406.0	116986.0
-1913	118589.0	117303.0
-1912	118347.0	117394.0
-1911	118162.0	117211.0
-1910	118590.0	116994.0
-1909	118165.0	117231.0
-1908	118428.0	117566.0
-1907	118749.0	117236.0
-1906	118508.0	116723.0
-1905	119102.0	117743.0
-1904	119012.0	117433.0
-1903	118669.0	117193.0
-1902	118410.0	117025.0
-1901	118828.0	116845.0
-1900	118551.0	117207.0
-1899	118816.0	117006.0
-1898	118463.0	117107.0
-1897	118712.0	117446.0
-1896	118293.0	117698.0
-1895	118915.0	117318.0
-1894	117799.0	117429.0
-1893	118691.0	117955.0
-1892	118518.0	117792.0
-1891	118687.0	117522.0
-1890	118296.0	117177.0
-1889	118942.0	117402.0
-1888	119055.0	117578.0
-1887	118944.0	117740.0
-1886	119248.0	117552.0
-1885	118900.0	117439.0
-1884	119184.0	117810.0
-1883	119036.0	117948.0
-1882	119310.0	117049.0
-1881	118688.0	117013.0
-1880	118488.0	117688.0
-1879	118778.0	117820.0
-1878	118374.0	117728.0
-1877	118436.0	117638.0
-1876	118241.0	117677.0
-1875	118930.0	118080.0
-1874	118855.0	117050.0
-1873	118170.0	117592.0
-1872	119009.0	117444.0
-1871	118752.0	117009.0
-1870	118919.0	118226.0
-1869	118015.0	117919.0
-1868	118632.0	117751.0
-1867	118477.0	118339.0
-1866	119708.0	117458.0
-1865	118952.0	117387.0
-1864	118435.0	117705.0
-1863	119145.0	117747.0
-1862	118075.0	117708.0
-1861	118776.0	117982.0
-1860	118895.0	117484.0
-1859	118603.0	117323.0
-1858	118868.0	117430.0
-1857	118974.0	117475.0
-1856	119189.0	117928.0
-1855	119059.0	118405.0
-1854	118916.0	117747.0
-1853	118750.0	117499.0
-1852	118495.0	117551.0
-1851	118597.0	117465.0
-1850	118927.0	118111.0
-1849	119290.0	117839.0
-1848	119046.0	117855.0
-1847	118765.0	117664.0
-1846	119343.0	117921.0
-1845	118936.0	117794.0
-1844	118258.0	117691.0
-1843	118691.0	117790.0
-1842	118840.0	118219.0
-1841	118493.0	117478.0
-1840	119054.0	117938.0
-1839	118999.0	117988.0
-1838	119277.0	117680.0
-1837	118577.0	117517.0
-1836	119008.0	117943.0
-1835	118801.0	117850.0
-1834	118429.0	117567.0
-1833	118462.0	117824.0
-1832	119073.0	117918.0
-1831	119114.0	117967.0
-1830	118665.0	118131.0
-1829	118813.0	118282.0
-1828	119360.0	118039.0
-1827	118680.0	117281.0
-1826	119402.0	117317.0
-1825	119595.0	117714.0
-1824	119376.0	118000.0
-1823	118895.0	117647.0
-1822	118839.0	117434.0
-1821	119294.0	117527.0
-1820	119611.0	118026.0
-1819	118893.0	117734.0
-1818	118700.0	117963.0
-1817	118384.0	117194.0
-1816	118766.0	118034.0
-1815	118884.0	118085.0
-1814	118886.0	117737.0
-1813	119309.0	118261.0
-1812	118963.0	117841.0
-1811	119014.0	117872.0
-1810	118784.0	118265.0
-1809	119049.0	118055.0
-1808	118931.0	118105.0
-1807	118971.0	117843.0
-1806	119325.0	117443.0
-1805	119088.0	117566.0
-1804	119653.0	117611.0
-1803	119331.0	118257.0
-1802	119151.0	117708.0
-1801	119061.0	118031.0
-1800	119264.0	117881.0
-1799	118871.0	118118.0
-1798	119039.0	118529.0
-1797	119387.0	117981.0
-1796	119294.0	117860.0
-1795	119222.0	118299.0
-1794	118825.0	118342.0
-1793	119055.0	117953.0
-1792	119152.0	117877.0
-1791	119261.0	117650.0
-1790	118782.0	117965.0
-1789	118706.0	118358.0
-1788	118930.0	117372.0
-1787	119407.0	117839.0
-1786	119263.0	118192.0
-1785	118883.0	118218.0
-1784	119359.0	117853.0
-1783	119051.0	118409.0
-1782	119263.0	117922.0
-1781	119240.0	117977.0
-1780	118883.0	118466.0
-1779	119045.0	117888.0
-1778	118928.0	117977.0
-1777	118647.0	118243.0
-1776	118881.0	118084.0
-1775	118994.0	117563.0
-1774	119277.0	118248.0
-1773	119567.0	118504.0
-1772	119231.0	118600.0
-1771	119055.0	118832.0
-1770	119091.0	118296.0
-1769	119103.0	118290.0
-1768	119842.0	118776.0
-1767	119714.0	117680.0
-1766	119721.0	118052.0
-1765	119264.0	118252.0
-1764	118756.0	118399.0
-1763	119450.0	118234.0
-1762	119054.0	118670.0
-1761	119497.0	117899.0
-1760	119073.0	117863.0
-1759	118872.0	118502.0
-1758	119733.0	118571.0
-1757	119365.0	117919.0
-1756	119243.0	118709.0
-1755	119436.0	118261.0
-1754	119106.0	118204.0
-1753	119272.0	118801.0
-1752	119253.0	118566.0
-1751	119435.0	118447.0
-1750	119241.0	118356.0
-1749	119616.0	118891.0
-1748	119377.0	118849.0
-1747	119305.0	118696.0
-1746	119716.0	118600.0
-1745	119375.0	117887.0
-1744	119165.0	118014.0
-1743	119413.0	118670.0
-1742	119217.0	118519.0
-1741	119409.0	118907.0
-1740	119731.0	118650.0
-1739	119803.0	118268.0
-1738	119136.0	119117.0
-1737	119536.0	118209.0
-1736	119386.0	118858.0
-1735	119381.0	119345.0
-1734	119691.0	118785.0
-1733	119058.0	118394.0
-1732	119376.0	118760.0
-1731	119308.0	118100.0
-1730	119479.0	118198.0
-1729	119470.0	118473.0
-1728	119505.0	118520.0
-1727	119081.0	118351.0
-1726	119848.0	117993.0
-1725	119840.0	118642.0
-1724	119557.0	118112.0
-1723	119830.0	118270.0
-1722	120000.0	118798.0
-1721	119149.0	118540.0
-1720	119356.0	118795.0
-1719	119755.0	118705.0
-1718	119514.0	118325.0
-1717	119960.0	118561.0
-1716	119928.0	119008.0
-1715	119711.0	118829.0
-1714	120071.0	118291.0
-1713	119253.0	118459.0
-1712	119358.0	118681.0
-1711	119663.0	119047.0
-1710	119522.0	118855.0
-1709	120161.0	118707.0
-1708	119867.0	118748.0
-1707	120018.0	118930.0
-1706	120553.0	118670.0
-1705	120276.0	118647.0
-1704	120340.0	118667.0
-1703	119550.0	118470.0
-1702	119654.0	118709.0
-1701	119793.0	119100.0
-1700	120140.0	119161.0
-1699	120571.0	119025.0
-1698	120146.0	119043.0
-1697	120262.0	118005.0
-1696	120193.0	118452.0
-1695	119915.0	118548.0
-1694	119527.0	118632.0
-1693	119795.0	118663.0
-1692	119845.0	118583.0
-1691	119948.0	118559.0
-1690	119912.0	118792.0
-1689	120363.0	118470.0
-1688	119878.0	118083.0
-1687	120268.0	118253.0
-1686	119806.0	118817.0
-1685	120191.0	118859.0
-1684	120171.0	118826.0
-1683	120548.0	118877.0
-1682	119964.0	117878.0
-1681	119530.0	118661.0
-1680	120074.0	118924.0
-1679	119653.0	118479.0
-1678	120475.0	118825.0
-1677	120485.0	118519.0
-1676	119614.0	118979.0
-1675	119198.0	119281.0
-1674	120171.0	119462.0
-1673	119543.0	118736.0
-1672	120224.0	118923.0
-1671	120169.0	118997.0
-1670	120395.0	118418.0
-1669	120511.0	119024.0
-1668	119770.0	119087.0
-1667	120187.0	118630.0
-1666	120306.0	119036.0
-1665	119808.0	118487.0
-1664	119625.0	118557.0
-1663	119913.0	118935.0
-1662	120038.0	119163.0
-1661	120133.0	118880.0
-1660	119931.0	119287.0
-1659	120128.0	119527.0
-1658	120205.0	118868.0
-1657	120531.0	118839.0
-1656	120609.0	118486.0
-1655	120236.0	118919.0
-1654	120477.0	118505.0
-1653	119528.0	118762.0
-1652	120046.0	118865.0
-1651	119604.0	119010.0
-1650	119466.0	119122.0
-1649	119507.0	119112.0
-1648	119633.0	119734.0
-1647	120072.0	119072.0
-1646	120006.0	118772.0
-1645	119918.0	118645.0
-1644	119819.0	118984.0
-1643	119626.0	118721.0
-1642	119883.0	119318.0
-1641	119729.0	119041.0
-1640	119821.0	119088.0
-1639	119207.0	119270.0
-1638	120207.0	119185.0
-1637	120099.0	119166.0
-1636	120070.0	119438.0
-1635	120141.0	119353.0
-1634	119889.0	118939.0
-1633	120113.0	118440.0
-1632	120235.0	119019.0
-1631	119913.0	118511.0
-1630	119641.0	119470.0
-1629	119754.0	118288.0
-1628	119817.0	118665.0
-1627	120118.0	119213.0
-1626	119667.0	118849.0
-1625	119799.0	118794.0
-1624	119758.0	119883.0
-1623	120274.0	118867.0
-1622	119752.0	118676.0
-1621	119855.0	118822.0
-1620	120414.0	119099.0
-1619	119993.0	119386.0
-1618	119657.0	118876.0
-1617	120400.0	118856.0
-1616	120333.0	118597.0
-1615	119872.0	118800.0
-1614	120409.0	119463.0
-1613	120090.0	118881.0
-1612	120282.0	119243.0
-1611	120331.0	118787.0
-1610	120001.0	118491.0
-1609	119954.0	118619.0
-1608	119904.0	119732.0
-1607	120151.0	118976.0
-1606	119165.0	119410.0
-1605	120021.0	119221.0
-1604	119927.0	119191.0
-1603	120230.0	119055.0
-1602	120463.0	119216.0
-1601	120183.0	119198.0
-1600	119966.0	119339.0
-1599	120327.0	119034.0
-1598	120053.0	119055.0
-1597	120367.0	119493.0
-1596	120405.0	118982.0
-1595	120044.0	119311.0
-1594	119892.0	119693.0
-1593	120119.0	119474.0
-1592	119611.0	119049.0
-1591	119208.0	119011.0
-1590	120366.0	119602.0
-1589	120168.0	119275.0
-1588	120095.0	120003.0
-1587	120689.0	119539.0
-1586	119699.0	119291.0
-1585	120190.0	119293.0
-1584	120631.0	119730.0
-1583	120014.0	119430.0
-1582	120322.0	119779.0
-1581	120918.0	119580.0
-1580	120026.0	119674.0
-1579	120332.0	119800.0
-1578	120770.0	119435.0
-1577	120495.0	119163.0
-1576	120226.0	119508.0
-1575	120023.0	119491.0
-1574	120827.0	119896.0
-1573	120729.0	119378.0
-1572	120618.0	119379.0
-1571	120602.0	119453.0
-1570	119733.0	120066.0
-1569	120847.0	120211.0
-1568	120162.0	119938.0
-1567	120436.0	120236.0
-1566	120609.0	119369.0
-1565	120745.0	119513.0
-1564	120405.0	119645.0
-1563	120716.0	120297.0
-1562	120670.0	119588.0
-1561	120233.0	119968.0
-1560	121232.0	120107.0
-1559	120714.0	119731.0
-1558	120528.0	119472.0
-1557	120864.0	119866.0
-1556	120471.0	120141.0
-1555	120765.0	120186.0
-1554	120808.0	119863.0
-1553	120886.0	120189.0
-1552	121083.0	120237.0
-1551	121240.0	120004.0
-1550	120687.0	119620.0
-1549	121359.0	119808.0
-1548	121261.0	120040.0
-1547	120963.0	120198.0
-1546	120358.0	119442.0
-1545	121050.0	119735.0
-1544	120710.0	119691.0
-1543	121150.0	119588.0
-1542	120404.0	119862.0
-1541	121254.0	119954.0
-1540	120772.0	119870.0
-1539	121319.0	120547.0
-1538	121372.0	120002.0
-1537	121569.0	120036.0
-1536	120838.0	120163.0
-1535	120888.0	119635.0
-1534	120955.0	119892.0
-1533	120929.0	120407.0
-1532	121359.0	120104.0
-1531	121112.0	119953.0
-1530	121333.0	120071.0
-1529	120594.0	119896.0
-1528	120811.0	119781.0
-1527	121370.0	119816.0
-1526	121314.0	119742.0
-1525	120792.0	119388.0
-1524	121165.0	119640.0
-1523	121381.0	119904.0
-1522	120973.0	119685.0
-1521	121229.0	119851.0
-1520	121143.0	119626.0
-1519	121044.0	119944.0
-1518	120599.0	119941.0
-1517	120996.0	119972.0
-1516	121367.0	120237.0
-1515	121205.0	119958.0
-1514	121219.0	119750.0
-1513	121329.0	120464.0
-1512	122088.0	119983.0
-1511	121775.0	119595.0
-1510	121056.0	119616.0
-1509	121940.0	119396.0
-1508	121030.0	119864.0
-1507	121092.0	119912.0
-1506	122073.0	119870.0
-1505	121584.0	119497.0
-1504	121100.0	119622.0
-1503	121460.0	119495.0
-1502	121465.0	120037.0
-1501	121638.0	119997.0
-1500	121419.0	119329.0
-1499	120881.0	119843.0
-1498	121313.0	119679.0
-1497	121273.0	118967.0
-1496	121023.0	119361.0
-1495	120972.0	120415.0
-1494	120950.0	119837.0
-1493	121508.0	119802.0
-1492	121658.0	119688.0
-1491	121348.0	119443.0
-1490	122014.0	119767.0
-1489	121025.0	119199.0
-1488	121552.0	119344.0
-1487	121152.0	119760.0
-1486	121185.0	120268.0
-1485	121820.0	119360.0
-1484	121220.0	120139.0
-1483	120913.0	119626.0
-1482	121253.0	119818.0
-1481	121455.0	119316.0
-1480	121036.0	119512.0
-1479	121702.0	119333.0
-1478	121186.0	119286.0
-1477	120775.0	119933.0
-1476	121023.0	119814.0
-1475	121257.0	119638.0
-1474	121196.0	119530.0
-1473	121061.0	119663.0
-1472	121063.0	119510.0
-1471	121417.0	119580.0
-1470	120813.0	119929.0
-1469	121044.0	120001.0
-1468	121208.0	119723.0
-1467	121031.0	119839.0
-1466	120884.0	119251.0
-1465	121464.0	120276.0
-1464	120912.0	120324.0
-1463	120755.0	120180.0
-1462	121618.0	120148.0
-1461	121192.0	119309.0
-1460	121186.0	119663.0
-1459	121104.0	120383.0
-1458	120821.0	120057.0
-1457	121051.0	119440.0
-1456	120398.0	119301.0
-1455	121057.0	119776.0
-1454	120714.0	119407.0
-1453	121200.0	119794.0
-1452	121022.0	119374.0
-1451	120942.0	119700.0
-1450	121275.0	120121.0
-1449	120955.0	120292.0
-1448	121077.0	119883.0
-1447	120917.0	119718.0
-1446	121364.0	119575.0
-1445	120761.0	119931.0
-1444	121285.0	119335.0
-1443	121312.0	119704.0
-1442	120634.0	120172.0
-1441	120807.0	120320.0
-1440	120896.0	119878.0
-1439	120971.0	119659.0
-1438	120708.0	119592.0
-1437	121343.0	119997.0
-1436	120944.0	119626.0
-1435	121192.0	120783.0
-1434	121492.0	120118.0
-1433	121335.0	119876.0
-1432	120753.0	120477.0
-1431	121565.0	119933.0
-1430	121511.0	119889.0
-1429	120680.0	120226.0
-1428	121385.0	119845.0
-1427	121073.0	119703.0
-1426	120764.0	120248.0
-1425	121223.0	120120.0
-1424	120984.0	120251.0
-1423	120763.0	120479.0
-1422	121070.0	120320.0
-1421	121330.0	120108.0
-1420	121077.0	120986.0
-1419	120758.0	120285.0
-1418	120759.0	120336.0
-1417	120941.0	120603.0
-1416	121575.0	120700.0
-1415	120916.0	120605.0
-1414	121383.0	120505.0
-1413	121973.0	119882.0
-1412	121603.0	120008.0
-1411	121561.0	120731.0
-1410	121820.0	120504.0
-1409	121072.0	120709.0
-1408	121225.0	120864.0
-1407	121493.0	120669.0
-1406	121174.0	120900.0
-1405	121476.0	120420.0
-1404	121739.0	120557.0
-1403	121740.0	120262.0
-1402	121447.0	120953.0
-1401	121627.0	120724.0
-1400	121776.0	121076.0
-1399	121684.0	121191.0
-1398	121321.0	120778.0
-1397	121734.0	120876.0
-1396	121351.0	121095.0
-1395	121948.0	121616.0
-1394	121967.0	121002.0
-1393	121069.0	120862.0
-1392	121949.0	120903.0
-1391	121788.0	120512.0
-1390	121635.0	121047.0
-1389	121936.0	120709.0
-1388	122260.0	120490.0
-1387	121783.0	120746.0
-1386	121809.0	120576.0
-1385	122225.0	120164.0
-1384	122164.0	120959.0
-1383	122532.0	121079.0
-1382	122208.0	120921.0
-1381	122293.0	121182.0
-1380	122221.0	121164.0
-1379	121983.0	120548.0
-1378	122251.0	120891.0
-1377	122636.0	120815.0
-1376	122150.0	120482.0
-1375	122401.0	121115.0
-1374	122582.0	120640.0
-1373	122537.0	120527.0
-1372	122332.0	121504.0
-1371	122543.0	120960.0
-1370	122563.0	120831.0
-1369	121744.0	121071.0
-1368	122196.0	120965.0
-1367	121980.0	121051.0
-1366	122394.0	121011.0
-1365	122410.0	120619.0
-1364	122120.0	120739.0
-1363	122188.0	121261.0
-1362	122721.0	121192.0
-1361	122265.0	121387.0
-1360	122360.0	121164.0
-1359	122475.0	121769.0
-1358	122527.0	121793.0
-1357	122820.0	121002.0
-1356	122799.0	121080.0
-1355	122556.0	121233.0
-1354	123095.0	121246.0
-1353	122573.0	121045.0
-1352	122529.0	120918.0
-1351	122495.0	121019.0
-1350	122825.0	120963.0
-1349	122982.0	120613.0
-1348	122704.0	120626.0
-1347	123024.0	121094.0
-1346	122639.0	120702.0
-1345	122578.0	121647.0
-1344	122664.0	121424.0
-1343	122832.0	120749.0
-1342	122525.0	121186.0
-1341	122645.0	120954.0
-1340	122833.0	120401.0
-1339	122157.0	121008.0
-1338	122962.0	120808.0
-1337	123040.0	120658.0
-1336	122692.0	121356.0
-1335	122906.0	120770.0
-1334	122226.0	120282.0
-1333	122466.0	121186.0
-1332	122858.0	120680.0
-1331	122867.0	120872.0
-1330	122464.0	120602.0
-1329	123483.0	120551.0
-1328	122758.0	121001.0
-1327	122364.0	121347.0
-1326	122433.0	120669.0
-1325	122067.0	120806.0
-1324	123203.0	120018.0
-1323	123298.0	120253.0
-1322	122929.0	120596.0
-1321	122629.0	120498.0
-1320	122204.0	120649.0
-1319	122341.0	120748.0
-1318	122893.0	121200.0
-1317	122199.0	120799.0
-1316	122325.0	120824.0
-1315	122886.0	120869.0
-1314	122725.0	120478.0
-1313	122334.0	120425.0
-1312	122273.0	120471.0
-1311	122633.0	120984.0
-1310	122733.0	120548.0
-1309	122750.0	120689.0
-1308	123055.0	120806.0
-1307	122317.0	120412.0
-1306	122290.0	121219.0
-1305	122533.0	120695.0
-1304	122270.0	120391.0
-1303	122094.0	120980.0
-1302	122491.0	120804.0
-1301	122845.0	119931.0
-1300	122036.0	120845.0
-1299	122660.0	120453.0
-1298	121978.0	120660.0
-1297	122114.0	121535.0
-1296	122808.0	120702.0
-1295	122508.0	120902.0
-1294	122221.0	120386.0
-1293	122557.0	121027.0
-1292	122163.0	120770.0
-1291	121990.0	120838.0
-1290	122609.0	121118.0
-1289	122085.0	120965.0
-1288	122372.0	121067.0
-1287	122573.0	121192.0
-1286	122065.0	120718.0
-1285	122552.0	121156.0
-1284	122320.0	121022.0
-1283	122354.0	120858.0
-1282	122138.0	121302.0
-1281	122820.0	121261.0
-1280	122389.0	120389.0
-1279	122188.0	121153.0
-1278	122490.0	120409.0
-1277	122329.0	120478.0
-1276	122150.0	120707.0
-1275	121884.0	120660.0
-1274	121791.0	120849.0
-1273	121978.0	121223.0
-1272	121568.0	121188.0
-1271	121680.0	120711.0
-1270	121700.0	120811.0
-1269	121593.0	121039.0
-1268	120997.0	121293.0
-1267	121286.0	121448.0
-1266	121749.0	121087.0
-1265	121679.0	120931.0
-1264	121973.0	120732.0
-1263	122419.0	121141.0
-1262	122321.0	120974.0
-1261	122072.0	121047.0
-1260	121595.0	120981.0
-1259	121639.0	121541.0
-1258	121489.0	121368.0
-1257	121636.0	122073.0
-1256	121552.0	121295.0
-1255	122093.0	121686.0
-1254	122509.0	120785.0
-1253	122105.0	121640.0
-1252	122218.0	121495.0
-1251	122532.0	121251.0
-1250	121922.0	121139.0
-1249	122028.0	121852.0
-1248	122286.0	122112.0
-1247	122318.0	121245.0
-1246	122094.0	121492.0
-1245	122165.0	121116.0
-1244	121733.0	121848.0
-1243	122711.0	121826.0
-1242	122881.0	121815.0
-1241	122316.0	121887.0
-1240	122209.0	122076.0
-1239	122131.0	122475.0
-1238	122167.0	121464.0
-1237	122014.0	122275.0
-1236	122859.0	122385.0
-1235	122146.0	122109.0
-1234	122667.0	122046.0
-1233	122544.0	121680.0
-1232	122261.0	121666.0
-1231	122977.0	122105.0
-1230	123350.0	122573.0
-1229	123284.0	121993.0
-1228	122642.0	122499.0
-1227	123037.0	122136.0
-1226	122481.0	121919.0
-1225	122796.0	122416.0
-1224	122787.0	122190.0
-1223	122345.0	121976.0
-1222	123075.0	122761.0
-1221	122807.0	122471.0
-1220	123001.0	122498.0
-1219	123205.0	122490.0
-1218	123046.0	122557.0
-1217	122634.0	122157.0
-1216	122791.0	122439.0
-1215	123491.0	122029.0
-1214	123033.0	122263.0
-1213	123077.0	122777.0
-1212	123250.0	122467.0
-1211	122508.0	122143.0
-1210	122659.0	122086.0
-1209	123228.0	122299.0
-1208	123424.0	122422.0
-1207	122722.0	122344.0
-1206	123515.0	122603.0
-1205	123655.0	122264.0
-1204	123408.0	122734.0
-1203	123516.0	122516.0
-1202	122972.0	122202.0
-1201	123664.0	122290.0
-1200	124120.0	122196.0
-1199	122924.0	121881.0
-1198	124091.0	121893.0
-1197	123690.0	122074.0
-1196	123311.0	122004.0
-1195	123155.0	122037.0
-1194	123612.0	122330.0
-1193	123372.0	122263.0
-1192	123234.0	122933.0
-1191	123875.0	122858.0
-1190	124015.0	121841.0
-1189	123352.0	122623.0
-1188	123441.0	122651.0
-1187	123381.0	122891.0
-1186	123237.0	122680.0
-1185	123654.0	122506.0
-1184	123313.0	122539.0
-1183	123481.0	122588.0
-1182	123925.0	122201.0
-1181	123669.0	121875.0
-1180	123170.0	122128.0
-1179	123447.0	122305.0
-1178	123298.0	122479.0
-1177	124201.0	122087.0
-1176	124315.0	123004.0
-1175	123595.0	122352.0
-1174	123490.0	122957.0
-1173	123947.0	122419.0
-1172	123646.0	122342.0
-1171	123575.0	122417.0
-1170	123963.0	122232.0
-1169	123911.0	122038.0
-1168	124104.0	122376.0
-1167	123679.0	121802.0
-1166	123641.0	121788.0
-1165	124032.0	122589.0
-1164	123854.0	122430.0
-1163	123936.0	122310.0
-1162	124195.0	122363.0
-1161	124571.0	122240.0
-1160	124566.0	122239.0
-1159	124146.0	122919.0
-1158	124524.0	121848.0
-1157	123399.0	121901.0
-1156	123965.0	121757.0
-1155	123636.0	121685.0
-1154	123861.0	122040.0
-1153	123791.0	122090.0
-1152	123861.0	122100.0
-1151	123645.0	121564.0
-1150	124112.0	122289.0
-1149	123776.0	121411.0
-1148	123645.0	121760.0
-1147	123461.0	122283.0
-1146	123944.0	121974.0
-1145	123703.0	121789.0
-1144	123742.0	122447.0
-1143	124124.0	122347.0
-1142	124086.0	121649.0
-1141	124187.0	121628.0
-1140	123711.0	121721.0
-1139	123203.0	121651.0
-1138	123416.0	122198.0
-1137	123559.0	122164.0
-1136	123271.0	121964.0
-1135	123997.0	122155.0
-1134	123825.0	121455.0
-1133	123351.0	121376.0
-1132	123954.0	122019.0
-1131	123907.0	122294.0
-1130	122855.0	121289.0
-1129	123363.0	121526.0
-1128	123624.0	122149.0
-1127	123315.0	122238.0
-1126	123443.0	121556.0
-1125	122948.0	121726.0
-1124	122786.0	121691.0
-1123	123512.0	122214.0
-1122	123523.0	121847.0
-1121	123169.0	121674.0
-1120	123091.0	121759.0
-1119	123108.0	121956.0
-1118	123183.0	121697.0
-1117	123306.0	122345.0
-1116	123514.0	122162.0
-1115	122746.0	121825.0
-1114	123925.0	122130.0
-1113	123518.0	121378.0
-1112	123055.0	121524.0
-1111	122899.0	122140.0
-1110	123378.0	122122.0
-1109	122891.0	122043.0
-1108	122400.0	121914.0
-1107	123820.0	121811.0
-1106	122951.0	121884.0
-1105	122920.0	122223.0
-1104	123041.0	122072.0
-1103	122804.0	122190.0
-1102	123245.0	122171.0
-1101	122817.0	121936.0
-1100	123032.0	121275.0
-1099	123096.0	121914.0
-1098	123652.0	121414.0
-1097	123100.0	121169.0
-1096	122962.0	122176.0
-1095	123695.0	122193.0
-1094	122749.0	121746.0
-1093	122461.0	123059.0
-1092	122537.0	122292.0
-1091	122969.0	122101.0
-1090	122990.0	122456.0
-1089	123480.0	122420.0
-1088	123756.0	122533.0
-1087	122766.0	122581.0
-1086	123077.0	122699.0
-1085	122817.0	122196.0
-1084	122451.0	122529.0
-1083	123134.0	122862.0
-1082	123288.0	122523.0
-1081	123109.0	123005.0
-1080	123652.0	123362.0
-1079	123381.0	122663.0
-1078	123244.0	123085.0
-1077	123510.0	122753.0
-1076	123304.0	123084.0
-1075	122961.0	122666.0
-1074	123082.0	123081.0
-1073	123090.0	122111.0
-1072	123276.0	123155.0
-1071	123590.0	123279.0
-1070	122986.0	122650.0
-1069	123052.0	122374.0
-1068	123941.0	123441.0
-1067	123234.0	122938.0
-1066	123806.0	123141.0
-1065	124392.0	123361.0
-1064	123585.0	122980.0
-1063	123693.0	123330.0
-1062	123471.0	123477.0
-1061	123413.0	122799.0
-1060	123417.0	123355.0
-1059	123932.0	123009.0
-1058	123466.0	123405.0
-1057	123828.0	123393.0
-1056	124327.0	124037.0
-1055	123545.0	123234.0
-1054	123969.0	123774.0
-1053	123342.0	123656.0
-1052	123642.0	122942.0
-1051	124204.0	123629.0
-1050	124702.0	123768.0
-1049	123962.0	123790.0
-1048	124207.0	123260.0
-1047	124033.0	123432.0
-1046	124142.0	123302.0
-1045	124193.0	123494.0
-1044	124652.0	123965.0
-1043	124365.0	123650.0
-1042	124258.0	123833.0
-1041	124678.0	124014.0
-1040	124705.0	123045.0
-1039	124534.0	123196.0
-1038	124967.0	123271.0
-1037	124886.0	123174.0
-1036	124181.0	123723.0
-1035	124660.0	123886.0
-1034	124800.0	123302.0
-1033	124497.0	123848.0
-1032	124897.0	123898.0
-1031	124319.0	123431.0
-1030	124775.0	123390.0
-1029	125417.0	124146.0
-1028	124625.0	122885.0
-1027	124516.0	123965.0
-1026	124847.0	124036.0
-1025	124723.0	123658.0
-1024	124592.0	123797.0
-1023	125069.0	123995.0
-1022	125346.0	123591.0
-1021	124677.0	124138.0
-1020	125233.0	124100.0
-1019	125024.0	124144.0
-1018	125501.0	123638.0
-1017	124928.0	123693.0
-1016	124959.0	123456.0
-1015	125391.0	123585.0
-1014	125500.0	124167.0
-1013	124969.0	123607.0
-1012	125538.0	123234.0
-1011	125545.0	123496.0
-1010	125467.0	123772.0
-1009	125684.0	123436.0
-1008	125540.0	123974.0
-1007	125104.0	123633.0
-1006	125080.0	123398.0
-1005	125804.0	123794.0
-1004	124959.0	123185.0
-1003	125531.0	123806.0
-1002	125722.0	123655.0
-1001	125272.0	123632.0
-1000	125077.0	124232.0
-999	125714.0	123685.0
-998	124971.0	123156.0
-997	125143.0	123247.0
-996	125891.0	123869.0
-995	125618.0	123327.0
-994	125133.0	123768.0
-993	125494.0	123798.0
-992	125080.0	122881.0
-991	125028.0	123686.0
-990	125441.0	124041.0
-989	125535.0	123279.0
-988	125376.0	123180.0
-987	125364.0	123394.0
-986	125585.0	123659.0
-985	125151.0	122853.0
-984	125992.0	123687.0
-983	124861.0	123028.0
-982	124822.0	123121.0
-981	125715.0	123660.0
-980	125003.0	122752.0
-979	125398.0	122834.0
-978	125393.0	122586.0
-977	124385.0	122960.0
-976	124605.0	122893.0
-975	125480.0	123131.0
-974	124713.0	122605.0
-973	124774.0	123542.0
-972	125638.0	123226.0
-971	124301.0	123070.0
-970	124923.0	123262.0
-969	125051.0	122874.0
-968	124846.0	123007.0
-967	124541.0	123355.0
-966	125495.0	122865.0
-965	124861.0	122349.0
-964	124299.0	122842.0
-963	124810.0	122815.0
-962	124273.0	122407.0
-961	124467.0	123584.0
-960	124734.0	123776.0
-959	124476.0	122565.0
-958	124778.0	123070.0
-957	124395.0	123005.0
-956	124396.0	122789.0
-955	124215.0	122901.0
-954	124755.0	123333.0
-953	123806.0	122181.0
-952	124133.0	123166.0
-951	123997.0	122872.0
-950	123716.0	122750.0
-949	124071.0	123188.0
-948	124678.0	123123.0
-947	123887.0	122836.0
-946	124104.0	122840.0
-945	124310.0	122661.0
-944	123563.0	122774.0
-943	124215.0	123526.0
-942	123818.0	123635.0
-941	123926.0	123383.0
-940	123857.0	123061.0
-939	124404.0	124162.0
-938	124001.0	123517.0
-937	124197.0	123406.0
-936	124846.0	123278.0
-935	124243.0	122292.0
-934	123880.0	123319.0
-933	124041.0	123339.0
-932	123391.0	123183.0
-931	123989.0	123206.0
-930	123990.0	123500.0
-929	123857.0	123077.0
-928	124383.0	123394.0
-927	124501.0	123562.0
-926	123695.0	123091.0
-925	123730.0	123279.0
-924	124378.0	123580.0
-923	123844.0	123441.0
-922	123862.0	123810.0
-921	124761.0	123876.0
-920	124395.0	123241.0
-919	123863.0	123510.0
-918	124112.0	123732.0
-917	123495.0	123240.0
-916	123834.0	123769.0
-915	124065.0	124054.0
-914	123165.0	123284.0
-913	123610.0	124558.0
-912	124115.0	124546.0
-911	124321.0	123310.0
-910	123738.0	124129.0
-909	124345.0	124510.0
-908	124115.0	123552.0
-907	123613.0	124485.0
-906	124577.0	124637.0
-905	124575.0	124221.0
-904	124721.0	124680.0
-903	124617.0	124660.0
-902	124499.0	123864.0
-901	124135.0	124402.0
-900	124932.0	124645.0
-899	124724.0	123781.0
-898	124826.0	124711.0
-897	124807.0	124612.0
-896	123979.0	124372.0
-895	124199.0	125180.0
-894	125444.0	124970.0
-893	124913.0	124556.0
-892	125159.0	125034.0
-891	125855.0	124879.0
-890	124517.0	124471.0
-889	125207.0	124368.0
-888	125135.0	124807.0
-887	125146.0	123939.0
-886	125349.0	124989.0
-885	125496.0	125191.0
-884	125316.0	125021.0
-883	125199.0	125557.0
-882	125618.0	124968.0
-881	125185.0	123919.0
-880	125292.0	125187.0
-879	125319.0	125437.0
-878	125621.0	124635.0
-877	125599.0	124729.0
-876	125807.0	125440.0
-875	125718.0	124393.0
-874	126134.0	124873.0
-873	125662.0	124326.0
-872	125339.0	125293.0
-871	125486.0	125338.0
-870	126135.0	125537.0
-869	126210.0	125036.0
-868	126047.0	125417.0
-867	126665.0	125022.0
-866	125924.0	124804.0
-865	126192.0	125505.0
-864	127115.0	125837.0
-863	125452.0	125087.0
-862	125764.0	125310.0
-861	126906.0	124950.0
-860	126733.0	124518.0
-859	126125.0	124925.0
-858	126581.0	125658.0
-857	126018.0	124761.0
-856	126191.0	125561.0
-855	127223.0	125268.0
-854	126962.0	124813.0
-853	127155.0	125038.0
-852	127010.0	125043.0
-851	126640.0	124584.0
-850	126463.0	125329.0
-849	126910.0	125429.0
-848	125623.0	125274.0
-847	126851.0	125135.0
-846	127755.0	124933.0
-845	126855.0	124213.0
-844	126881.0	124748.0
-843	127618.0	124788.0
-842	126435.0	124175.0
-841	126776.0	125366.0
-840	126984.0	124500.0
-839	126065.0	123902.0
-838	126462.0	124285.0
-837	127242.0	124782.0
-836	126948.0	124226.0
-835	127002.0	125012.0
-834	127184.0	124619.0
-833	126607.0	123858.0
-832	126349.0	124097.0
-831	127364.0	124442.0
-830	126494.0	124200.0
-829	126453.0	124473.0
-828	126935.0	124809.0
-827	127163.0	123721.0
-826	126852.0	123849.0
-825	127152.0	124397.0
-824	126254.0	123226.0
-823	126796.0	124127.0
-822	126471.0	124461.0
-821	126092.0	123989.0
-820	125679.0	124669.0
-819	127060.0	124518.0
-818	126239.0	123948.0
-817	126297.0	123776.0
-816	126704.0	124029.0
-815	125632.0	123344.0
-814	125939.0	123576.0
-813	126172.0	124195.0
-812	125634.0	123211.0
-811	125709.0	124073.0
-810	126371.0	124392.0
-809	125702.0	124246.0
-808	125859.0	124387.0
-807	126495.0	123961.0
-806	125855.0	122954.0
-805	126092.0	123584.0
-804	126093.0	123394.0
-803	125301.0	123258.0
-802	125913.0	123699.0
-801	125784.0	123914.0
-800	125505.0	123917.0
-799	124900.0	123881.0
-798	125545.0	123699.0
-797	125359.0	123147.0
-796	125795.0	123736.0
-795	125763.0	122838.0
-794	124712.0	123160.0
-793	124810.0	123713.0
-792	125681.0	123789.0
-791	124908.0	123390.0
-790	125576.0	123855.0
-789	126249.0	123744.0
-788	125207.0	123320.0
-787	124894.0	124139.0
-786	125208.0	123491.0
-785	125005.0	122945.0
-784	124688.0	123528.0
-783	125975.0	123712.0
-782	124896.0	122788.0
-781	125075.0	123431.0
-780	124695.0	124047.0
-779	124295.0	123700.0
-778	124420.0	124475.0
-777	125227.0	124531.0
-776	123806.0	123428.0
-775	124428.0	123800.0
-774	125085.0	124604.0
-773	124631.0	123561.0
-772	124747.0	123807.0
-771	125108.0	124348.0
-770	124553.0	124437.0
-769	124372.0	124167.0
-768	125040.0	124775.0
-767	125043.0	123823.0
-766	124542.0	124249.0
-765	125155.0	124505.0
-764	124414.0	123856.0
-763	124097.0	123992.0
-762	124498.0	124605.0
-761	124328.0	124411.0
-760	124534.0	124710.0
-759	124791.0	125177.0
-758	124483.0	124105.0
-757	124981.0	124556.0
-756	125140.0	124698.0
-755	124280.0	124194.0
-754	124362.0	124824.0
-753	124849.0	125011.0
-752	124634.0	124360.0
-751	124740.0	124600.0
-750	125325.0	125091.0
-749	124982.0	124199.0
-748	124570.0	125521.0
-747	125168.0	125440.0
-746	124125.0	124577.0
-745	124631.0	125808.0
-744	125629.0	125122.0
-743	125189.0	125244.0
-742	124704.0	125369.0
-741	125540.0	125937.0
-740	125202.0	125397.0
-739	125230.0	126113.0
-738	125817.0	125850.0
-737	124595.0	125721.0
-736	124862.0	125897.0
-735	125814.0	126231.0
-734	125006.0	125565.0
-733	125180.0	126371.0
-732	125984.0	126444.0
-731	125502.0	125508.0
-730	125381.0	125881.0
-729	126393.0	126567.0
-728	125804.0	125756.0
-727	124961.0	126549.0
-726	126312.0	126165.0
-725	125385.0	125446.0
-724	125919.0	126984.0
-723	126753.0	127052.0
-722	126116.0	125719.0
-721	126086.0	126505.0
-720	126654.0	126271.0
-719	126401.0	126465.0
-718	125618.0	127100.0
-717	126812.0	127136.0
-716	126261.0	126325.0
-715	126414.0	126586.0
-714	127770.0	127307.0
-713	127306.0	126423.0
-712	126971.0	127307.0
-711	127478.0	127771.0
-710	126478.0	126686.0
-709	126748.0	126772.0
-708	127498.0	127671.0
-707	126888.0	126363.0
-706	127650.0	126820.0
-705	127770.0	127141.0
-704	127226.0	125861.0
-703	127254.0	127018.0
-702	127658.0	127158.0
-701	127147.0	126428.0
-700	127480.0	127467.0
-699	128288.0	127589.0
-698	127199.0	126505.0
-697	127175.0	126683.0
-696	128216.0	126807.0
-695	127747.0	126079.0
-694	127715.0	127196.0
-693	128256.0	126653.0
-692	127718.0	126155.0
-691	127511.0	127494.0
-690	128440.0	126812.0
-689	128198.0	126214.0
-688	127974.0	126726.0
-687	128385.0	126691.0
-686	127765.0	126219.0
-685	127830.0	126810.0
-684	128953.0	126711.0
-683	128229.0	125783.0
-682	128450.0	126665.0
-681	128834.0	126793.0
-680	128185.0	125797.0
-679	129064.0	126355.0
-678	128748.0	126247.0
-677	128169.0	125623.0
-676	127878.0	126901.0
-675	128662.0	126794.0
-674	128226.0	125657.0
-673	128614.0	126706.0
-672	128886.0	126253.0
-671	128279.0	125736.0
-670	128044.0	126075.0
-669	128810.0	125975.0
-668	127845.0	125043.0
-667	128035.0	126029.0
-666	128972.0	125857.0
-665	127906.0	124680.0
-664	127742.0	125534.0
-663	128540.0	125509.0
-662	127724.0	125552.0
-661	127670.0	125614.0
-660	128087.0	125957.0
-659	127686.0	125490.0
-658	127493.0	126081.0
-657	128013.0	125537.0
-656	127459.0	125076.0
-655	127290.0	125243.0
-654	128289.0	125735.0
-653	127042.0	124400.0
-652	127234.0	125272.0
-651	127954.0	125211.0
-650	127121.0	124362.0
-649	126925.0	125417.0
-648	127464.0	125376.0
-647	126721.0	124290.0
-646	126591.0	125073.0
-645	128002.0	125374.0
-644	126373.0	123889.0
-643	126582.0	125012.0
-642	127805.0	125214.0
-641	126413.0	123825.0
-640	126126.0	124727.0
-639	126783.0	124219.0
-638	125395.0	123764.0
-637	125475.0	124361.0
-636	126428.0	124319.0
-635	124929.0	123589.0
-634	125487.0	123823.0
-633	126708.0	124623.0
-632	125661.0	123867.0
-631	125091.0	124330.0
-630	126039.0	124659.0
-629	125215.0	123694.0
-628	124618.0	124358.0
-627	126046.0	124385.0
-626	124321.0	123736.0
-625	124449.0	124653.0
-624	125096.0	124768.0
-623	124497.0	124126.0
-622	124698.0	124957.0
-621	125341.0	124265.0
-620	124379.0	124247.0
-619	123759.0	124715.0
-618	125312.0	124973.0
-617	123726.0	124018.0
-616	123422.0	124651.0
-615	125039.0	124424.0
-614	123751.0	123810.0
-613	123900.0	124570.0
-612	124851.0	124963.0
-611	123961.0	124010.0
-610	123292.0	124582.0
-609	124316.0	125280.0
-608	123185.0	124021.0
-607	123746.0	124869.0
-606	123855.0	124878.0
-605	123137.0	124392.0
-604	123575.0	125218.0
-603	124411.0	125439.0
-602	123687.0	124441.0
-601	123317.0	124874.0
-600	124148.0	124855.0
-599	123261.0	124269.0
-598	123410.0	125664.0
-597	123484.0	126295.0
-596	123409.0	125348.0
-595	123427.0	126006.0
-594	124259.0	125620.0
-593	123211.0	124889.0
-592	123922.0	125846.0
-591	124273.0	126202.0
-590	123290.0	125135.0
-589	123408.0	126220.0
-588	124527.0	126019.0
-587	123028.0	125871.0
-586	123282.0	126146.0
-585	124689.0	126539.0
-584	123352.0	125865.0
-583	123441.0	126519.0
-582	124149.0	126699.0
-581	122932.0	126016.0
-580	124077.0	126701.0
-579	124836.0	126798.0
-578	123988.0	126052.0
-577	123544.0	126699.0
-576	124328.0	127348.0
-575	123770.0	126821.0
-574	124034.0	127795.0
-573	124469.0	127562.0
-572	124188.0	127108.0
-571	124858.0	127853.0
-570	125408.0	127871.0
-569	124582.0	126717.0
-568	124653.0	127745.0
-567	125782.0	128219.0
-566	124309.0	127009.0
-565	124945.0	127900.0
-564	125833.0	127999.0
-563	124963.0	127476.0
-562	125403.0	128125.0
-561	126002.0	128094.0
-560	124921.0	127361.0
-559	126046.0	128433.0
-558	126400.0	128668.0
-557	125738.0	127880.0
-556	125021.0	128375.0
-555	126516.0	128808.0
-554	126288.0	127761.0
-553	126072.0	128911.0
-552	126415.0	129051.0
-551	126372.0	128198.0
-550	126597.0	128708.0
-549	127457.0	128753.0
-548	125990.0	128121.0
-547	126337.0	128849.0
-546	128031.0	128601.0
-545	126793.0	127815.0
-544	126890.0	128624.0
-543	127370.0	129080.0
-542	127487.0	127903.0
-541	127559.0	129164.0
-540	128011.0	129042.0
-539	127155.0	128073.0
-538	127119.0	128997.0
-537	128507.0	129035.0
-536	127647.0	128242.0
-535	127718.0	129224.0
-534	128343.0	129583.0
-533	128156.0	127958.0
-532	128178.0	129292.0
-531	129353.0	128777.0
-530	128829.0	127614.0
-529	128479.0	128568.0
-528	129983.0	129002.0
-527	128762.0	127569.0
-526	128538.0	128795.0
-525	129840.0	128463.0
-524	128771.0	127921.0
-523	129264.0	128824.0
-522	130664.0	128780.0
-521	129391.0	127377.0
-520	128469.0	128405.0
-519	130539.0	128551.0
-518	128781.0	127643.0
-517	128527.0	128087.0
-516	130820.0	128298.0
-515	129050.0	127438.0
-514	129109.0	128163.0
-513	130233.0	127665.0
-512	129136.0	127078.0
-511	129267.0	128224.0
-510	130562.0	128252.0
-509	129601.0	126796.0
-508	129616.0	127047.0
-507	130518.0	127192.0
-506	129294.0	126265.0
-505	129255.0	127141.0
-504	130272.0	126639.0
-503	129409.0	126607.0
-502	129588.0	127377.0
-501	130885.0	126828.0
-500	129738.0	125656.0
-499	128798.0	126138.0
-498	129907.0	126530.0
-497	128743.0	125257.0
-496	129134.0	126661.0
-495	130349.0	125862.0
-494	129070.0	124863.0
-493	128853.0	126362.0
-492	129591.0	126110.0
-491	128719.0	125276.0
-490	128918.0	125605.0
-489	129650.0	125090.0
-488	128248.0	123801.0
-487	128170.0	125227.0
-486	129576.0	124633.0
-485	128307.0	124039.0
-484	128114.0	124769.0
-483	129242.0	124258.0
-482	127971.0	123560.0
-481	127819.0	124582.0
-480	129340.0	124116.0
-479	127831.0	123299.0
-478	127714.0	124255.0
-477	128480.0	124422.0
-476	128002.0	123560.0
-475	127246.0	124485.0
-474	127793.0	124078.0
-473	126342.0	123144.0
-472	126348.0	123728.0
-471	127638.0	123194.0
-470	126281.0	123271.0
-469	126343.0	123575.0
-468	126819.0	123208.0
-467	126169.0	122928.0
-466	126057.0	123564.0
-465	126690.0	123758.0
-464	125852.0	122625.0
-463	124992.0	123553.0
-462	126373.0	123269.0
-461	124521.0	122306.0
-460	124724.0	123298.0
-459	125939.0	123327.0
-458	124534.0	122561.0
-457	124260.0	123074.0
-456	125324.0	123842.0
-455	124335.0	122141.0
-454	124016.0	123162.0
-453	125289.0	123469.0
-452	123503.0	122146.0
-451	123271.0	123282.0
-450	124416.0	123515.0
-449	123066.0	122046.0
-448	122754.0	124005.0
-447	123999.0	123506.0
-446	123046.0	122468.0
-445	122212.0	123698.0
-444	123885.0	123515.0
-443	122388.0	122901.0
-442	122431.0	123548.0
-441	123594.0	124067.0
-440	122278.0	123132.0
-439	122343.0	123804.0
-438	123429.0	123849.0
-437	121589.0	122831.0
-436	121797.0	124514.0
-435	123218.0	124478.0
-434	121789.0	123350.0
-433	121247.0	124898.0
-432	122770.0	124841.0
-431	120785.0	123221.0
-430	121276.0	124894.0
-429	122563.0	125240.0
-428	121213.0	123506.0
-427	120993.0	125206.0
-426	122372.0	124948.0
-425	121426.0	124509.0
-424	120930.0	125217.0
-423	122159.0	126097.0
-422	121062.0	124759.0
-421	121124.0	126100.0
-420	122788.0	125797.0
-419	121667.0	125023.0
-418	120936.0	126298.0
-417	122660.0	126442.0
-416	121380.0	125344.0
-415	121886.0	126634.0
-414	122760.0	127034.0
-413	121760.0	125600.0
-412	121737.0	127733.0
-411	123371.0	127513.0
-410	122308.0	126108.0
-409	122427.0	127639.0
-408	123107.0	127416.0
-407	122102.0	126532.0
-406	122573.0	127885.0
-405	124030.0	127735.0
-404	122935.0	127174.0
-403	122536.0	128220.0
-402	124361.0	128341.0
-401	122878.0	127315.0
-400	122781.0	127738.0
-399	124323.0	128645.0
-398	123814.0	127818.0
-397	123778.0	128882.0
-396	124992.0	128857.0
-395	123971.0	127970.0
-394	124180.0	129164.0
-393	125888.0	129458.0
-392	124429.0	128402.0
-391	124780.0	129783.0
-390	126259.0	129754.0
-389	125222.0	128545.0
-388	124955.0	129421.0
-387	127090.0	130134.0
-386	125886.0	128572.0
-385	126145.0	130428.0
-384	127314.0	131009.0
-383	126531.0	129079.0
-382	126221.0	131071.0
-381	128258.0	131264.0
-380	126882.0	129129.0
-379	127200.0	130629.0
-378	128561.0	130944.0
-377	127046.0	129350.0
-376	127484.0	130244.0
-375	129463.0	130447.0
-374	127802.0	129634.0
-373	128199.0	130982.0
-372	129998.0	130846.0
-371	128598.0	129270.0
-370	129554.0	131363.0
-369	131114.0	131537.0
-368	129726.0	129487.0
-367	130031.0	130687.0
-366	131111.0	131098.0
-365	129791.0	129519.0
-364	129631.0	131084.0
-363	132176.0	131001.0
-362	130516.0	129273.0
-361	130800.0	130974.0
-360	132688.0	130683.0
-359	131534.0	129380.0
-358	130729.0	130978.0
-357	132965.0	130595.0
-356	131783.0	129027.0
-355	131717.0	130439.0
-354	133331.0	130296.0
-353	131886.0	128442.0
-352	131767.0	129776.0
-351	134147.0	129995.0
-350	132291.0	128309.0
-349	131778.0	129829.0
-348	133913.0	129741.0
-347	132477.0	128099.0
-346	132678.0	129620.0
-345	133588.0	129205.0
-344	132943.0	127980.0
-343	133204.0	128894.0
-342	134977.0	128821.0
-341	133162.0	127047.0
-340	132478.0	129062.0
-339	135221.0	128187.0
-338	133167.0	126618.0
-337	132940.0	128529.0
-336	134714.0	128704.0
-335	133247.0	126676.0
-334	132873.0	127296.0
-333	134780.0	127365.0
-332	132656.0	125331.0
-331	132899.0	127198.0
-330	134661.0	126472.0
-329	132625.0	124820.0
-328	132276.0	126058.0
-327	134042.0	127064.0
-326	132020.0	124531.0
-325	132356.0	125672.0
-324	134102.0	126542.0
-323	132267.0	124582.0
-322	131894.0	125748.0
-321	133832.0	125672.0
-320	131874.0	123609.0
-319	132398.0	124720.0
-318	133603.0	124640.0
-317	131454.0	122931.0
-316	131115.0	124329.0
-315	133101.0	125048.0
-314	130658.0	123129.0
-313	130950.0	123882.0
-312	132491.0	123543.0
-311	130560.0	121679.0
-310	130576.0	123405.0
-309	132208.0	123544.0
-308	129242.0	121525.0
-307	129780.0	122972.0
-306	131855.0	122864.0
-305	129347.0	121116.0
-304	129072.0	122471.0
-303	130755.0	122177.0
-302	128977.0	120620.0
-301	128535.0	122107.0
-300	130581.0	122562.0
-299	128489.0	120663.0
-298	127981.0	121928.0
-297	130218.0	121362.0
-296	127809.0	119803.0
-295	127211.0	122270.0
-294	129649.0	121875.0
-293	127005.0	120095.0
-292	127131.0	121125.0
-291	128014.0	121476.0
-290	126486.0	119460.0
-289	126041.0	121057.0
-288	128252.0	121088.0
-287	126417.0	119346.0
-286	125926.0	120992.0
-285	127441.0	121116.0
-284	125793.0	119308.0
-283	124677.0	121358.0
-282	126432.0	120936.0
-281	124892.0	119236.0
-280	124211.0	121419.0
-279	126285.0	120967.0
-278	124187.0	119607.0
-277	123775.0	121793.0
-276	126293.0	121720.0
-275	123480.0	119461.0
-274	123489.0	121778.0
-273	125614.0	121901.0
-272	123391.0	119978.0
-271	122564.0	121688.0
-270	125089.0	122069.0
-269	122934.0	120557.0
-268	122921.0	122519.0
-267	124800.0	121936.0
-266	122504.0	120233.0
-265	122618.0	121942.0
-264	124324.0	122212.0
-263	122118.0	120902.0
-262	121794.0	122961.0
-261	123588.0	122823.0
-260	121241.0	121028.0
-259	121292.0	123713.0
-258	123529.0	123979.0
-257	121573.0	121833.0
-256	121834.0	123262.0
-255	124084.0	123632.0
-254	121598.0	122821.0
-253	121107.0	124409.0
-252	123511.0	124701.0
-251	121793.0	122948.0
-250	121777.0	125723.0
-249	123592.0	125866.0
-248	121297.0	124285.0
-247	121455.0	126475.0
-246	123919.0	126219.0
-245	122092.0	124989.0
-244	122195.0	126688.0
-243	124130.0	126855.0
-242	122282.0	125149.0
-241	122603.0	127440.0
-240	125059.0	127582.0
-239	122945.0	125512.0
-238	123528.0	128550.0
-237	125554.0	128906.0
-236	123166.0	126645.0
-235	122953.0	128905.0
-234	126035.0	129521.0
-233	124332.0	127559.0
-232	124071.0	129630.0
-231	126574.0	130028.0
-230	124811.0	128331.0
-229	125048.0	130553.0
-228	126877.0	130829.0
-227	125584.0	128775.0
-226	126073.0	130584.0
-225	128334.0	131619.0
-224	125907.0	129265.0
-223	126492.0	131678.0
-222	128885.0	132159.0
-221	126875.0	130047.0
-220	127907.0	132156.0
-219	130380.0	132679.0
-218	127667.0	130789.0
-217	128599.0	133300.0
-216	131223.0	133341.0
-215	129365.0	131097.0
-214	129640.0	133729.0
-213	131573.0	133424.0
-212	130286.0	131640.0
-211	130459.0	133709.0
-210	133901.0	134129.0
-209	131167.0	131930.0
-208	131505.0	134566.0
-207	134545.0	134556.0
-206	132022.0	132351.0
-205	132781.0	134571.0
-204	136021.0	134627.0
-203	133381.0	132010.0
-202	133934.0	134345.0
-201	136358.0	134022.0
-200	134609.0	132417.0
-199	134901.0	135059.0
-198	138040.0	134953.0
-197	134885.0	132564.0
-196	134961.0	135058.0
-195	138424.0	135291.0
-194	136488.0	132003.0
-193	136847.0	134756.0
-192	139321.0	135623.0
-191	137158.0	131827.0
-190	137778.0	134764.0
-189	140577.0	135743.0
-188	137941.0	132400.0
-187	138894.0	134831.0
-186	141496.0	134361.0
-185	138474.0	131579.0
-184	138279.0	133827.0
-183	141274.0	133835.0
-182	139242.0	131348.0
-181	139716.0	134167.0
-180	141744.0	133744.0
-179	139904.0	131507.0
-178	139805.0	133419.0
-177	141957.0	133339.0
-176	139762.0	131250.0
-175	140327.0	133026.0
-174	142899.0	132825.0
-173	140134.0	129885.0
-172	140657.0	133177.0
-171	143318.0	132860.0
-170	139762.0	129550.0
-169	140361.0	131126.0
-168	142935.0	131516.0
-167	139973.0	128955.0
-166	139765.0	130496.0
-165	142762.0	131187.0
-164	139311.0	128310.0
-163	138928.0	129695.0
-162	142534.0	130336.0
-161	140057.0	127353.0
-160	139022.0	129585.0
-159	142384.0	129796.0
-158	138433.0	127235.0
-157	138297.0	129275.0
-156	141347.0	129290.0
-155	137468.0	125509.0
-154	138153.0	128402.0
-153	141141.0	127492.0
-152	137856.0	125025.0
-151	137628.0	126918.0
-150	140479.0	127182.0
-149	137229.0	124351.0
-148	136620.0	126432.0
-147	139453.0	126796.0
-146	135501.0	123371.0
-145	135487.0	126294.0
-144	139239.0	125730.0
-143	134920.0	122977.0
-142	134482.0	124733.0
-141	137327.0	124848.0
-140	133908.0	122089.0
-139	132382.0	124577.0
-138	135277.0	124413.0
-137	131803.0	122429.0
-136	131652.0	123916.0
-135	133999.0	124644.0
-134	130888.0	120715.0
-133	130877.0	123225.0
-132	134408.0	123367.0
-131	130319.0	120754.0
-130	130304.0	122670.0
-129	132942.0	123416.0
-128	128571.0	120497.0
-127	127394.0	123552.0
-126	131117.0	123103.0
-125	127316.0	120419.0
-124	128265.0	122827.0
-123	131323.0	122184.0
-122	128554.0	119486.0
-121	128037.0	122120.0
-120	130757.0	122482.0
-119	127038.0	119767.0
-118	126085.0	121823.0
-117	128235.0	122437.0
-116	124723.0	119751.0
-115	125231.0	122357.0
-114	128613.0	122247.0
-113	125570.0	119504.0
-112	126093.0	122032.0
-111	129676.0	121801.0
-110	126150.0	119353.0
-109	125825.0	121725.0
-108	128825.0	122285.0
-107	124698.0	120260.0
-106	124009.0	122934.0
-105	127363.0	122761.0
-104	124820.0	120533.0
-103	124896.0	122512.0
-102	129542.0	122516.0
-101	126310.0	120509.0
-100	126414.0	123430.0
-99	129191.0	123018.0
-98	125924.0	120066.0
-97	125417.0	124063.0
-96	128225.0	124092.0
-95	124859.0	121069.0
-94	125360.0	123700.0
-93	128823.0	124673.0
-92	126094.0	120717.0
-91	125991.0	123900.0
-90	130892.0	125074.0
-89	127079.0	122358.0
-88	126613.0	125685.0
-87	130317.0	126125.0
-86	126505.0	123008.0
-85	126045.0	126920.0
-84	129669.0	127489.0
-83	127270.0	123986.0
-82	126963.0	127117.0
-81	131335.0	127440.0
-80	128135.0	124259.0
-79	127581.0	127813.0
-78	132408.0	128614.0
-77	128685.0	125318.0
-76	129157.0	128911.0
-75	133106.0	129815.0
-74	129200.0	126916.0
-73	129529.0	130637.0
-72	133906.0	130644.0
-71	130749.0	127557.0
-70	131594.0	131054.0
-69	135837.0	131904.0
-68	131369.0	128774.0
-67	132270.0	131941.0
-66	135926.0	133441.0
-65	132738.0	129473.0
-64	133447.0	133525.0
-63	138181.0	134307.0
-62	133732.0	130985.0
-61	134910.0	134576.0
-60	139624.0	135813.0
-59	135811.0	131343.0
-58	135947.0	136195.0
-57	140227.0	136322.0
-56	136210.0	133368.0
-55	136331.0	137094.0
-54	141547.0	138104.0
-53	139098.0	134031.0
-52	140519.0	138267.0
-51	145223.0	138052.0
-50	141860.0	134739.0
-49	142249.0	139468.0
-48	146844.0	139892.0
-47	143463.0	136189.0
-46	143690.0	140323.0
-45	148206.0	140747.0
-44	143973.0	137055.0
-43	145106.0	140260.0
-42	151059.0	140944.0
-41	148199.0	137659.0
-40	149730.0	141587.0
-39	155353.0	142341.0
-38	151513.0	138358.0
-37	151224.0	142527.0
-36	156376.0	143085.0
-35	151117.0	139301.0
-34	151997.0	143058.0
-33	157846.0	142803.0
-32	154999.0	138732.0
-31	156330.0	142994.0
-30	162686.0	143369.0
-29	157978.0	138626.0
-28	158887.0	142494.0
-27	163778.0	143878.0
-26	159162.0	139502.0
-25	158700.0	143720.0
-24	163796.0	144620.0
-23	158685.0	139638.0
-22	160154.0	144121.0
-21	166882.0	144490.0
-20	163525.0	140210.0
-19	164977.0	144303.0
-18	170906.0	145738.0
-17	165382.0	140848.0
-16	165154.0	145214.0
-15	170086.0	145821.0
-14	164786.0	141794.0
-13	166116.0	146628.0
-12	173626.0	147633.0
-11	168699.0	141119.0
-10	169299.0	147053.0
-9	177310.0	148837.0
-8	172233.0	146446.0
-7	169656.0	155739.0
-6	173614.0	159710.0
-5	163626.0	153608.0
-4	162476.0	160986.0
-3	180904.0	169611.0
-2	193773.0	160175.0
-1	265023.0	161826.0
0	2081.0	131274.0
1	264105.0	42054.0
2	193287.0	73600.0
3	179465.0	91992.0
4	161642.0	112543.0
5	162747.0	130062.0
6	172769.0	128642.0
7	168916.0	115258.0
8	171810.0	118267.0
9	177068.0	118812.0
10	168875.0	114257.0
11	168228.0	120686.0
12	173777.0	123655.0
13	165418.0	119086.0
14	164218.0	124399.0
15	169237.0	125730.0
16	164720.0	120975.0
17	164915.0	124173.0
18	170582.0	125001.0
19	164154.0	119794.0
20	162524.0	123730.0
21	166146.0	124568.0
22	159510.0	122444.0
23	158799.0	128745.0
24	163500.0	129926.0
25	158897.0	125071.0
26	158696.0	127957.0
27	162915.0	127290.0
28	158115.0	121509.0
29	157930.0	125168.0
30	162034.0	125070.0
31	155679.0	120860.0
32	154213.0	126150.0
33	157329.0	127762.0
34	152069.0	124253.0
35	150895.0	129326.0
36	155089.0	129891.0
37	150927.0	125086.0
38	151320.0	127340.0
39	155763.0	127015.0
40	149355.0	121963.0
41	147530.0	126403.0
42	150458.0	127733.0
43	144978.0	124853.0
44	143888.0	131111.0
45	147247.0	131021.0
46	143029.0	126543.0
47	142635.0	129972.0
48	146365.0	129961.0
49	142269.0	125391.0
50	141923.0	129071.0
51	144933.0	129313.0
52	140230.0	125479.0
53	139114.0	129550.0
54	141387.0	130951.0
55	135906.0	127651.0
56	135892.0	133033.0
57	140808.0	133585.0
58	135929.0	128736.0
59	135984.0	131470.0
60	139003.0	131317.0
61	134293.0	128062.0
62	133620.0	131950.0
63	137116.0	132663.0
64	133299.0	128660.0
65	132449.0	132311.0
66	135936.0	132484.0
67	131637.0	129374.0
68	131470.0	134343.0
69	135569.0	134030.0
70	131221.0	130121.0
71	130056.0	133980.0
72	133216.0	134784.0
73	129621.0	132083.0
74	129024.0	136534.0
75	132133.0	136866.0
76	128419.0	132919.0
77	127940.0	136626.0
78	131442.0	136742.0
79	127144.0	133968.0
80	126819.0	138794.0
81	130069.0	139401.0
82	126212.0	136629.0
83	125654.0	140800.0
84	128711.0	142411.0
85	125953.0	139367.0
86	126154.0	142424.0
87	129978.0	142981.0
88	125697.0	138609.0
89	126189.0	141061.0
90	129335.0	142068.0
91	125397.0	138706.0
92	125386.0	144423.0
93	127760.0	146136.0
94	124267.0	143756.0
95	123653.0	149129.0
96	127763.0	149965.0
97	124262.0	146426.0
98	125047.0	150155.0
99	128585.0	150412.0
100	125727.0	146515.0
101	125646.0	149823.0
102	128465.0	150728.0
103	124781.0	148425.0
104	123554.0	154052.0
105	126750.0	156360.0
106	123441.0	154607.0
107	124042.0	158889.0
108	127900.0	158315.0
109	125374.0	154430.0
110	126076.0	157690.0
111	128826.0	158406.0
112	125301.0	156173.0
113	124755.0	160106.0
114	128129.0	162416.0
115	124783.0	160766.0
116	124433.0	166202.0
117	128088.0	168308.0
118	124715.0	165065.0
119	126714.0	167910.0
120	129999.0	168493.0
121	128160.0	164403.0
122	128204.0	168205.0
123	130614.0	169241.0
124	127251.0	167393.0
125	127471.0	172484.0
126	130054.0	174061.0
127	127382.0	171811.0
128	128563.0	175853.0
129	132539.0	174890.0
130	129472.0	170495.0
131	130544.0	173064.0
132	133947.0	173937.0
133	130135.0	170297.0
134	130367.0	174677.0
135	134192.0	175995.0
136	130470.0	174759.0
137	130984.0	178294.0
138	134325.0	179088.0
139	132807.0	174261.0
140	133453.0	177548.0
141	136843.0	176608.0
142	134236.0	172957.0
143	134998.0	175927.0
144	138476.0	176574.0
145	135801.0	172617.0
146	135741.0	176332.0
147	139342.0	176239.0
148	136715.0	172155.0
149	137156.0	174579.0
150	140236.0	173862.0
151	137303.0	169417.0
152	138109.0	172500.0
153	141198.0	172502.0
154	137901.0	167996.0
155	138383.0	170330.0
156	141522.0	170413.0
157	138812.0	166781.0
158	138438.0	168749.0
159	141479.0	167861.0
160	138851.0	163648.0
161	139605.0	165747.0
162	141809.0	165288.0
163	139417.0	161904.0
164	139686.0	164086.0
165	142487.0	163400.0
166	139393.0	160087.0
167	139077.0	162380.0
168	142118.0	161024.0
169	140053.0	157858.0
170	140512.0	159238.0
171	143536.0	158476.0
172	139738.0	155377.0
173	139213.0	157433.0
174	142123.0	156023.0
175	139341.0	152976.0
176	139231.0	154703.0
177	142540.0	154181.0
178	138919.0	150809.0
179	139353.0	152347.0
180	141537.0	151595.0
181	138625.0	148393.0
182	139021.0	149729.0
183	141419.0	149582.0
184	138392.0	145946.0
185	138311.0	147960.0
186	141091.0	147487.0
187	138246.0	143994.0
188	137620.0	145584.0
189	140301.0	144488.0
190	137498.0	141615.0
191	136647.0	143226.0
192	138867.0	142817.0
193	136080.0	139641.0
194	135901.0	141509.0
195	138883.0	140807.0
196	135860.0	137834.0
197	134951.0	140036.0
198	137511.0	139776.0
199	134489.0	136189.0
200	134270.0	137740.0
201	136166.0	137902.0
202	133189.0	134518.0
203	132716.0	136532.0
204	134664.0	136122.0
205	132314.0	133315.0
206	131733.0	135045.0
207	133460.0	134421.0
208	131381.0	131990.0
209	131014.0	133972.0
210	133310.0	133660.0
211	130138.0	130555.0
212	130432.0	132033.0
213	132095.0	132381.0
214	129012.0	130190.0
215	128606.0	132202.0
216	130744.0	132128.0
217	128233.0	129384.0
218	127932.0	131089.0
219	129909.0	130982.0
220	127132.0	127899.0
221	126711.0	129896.0
222	128476.0	129554.0
223	125892.0	128091.0
224	125929.0	130264.0
225	128541.0	129648.0
226	124703.0	127600.0
227	125118.0	129735.0
228	126582.0	129141.0
229	124468.0	127494.0
230	124502.0	129007.0
231	126080.0	129256.0
232	123954.0	126846.0
233	123533.0	129242.0
234	125442.0	129124.0
235	123493.0	127136.0
236	122766.0	129092.0
237	124570.0	129216.0
238	122317.0	127026.0
239	122168.0	129005.0
240	124315.0	129193.0
241	122661.0	126970.0
242	122082.0	129395.0
243	124569.0	129025.0
244	122050.0	127508.0
245	121475.0	129591.0
246	123124.0	129623.0
247	121458.0	127526.0
248	121502.0	129867.0
249	123280.0	130487.0
250	121582.0	128280.0
251	121045.0	130570.0
252	123342.0	130722.0
253	121169.0	128987.0
254	121351.0	130936.0
255	123735.0	131232.0
256	121690.0	129410.0
257	121890.0	131451.0
258	122901.0	131474.0
259	121356.0	129877.0
260	121152.0	132625.0
261	123352.0	133229.0
262	121049.0	130406.0
263	121265.0	133191.0
264	123453.0	132931.0
265	121775.0	131737.0
266	122444.0	134127.0
267	124224.0	134088.0
268	121993.0	132355.0
269	122402.0	134778.0
270	124496.0	134775.0
271	122144.0	133377.0
272	122559.0	135705.0
273	124595.0	135915.0
274	123171.0	134056.0
275	122886.0	136039.0
276	125054.0	135936.0
277	123943.0	134595.0
278	123461.0	136617.0
279	125371.0	136864.0
280	123708.0	135320.0
281	123931.0	137503.0
282	126200.0	137758.0
283	125023.0	135630.0
284	124196.0	137433.0
285	126214.0	138314.0
286	125115.0	136301.0
287	125234.0	138783.0
288	127360.0	139159.0
289	126079.0	137373.0
290	126190.0	140015.0
291	128392.0	139621.0
292	126351.0	137939.0
293	126733.0	139691.0
294	128769.0	139417.0
295	127305.0	138053.0
296	127512.0	140186.0
297	129448.0	140006.0
298	128003.0	138581.0
299	127708.0	140869.0
300	129811.0	140955.0
301	127957.0	138963.0
302	128899.0	140503.0
303	130515.0	141412.0
304	128503.0	139521.0
305	129688.0	141697.0
306	130788.0	141216.0
307	129360.0	140067.0
308	129554.0	141652.0
309	131540.0	142069.0
310	129490.0	139686.0
311	130521.0	141686.0
312	131959.0	141870.0
313	130217.0	139634.0
314	130873.0	141365.0
315	132515.0	141626.0
316	130459.0	139143.0
317	131241.0	141309.0
318	133326.0	141062.0
319	131897.0	139377.0
320	131312.0	140518.0
321	133626.0	140696.0
322	131903.0	139075.0
323	131870.0	140748.0
324	133460.0	140261.0
325	132463.0	138437.0
326	132197.0	140041.0
327	134257.0	140327.0
328	132897.0	138246.0
329	132746.0	139796.0
330	134047.0	138766.0
331	132128.0	137425.0
332	132507.0	138240.0
333	134044.0	138497.0
334	132422.0	136056.0
335	132257.0	137832.0
336	134156.0	137660.0
337	132329.0	135531.0
338	132310.0	137675.0
339	134025.0	137311.0
340	132338.0	135000.0
341	132565.0	135961.0
342	134333.0	136589.0
343	132355.0	134348.0
344	132163.0	135490.0
345	134193.0	134714.0
346	132834.0	133176.0
347	131558.0	134393.0
348	133897.0	134095.0
349	132124.0	131741.0
350	132179.0	133602.0
351	133221.0	132655.0
352	131776.0	130674.0
353	132060.0	132418.0
354	133690.0	131822.0
355	131843.0	129742.0
356	131499.0	131312.0
357	132511.0	130733.0
358	130754.0	128879.0
359	130797.0	130689.0
360	132528.0	129772.0
361	130074.0	127664.0
362	130522.0	129381.0
363	131600.0	128968.0
364	129415.0	127341.0
365	129453.0	129191.0
366	130549.0	128309.0
367	129037.0	125874.0
368	129542.0	127533.0
369	130829.0	127273.0
370	129002.0	126058.0
371	128020.0	126305.0
372	129558.0	126178.0
373	128175.0	124831.0
374	127901.0	126202.0
375	128789.0	126355.0
376	126995.0	124510.0
377	127362.0	125878.0
378	128785.0	125487.0
379	127081.0	123903.0
380	126957.0	125918.0
381	127921.0	125191.0
382	126620.0	123502.0
383	126485.0	124866.0
384	127061.0	123975.0
385	125405.0	123098.0
386	125339.0	124239.0
387	126995.0	124526.0
388	124730.0	122367.0
389	124741.0	123794.0
390	125684.0	124182.0
391	124291.0	122195.0
392	124000.0	123484.0
393	125055.0	124033.0
394	123936.0	122821.0
395	123627.0	123968.0
396	124905.0	124040.0
397	122835.0	122484.0
398	122595.0	123977.0
399	124501.0	124229.0
400	122392.0	123016.0
401	122291.0	123977.0
402	123627.0	124765.0
403	122578.0	122769.0
404	122080.0	123867.0
405	123556.0	124028.0
406	121677.0	122726.0
407	121903.0	124120.0
408	123060.0	123898.0
409	121150.0	123049.0
410	121416.0	124039.0
411	122845.0	124280.0
412	121139.0	123318.0
413	120966.0	124987.0
414	122007.0	125378.0
415	120687.0	124029.0
416	121151.0	125610.0
417	122175.0	125754.0
418	120606.0	124762.0
419	120506.0	126466.0
420	122162.0	126224.0
421	120792.0	124853.0
422	120599.0	126475.0
423	121674.0	126399.0
424	120605.0	125397.0
425	120594.0	126787.0
426	122217.0	127007.0
427	120640.0	125757.0
428	121056.0	127562.0
429	121874.0	127529.0
430	120610.0	126873.0
431	120409.0	128203.0
432	122570.0	128033.0
433	120987.0	127460.0
434	120723.0	128903.0
435	122047.0	129006.0
436	120675.0	127331.0
437	121340.0	129292.0
438	122324.0	129659.0
439	121511.0	128824.0
440	121735.0	129774.0
441	122943.0	129445.0
442	121865.0	128496.0
443	121567.0	129820.0
444	122466.0	130597.0
445	121734.0	128986.0
446	122137.0	131261.0
447	123481.0	130643.0
448	122556.0	129917.0
449	122775.0	131608.0
450	124274.0	131647.0
451	123110.0	130178.0
452	123336.0	131651.0
453	124519.0	131540.0
454	123090.0	130832.0
455	123617.0	132001.0
456	125010.0	132197.0
457	123980.0	131077.0
458	123913.0	132009.0
459	125066.0	132656.0
460	124195.0	131615.0
461	124748.0	132758.0
462	125876.0	132993.0
463	124770.0	131551.0
464	124997.0	133150.0
465	125889.0	133184.0
466	124853.0	131892.0
467	125517.0	132880.0
468	126855.0	133239.0
469	125966.0	131929.0
470	125426.0	132809.0
471	127071.0	133187.0
472	126267.0	132324.0
473	126788.0	133412.0
474	127311.0	133384.0
475	126502.0	132242.0
476	126375.0	133063.0
477	127737.0	133014.0
478	126802.0	132201.0
479	126599.0	133185.0
480	128429.0	132915.0
481	127491.0	132503.0
482	127904.0	132967.0
483	128533.0	132362.0
484	127246.0	131220.0
485	127697.0	132839.0
486	129007.0	132325.0
487	128027.0	131164.0
488	128564.0	132797.0
489	129523.0	132607.0
490	128551.0	131315.0
491	128520.0	132133.0
492	129970.0	131774.0
493	128873.0	130347.0
494	128732.0	131247.0
495	129971.0	131141.0
496	129221.0	130745.0
497	129063.0	131760.0
498	130368.0	130529.0
499	129007.0	129962.0
500	129268.0	131371.0
501	130141.0	130469.0
502	128983.0	129446.0
503	129027.0	130194.0
504	130050.0	129840.0
505	129223.0	128963.0
506	129391.0	130681.0
507	129762.0	129664.0
508	128981.0	128432.0
509	129460.0	129707.0
510	130449.0	129544.0
511	128938.0	128133.0
512	128606.0	128936.0
513	130474.0	128281.0
514	129544.0	127454.0
515	129468.0	128384.0
516	130030.0	128007.0
517	128939.0	127278.0
518	129000.0	128304.0
519	130378.0	128087.0
520	129435.0	126898.0
521	128579.0	127778.0
522	129798.0	127357.0
523	128717.0	126439.0
524	128825.0	126872.0
525	129576.0	126535.0
526	128645.0	125426.0
527	127862.0	126258.0
528	129111.0	126150.0
529	127811.0	124441.0
530	128090.0	126335.0
531	129310.0	125694.0
532	127792.0	124840.0
533	127628.0	126324.0
534	129076.0	124948.0
535	127675.0	123816.0
536	127717.0	124649.0
537	128552.0	124589.0
538	127463.0	123477.0
539	127059.0	124120.0
540	128638.0	124086.0
541	126700.0	123271.0
542	127007.0	124596.0
543	128171.0	124550.0
544	126371.0	122720.0
545	126323.0	124239.0
546	127906.0	123629.0
547	126026.0	122785.0
548	126501.0	123773.0
549	126902.0	123935.0
550	125766.0	122539.0
551	126223.0	123055.0
552	126676.0	123224.0
553	126084.0	122003.0
554	125410.0	123177.0
555	126361.0	122860.0
556	125048.0	121807.0
557	125391.0	123265.0
558	126124.0	123073.0
559	124943.0	121320.0
560	124709.0	122708.0
561	125590.0	122945.0
562	124327.0	121610.0
563	124731.0	122758.0
564	124877.0	122537.0
565	124248.0	121622.0
566	124544.0	122439.0
567	124730.0	122295.0
568	124089.0	121788.0
569	123797.0	122924.0
570	124930.0	122721.0
571	123683.0	122298.0
572	124377.0	122735.0
573	125229.0	122483.0
574	123816.0	121436.0
575	123669.0	122769.0
576	124220.0	123393.0
577	122877.0	122380.0
578	123382.0	122386.0
579	124408.0	123184.0
580	123041.0	122313.0
581	122955.0	123334.0
582	124527.0	123770.0
583	122501.0	121823.0
584	122893.0	123610.0
585	124268.0	123955.0
586	123266.0	122792.0
587	122799.0	123682.0
588	123844.0	124113.0
589	123188.0	123136.0
590	123186.0	124048.0
591	123468.0	124485.0
592	123226.0	123395.0
593	123074.0	124535.0
594	123736.0	125208.0
595	122816.0	123678.0
596	122956.0	124642.0
597	123794.0	125371.0
598	122476.0	124721.0
599	122563.0	125357.0
600	123888.0	125611.0
601	122480.0	124862.0
602	123031.0	126014.0
603	123698.0	125499.0
604	122835.0	125248.0
605	123127.0	125826.0
606	123778.0	126569.0
607	122073.0	125292.0
608	122959.0	126799.0
609	124646.0	126848.0
610	123076.0	126273.0
611	123228.0	127167.0
612	124008.0	127316.0
613	123297.0	126137.0
614	123828.0	127053.0
615	124032.0	127552.0
616	123444.0	126546.0
617	123626.0	127398.0
618	124465.0	127955.0
619	123883.0	127096.0
620	124231.0	128060.0
621	124719.0	128282.0
622	124144.0	127529.0
623	124455.0	128566.0
624	124982.0	127784.0
625	124467.0	127183.0
626	124338.0	129118.0
627	125620.0	128873.0
628	124696.0	128261.0
629	124819.0	129086.0
630	125471.0	129041.0
631	125016.0	128099.0
632	125358.0	129180.0
633	125221.0	129337.0
634	125329.0	128543.0
635	125482.0	129298.0
636	126696.0	128973.0
637	125602.0	128660.0
638	125667.0	129358.0
639	126952.0	129569.0
640	125965.0	128782.0
641	126296.0	129741.0
642	126880.0	129822.0
643	126038.0	128192.0
644	126122.0	129127.0
645	127588.0	128925.0
646	126313.0	128035.0
647	126571.0	129148.0
648	127540.0	129195.0
649	126618.0	128617.0
650	126714.0	129281.0
651	127836.0	129274.0
652	127061.0	128296.0
653	127169.0	128784.0
654	127772.0	128839.0
655	127067.0	128189.0
656	127617.0	128794.0
657	128432.0	129292.0
658	126508.0	128193.0
659	127585.0	129399.0
660	128040.0	129282.0
661	127061.0	128470.0
662	127351.0	128720.0
663	128561.0	128639.0
664	127547.0	127857.0
665	127873.0	128643.0
666	128592.0	128487.0
667	127567.0	127382.0
668	127289.0	128650.0
669	128421.0	128133.0
670	127577.0	128049.0
671	127807.0	128779.0
672	128257.0	128498.0
673	127588.0	127772.0
674	127516.0	127457.0
675	128317.0	127815.0
676	127697.0	126394.0
677	127893.0	127413.0
678	128937.0	127459.0
679	127650.0	126479.0
680	127550.0	126993.0
681	128900.0	126990.0
682	127340.0	126185.0
683	127636.0	127111.0
684	128664.0	127244.0
685	128002.0	125752.0
686	127898.0	126111.0
687	127449.0	126183.0
688	127435.0	126049.0
689	127746.0	126388.0
690	128758.0	126284.0
691	127365.0	125373.0
692	126829.0	126264.0
693	128090.0	126351.0
694	127279.0	125114.0
695	127766.0	126007.0
696	127244.0	125989.0
697	126906.0	125337.0
698	127023.0	125763.0
699	127950.0	125426.0
700	127327.0	124218.0
701	126909.0	125554.0
702	127435.0	124692.0
703	126520.0	124410.0
704	126953.0	125282.0
705	127612.0	124926.0
706	126609.0	124449.0
707	126522.0	124938.0
708	127543.0	124413.0
709	126431.0	123803.0
710	126802.0	124596.0
711	127440.0	125052.0
712	125820.0	123640.0
713	125634.0	124423.0
714	126991.0	123930.0
715	126053.0	123209.0
716	125915.0	124569.0
717	126624.0	124553.0
718	125935.0	123482.0
719	126215.0	124456.0
720	126224.0	123644.0
721	125809.0	123645.0
722	125566.0	123923.0
723	126258.0	123371.0
724	125526.0	123335.0
725	125615.0	123712.0
726	125906.0	123340.0
727	125230.0	123253.0
728	124928.0	124030.0
729	125441.0	123089.0
730	124556.0	123230.0
731	124961.0	123590.0
732	125388.0	123781.0
733	124545.0	122827.0
734	124928.0	123652.0
735	125331.0	123814.0
736	124295.0	122844.0
737	124899.0	124359.0
738	124867.0	124196.0
739	124483.0	122734.0
740	124758.0	123796.0
741	125473.0	123461.0
742	124105.0	122973.0
743	124137.0	123980.0
744	124640.0	123973.0
745	123926.0	122816.0
746	123789.0	124163.0
747	124355.0	124521.0
748	123705.0	123419.0
749	124130.0	124511.0
750	124583.0	124198.0
751	124084.0	123597.0
752	123897.0	124045.0
753	124942.0	123906.0
754	123641.0	124503.0
755	124172.0	124562.0
756	124640.0	124564.0
757	123824.0	123669.0
758	123842.0	125361.0
759	124868.0	124875.0
760	123077.0	124079.0
761	123800.0	125043.0
762	124439.0	124574.0
763	123855.0	124171.0
764	123970.0	125478.0
765	124116.0	124975.0
766	123653.0	124157.0
767	124171.0	125156.0
768	124335.0	125020.0
769	123162.0	124375.0
770	123447.0	125715.0
771	124398.0	125584.0
772	124145.0	125060.0
773	123577.0	125249.0
774	124471.0	126198.0
775	123826.0	125088.0
776	123859.0	125963.0
777	124573.0	126188.0
778	123909.0	125216.0
779	123978.0	126653.0
780	124544.0	126841.0
781	123812.0	126273.0
782	124599.0	126155.0
783	125130.0	126432.0
784	124185.0	125746.0
785	123531.0	127318.0
786	125230.0	126882.0
787	124202.0	126597.0
788	124418.0	126965.0
789	125844.0	126708.0
790	125129.0	125999.0
791	123979.0	126345.0
792	124993.0	127484.0
793	124266.0	127135.0
794	124700.0	127344.0
795	125182.0	127317.0
796	124651.0	126784.0
797	124675.0	127082.0
798	125356.0	127402.0
799	124776.0	126960.0
800	125010.0	127597.0
801	126040.0	127877.0
802	125046.0	127291.0
803	125429.0	127817.0
804	125590.0	127662.0
805	124974.0	126896.0
806	125090.0	127580.0
807	126423.0	128091.0
808	126289.0	127319.0
809	126062.0	127770.0
810	126123.0	127582.0
811	125198.0	127231.0
812	125701.0	128027.0
813	126275.0	127261.0
814	125452.0	127678.0
815	125617.0	128375.0
816	126309.0	128461.0
817	125833.0	127700.0
818	126319.0	127663.0
819	126600.0	127968.0
820	125696.0	126943.0
821	125341.0	126863.0
822	126669.0	127777.0
823	125965.0	126722.0
824	125871.0	127829.0
825	126693.0	127518.0
826	125592.0	127146.0
827	126166.0	128112.0
828	126715.0	127247.0
829	126569.0	127382.0
830	126354.0	127776.0
831	126560.0	127907.0
832	126185.0	126932.0
833	126539.0	127650.0
834	127151.0	127237.0
835	126272.0	126292.0
836	126072.0	126729.0
837	126961.0	126900.0
838	126098.0	126145.0
839	126400.0	127128.0
840	126933.0	127091.0
841	126531.0	126592.0
842	126237.0	126471.0
843	127465.0	126982.0
844	126119.0	126465.0
845	126524.0	126935.0
846	127211.0	126255.0
847	126152.0	125762.0
848	125914.0	126421.0
849	126743.0	126634.0
850	125338.0	126261.0
851	126001.0	126708.0
852	126558.0	126646.0
853	125877.0	126235.0
854	126144.0	126839.0
855	126905.0	126209.0
856	126716.0	125601.0
857	126055.0	125618.0
858	126428.0	126247.0
859	125874.0	125371.0
860	126394.0	125587.0
861	126858.0	125502.0
862	126062.0	124844.0
863	125775.0	125726.0
864	126265.0	125159.0
865	125430.0	124924.0
866	125563.0	125670.0
867	125830.0	125476.0
868	125390.0	124245.0
869	125696.0	124592.0
870	126072.0	124859.0
871	125477.0	124324.0
872	125600.0	124825.0
873	126034.0	124804.0
874	125407.0	124493.0
875	125322.0	124806.0
876	125865.0	125084.0
877	125444.0	124597.0
878	125269.0	124425.0
879	125654.0	124575.0
880	125210.0	125151.0
881	124795.0	124963.0
882	125440.0	124498.0
883	124688.0	123649.0
884	124518.0	124673.0
885	125574.0	124648.0
886	124852.0	123783.0
887	124927.0	124302.0
888	125600.0	124732.0
889	124892.0	123891.0
890	124650.0	124328.0
891	125322.0	124795.0
892	124674.0	123664.0
893	124526.0	124037.0
894	125292.0	123868.0
895	124357.0	123912.0
896	124256.0	124043.0
897	125026.0	124013.0
898	124132.0	123837.0
899	123772.0	124138.0
900	124351.0	124253.0
901	124570.0	123509.0
902	124094.0	124521.0
903	124976.0	124229.0
904	123453.0	123575.0
905	123749.0	124141.0
906	124454.0	123913.0
907	123321.0	123638.0
908	123839.0	124148.0
909	124774.0	124263.0
910	123648.0	123952.0
911	123426.0	124904.0
912	124548.0	124635.0
913	123080.0	124087.0
914	124131.0	124573.0
915	124160.0	124195.0
916	123311.0	124171.0
917	123071.0	124560.0
918	123523.0	125024.0
919	123397.0	124359.0
920	123845.0	124996.0
921	124031.0	124880.0
922	123292.0	124574.0
923	123436.0	124996.0
924	123683.0	124480.0
925	123748.0	124936.0
926	122978.0	124964.0
927	123418.0	125135.0
928	123531.0	124866.0
929	123538.0	125547.0
930	123912.0	125025.0
931	123602.0	124906.0
932	123641.0	124530.0
933	123956.0	125088.0
934	123656.0	124679.0
935	123198.0	125368.0
936	123847.0	125185.0
937	123066.0	124629.0
938	123604.0	125596.0
939	123754.0	125121.0
940	122960.0	125037.0
941	123890.0	125794.0
942	123593.0	125541.0
943	123474.0	125384.0
944	123315.0	125461.0
945	123979.0	125740.0
946	123812.0	125634.0
947	123273.0	125907.0
948	124229.0	125492.0
949	123420.0	125277.0
950	124148.0	125505.0
951	124078.0	126076.0
952	123791.0	125640.0
953	124049.0	126391.0
954	124001.0	126575.0
955	123541.0	125812.0
956	124007.0	126393.0
957	124217.0	126493.0
958	123908.0	125572.0
959	124293.0	126714.0
960	124419.0	126080.0
961	124087.0	126095.0
962	124136.0	126656.0
963	124844.0	126392.0
964	123999.0	125963.0
965	124075.0	126235.0
966	124889.0	126634.0
967	124478.0	125920.0
968	124292.0	127068.0
969	124394.0	127056.0
970	124552.0	126404.0
971	124362.0	126486.0
972	124885.0	127028.0
973	124897.0	126616.0
974	124706.0	126781.0
975	124658.0	126302.0
976	124298.0	126109.0
977	124598.0	126169.0
978	125497.0	126385.0
979	124762.0	126077.0
980	124333.0	126739.0
981	125410.0	126827.0
982	124792.0	125943.0
983	124618.0	126530.0
984	125253.0	126621.0
985	124538.0	125922.0
986	124698.0	126478.0
987	124624.0	126470.0
988	124354.0	125771.0
989	124443.0	126306.0
990	124859.0	126597.0
991	124272.0	126509.0
992	125320.0	126838.0
993	125389.0	126120.0
994	124949.0	125758.0
995	124806.0	126006.0
996	125247.0	126199.0
997	124505.0	126320.0
998	124928.0	126588.0
999	125344.0	125821.0
1000	124771.0	125990.0
1001	123949.0	125808.0
1002	125457.0	126238.0
1003	124695.0	125784.0
1004	125095.0	125898.0
1005	125520.0	125886.0
1006	124897.0	125499.0
1007	124619.0	125875.0
1008	124992.0	126280.0
1009	124765.0	125997.0
1010	125186.0	126082.0
1011	125003.0	125609.0
1012	124469.0	125717.0
1013	124893.0	125584.0
1014	125479.0	125818.0
1015	125526.0	125462.0
1016	124990.0	125264.0
1017	125392.0	125570.0
1018	125071.0	124957.0
1019	124452.0	125234.0
1020	124802.0	125334.0
1021	124585.0	125179.0
1022	124891.0	124741.0
1023	125259.0	124603.0
1024	124935.0	124345.0
1025	124329.0	124982.0
1026	124725.0	125013.0
1027	124427.0	125069.0
1028	124493.0	124904.0
1029	124675.0	124804.0
1030	124267.0	124485.0
1031	124924.0	125009.0
1032	124965.0	124668.0
1033	124531.0	124417.0
1034	124666.0	124673.0
1035	124699.0	124520.0
1036	124482.0	124298.0
1037	124753.0	124417.0
1038	124719.0	124770.0
1039	124331.0	124026.0
1040	124257.0	124516.0
1041	124413.0	124123.0
1042	124082.0	124002.0
1043	124345.0	124509.0
1044	124188.0	124342.0
1045	124200.0	123703.0
1046	124022.0	124112.0
1047	124184.0	124503.0
1048	124108.0	124214.0
1049	123798.0	124271.0
1050	124300.0	124052.0
1051	123777.0	124015.0
1052	124114.0	123857.0
1053	124112.0	124016.0
1054	123622.0	124155.0
1055	123585.0	123967.0
1056	124068.0	123852.0
1057	123891.0	123568.0
1058	123933.0	123968.0
1059	123912.0	123633.0
1060	123454.0	123685.0
1061	123431.0	123981.0
1062	123561.0	124073.0
1063	122655.0	123645.0
1064	123283.0	123276.0
1065	123818.0	123944.0
1066	122910.0	124200.0
1067	123334.0	124428.0
1068	123196.0	124384.0
1069	122796.0	123757.0
1070	123270.0	124574.0
1071	123487.0	123519.0
1072	123649.0	124279.0
1073	123315.0	123987.0
1074	123452.0	124885.0
1075	122690.0	124052.0
1076	122998.0	124061.0
1077	123200.0	123853.0
1078	123025.0	123596.0
1079	123228.0	123866.0
1080	122889.0	124062.0
1081	123165.0	123776.0
1082	123000.0	123966.0
1083	122715.0	123703.0
1084	122478.0	124080.0
1085	122822.0	124722.0
1086	122966.0	124187.0
1087	123007.0	124287.0
1088	122658.0	124205.0
1089	123105.0	124456.0
1090	122832.0	124013.0
1091	122692.0	124228.0
1092	123313.0	124520.0
1093	122372.0	124189.0
1094	122649.0	124563.0
1095	122969.0	124383.0
1096	123153.0	124329.0
1097	123004.0	124471.0
1098	123070.0	124858.0
1099	123485.0	124747.0
1100	122788.0	124884.0
1101	122829.0	124407.0
1102	123076.0	124396.0
1103	122640.0	124891.0
1104	122853.0	124911.0
1105	122789.0	125150.0
1106	122409.0	124876.0
1107	122987.0	123984.0
1108	122456.0	124290.0
1109	122573.0	125079.0
1110	123365.0	124982.0
1111	122403.0	124925.0
1112	123031.0	124844.0
1113	123596.0	125013.0
1114	123140.0	125335.0
1115	122820.0	124693.0
1116	123346.0	125245.0
1117	122673.0	125519.0
1118	122616.0	125096.0
1119	123095.0	125084.0
1120	122349.0	125214.0
1121	123085.0	125122.0
1122	123195.0	125506.0
1123	122808.0	125031.0
1124	123301.0	125636.0
1125	123900.0	125210.0
1126	122920.0	124838.0
1127	123415.0	125111.0
1128	123692.0	125409.0
1129	123264.0	125208.0
1130	123070.0	125599.0
1131	123717.0	125683.0
1132	123179.0	125516.0
1133	123596.0	124687.0
1134	124069.0	124966.0
1135	123356.0	124575.0
1136	122930.0	125487.0
1137	123388.0	125173.0
1138	123629.0	125290.0
1139	123414.0	125325.0
1140	123323.0	125595.0
1141	123399.0	124746.0
1142	123378.0	124865.0
1143	123787.0	125089.0
1144	123028.0	125106.0
1145	123665.0	125036.0
1146	123050.0	125578.0
1147	123634.0	124766.0
1148	123718.0	124994.0
1149	124142.0	124987.0
1150	123631.0	124699.0
1151	123553.0	125045.0
1152	124081.0	124960.0
1153	123741.0	124835.0
1154	123921.0	124961.0
1155	123613.0	125096.0
1156	123659.0	125306.0
1157	123770.0	125377.0
1158	123655.0	124981.0
1159	123860.0	125013.0
1160	123861.0	124604.0
1161	122952.0	124256.0
1162	123828.0	125028.0
1163	123526.0	124717.0
1164	123660.0	125214.0
1165	123098.0	124448.0
1166	123501.0	124964.0
1167	123352.0	124848.0
1168	124125.0	124729.0
1169	123927.0	125045.0
1170	124388.0	124712.0
1171	123867.0	124049.0
1172	123866.0	124462.0
1173	124250.0	124473.0
1174	123277.0	124763.0
1175	123476.0	124426.0
1176	123404.0	124826.0
1177	123560.0	124546.0
1178	123216.0	124176.0
1179	123198.0	123690.0
1180	123363.0	124422.0
1181	123790.0	124815.0
1182	123367.0	124145.0
1183	123685.0	123921.0
1184	123584.0	124088.0
1185	123630.0	124216.0
1186	123601.0	123972.0
1187	123437.0	124051.0
1188	124002.0	124315.0
1189	123507.0	124169.0
1190	123097.0	124512.0
1191	123593.0	124673.0
1192	123299.0	123503.0
1193	123071.0	123295.0
1194	123394.0	123674.0
1195	122814.0	124062.0
1196	122964.0	124065.0
1197	122669.0	123430.0
1198	122631.0	123736.0
1199	122621.0	124414.0
1200	123097.0	124621.0
1201	122602.0	123411.0
1202	122891.0	123638.0
1203	123002.0	123703.0
1204	123227.0	123977.0
1205	123049.0	123658.0
1206	122932.0	124079.0
1207	122690.0	123328.0
1208	123153.0	123626.0
1209	123460.0	123351.0
1210	123701.0	122913.0
1211	123681.0	123043.0
1212	123455.0	123225.0
1213	122999.0	122795.0
1214	122184.0	123167.0
1215	123306.0	123426.0
1216	122349.0	122805.0
1217	122242.0	123581.0
1218	123314.0	123144.0
1219	122938.0	122818.0
1220	122819.0	123139.0
1221	122770.0	123791.0
1222	121968.0	122894.0
1223	122681.0	122982.0
1224	122739.0	123033.0
1225	121978.0	122599.0
1226	121953.0	123559.0
1227	121848.0	123376.0
1228	122150.0	122329.0
1229	121535.0	122802.0
1230	122441.0	122937.0
1231	121366.0	122700.0
1232	121860.0	123500.0
1233	122782.0	123001.0
1234	121903.0	123542.0
1235	122584.0	122870.0
1236	122165.0	123192.0
1237	122198.0	122654.0
1238	121854.0	122806.0
1239	122036.0	122871.0
1240	121491.0	123030.0
1241	121535.0	123442.0
1242	121964.0	123101.0
1243	122024.0	123110.0
1244	122153.0	123628.0
1245	121444.0	123184.0
1246	121946.0	123123.0
1247	122606.0	123003.0
1248	122271.0	123036.0
1249	121456.0	123105.0
1250	121429.0	122920.0
1251	121508.0	123442.0
1252	121745.0	122572.0
1253	121555.0	123563.0
1254	122231.0	123501.0
1255	121826.0	123272.0
1256	121676.0	123527.0
1257	121323.0	123346.0
1258	121743.0	122997.0
1259	121785.0	123115.0
1260	122171.0	123568.0
1261	121666.0	123382.0
1262	121351.0	123310.0
1263	122135.0	123460.0
1264	121261.0	122415.0
1265	121281.0	123012.0
1266	121793.0	123220.0
1267	121685.0	123046.0
1268	121221.0	123801.0
1269	121874.0	123485.0
1270	121781.0	124340.0
1271	120998.0	123754.0
1272	121318.0	123448.0
1273	121985.0	123343.0
1274	121505.0	124396.0
1275	121375.0	123774.0
1276	121517.0	123337.0
1277	121836.0	123959.0
1278	121903.0	123703.0
1279	122259.0	123934.0
1280	121991.0	123964.0
1281	121815.0	124030.0
1282	121786.0	123224.0
1283	121906.0	123708.0
1284	122185.0	123958.0
1285	121913.0	124020.0
1286	121832.0	123671.0
1287	122120.0	123603.0
1288	121377.0	123478.0
1289	121681.0	123355.0
1290	122556.0	123815.0
1291	122093.0	123796.0
1292	121716.0	123943.0
1293	122423.0	123534.0
1294	122072.0	123804.0
1295	121267.0	123216.0
1296	122174.0	123997.0
1297	121559.0	123679.0
1298	121604.0	123997.0
1299	121845.0	124094.0
1300	121786.0	123728.0
1301	122067.0	124128.0
1302	122035.0	123839.0
1303	121950.0	123784.0
1304	122273.0	124251.0
1305	122335.0	124109.0
1306	121437.0	123813.0
1307	121863.0	123795.0
1308	122193.0	123923.0
1309	122096.0	123401.0
1310	122445.0	123606.0
1311	122602.0	123926.0
1312	121970.0	123560.0
1313	121702.0	124040.0
1314	121721.0	123771.0
1315	122253.0	123458.0
1316	121994.0	124120.0
1317	122095.0	124045.0
1318	121953.0	123598.0
1319	121820.0	124030.0
1320	122445.0	123782.0
1321	122255.0	123226.0
1322	122315.0	124324.0
1323	122571.0	123587.0
1324	122216.0	123577.0
1325	121632.0	123648.0
1326	123017.0	123753.0
1327	122976.0	123715.0
1328	121807.0	123556.0
1329	122065.0	123535.0
1330	121850.0	122829.0
1331	121227.0	123773.0
1332	122554.0	123165.0
1333	122998.0	123413.0
1334	122555.0	123721.0
1335	122461.0	123425.0
1336	121852.0	123375.0
1337	122241.0	122969.0
1338	122611.0	123433.0
1339	122874.0	123001.0
1340	122190.0	123313.0
1341	122871.0	123302.0
1342	121933.0	123308.0
1343	121793.0	123614.0
1344	122132.0	123323.0
1345	121466.0	122834.0
1346	121877.0	123478.0
1347	121992.0	123566.0
1348	121426.0	123018.0
1349	122026.0	123601.0
1350	122302.0	123430.0
1351	122117.0	122881.0
1352	121837.0	122940.0
1353	122276.0	122768.0
1354	121848.0	122548.0
1355	122255.0	122876.0
1356	122314.0	122908.0
1357	121977.0	122981.0
1358	121544.0	123202.0
1359	121801.0	122978.0
1360	121437.0	122977.0
1361	121303.0	123368.0
1362	121274.0	122832.0
1363	121952.0	122890.0
1364	121920.0	122405.0
1365	122111.0	122357.0
1366	121379.0	122809.0
1367	121729.0	123085.0
1368	121451.0	122741.0
1369	121106.0	122276.0
1370	121456.0	122836.0
1371	121319.0	122678.0
1372	121615.0	123187.0
1373	122211.0	122144.0
1374	121769.0	122968.0
1375	121082.0	122343.0
1376	121662.0	122692.0
1377	121529.0	122775.0
1378	121819.0	122533.0
1379	121653.0	122294.0
1380	121154.0	121932.0
1381	121344.0	122253.0
1382	121143.0	122115.0
1383	121546.0	122813.0
1384	121177.0	121640.0
1385	121455.0	122051.0
1386	121479.0	122551.0
1387	120925.0	121809.0
1388	121432.0	121980.0
1389	121545.0	121887.0
1390	121450.0	122369.0
1391	121327.0	122455.0
1392	121807.0	122440.0
1393	121157.0	122428.0
1394	121207.0	121575.0
1395	121766.0	122391.0
1396	120736.0	121958.0
1397	121129.0	122919.0
1398	120496.0	122169.0
1399	121115.0	121699.0
1400	121388.0	122152.0
1401	120980.0	122230.0
1402	121047.0	121756.0
1403	120877.0	122068.0
1404	120936.0	121795.0
1405	120793.0	122069.0
1406	120683.0	121932.0
1407	121242.0	122105.0
1408	121553.0	121656.0
1409	120867.0	122172.0
1410	121356.0	122275.0
1411	120711.0	121415.0
1412	120756.0	122052.0
1413	121353.0	121981.0
1414	120834.0	121331.0
1415	120553.0	121798.0
1416	120930.0	121522.0
1417	120764.0	121420.0
1418	120620.0	122462.0
1419	120655.0	121628.0
1420	121068.0	122043.0
1421	120954.0	122214.0
1422	120407.0	122003.0
1423	121281.0	122056.0
1424	120418.0	122305.0
1425	121312.0	122277.0
1426	120827.0	121930.0
1427	120259.0	122428.0
1428	120499.0	122519.0
1429	120642.0	121852.0
1430	121086.0	122607.0
1431	121167.0	122077.0
1432	121059.0	121681.0
1433	120189.0	122644.0
1434	121134.0	122423.0
1435	120602.0	121988.0
1436	120486.0	122097.0
1437	120797.0	122251.0
1438	120388.0	122176.0
1439	120290.0	123278.0
1440	120083.0	122517.0
1441	121016.0	122516.0
1442	120592.0	122193.0
1443	120853.0	122626.0
1444	120501.0	122453.0
1445	120552.0	122907.0
1446	120916.0	123100.0
1447	120983.0	122397.0
1448	120960.0	122221.0
1449	120946.0	122021.0
1450	120715.0	121629.0
1451	120971.0	122742.0
1452	120919.0	122081.0
1453	120229.0	122469.0
1454	120916.0	122377.0
1455	120865.0	122498.0
1456	120148.0	122214.0
1457	120921.0	123205.0
1458	120776.0	122820.0
1459	120337.0	122889.0
1460	120513.0	122972.0
1461	121182.0	122265.0
1462	120638.0	122204.0
1463	120547.0	122233.0
1464	120538.0	122758.0
1465	120948.0	121939.0
1466	120625.0	122061.0
1467	120241.0	122016.0
1468	120368.0	122481.0
1469	120152.0	122536.0
1470	120145.0	122930.0
1471	120742.0	123015.0
1472	120750.0	122741.0
1473	121486.0	122122.0
1474	120691.0	122448.0
1475	120861.0	122728.0
1476	121331.0	122379.0
1477	120815.0	122310.0
1478	120210.0	122404.0
1479	120423.0	122384.0
1480	120989.0	122551.0
1481	120857.0	122501.0
1482	120808.0	122345.0
1483	121066.0	122653.0
1484	120673.0	122573.0
1485	120707.0	122230.0
1486	120929.0	122638.0
1487	121047.0	123033.0
1488	121511.0	122059.0
1489	120415.0	121622.0
1490	120496.0	122269.0
1491	120944.0	122757.0
1492	120580.0	122551.0
1493	121130.0	122350.0
1494	121140.0	121982.0
1495	120839.0	122358.0
1496	120254.0	122272.0
1497	120753.0	122253.0
1498	120970.0	122124.0
1499	120886.0	122101.0
1500	121254.0	122076.0
1501	120921.0	121648.0
1502	120426.0	122353.0
1503	121094.0	121525.0
1504	120721.0	122140.0
1505	120714.0	122854.0
1506	120880.0	122607.0
1507	120283.0	121903.0
1508	120607.0	122431.0
1509	120978.0	122289.0
1510	120840.0	122105.0
1511	120500.0	122102.0
1512	120673.0	121560.0
1513	120823.0	121405.0
1514	120659.0	121545.0
1515	120894.0	121418.0
1516	120749.0	121297.0
1517	120719.0	122055.0
1518	120450.0	121943.0
1519	120371.0	121738.0
1520	120241.0	121916.0
1521	120963.0	121532.0
1522	120729.0	121753.0
1523	120340.0	121828.0
1524	120478.0	122144.0
1525	120384.0	121794.0
1526	120212.0	121674.0
1527	120517.0	121561.0
1528	120589.0	121506.0
1529	120461.0	121956.0
1530	120511.0	121650.0
1531	120952.0	121630.0
1532	120451.0	121822.0
1533	120672.0	121407.0
1534	120378.0	121361.0
1535	120152.0	121452.0
1536	120325.0	121489.0
1537	120371.0	121457.0
1538	120221.0	121401.0
1539	120502.0	121192.0
1540	120675.0	121447.0
1541	120189.0	121974.0
1542	120306.0	121166.0
1543	120759.0	121178.0
1544	119990.0	120845.0
1545	119892.0	121020.0
1546	120023.0	121032.0
1547	119954.0	121664.0
1548	120265.0	121701.0
1549	120520.0	120836.0
1550	120154.0	120848.0
1551	120373.0	120727.0
1552	120037.0	121489.0
1553	119854.0	121365.0
1554	119564.0	121759.0
1555	120736.0	120724.0
1556	119803.0	121481.0
1557	119735.0	121482.0
1558	119818.0	121408.0
1559	120111.0	121295.0
1560	120976.0	121280.0
1561	120301.0	121017.0
1562	120082.0	120993.0
1563	119757.0	120407.0
1564	120186.0	121378.0
1565	119774.0	120915.0
1566	120272.0	120863.0
1567	120256.0	121033.0
1568	119664.0	121130.0
1569	120244.0	120566.0
1570	119906.0	120747.0
1571	120097.0	121392.0
1572	119788.0	121896.0
1573	119705.0	121735.0
1574	120490.0	120569.0
1575	120186.0	121191.0
1576	120704.0	120586.0
1577	119716.0	121032.0
1578	120527.0	120924.0
1579	120364.0	121265.0
1580	120497.0	120788.0
1581	120314.0	121042.0
1582	120157.0	120323.0
1583	120262.0	121244.0
1584	120160.0	121121.0
1585	119814.0	120396.0
1586	119981.0	120920.0
1587	120170.0	120881.0
1588	119914.0	120951.0
1589	119642.0	120935.0
1590	119717.0	121051.0
1591	119755.0	121118.0
1592	119387.0	121193.0
1593	119601.0	121135.0
1594	120125.0	120948.0
1595	119995.0	121435.0
1596	120148.0	120589.0
1597	120253.0	121089.0
1598	120017.0	121340.0
1599	119723.0	120529.0
1600	120088.0	120118.0
1601	120233.0	120634.0
1602	120403.0	120816.0
1603	120006.0	120006.0
1604	120435.0	120229.0
1605	120325.0	120588.0
1606	119873.0	121390.0
1607	119397.0	121102.0
1608	119401.0	121101.0
1609	119955.0	121125.0
1610	119728.0	121127.0
1611	120129.0	121085.0
1612	119410.0	120775.0
1613	119979.0	121021.0
1614	119812.0	121271.0
1615	119401.0	120572.0
1616	119460.0	120971.0
1617	119343.0	120802.0
1618	120075.0	120857.0
1619	119956.0	120824.0
1620	119795.0	120514.0
1621	119927.0	121506.0
1622	120320.0	120651.0
1623	119512.0	120843.0
1624	120054.0	119942.0
1625	120161.0	121167.0
1626	120400.0	120727.0
1627	119518.0	120898.0
1628	119290.0	121499.0
1629	119862.0	121364.0
1630	119725.0	120832.0
1631	119395.0	121024.0
1632	119740.0	120966.0
1633	120276.0	121305.0
1634	119664.0	121459.0
1635	119673.0	121148.0
1636	120172.0	120663.0
1637	119118.0	120729.0
1638	120031.0	120587.0
1639	119300.0	120868.0
1640	119515.0	121381.0
1641	119661.0	120924.0
1642	119354.0	120813.0
1643	119794.0	121121.0
1644	119550.0	121439.0
1645	119374.0	120958.0
1646	119439.0	120814.0
1647	119979.0	121567.0
1648	119333.0	121015.0
1649	119703.0	120864.0
1650	119622.0	121359.0
1651	119926.0	121132.0
1652	119396.0	120798.0
1653	119679.0	121609.0
1654	119627.0	120547.0
1655	119236.0	120676.0
1656	120185.0	120652.0
1657	119419.0	121341.0
1658	119660.0	120899.0
1659	119360.0	121112.0
1660	119834.0	120792.0
1661	119807.0	120549.0
1662	119532.0	121410.0
1663	120001.0	121140.0
1664	119290.0	121220.0
1665	119643.0	120561.0
1666	119470.0	120099.0
1667	119438.0	120676.0
1668	120105.0	120553.0
1669	120002.0	120500.0
1670	119652.0	120669.0
1671	119759.0	120619.0
1672	119592.0	120599.0
1673	119516.0	121075.0
1674	119402.0	120679.0
1675	118608.0	120899.0
1676	119161.0	120893.0
1677	119602.0	120802.0
1678	119491.0	120928.0
1679	119063.0	120247.0
1680	118867.0	120653.0
1681	119074.0	120870.0
1682	119588.0	120580.0
1683	119513.0	121286.0
1684	119934.0	120543.0
1685	119967.0	120778.0
1686	119606.0	120879.0
1687	119865.0	121042.0
1688	119617.0	120771.0
1689	119717.0	121100.0
1690	119427.0	120664.0
1691	119448.0	121219.0
1692	119894.0	120577.0
1693	119991.0	120409.0
1694	119486.0	120474.0
1695	120221.0	120407.0
1696	120028.0	120441.0
1697	119516.0	120034.0
1698	119701.0	120668.0
1699	119612.0	119908.0
1700	119442.0	120229.0
1701	119076.0	120360.0
1702	119449.0	119833.0
1703	119531.0	120545.0
1704	119355.0	120269.0
1705	119371.0	120673.0
1706	119801.0	120480.0
1707	119034.0	120446.0
1708	119317.0	120711.0
1709	119282.0	120308.0
1710	119830.0	121051.0
1711	119893.0	120755.0
1712	119724.0	120668.0
1713	120000.0	120678.0
1714	119236.0	120268.0
1715	119321.0	120822.0
1716	119044.0	119998.0
1717	119039.0	120285.0
1718	119028.0	120566.0
1719	119469.0	120733.0
1720	119306.0	120613.0
1721	119383.0	120269.0
1722	119303.0	120504.0
1723	119176.0	120384.0
1724	119214.0	120384.0
1725	119858.0	120552.0
1726	119523.0	120029.0
1727	119014.0	120174.0
1728	119720.0	120881.0
1729	119535.0	120445.0
1730	119507.0	120440.0
1731	119606.0	120368.0
1732	119461.0	120222.0
1733	119260.0	120010.0
1734	119278.0	120336.0
1735	119448.0	120364.0
1736	118879.0	120334.0
1737	119530.0	120093.0
1738	119564.0	120344.0
1739	119151.0	120529.0
1740	119382.0	120187.0
1741	118743.0	119905.0
1742	118719.0	120488.0
1743	118937.0	119534.0
1744	118948.0	120314.0
1745	118836.0	120260.0
1746	118750.0	120179.0
1747	119116.0	120667.0
1748	118848.0	120000.0
1749	118975.0	120086.0
1750	118810.0	120070.0
1751	119156.0	120439.0
1752	119027.0	120462.0
1753	118910.0	120083.0
1754	118532.0	120143.0
1755	118780.0	119512.0
1756	119158.0	119968.0
1757	118712.0	119956.0
1758	119452.0	119761.0
1759	119027.0	119266.0
1760	118548.0	120507.0
1761	118744.0	120174.0
1762	118731.0	119777.0
1763	119549.0	120054.0
1764	119152.0	120044.0
1765	118679.0	119697.0
1766	119230.0	119783.0
1767	119245.0	120126.0
1768	118563.0	119495.0
1769	119013.0	120107.0
1770	119456.0	120128.0
1771	118703.0	119855.0
1772	118609.0	119888.0
1773	118745.0	119779.0
1774	119101.0	119787.0
1775	118553.0	119496.0
1776	118560.0	120093.0
1777	118562.0	119478.0
1778	118611.0	119953.0
1779	119200.0	119937.0
1780	119053.0	119744.0
1781	118818.0	120314.0
1782	118121.0	119589.0
1783	118375.0	119478.0
1784	118487.0	120215.0
1785	118872.0	119989.0
1786	119076.0	119894.0
1787	119359.0	119619.0
1788	118546.0	119597.0
1789	118669.0	119766.0
1790	118516.0	119899.0
1791	119371.0	119844.0
1792	118666.0	119934.0
1793	118470.0	120147.0
1794	118355.0	120244.0
1795	118411.0	119519.0
1796	118385.0	119519.0
1797	119209.0	119879.0
1798	118693.0	119913.0
1799	118741.0	119258.0
1800	118879.0	120170.0
1801	118262.0	120099.0
1802	118665.0	120037.0
1803	118568.0	119574.0
1804	118859.0	119533.0
1805	118778.0	119896.0
1806	119113.0	119890.0
1807	119006.0	119593.0
1808	118988.0	120067.0
1809	118586.0	119885.0
1810	118504.0	119387.0
1811	118215.0	119803.0
1812	118268.0	119926.0
1813	117898.0	119930.0
1814	118019.0	119520.0
1815	118474.0	120279.0
1816	118696.0	120215.0
1817	118018.0	119715.0
1818	118265.0	119929.0
1819	118186.0	119440.0
1820	117999.0	119697.0
1821	118700.0	119221.0
1822	118708.0	120180.0
1823	118477.0	119910.0
1824	118261.0	119475.0
1825	118045.0	119985.0
1826	117889.0	119800.0
1827	118876.0	120366.0
1828	118156.0	119845.0
1829	117845.0	119627.0
1830	118653.0	119518.0
1831	118361.0	119663.0
1832	118787.0	119523.0
1833	118797.0	119700.0
1834	117965.0	119643.0
1835	118132.0	119894.0
1836	118551.0	118899.0
1837	118282.0	119502.0
1838	117856.0	119539.0
1839	118162.0	119606.0
1840	118337.0	120081.0
1841	118997.0	120328.0
1842	118741.0	119609.0
1843	118847.0	119526.0
1844	118492.0	119475.0
1845	118404.0	119214.0
1846	117951.0	119509.0
1847	118260.0	119931.0
1848	118699.0	119697.0
1849	118317.0	119682.0
1850	118306.0	119743.0
1851	118567.0	119525.0
1852	118748.0	119637.0
1853	117908.0	119207.0
1854	118271.0	119614.0
1855	118440.0	119958.0
1856	118191.0	119713.0
1857	118047.0	119950.0
1858	118238.0	119439.0
1859	118442.0	119939.0
1860	118411.0	119640.0
1861	118166.0	119027.0
1862	118073.0	119612.0
1863	118090.0	119736.0
1864	117943.0	119738.0
1865	118313.0	119627.0
1866	118089.0	119342.0
1867	118349.0	119482.0
1868	118259.0	119388.0
1869	118468.0	119334.0
1870	117882.0	119894.0
1871	118256.0	119429.0
1872	118405.0	119713.0
1873	118144.0	119942.0
1874	118105.0	119516.0
1875	118662.0	119537.0
1876	118493.0	119160.0
1877	118065.0	119809.0
1878	118291.0	119673.0
1879	118091.0	119544.0
1880	118332.0	119082.0
1881	118883.0	119261.0
1882	117799.0	119129.0
1883	118198.0	119563.0
1884	118760.0	119275.0
1885	118718.0	119729.0
1886	118624.0	119373.0
1887	118163.0	119090.0
1888	118474.0	119430.0
1889	118221.0	119577.0
1890	118200.0	119452.0
1891	118396.0	118703.0
1892	118299.0	118759.0
1893	118680.0	119285.0
1894	118250.0	119644.0
1895	118191.0	119644.0
1896	117962.0	119121.0
1897	117728.0	119465.0
1898	117746.0	119351.0
1899	117812.0	119486.0
1900	117899.0	119379.0
1901	118109.0	119365.0
1902	118340.0	119748.0
1903	118151.0	119203.0
1904	118277.0	119265.0
1905	117996.0	118328.0
1906	117678.0	119000.0
1907	117538.0	119149.0
1908	118282.0	119120.0
1909	118039.0	119353.0
1910	117841.0	119490.0
1911	118376.0	118602.0
1912	118064.0	119016.0
1913	118291.0	119941.0
1914	118437.0	118862.0
1915	118333.0	119110.0
1916	117683.0	119152.0
1917	118431.0	119174.0
1918	118104.0	118618.0
1919	118409.0	119425.0
1920	117570.0	119178.0
1921	118370.0	118847.0
1922	117814.0	118748.0
1923	117678.0	119243.0
1924	117788.0	118805.0
1925	116985.0	118961.0
1926	117783.0	119031.0
1927	117688.0	118617.0
1928	118025.0	118496.0
1929	118437.0	118709.0
1930	118104.0	119013.0
1931	118115.0	118494.0
1932	117691.0	118332.0
1933	117839.0	118717.0
1934	117063.0	119059.0
1935	117428.0	118828.0
1936	117398.0	119135.0
1937	117855.0	118973.0
1938	117820.0	118531.0
1939	117198.0	118616.0
1940	118138.0	119109.0
1941	117434.0	118766.0
1942	117426.0	118756.0
1943	117532.0	119402.0
1944	117798.0	118898.0
1945	117628.0	118612.0
1946	117322.0	119040.0
1947	117649.0	118493.0
1948	118236.0	118403.0
1949	117674.0	118964.0
1950	117546.0	118500.0
1951	117627.0	118861.0
1952	117744.0	118711.0
1953	117879.0	118606.0
1954	118022.0	118555.0
1955	117791.0	118524.0
1956	117243.0	118889.0
1957	117349.0	118615.0
1958	117669.0	118941.0
1959	117272.0	118203.0
1960	117603.0	118726.0
1961	117533.0	118666.0
1962	117923.0	118601.0
1963	117547.0	118864.0
1964	117346.0	118877.0
1965	116887.0	118861.0
1966	117781.0	118459.0
1967	117410.0	118726.0
1968	117212.0	117876.0
1969	117436.0	118632.0
1970	117832.0	119373.0
1971	117667.0	118410.0
1972	117615.0	118668.0
1973	117639.0	118586.0
1974	117661.0	119020.0
1975	117317.0	118445.0
1976	117489.0	118777.0
1977	117645.0	118365.0
1978	117172.0	118163.0
1979	117295.0	118159.0
1980	117683.0	118498.0
1981	117396.0	118436.0
1982	117435.0	118847.0
1983	117464.0	119683.0
1984	117746.0	118354.0
1985	117481.0	118044.0
1986	117646.0	118534.0
1987	117617.0	118421.0
1988	117636.0	118730.0
1989	117651.0	118857.0
1990	117747.0	118532.0
1991	117411.0	118244.0
1992	117486.0	118442.0
1993	117077.0	118804.0
1994	117606.0	118284.0
1995	117458.0	119132.0
1996	117086.0	118371.0
1997	117312.0	118333.0
1998	117736.0	117868.0
1999	117064.0	118371.0
