Distance in bp(Fragment Length Estimate: 132)(Peak Width Estimate: 132)	Same Strand (+ for Watson strand, - for Crick)	Opposite Strand
-2000	123101.0	122360.0
-1999	122619.0	122606.0
-1998	122807.0	122606.0
-1997	123119.0	122635.0
-1996	123433.0	122790.0
-1995	123220.0	122931.0
-1994	122883.0	123258.0
-1993	123160.0	122206.0
-1992	122654.0	122610.0
-1991	122596.0	123069.0
-1990	123092.0	122436.0
-1989	122464.0	122384.0
-1988	122832.0	122804.0
-1987	122877.0	122566.0
-1986	123385.0	122923.0
-1985	123072.0	122497.0
-1984	122938.0	122749.0
-1983	123311.0	123110.0
-1982	122858.0	122198.0
-1981	122770.0	122402.0
-1980	122893.0	122329.0
-1979	123114.0	122482.0
-1978	122868.0	122274.0
-1977	123304.0	122338.0
-1976	123567.0	122516.0
-1975	122617.0	122813.0
-1974	122976.0	122598.0
-1973	122523.0	122563.0
-1972	123279.0	122231.0
-1971	123057.0	122436.0
-1970	122442.0	122580.0
-1969	122323.0	122749.0
-1968	123117.0	122823.0
-1967	122857.0	122633.0
-1966	122557.0	122749.0
-1965	122823.0	123446.0
-1964	123221.0	122737.0
-1963	122687.0	122940.0
-1962	122524.0	122611.0
-1961	123078.0	122391.0
-1960	123058.0	122941.0
-1959	122571.0	122117.0
-1958	122705.0	123500.0
-1957	121871.0	122998.0
-1956	122923.0	123005.0
-1955	123154.0	123552.0
-1954	122747.0	122743.0
-1953	123267.0	122580.0
-1952	123115.0	122765.0
-1951	122734.0	123071.0
-1950	123010.0	122545.0
-1949	122292.0	123109.0
-1948	123305.0	122894.0
-1947	122728.0	122452.0
-1946	122547.0	122583.0
-1945	122877.0	123339.0
-1944	122776.0	122733.0
-1943	123179.0	122607.0
-1942	123911.0	123729.0
-1941	122705.0	122716.0
-1940	122929.0	122821.0
-1939	123029.0	123060.0
-1938	123478.0	123363.0
-1937	123438.0	122998.0
-1936	122888.0	123141.0
-1935	123046.0	122638.0
-1934	123053.0	123100.0
-1933	123213.0	122783.0
-1932	123164.0	122808.0
-1931	123218.0	122918.0
-1930	122577.0	122663.0
-1929	122957.0	123095.0
-1928	122721.0	122749.0
-1927	123404.0	122891.0
-1926	123083.0	122315.0
-1925	123326.0	122666.0
-1924	122967.0	122697.0
-1923	122519.0	122804.0
-1922	122811.0	123074.0
-1921	122914.0	122761.0
-1920	123059.0	123084.0
-1919	122982.0	123022.0
-1918	123058.0	123328.0
-1917	123370.0	122963.0
-1916	123054.0	122506.0
-1915	123055.0	123184.0
-1914	122750.0	123374.0
-1913	122469.0	122683.0
-1912	122852.0	123430.0
-1911	123045.0	123526.0
-1910	123107.0	122592.0
-1909	123185.0	123012.0
-1908	123738.0	123302.0
-1907	122972.0	123445.0
-1906	122627.0	123065.0
-1905	122865.0	122558.0
-1904	123072.0	122885.0
-1903	122749.0	122874.0
-1902	124521.0	122893.0
-1901	122589.0	123101.0
-1900	123416.0	122975.0
-1899	123235.0	122772.0
-1898	122959.0	122490.0
-1897	123052.0	123045.0
-1896	123321.0	122710.0
-1895	123528.0	122219.0
-1894	123352.0	122736.0
-1893	123246.0	123263.0
-1892	123543.0	122531.0
-1891	123375.0	122898.0
-1890	123688.0	123036.0
-1889	123358.0	122696.0
-1888	123033.0	122617.0
-1887	123088.0	123642.0
-1886	123002.0	122378.0
-1885	123070.0	122849.0
-1884	123049.0	123094.0
-1883	123755.0	122777.0
-1882	123089.0	123499.0
-1881	123128.0	122855.0
-1880	122767.0	123500.0
-1879	122788.0	122944.0
-1878	122883.0	123431.0
-1877	122963.0	123054.0
-1876	122966.0	123157.0
-1875	123564.0	122473.0
-1874	122743.0	123015.0
-1873	123233.0	123016.0
-1872	122638.0	122523.0
-1871	123125.0	122258.0
-1870	123531.0	123263.0
-1869	123628.0	123114.0
-1868	123475.0	123267.0
-1867	123048.0	122833.0
-1866	123751.0	123040.0
-1865	123198.0	122659.0
-1864	123200.0	123081.0
-1863	123417.0	122965.0
-1862	122852.0	123186.0
-1861	122914.0	122610.0
-1860	123231.0	123333.0
-1859	123087.0	122747.0
-1858	123668.0	123138.0
-1857	122812.0	123245.0
-1856	123075.0	122304.0
-1855	123252.0	122773.0
-1854	123379.0	123619.0
-1853	123013.0	123132.0
-1852	123577.0	122938.0
-1851	123124.0	122999.0
-1850	122626.0	123069.0
-1849	123176.0	123025.0
-1848	122927.0	123004.0
-1847	123156.0	122604.0
-1846	123661.0	123078.0
-1845	122875.0	122620.0
-1844	122571.0	123267.0
-1843	123425.0	123556.0
-1842	123480.0	122860.0
-1841	122989.0	122445.0
-1840	123124.0	122829.0
-1839	122867.0	123219.0
-1838	122709.0	123190.0
-1837	123332.0	123169.0
-1836	122917.0	123036.0
-1835	123466.0	122971.0
-1834	122749.0	123329.0
-1833	123404.0	123194.0
-1832	122839.0	123306.0
-1831	122966.0	122761.0
-1830	123188.0	123133.0
-1829	123730.0	122295.0
-1828	123297.0	122549.0
-1827	123261.0	123017.0
-1826	123058.0	122537.0
-1825	123172.0	122999.0
-1824	123782.0	122836.0
-1823	123060.0	122898.0
-1822	122715.0	122856.0
-1821	123602.0	122994.0
-1820	123467.0	122653.0
-1819	123537.0	123189.0
-1818	123320.0	123390.0
-1817	123305.0	122447.0
-1816	123005.0	123000.0
-1815	123548.0	122667.0
-1814	123335.0	123462.0
-1813	123232.0	123182.0
-1812	123644.0	122830.0
-1811	122377.0	122775.0
-1810	123308.0	122576.0
-1809	123086.0	122928.0
-1808	122998.0	122788.0
-1807	122988.0	122726.0
-1806	123133.0	122917.0
-1805	123589.0	122621.0
-1804	122879.0	122614.0
-1803	123423.0	123073.0
-1802	122438.0	122962.0
-1801	122428.0	122817.0
-1800	123617.0	123296.0
-1799	123204.0	122645.0
-1798	123338.0	123178.0
-1797	123545.0	122756.0
-1796	123007.0	123099.0
-1795	123173.0	122835.0
-1794	123189.0	123086.0
-1793	122856.0	123093.0
-1792	122962.0	123468.0
-1791	123334.0	122692.0
-1790	123016.0	122941.0
-1789	123308.0	123279.0
-1788	123369.0	122563.0
-1787	123243.0	122888.0
-1786	123332.0	123383.0
-1785	123730.0	122828.0
-1784	122856.0	123132.0
-1783	122990.0	123366.0
-1782	123031.0	123114.0
-1781	123369.0	122893.0
-1780	122989.0	123242.0
-1779	123003.0	123165.0
-1778	122775.0	123161.0
-1777	122905.0	123280.0
-1776	122990.0	122453.0
-1775	123406.0	123274.0
-1774	123387.0	123520.0
-1773	123085.0	122925.0
-1772	123778.0	122999.0
-1771	124144.0	123847.0
-1770	123295.0	123402.0
-1769	122830.0	123001.0
-1768	123108.0	123035.0
-1767	123031.0	122789.0
-1766	123112.0	123702.0
-1765	123478.0	123499.0
-1764	122894.0	123164.0
-1763	123566.0	123397.0
-1762	123289.0	123597.0
-1761	122912.0	123280.0
-1760	122904.0	122886.0
-1759	122948.0	123138.0
-1758	123108.0	123134.0
-1757	123583.0	123459.0
-1756	122953.0	123099.0
-1755	123586.0	123566.0
-1754	122995.0	123283.0
-1753	123392.0	123825.0
-1752	123552.0	123055.0
-1751	123096.0	122978.0
-1750	123193.0	123142.0
-1749	122911.0	123336.0
-1748	123151.0	123943.0
-1747	123442.0	123146.0
-1746	123316.0	122912.0
-1745	123528.0	123580.0
-1744	123675.0	123492.0
-1743	123241.0	122502.0
-1742	123218.0	122986.0
-1741	123583.0	123586.0
-1740	123415.0	123955.0
-1739	123193.0	123360.0
-1738	123127.0	123234.0
-1737	122989.0	122948.0
-1736	123957.0	123293.0
-1735	123979.0	123871.0
-1734	123253.0	123639.0
-1733	122788.0	123606.0
-1732	123181.0	123370.0
-1731	123782.0	123719.0
-1730	123357.0	123301.0
-1729	123413.0	123838.0
-1728	123787.0	123701.0
-1727	123169.0	123092.0
-1726	123753.0	122796.0
-1725	123769.0	123465.0
-1724	123429.0	122586.0
-1723	123079.0	123266.0
-1722	123461.0	122991.0
-1721	123365.0	123385.0
-1720	123600.0	123028.0
-1719	123922.0	123606.0
-1718	123372.0	123572.0
-1717	123261.0	123313.0
-1716	123407.0	123384.0
-1715	123347.0	122989.0
-1714	123290.0	123642.0
-1713	123934.0	123445.0
-1712	124054.0	123271.0
-1711	123612.0	122873.0
-1710	123029.0	123219.0
-1709	123773.0	122844.0
-1708	123804.0	123565.0
-1707	123306.0	123578.0
-1706	123042.0	123290.0
-1705	123356.0	123268.0
-1704	123585.0	123486.0
-1703	123733.0	123622.0
-1702	123659.0	123008.0
-1701	123747.0	123238.0
-1700	123003.0	122998.0
-1699	123473.0	123707.0
-1698	123034.0	122908.0
-1697	123948.0	123477.0
-1696	123918.0	123357.0
-1695	123460.0	123501.0
-1694	124205.0	123133.0
-1693	123686.0	123583.0
-1692	123831.0	123566.0
-1691	123124.0	123395.0
-1690	123451.0	123782.0
-1689	123450.0	122682.0
-1688	122959.0	122481.0
-1687	123852.0	122823.0
-1686	123317.0	122658.0
-1685	123575.0	122753.0
-1684	123943.0	123125.0
-1683	123702.0	122620.0
-1682	123600.0	123299.0
-1681	123491.0	122744.0
-1680	123854.0	123886.0
-1679	123449.0	123170.0
-1678	123369.0	123540.0
-1677	123935.0	123036.0
-1676	123580.0	123226.0
-1675	123480.0	124060.0
-1674	123018.0	123523.0
-1673	123503.0	123415.0
-1672	123622.0	123260.0
-1671	123488.0	122338.0
-1670	123616.0	122760.0
-1669	123648.0	122810.0
-1668	123861.0	123461.0
-1667	123822.0	122777.0
-1666	124166.0	123069.0
-1665	123033.0	122813.0
-1664	122899.0	122679.0
-1663	123020.0	123106.0
-1662	123577.0	123114.0
-1661	123658.0	123453.0
-1660	123710.0	122811.0
-1659	123113.0	122963.0
-1658	123504.0	123127.0
-1657	123216.0	122842.0
-1656	123821.0	122654.0
-1655	123383.0	122982.0
-1654	123474.0	122794.0
-1653	122974.0	123972.0
-1652	122645.0	123347.0
-1651	122997.0	123415.0
-1650	123938.0	123197.0
-1649	123107.0	122830.0
-1648	122913.0	122802.0
-1647	122896.0	123502.0
-1646	123329.0	122986.0
-1645	123320.0	123145.0
-1644	123603.0	122476.0
-1643	123021.0	123028.0
-1642	123446.0	123310.0
-1641	123587.0	122997.0
-1640	123102.0	123032.0
-1639	124256.0	123642.0
-1638	123952.0	123870.0
-1637	123165.0	123091.0
-1636	123699.0	122699.0
-1635	122945.0	122783.0
-1634	123253.0	122772.0
-1633	123134.0	123058.0
-1632	122863.0	123412.0
-1631	123675.0	123467.0
-1630	123090.0	123040.0
-1629	123366.0	123255.0
-1628	123038.0	123348.0
-1627	123269.0	123234.0
-1626	124103.0	122956.0
-1625	123547.0	123212.0
-1624	123526.0	122943.0
-1623	122994.0	123357.0
-1622	123363.0	123696.0
-1621	123409.0	123542.0
-1620	122832.0	123241.0
-1619	123309.0	123355.0
-1618	123881.0	123961.0
-1617	123483.0	123302.0
-1616	123175.0	122953.0
-1615	123440.0	123239.0
-1614	123015.0	123585.0
-1613	123578.0	122739.0
-1612	123703.0	123211.0
-1611	123233.0	123476.0
-1610	123458.0	123081.0
-1609	123609.0	123048.0
-1608	122692.0	123360.0
-1607	123708.0	123161.0
-1606	123283.0	123804.0
-1605	123315.0	122976.0
-1604	122522.0	123475.0
-1603	123042.0	123369.0
-1602	123147.0	123726.0
-1601	123590.0	123047.0
-1600	123197.0	123788.0
-1599	123240.0	123617.0
-1598	123355.0	123281.0
-1597	123359.0	123806.0
-1596	123214.0	123450.0
-1595	122751.0	123458.0
-1594	123158.0	123697.0
-1593	123377.0	124171.0
-1592	122768.0	123056.0
-1591	123401.0	122889.0
-1590	123761.0	123245.0
-1589	122891.0	123461.0
-1588	123458.0	123050.0
-1587	123429.0	123588.0
-1586	124002.0	123131.0
-1585	123486.0	123802.0
-1584	123244.0	123445.0
-1583	123603.0	123167.0
-1582	123322.0	123521.0
-1581	123503.0	123891.0
-1580	122988.0	123344.0
-1579	123527.0	122859.0
-1578	123661.0	123535.0
-1577	123668.0	123288.0
-1576	123288.0	123425.0
-1575	123010.0	124006.0
-1574	123359.0	123040.0
-1573	122776.0	123639.0
-1572	123522.0	123309.0
-1571	123072.0	123176.0
-1570	123292.0	123787.0
-1569	123433.0	123766.0
-1568	123238.0	123267.0
-1567	123108.0	123598.0
-1566	123576.0	123782.0
-1565	122978.0	123515.0
-1564	123635.0	123959.0
-1563	123351.0	123815.0
-1562	123112.0	123223.0
-1561	123361.0	123461.0
-1560	122589.0	123637.0
-1559	123170.0	123710.0
-1558	123435.0	124499.0
-1557	124181.0	122966.0
-1556	123693.0	123363.0
-1555	124161.0	123089.0
-1554	123781.0	123933.0
-1553	123779.0	123502.0
-1552	123221.0	123281.0
-1551	122808.0	123741.0
-1550	123149.0	122767.0
-1549	123356.0	123521.0
-1548	123758.0	123335.0
-1547	123100.0	123767.0
-1546	123032.0	123460.0
-1545	123566.0	123809.0
-1544	123811.0	123613.0
-1543	123271.0	123684.0
-1542	124458.0	123814.0
-1541	123727.0	123332.0
-1540	123487.0	123524.0
-1539	124160.0	124101.0
-1538	123803.0	122937.0
-1537	123432.0	123932.0
-1536	123681.0	123787.0
-1535	123950.0	123453.0
-1534	123374.0	123394.0
-1533	124200.0	123497.0
-1532	123257.0	123104.0
-1531	123384.0	122749.0
-1530	123857.0	123850.0
-1529	123718.0	123272.0
-1528	123786.0	123213.0
-1527	124218.0	123215.0
-1526	123844.0	123005.0
-1525	123859.0	124334.0
-1524	123670.0	123831.0
-1523	123498.0	123954.0
-1522	124063.0	123306.0
-1521	123844.0	123032.0
-1520	123752.0	123419.0
-1519	124039.0	122752.0
-1518	123558.0	123470.0
-1517	124114.0	124039.0
-1516	124000.0	123378.0
-1515	123839.0	123992.0
-1514	123838.0	124142.0
-1513	123718.0	124190.0
-1512	124680.0	123277.0
-1511	123756.0	123435.0
-1510	124052.0	124278.0
-1509	124133.0	123487.0
-1508	123873.0	123551.0
-1507	123344.0	123426.0
-1506	124083.0	123614.0
-1505	123550.0	124028.0
-1504	123200.0	123247.0
-1503	124006.0	123857.0
-1502	124047.0	122849.0
-1501	123729.0	123502.0
-1500	124371.0	123437.0
-1499	123362.0	123908.0
-1498	124762.0	123245.0
-1497	124115.0	123726.0
-1496	123442.0	123272.0
-1495	123350.0	123566.0
-1494	123833.0	123509.0
-1493	123491.0	123929.0
-1492	123723.0	123082.0
-1491	123303.0	123228.0
-1490	123678.0	123030.0
-1489	123707.0	122968.0
-1488	124006.0	123440.0
-1487	123282.0	123568.0
-1486	123579.0	123881.0
-1485	124383.0	123485.0
-1484	123815.0	123502.0
-1483	124197.0	123837.0
-1482	123712.0	123116.0
-1481	123458.0	123238.0
-1480	123488.0	123277.0
-1479	124234.0	123230.0
-1478	124264.0	123007.0
-1477	124708.0	123165.0
-1476	124787.0	122934.0
-1475	123738.0	122918.0
-1474	124398.0	123130.0
-1473	124195.0	123788.0
-1472	123594.0	123277.0
-1471	124359.0	122831.0
-1470	123332.0	123696.0
-1469	123599.0	123258.0
-1468	123976.0	122797.0
-1467	123770.0	123726.0
-1466	123615.0	123666.0
-1465	123586.0	123466.0
-1464	124104.0	123289.0
-1463	123461.0	123389.0
-1462	123733.0	123094.0
-1461	123717.0	122796.0
-1460	124204.0	123431.0
-1459	123636.0	122959.0
-1458	123713.0	123887.0
-1457	123913.0	123734.0
-1456	123356.0	123858.0
-1455	124065.0	123438.0
-1454	123741.0	122824.0
-1453	124180.0	123662.0
-1452	123701.0	123802.0
-1451	123723.0	122836.0
-1450	123981.0	123774.0
-1449	124372.0	123268.0
-1448	123797.0	123588.0
-1447	123383.0	123428.0
-1446	123571.0	122849.0
-1445	123803.0	123121.0
-1444	123515.0	123266.0
-1443	124328.0	123855.0
-1442	123795.0	123155.0
-1441	123715.0	123318.0
-1440	123469.0	123279.0
-1439	123540.0	123935.0
-1438	123535.0	122980.0
-1437	123647.0	123291.0
-1436	123420.0	123416.0
-1435	123715.0	123938.0
-1434	123373.0	124052.0
-1433	124208.0	124152.0
-1432	123833.0	123675.0
-1431	123841.0	123402.0
-1430	123068.0	123223.0
-1429	124148.0	123210.0
-1428	124132.0	123718.0
-1427	124048.0	123694.0
-1426	123704.0	123716.0
-1425	124369.0	123372.0
-1424	122977.0	123269.0
-1423	123510.0	123602.0
-1422	123526.0	123391.0
-1421	123846.0	123522.0
-1420	122957.0	123584.0
-1419	123173.0	123174.0
-1418	123083.0	123641.0
-1417	124007.0	123188.0
-1416	124027.0	123579.0
-1415	123630.0	123271.0
-1414	123306.0	123016.0
-1413	123894.0	123214.0
-1412	123428.0	123291.0
-1411	123963.0	123641.0
-1410	124413.0	123626.0
-1409	123465.0	123369.0
-1408	123428.0	124076.0
-1407	123243.0	123576.0
-1406	123653.0	123656.0
-1405	124010.0	123239.0
-1404	124113.0	123991.0
-1403	123670.0	123129.0
-1402	124071.0	124132.0
-1401	123476.0	124193.0
-1400	123808.0	123726.0
-1399	124086.0	123163.0
-1398	123384.0	124029.0
-1397	123478.0	123468.0
-1396	124337.0	123544.0
-1395	123653.0	122894.0
-1394	123515.0	123495.0
-1393	123290.0	123473.0
-1392	123336.0	123039.0
-1391	123423.0	123684.0
-1390	123771.0	123408.0
-1389	124045.0	123794.0
-1388	123824.0	123633.0
-1387	123527.0	123633.0
-1386	123179.0	123879.0
-1385	123135.0	123337.0
-1384	123097.0	123490.0
-1383	123564.0	123416.0
-1382	123415.0	123386.0
-1381	123953.0	123807.0
-1380	123559.0	123999.0
-1379	123421.0	123556.0
-1378	124553.0	124049.0
-1377	124141.0	123912.0
-1376	123906.0	123653.0
-1375	123866.0	123350.0
-1374	123888.0	124182.0
-1373	123926.0	123762.0
-1372	123818.0	124000.0
-1371	123976.0	123721.0
-1370	123102.0	123679.0
-1369	123849.0	124110.0
-1368	123551.0	123630.0
-1367	123439.0	123740.0
-1366	123237.0	123735.0
-1365	124224.0	123750.0
-1364	124545.0	124165.0
-1363	123510.0	124287.0
-1362	124339.0	124070.0
-1361	123800.0	123775.0
-1360	123813.0	124293.0
-1359	123775.0	123680.0
-1358	124145.0	123693.0
-1357	123682.0	123278.0
-1356	123704.0	123976.0
-1355	123806.0	123853.0
-1354	123953.0	124549.0
-1353	124277.0	123855.0
-1352	124127.0	123533.0
-1351	124216.0	123630.0
-1350	123949.0	124396.0
-1349	123803.0	123717.0
-1348	124274.0	123743.0
-1347	123955.0	123814.0
-1346	124284.0	123436.0
-1345	124413.0	124038.0
-1344	123979.0	123752.0
-1343	123774.0	124150.0
-1342	123972.0	124317.0
-1341	123682.0	123431.0
-1340	124255.0	123418.0
-1339	124276.0	124287.0
-1338	124206.0	123451.0
-1337	123980.0	123632.0
-1336	124040.0	123860.0
-1335	124151.0	123888.0
-1334	123909.0	123899.0
-1333	123663.0	123613.0
-1332	124140.0	123650.0
-1331	124110.0	123501.0
-1330	123691.0	124027.0
-1329	124305.0	124022.0
-1328	124332.0	123498.0
-1327	124394.0	123639.0
-1326	124219.0	124374.0
-1325	124308.0	123119.0
-1324	124726.0	123805.0
-1323	124673.0	123674.0
-1322	124448.0	123247.0
-1321	123478.0	123705.0
-1320	124000.0	123806.0
-1319	124664.0	123770.0
-1318	123773.0	123316.0
-1317	123523.0	123294.0
-1316	123521.0	123713.0
-1315	123571.0	123448.0
-1314	124402.0	123586.0
-1313	123583.0	123878.0
-1312	124200.0	123492.0
-1311	124254.0	123211.0
-1310	124210.0	123981.0
-1309	124307.0	123990.0
-1308	124136.0	124439.0
-1307	124442.0	123667.0
-1306	124335.0	124028.0
-1305	124546.0	123455.0
-1304	124786.0	122707.0
-1303	124709.0	123705.0
-1302	124292.0	123198.0
-1301	124380.0	123491.0
-1300	124633.0	123637.0
-1299	124427.0	123272.0
-1298	123722.0	123716.0
-1297	124363.0	124018.0
-1296	124419.0	123719.0
-1295	124221.0	123765.0
-1294	124072.0	123851.0
-1293	124092.0	123410.0
-1292	123860.0	123494.0
-1291	124202.0	124184.0
-1290	124372.0	123640.0
-1289	123773.0	123056.0
-1288	124184.0	124243.0
-1287	123644.0	123992.0
-1286	123776.0	123473.0
-1285	123749.0	124035.0
-1284	124062.0	123642.0
-1283	124297.0	124129.0
-1282	123678.0	123494.0
-1281	123978.0	123921.0
-1280	123233.0	123360.0
-1279	123777.0	123873.0
-1278	124402.0	123548.0
-1277	123930.0	123117.0
-1276	124729.0	123611.0
-1275	124343.0	123477.0
-1274	124392.0	123353.0
-1273	123990.0	123987.0
-1272	124222.0	123216.0
-1271	123597.0	123254.0
-1270	123718.0	123284.0
-1269	123444.0	123159.0
-1268	123826.0	123153.0
-1267	123528.0	123290.0
-1266	123243.0	123363.0
-1265	124109.0	123261.0
-1264	123764.0	123387.0
-1263	122833.0	123716.0
-1262	123312.0	123831.0
-1261	123740.0	123077.0
-1260	123799.0	123664.0
-1259	123401.0	123079.0
-1258	124261.0	123542.0
-1257	123635.0	123867.0
-1256	123275.0	123339.0
-1255	124256.0	123821.0
-1254	123519.0	123245.0
-1253	124339.0	123589.0
-1252	123886.0	123599.0
-1251	124400.0	123895.0
-1250	123960.0	123581.0
-1249	123859.0	123279.0
-1248	124079.0	123732.0
-1247	123646.0	123731.0
-1246	123979.0	123160.0
-1245	123761.0	123812.0
-1244	123559.0	124383.0
-1243	123751.0	123512.0
-1242	123762.0	123190.0
-1241	123813.0	123666.0
-1240	123819.0	123331.0
-1239	124241.0	123294.0
-1238	123942.0	123394.0
-1237	123533.0	123813.0
-1236	124385.0	124112.0
-1235	123213.0	123400.0
-1234	123686.0	124252.0
-1233	124057.0	123814.0
-1232	123518.0	123170.0
-1231	123233.0	123546.0
-1230	124426.0	123652.0
-1229	123562.0	123893.0
-1228	123507.0	123954.0
-1227	123871.0	124148.0
-1226	124028.0	124781.0
-1225	124449.0	123965.0
-1224	123590.0	124192.0
-1223	124158.0	123775.0
-1222	123690.0	124113.0
-1221	123780.0	124167.0
-1220	123911.0	124035.0
-1219	123739.0	124404.0
-1218	125014.0	124355.0
-1217	124286.0	123792.0
-1216	124015.0	123739.0
-1215	123436.0	123665.0
-1214	123971.0	123997.0
-1213	123803.0	124134.0
-1212	123706.0	123369.0
-1211	123387.0	123784.0
-1210	123337.0	124698.0
-1209	124238.0	123809.0
-1208	124199.0	123788.0
-1207	123335.0	123694.0
-1206	123799.0	124135.0
-1205	123583.0	124566.0
-1204	123330.0	123976.0
-1203	123068.0	124205.0
-1202	123742.0	123942.0
-1201	123806.0	124258.0
-1200	124191.0	124373.0
-1199	123928.0	123571.0
-1198	124254.0	123647.0
-1197	124341.0	124458.0
-1196	124194.0	124299.0
-1195	123705.0	124468.0
-1194	124786.0	123876.0
-1193	123898.0	124490.0
-1192	123392.0	124424.0
-1191	124143.0	124362.0
-1190	124540.0	124622.0
-1189	124008.0	124006.0
-1188	124123.0	124355.0
-1187	123576.0	124283.0
-1186	123899.0	124229.0
-1185	124239.0	123851.0
-1184	124295.0	124301.0
-1183	124611.0	123444.0
-1182	124054.0	124149.0
-1181	124056.0	123574.0
-1180	124005.0	123599.0
-1179	124809.0	123508.0
-1178	123843.0	123996.0
-1177	124229.0	124186.0
-1176	124693.0	124046.0
-1175	123904.0	123816.0
-1174	123872.0	124027.0
-1173	124542.0	124615.0
-1172	124307.0	124685.0
-1171	124438.0	124129.0
-1170	124041.0	124607.0
-1169	124798.0	123917.0
-1168	124910.0	123589.0
-1167	124461.0	124105.0
-1166	124696.0	124202.0
-1165	124786.0	123788.0
-1164	124417.0	124001.0
-1163	124175.0	123817.0
-1162	124229.0	124413.0
-1161	124283.0	124231.0
-1160	124327.0	124280.0
-1159	124250.0	123620.0
-1158	124581.0	123791.0
-1157	124282.0	123796.0
-1156	124796.0	123958.0
-1155	124815.0	124237.0
-1154	124089.0	123779.0
-1153	124587.0	124082.0
-1152	125203.0	124351.0
-1151	124880.0	124748.0
-1150	124918.0	123852.0
-1149	125062.0	123597.0
-1148	124227.0	123973.0
-1147	124535.0	123646.0
-1146	123944.0	124069.0
-1145	123774.0	124766.0
-1144	124364.0	124325.0
-1143	124677.0	124331.0
-1142	124693.0	123505.0
-1141	124411.0	124308.0
-1140	124567.0	124919.0
-1139	124939.0	123802.0
-1138	124537.0	124415.0
-1137	124533.0	123901.0
-1136	124198.0	123878.0
-1135	125181.0	124328.0
-1134	124684.0	124227.0
-1133	124753.0	123723.0
-1132	124668.0	124697.0
-1131	125141.0	123804.0
-1130	124546.0	124511.0
-1129	124289.0	123605.0
-1128	124427.0	124315.0
-1127	125030.0	123610.0
-1126	125241.0	123608.0
-1125	125291.0	123869.0
-1124	124862.0	123636.0
-1123	124357.0	123913.0
-1122	124719.0	123740.0
-1121	124605.0	123539.0
-1120	124336.0	124374.0
-1119	124636.0	124008.0
-1118	124541.0	123671.0
-1117	124687.0	123987.0
-1116	124772.0	124291.0
-1115	124270.0	123671.0
-1114	124547.0	123624.0
-1113	124508.0	123584.0
-1112	124415.0	123588.0
-1111	124224.0	124146.0
-1110	125040.0	123815.0
-1109	124661.0	123431.0
-1108	124623.0	123886.0
-1107	125153.0	123328.0
-1106	124660.0	123708.0
-1105	124764.0	123924.0
-1104	124810.0	123886.0
-1103	124279.0	123857.0
-1102	124699.0	123584.0
-1101	124348.0	123651.0
-1100	125275.0	123606.0
-1099	124491.0	123596.0
-1098	124904.0	123854.0
-1097	124607.0	123242.0
-1096	124348.0	124042.0
-1095	124616.0	124486.0
-1094	124191.0	123672.0
-1093	124741.0	124327.0
-1092	124711.0	123451.0
-1091	124599.0	123922.0
-1090	124360.0	123805.0
-1089	124667.0	123469.0
-1088	124583.0	123901.0
-1087	125312.0	123481.0
-1086	124583.0	124386.0
-1085	124041.0	124098.0
-1084	124468.0	123982.0
-1083	124156.0	123302.0
-1082	124479.0	124011.0
-1081	124181.0	124348.0
-1080	124865.0	123625.0
-1079	124095.0	123635.0
-1078	124847.0	124021.0
-1077	124438.0	123901.0
-1076	124266.0	123874.0
-1075	123807.0	124119.0
-1074	124947.0	123532.0
-1073	124273.0	123406.0
-1072	123887.0	123962.0
-1071	124207.0	123476.0
-1070	124415.0	123880.0
-1069	125142.0	123540.0
-1068	124724.0	123970.0
-1067	124027.0	123566.0
-1066	123680.0	124185.0
-1065	125049.0	124023.0
-1064	124095.0	124016.0
-1063	124255.0	123955.0
-1062	124186.0	123977.0
-1061	124053.0	123801.0
-1060	123831.0	124295.0
-1059	123708.0	124067.0
-1058	124438.0	123873.0
-1057	123841.0	124230.0
-1056	124610.0	124049.0
-1055	123824.0	123834.0
-1054	123619.0	124457.0
-1053	124483.0	124208.0
-1052	123936.0	123735.0
-1051	124035.0	124018.0
-1050	124831.0	123540.0
-1049	124003.0	123764.0
-1048	124079.0	123824.0
-1047	124238.0	123815.0
-1046	124128.0	123628.0
-1045	124100.0	124079.0
-1044	124464.0	124166.0
-1043	123992.0	124402.0
-1042	124452.0	124743.0
-1041	124318.0	123624.0
-1040	124433.0	123654.0
-1039	124005.0	124205.0
-1038	124515.0	123617.0
-1037	123427.0	123576.0
-1036	123815.0	123848.0
-1035	123517.0	124246.0
-1034	123956.0	124363.0
-1033	124568.0	124732.0
-1032	124465.0	124308.0
-1031	124500.0	124327.0
-1030	124009.0	124244.0
-1029	124037.0	124272.0
-1028	123841.0	124489.0
-1027	124355.0	124142.0
-1026	124401.0	124639.0
-1025	123778.0	124635.0
-1024	124116.0	124334.0
-1023	124283.0	124345.0
-1022	124153.0	124406.0
-1021	123364.0	124837.0
-1020	124545.0	124105.0
-1019	124273.0	124346.0
-1018	124472.0	124057.0
-1017	124707.0	124729.0
-1016	124490.0	124036.0
-1015	124864.0	123822.0
-1014	124816.0	125110.0
-1013	124919.0	124579.0
-1012	124029.0	124205.0
-1011	124363.0	124384.0
-1010	124403.0	123869.0
-1009	124716.0	124656.0
-1008	124491.0	124897.0
-1007	123751.0	124366.0
-1006	124548.0	125420.0
-1005	124198.0	124965.0
-1004	123792.0	124140.0
-1003	124748.0	124681.0
-1002	124295.0	124720.0
-1001	124741.0	124380.0
-1000	124381.0	124457.0
-999	124730.0	124371.0
-998	124240.0	124283.0
-997	124551.0	124681.0
-996	124264.0	125101.0
-995	124307.0	124092.0
-994	124785.0	125043.0
-993	124302.0	125197.0
-992	124567.0	124333.0
-991	124789.0	125022.0
-990	124731.0	125080.0
-989	124430.0	124547.0
-988	124118.0	125082.0
-987	125385.0	124151.0
-986	124633.0	124810.0
-985	125248.0	124486.0
-984	125161.0	124512.0
-983	124547.0	124345.0
-982	124599.0	124451.0
-981	124580.0	124842.0
-980	124586.0	124504.0
-979	125019.0	124395.0
-978	124456.0	124824.0
-977	124460.0	124588.0
-976	124579.0	124891.0
-975	125634.0	124234.0
-974	124978.0	124740.0
-973	124961.0	124189.0
-972	125214.0	124805.0
-971	125346.0	124720.0
-970	124657.0	125037.0
-969	125335.0	124347.0
-968	125009.0	123807.0
-967	124329.0	124162.0
-966	125136.0	124508.0
-965	125284.0	124798.0
-964	125416.0	124704.0
-963	125470.0	124916.0
-962	124922.0	124221.0
-961	124514.0	124758.0
-960	124719.0	124036.0
-959	124986.0	124026.0
-958	124220.0	124728.0
-957	124864.0	124253.0
-956	124921.0	124114.0
-955	124917.0	124794.0
-954	124754.0	124653.0
-953	125336.0	124330.0
-952	125241.0	124834.0
-951	124892.0	124834.0
-950	124970.0	124089.0
-949	124941.0	124371.0
-948	125620.0	124427.0
-947	125387.0	123899.0
-946	125498.0	124483.0
-945	125274.0	124707.0
-944	125123.0	124596.0
-943	124786.0	124760.0
-942	125002.0	124103.0
-941	125043.0	124236.0
-940	124789.0	124651.0
-939	125189.0	124939.0
-938	125125.0	124172.0
-937	125272.0	124172.0
-936	125691.0	124556.0
-935	125446.0	124681.0
-934	124886.0	124279.0
-933	125309.0	124133.0
-932	125619.0	123995.0
-931	125502.0	124205.0
-930	124555.0	124483.0
-929	124640.0	123804.0
-928	125013.0	124564.0
-927	124912.0	124420.0
-926	125546.0	124451.0
-925	124799.0	124106.0
-924	125381.0	123905.0
-923	124686.0	124129.0
-922	125046.0	124405.0
-921	125654.0	123954.0
-920	125392.0	123138.0
-919	125365.0	124832.0
-918	125462.0	124699.0
-917	124695.0	124041.0
-916	124594.0	124450.0
-915	124818.0	124502.0
-914	125367.0	123901.0
-913	125708.0	124294.0
-912	125307.0	124108.0
-911	125107.0	123596.0
-910	125074.0	123837.0
-909	124855.0	124006.0
-908	125353.0	123690.0
-907	125122.0	124495.0
-906	124536.0	123659.0
-905	124946.0	123643.0
-904	125156.0	124615.0
-903	125378.0	124419.0
-902	124795.0	124217.0
-901	125580.0	124005.0
-900	125347.0	124279.0
-899	124941.0	123585.0
-898	125013.0	124424.0
-897	125230.0	123888.0
-896	124675.0	123884.0
-895	125517.0	123917.0
-894	124731.0	124529.0
-893	125298.0	124027.0
-892	125103.0	124441.0
-891	125226.0	124590.0
-890	124478.0	123152.0
-889	125052.0	124270.0
-888	125227.0	124758.0
-887	124400.0	124060.0
-886	125099.0	124864.0
-885	125136.0	124183.0
-884	125283.0	123639.0
-883	125316.0	124357.0
-882	125454.0	124372.0
-881	124664.0	123947.0
-880	124852.0	124454.0
-879	124852.0	124243.0
-878	124446.0	123594.0
-877	124134.0	124566.0
-876	124986.0	124271.0
-875	124650.0	124342.0
-874	125305.0	124035.0
-873	125213.0	124693.0
-872	124788.0	124185.0
-871	124273.0	123780.0
-870	124713.0	124366.0
-869	124700.0	123943.0
-868	124750.0	124898.0
-867	124070.0	124555.0
-866	124367.0	124360.0
-865	123988.0	124242.0
-864	124535.0	124599.0
-863	123742.0	124576.0
-862	124571.0	124875.0
-861	124640.0	124377.0
-860	124547.0	124232.0
-859	124371.0	124480.0
-858	124978.0	125051.0
-857	124505.0	124040.0
-856	124422.0	123781.0
-855	125086.0	124448.0
-854	124112.0	124354.0
-853	123937.0	124377.0
-852	124052.0	124427.0
-851	124562.0	124267.0
-850	124513.0	124761.0
-849	124982.0	124520.0
-848	124094.0	124312.0
-847	124047.0	124712.0
-846	124227.0	125064.0
-845	124154.0	124024.0
-844	123855.0	124788.0
-843	124246.0	124897.0
-842	123934.0	124409.0
-841	123973.0	125183.0
-840	124758.0	125122.0
-839	124546.0	124136.0
-838	124038.0	124668.0
-837	124232.0	125174.0
-836	124317.0	124469.0
-835	124067.0	124421.0
-834	124228.0	125142.0
-833	123851.0	124515.0
-832	123919.0	124912.0
-831	124731.0	125316.0
-830	124281.0	124424.0
-829	124564.0	124614.0
-828	124805.0	125037.0
-827	124641.0	124247.0
-826	124321.0	124515.0
-825	124748.0	124863.0
-824	124456.0	124473.0
-823	123644.0	124880.0
-822	124420.0	125081.0
-821	123929.0	124734.0
-820	123745.0	125228.0
-819	123777.0	124964.0
-818	124187.0	124921.0
-817	124516.0	125040.0
-816	124985.0	125228.0
-815	124610.0	124652.0
-814	124248.0	125143.0
-813	124461.0	124921.0
-812	124325.0	124655.0
-811	124217.0	124430.0
-810	124512.0	125031.0
-809	123856.0	124827.0
-808	124558.0	124351.0
-807	125073.0	125646.0
-806	124607.0	124845.0
-805	124705.0	125084.0
-804	124985.0	125149.0
-803	124913.0	124228.0
-802	124399.0	125060.0
-801	124997.0	125131.0
-800	125099.0	124883.0
-799	124108.0	124830.0
-798	125047.0	124801.0
-797	124743.0	124744.0
-796	124600.0	125749.0
-795	125595.0	125880.0
-794	124750.0	125001.0
-793	124987.0	125230.0
-792	125324.0	125850.0
-791	125349.0	124546.0
-790	125070.0	125112.0
-789	125162.0	124696.0
-788	125709.0	124539.0
-787	125309.0	125260.0
-786	125603.0	125186.0
-785	124804.0	125161.0
-784	125669.0	125487.0
-783	125930.0	125494.0
-782	125801.0	124514.0
-781	125354.0	125022.0
-780	125727.0	124917.0
-779	125414.0	125190.0
-778	125335.0	125010.0
-777	125324.0	125216.0
-776	125165.0	124451.0
-775	124981.0	125026.0
-774	125950.0	125430.0
-773	125302.0	124983.0
-772	125445.0	125588.0
-771	125845.0	124938.0
-770	125857.0	125205.0
-769	125332.0	125382.0
-768	125893.0	124373.0
-767	125211.0	125140.0
-766	125484.0	125410.0
-765	125975.0	125192.0
-764	125136.0	125343.0
-763	125917.0	125037.0
-762	126851.0	124930.0
-761	125362.0	124311.0
-760	125854.0	124930.0
-759	125871.0	125850.0
-758	126088.0	125090.0
-757	125326.0	125272.0
-756	126274.0	125499.0
-755	125590.0	125132.0
-754	125548.0	125363.0
-753	126493.0	124782.0
-752	125721.0	124340.0
-751	125918.0	124600.0
-750	126648.0	125009.0
-749	125875.0	124125.0
-748	125444.0	124920.0
-747	125895.0	125801.0
-746	125306.0	123953.0
-745	125817.0	125017.0
-744	126406.0	125583.0
-743	125839.0	124859.0
-742	126138.0	124767.0
-741	126794.0	124124.0
-740	126501.0	124578.0
-739	126469.0	124829.0
-738	126648.0	124725.0
-737	126230.0	124510.0
-736	125977.0	124711.0
-735	126577.0	124989.0
-734	126362.0	125003.0
-733	125909.0	124413.0
-732	125905.0	124250.0
-731	126079.0	124082.0
-730	125296.0	125339.0
-729	126118.0	125179.0
-728	125968.0	124183.0
-727	125936.0	124894.0
-726	126144.0	124799.0
-725	125961.0	124425.0
-724	125959.0	124959.0
-723	126305.0	124506.0
-722	125649.0	123748.0
-721	126048.0	124913.0
-720	126300.0	124950.0
-719	126006.0	123508.0
-718	125426.0	124668.0
-717	126248.0	124517.0
-716	125505.0	124109.0
-715	125743.0	124945.0
-714	125509.0	124394.0
-713	126000.0	124751.0
-712	125701.0	124564.0
-711	125602.0	124867.0
-710	126082.0	124101.0
-709	125495.0	124404.0
-708	125670.0	124448.0
-707	126007.0	124258.0
-706	125856.0	124497.0
-705	126312.0	124701.0
-704	126031.0	123677.0
-703	125594.0	124003.0
-702	125583.0	124237.0
-701	125395.0	124124.0
-700	125852.0	125199.0
-699	125437.0	124565.0
-698	125457.0	124547.0
-697	125482.0	125029.0
-696	125699.0	124488.0
-695	125805.0	123296.0
-694	124948.0	123804.0
-693	124930.0	124693.0
-692	124851.0	124259.0
-691	125503.0	124852.0
-690	125454.0	123768.0
-689	125367.0	123328.0
-688	125162.0	124359.0
-687	125590.0	124961.0
-686	125193.0	123903.0
-685	124687.0	124192.0
-684	125248.0	124326.0
-683	124704.0	124166.0
-682	124347.0	124350.0
-681	125936.0	124436.0
-680	125054.0	124401.0
-679	125254.0	124670.0
-678	125308.0	124815.0
-677	125055.0	124055.0
-676	124928.0	124772.0
-675	125079.0	124243.0
-674	124929.0	123943.0
-673	124408.0	124361.0
-672	124997.0	125247.0
-671	124415.0	124901.0
-670	125107.0	124678.0
-669	124780.0	124581.0
-668	124724.0	124226.0
-667	124403.0	123766.0
-666	124508.0	124442.0
-665	124017.0	124278.0
-664	124648.0	124817.0
-663	124749.0	125653.0
-662	124224.0	124906.0
-661	123648.0	124611.0
-660	124447.0	124970.0
-659	123626.0	124552.0
-658	124110.0	125432.0
-657	124596.0	125308.0
-656	124213.0	124356.0
-655	124840.0	125193.0
-654	124044.0	125395.0
-653	123936.0	124648.0
-652	123803.0	125448.0
-651	124078.0	124843.0
-650	124693.0	124645.0
-649	124488.0	125077.0
-648	124860.0	125112.0
-647	124527.0	124392.0
-646	124324.0	125997.0
-645	124743.0	125098.0
-644	124740.0	125032.0
-643	124134.0	124876.0
-642	124562.0	125337.0
-641	123972.0	125025.0
-640	124536.0	125318.0
-639	123915.0	125136.0
-638	124030.0	125319.0
-637	124156.0	126301.0
-636	124282.0	126116.0
-635	124172.0	125149.0
-634	124233.0	125688.0
-633	124780.0	125652.0
-632	124614.0	125350.0
-631	123938.0	125483.0
-630	123956.0	125338.0
-629	124529.0	125208.0
-628	123815.0	125665.0
-627	124263.0	125556.0
-626	124173.0	125306.0
-625	123992.0	125914.0
-624	124837.0	125658.0
-623	124295.0	125562.0
-622	124346.0	126396.0
-621	125029.0	125949.0
-620	124008.0	125372.0
-619	124529.0	125763.0
-618	124489.0	125956.0
-617	124309.0	125640.0
-616	123893.0	126813.0
-615	124569.0	126497.0
-614	124821.0	125702.0
-613	124865.0	126287.0
-612	124872.0	126048.0
-611	124467.0	125112.0
-610	124440.0	126071.0
-609	125840.0	125896.0
-608	124770.0	126232.0
-607	124728.0	126068.0
-606	125037.0	126060.0
-605	125453.0	126216.0
-604	124447.0	126063.0
-603	125235.0	125876.0
-602	125098.0	125280.0
-601	125713.0	126190.0
-600	125221.0	125796.0
-599	126056.0	126456.0
-598	125312.0	126672.0
-597	126575.0	126347.0
-596	125626.0	125615.0
-595	125418.0	126255.0
-594	125891.0	126063.0
-593	125318.0	125531.0
-592	126028.0	126028.0
-591	126407.0	126173.0
-590	125983.0	126098.0
-589	125562.0	126521.0
-588	126858.0	126462.0
-587	125239.0	125851.0
-586	126407.0	126533.0
-585	126580.0	126245.0
-584	126365.0	126262.0
-583	126371.0	126143.0
-582	126718.0	126341.0
-581	126138.0	126273.0
-580	126284.0	126421.0
-579	126695.0	126214.0
-578	126804.0	125473.0
-577	126671.0	126255.0
-576	126813.0	126172.0
-575	126772.0	125462.0
-574	126568.0	125912.0
-573	127762.0	125632.0
-572	127031.0	125708.0
-571	126497.0	125679.0
-570	127093.0	126152.0
-569	126926.0	125956.0
-568	127347.0	126129.0
-567	127468.0	126379.0
-566	127267.0	126047.0
-565	127238.0	126135.0
-564	127559.0	125784.0
-563	126765.0	125462.0
-562	127368.0	125914.0
-561	127477.0	125820.0
-560	127770.0	125872.0
-559	127641.0	125911.0
-558	128064.0	125659.0
-557	127241.0	125248.0
-556	127647.0	125120.0
-555	128126.0	125171.0
-554	127803.0	125856.0
-553	127884.0	125169.0
-552	127699.0	125622.0
-551	126739.0	124751.0
-550	126820.0	125275.0
-549	128306.0	125237.0
-548	127371.0	124812.0
-547	127149.0	125431.0
-546	127698.0	125534.0
-545	127073.0	124706.0
-544	127381.0	125846.0
-543	128070.0	124937.0
-542	127549.0	124966.0
-541	127582.0	124481.0
-540	127340.0	125521.0
-539	126887.0	124554.0
-538	126761.0	125455.0
-537	127270.0	125021.0
-536	127680.0	124518.0
-535	126516.0	125164.0
-534	127490.0	124761.0
-533	127189.0	124838.0
-532	126806.0	124914.0
-531	127454.0	124740.0
-530	127019.0	124394.0
-529	127183.0	124717.0
-528	127391.0	124449.0
-527	126970.0	123832.0
-526	126929.0	124406.0
-525	127489.0	124809.0
-524	126854.0	124204.0
-523	127118.0	124745.0
-522	127502.0	124866.0
-521	125584.0	123856.0
-520	126203.0	124482.0
-519	127308.0	124620.0
-518	126492.0	124541.0
-517	126007.0	123906.0
-516	127233.0	124208.0
-515	126765.0	124338.0
-514	126571.0	124387.0
-513	126888.0	123882.0
-512	126131.0	124428.0
-511	126184.0	124339.0
-510	126700.0	124182.0
-509	126099.0	124118.0
-508	126340.0	124446.0
-507	126793.0	124536.0
-506	125607.0	124047.0
-505	125675.0	124368.0
-504	126502.0	124241.0
-503	126210.0	123602.0
-502	125424.0	124459.0
-501	126174.0	124250.0
-500	126477.0	123302.0
-499	125474.0	123911.0
-498	125852.0	124700.0
-497	125809.0	124325.0
-496	125187.0	124456.0
-495	125747.0	124305.0
-494	124674.0	123939.0
-493	125067.0	124158.0
-492	126057.0	124499.0
-491	125344.0	123998.0
-490	124633.0	124735.0
-489	125571.0	125188.0
-488	124927.0	124099.0
-487	124691.0	124848.0
-486	125341.0	124215.0
-485	124773.0	123768.0
-484	125489.0	124693.0
-483	125196.0	123850.0
-482	123896.0	123677.0
-481	124700.0	124835.0
-480	125266.0	124807.0
-479	124600.0	124421.0
-478	124645.0	124829.0
-477	124492.0	124510.0
-476	123901.0	124623.0
-475	123937.0	124839.0
-474	123969.0	125081.0
-473	124063.0	123944.0
-472	123942.0	124531.0
-471	123607.0	124696.0
-470	123862.0	124771.0
-469	124285.0	125608.0
-468	124336.0	125578.0
-467	123819.0	124971.0
-466	123527.0	124538.0
-465	124601.0	125753.0
-464	123785.0	125012.0
-463	123142.0	125318.0
-462	124031.0	124547.0
-461	123734.0	125399.0
-460	123102.0	125363.0
-459	124011.0	126230.0
-458	123451.0	125418.0
-457	123476.0	126015.0
-456	124957.0	125858.0
-455	123580.0	125322.0
-454	123784.0	125691.0
-453	124002.0	126359.0
-452	123523.0	126223.0
-451	123485.0	126897.0
-450	123478.0	126538.0
-449	123587.0	126081.0
-448	124201.0	125488.0
-447	124308.0	126010.0
-446	124239.0	125811.0
-445	123645.0	126999.0
-444	123985.0	126609.0
-443	123866.0	125824.0
-442	124034.0	127201.0
-441	124376.0	126352.0
-440	123998.0	125655.0
-439	123646.0	126735.0
-438	124466.0	127352.0
-437	124269.0	126494.0
-436	123840.0	126650.0
-435	124410.0	127473.0
-434	124009.0	126760.0
-433	124743.0	127102.0
-432	124839.0	126499.0
-431	123903.0	126427.0
-430	124029.0	127209.0
-429	124690.0	127965.0
-428	124169.0	127325.0
-427	124736.0	128041.0
-426	125185.0	128249.0
-425	124696.0	126690.0
-424	124796.0	127485.0
-423	125608.0	128004.0
-422	124292.0	127692.0
-421	124483.0	128228.0
-420	125333.0	127650.0
-419	124939.0	126991.0
-418	125524.0	127732.0
-417	125802.0	127406.0
-416	125694.0	126974.0
-415	125857.0	127501.0
-414	126242.0	127555.0
-413	125972.0	126805.0
-412	125198.0	128082.0
-411	126351.0	128361.0
-410	126171.0	127820.0
-409	126440.0	127764.0
-408	127003.0	128020.0
-407	126370.0	127512.0
-406	126616.0	127606.0
-405	127210.0	127324.0
-404	126274.0	127101.0
-403	126718.0	127980.0
-402	127044.0	127719.0
-401	126988.0	126855.0
-400	126871.0	127795.0
-399	127478.0	128101.0
-398	127183.0	127589.0
-397	127191.0	128480.0
-396	128218.0	127825.0
-395	127188.0	127178.0
-394	127497.0	128289.0
-393	128075.0	128245.0
-392	128613.0	127496.0
-391	128090.0	128224.0
-390	128729.0	127498.0
-389	127976.0	127293.0
-388	128594.0	127238.0
-387	129236.0	127544.0
-386	128450.0	126310.0
-385	129263.0	127936.0
-384	129207.0	127780.0
-383	128955.0	127533.0
-382	129135.0	127216.0
-381	129878.0	127302.0
-380	128941.0	126710.0
-379	129348.0	127290.0
-378	129714.0	127370.0
-377	129346.0	126414.0
-376	128968.0	126860.0
-375	129999.0	126786.0
-374	129071.0	126236.0
-373	128947.0	126584.0
-372	129897.0	126478.0
-371	129121.0	126223.0
-370	129450.0	126884.0
-369	130133.0	126546.0
-368	129842.0	126015.0
-367	130658.0	126609.0
-366	129999.0	126677.0
-365	129352.0	125809.0
-364	129508.0	126483.0
-363	130861.0	126494.0
-362	129232.0	125429.0
-361	129858.0	126576.0
-360	130417.0	125733.0
-359	129565.0	124584.0
-358	129574.0	125705.0
-357	130304.0	125160.0
-356	129959.0	124935.0
-355	129154.0	125657.0
-354	130574.0	125345.0
-353	128985.0	124779.0
-352	129303.0	125620.0
-351	130664.0	125264.0
-350	129644.0	124458.0
-349	128927.0	124373.0
-348	130288.0	125360.0
-347	129398.0	124218.0
-346	128967.0	124889.0
-345	129133.0	124965.0
-344	128819.0	124120.0
-343	128850.0	124772.0
-342	128860.0	124906.0
-341	129528.0	123990.0
-340	128584.0	124819.0
-339	129293.0	124351.0
-338	128154.0	123669.0
-337	128109.0	124420.0
-336	128935.0	124341.0
-335	128099.0	123740.0
-334	128520.0	124076.0
-333	128974.0	124171.0
-332	127985.0	123049.0
-331	127932.0	124146.0
-330	127927.0	124048.0
-329	127352.0	123542.0
-328	127315.0	123820.0
-327	127796.0	123829.0
-326	127547.0	123102.0
-325	127183.0	123799.0
-324	127879.0	123623.0
-323	126699.0	123717.0
-322	126753.0	124272.0
-321	127378.0	123869.0
-320	127161.0	122812.0
-319	126164.0	124319.0
-318	126742.0	123498.0
-317	126613.0	123287.0
-316	126157.0	123912.0
-315	126874.0	123709.0
-314	126045.0	123151.0
-313	125913.0	123589.0
-312	126047.0	123581.0
-311	125065.0	122952.0
-310	125312.0	123863.0
-309	125792.0	123871.0
-308	125247.0	123441.0
-307	124537.0	124240.0
-306	126371.0	123467.0
-305	124631.0	123861.0
-304	124619.0	123951.0
-303	125473.0	123706.0
-302	124509.0	123329.0
-301	124602.0	123844.0
-300	125731.0	124090.0
-299	124564.0	123691.0
-298	124035.0	125018.0
-297	124634.0	124450.0
-296	123694.0	123765.0
-295	123599.0	124758.0
-294	124474.0	124200.0
-293	123780.0	124258.0
-292	123989.0	124910.0
-291	124088.0	125038.0
-290	123548.0	124904.0
-289	123334.0	124653.0
-288	123811.0	125048.0
-287	123377.0	124047.0
-286	123369.0	125408.0
-285	123557.0	125518.0
-284	123439.0	124744.0
-283	122757.0	125171.0
-282	123386.0	125592.0
-281	123079.0	125051.0
-280	122860.0	126437.0
-279	123850.0	125880.0
-278	123434.0	125065.0
-277	123080.0	125929.0
-276	123903.0	126728.0
-275	123629.0	125815.0
-274	123466.0	126301.0
-273	123994.0	126517.0
-272	123150.0	126247.0
-271	122630.0	126596.0
-270	123782.0	127076.0
-269	123280.0	126251.0
-268	122943.0	127711.0
-267	123396.0	127110.0
-266	123149.0	126354.0
-265	122716.0	127151.0
-264	124533.0	127118.0
-263	122987.0	126620.0
-262	123176.0	127102.0
-261	124027.0	127979.0
-260	123190.0	126870.0
-259	123459.0	128049.0
-258	124235.0	127847.0
-257	123147.0	127039.0
-256	123345.0	129112.0
-255	124643.0	128430.0
-254	123273.0	127902.0
-253	123502.0	129107.0
-252	124525.0	129404.0
-251	123958.0	128295.0
-250	123395.0	129068.0
-249	125113.0	129163.0
-248	123030.0	128734.0
-247	123770.0	129706.0
-246	124919.0	129651.0
-245	124737.0	128779.0
-244	124329.0	129962.0
-243	124846.0	129790.0
-242	124456.0	128758.0
-241	124546.0	129852.0
-240	126485.0	130486.0
-239	125108.0	129453.0
-238	125459.0	129675.0
-237	125856.0	130404.0
-236	125405.0	129646.0
-235	125304.0	130583.0
-234	126680.0	130641.0
-233	125901.0	129844.0
-232	125992.0	130797.0
-231	126426.0	130573.0
-230	125584.0	130176.0
-229	126879.0	130775.0
-228	127564.0	130783.0
-227	126873.0	129675.0
-226	126946.0	130197.0
-225	127782.0	130888.0
-224	127412.0	129614.0
-223	127450.0	130488.0
-222	128798.0	130501.0
-221	127825.0	129854.0
-220	127639.0	130815.0
-219	128406.0	130854.0
-218	127801.0	129323.0
-217	128668.0	130721.0
-216	129488.0	131218.0
-215	128693.0	129869.0
-214	128237.0	130845.0
-213	130852.0	130526.0
-212	129353.0	129929.0
-211	129457.0	130408.0
-210	131050.0	130815.0
-209	129685.0	129223.0
-208	130129.0	129358.0
-207	131512.0	130588.0
-206	130084.0	129275.0
-205	130725.0	130084.0
-204	131963.0	130184.0
-203	131259.0	129291.0
-202	131532.0	129887.0
-201	132709.0	129608.0
-200	132090.0	128195.0
-199	131363.0	129244.0
-198	132877.0	129217.0
-197	131637.0	128071.0
-196	131832.0	129948.0
-195	132737.0	129225.0
-194	131779.0	128121.0
-193	132615.0	128832.0
-192	133701.0	129413.0
-191	132907.0	128070.0
-190	132704.0	128210.0
-189	133963.0	128230.0
-188	132827.0	126442.0
-187	132470.0	127944.0
-186	133755.0	127467.0
-185	133111.0	127060.0
-184	133370.0	127633.0
-183	134307.0	127213.0
-182	133132.0	126243.0
-181	133237.0	126838.0
-180	134535.0	127197.0
-179	133313.0	125917.0
-178	133048.0	126490.0
-177	134467.0	126655.0
-176	133095.0	125111.0
-175	133438.0	126413.0
-174	133945.0	126707.0
-173	133556.0	125426.0
-172	133351.0	126520.0
-171	134427.0	126437.0
-170	132882.0	124498.0
-169	133064.0	126086.0
-168	134606.0	125607.0
-167	132459.0	123951.0
-166	132479.0	125633.0
-165	134052.0	124783.0
-164	132299.0	123960.0
-163	132555.0	125713.0
-162	133182.0	125361.0
-161	132201.0	123907.0
-160	132327.0	124913.0
-159	133450.0	125243.0
-158	131891.0	123805.0
-157	132153.0	124538.0
-156	133120.0	124039.0
-155	132182.0	123576.0
-154	131027.0	124069.0
-153	132657.0	123550.0
-152	130949.0	122840.0
-151	130909.0	124378.0
-150	132245.0	123874.0
-149	130743.0	122904.0
-148	129951.0	123734.0
-147	131350.0	123227.0
-146	129472.0	122451.0
-145	129497.0	123465.0
-144	130388.0	123434.0
-143	128495.0	122233.0
-142	129166.0	123760.0
-141	130269.0	123921.0
-140	128058.0	122170.0
-139	127313.0	123589.0
-138	128023.0	123241.0
-137	126241.0	122611.0
-136	125764.0	124620.0
-135	127048.0	123986.0
-134	126710.0	123345.0
-133	126768.0	123481.0
-132	128010.0	123043.0
-131	126297.0	121569.0
-130	126038.0	123207.0
-129	127025.0	123813.0
-128	123749.0	123310.0
-127	123053.0	123776.0
-126	123883.0	124105.0
-125	123096.0	123226.0
-124	123370.0	124137.0
-123	124295.0	123798.0
-122	124268.0	122238.0
-121	123961.0	123687.0
-120	124789.0	124022.0
-119	123002.0	122744.0
-118	121698.0	124442.0
-117	121950.0	124576.0
-116	120628.0	123559.0
-115	120886.0	124889.0
-114	123242.0	124463.0
-113	122936.0	123428.0
-112	123059.0	124494.0
-111	124144.0	124354.0
-110	121995.0	123917.0
-109	122016.0	126029.0
-108	123100.0	125100.0
-107	120220.0	124682.0
-106	119719.0	125385.0
-105	121055.0	125940.0
-104	120539.0	124338.0
-103	121717.0	125371.0
-102	123510.0	125372.0
-101	122853.0	124289.0
-100	122951.0	126251.0
-99	123798.0	125798.0
-98	122078.0	125097.0
-97	120406.0	126762.0
-96	121754.0	127019.0
-95	120746.0	126002.0
-94	121093.0	126757.0
-93	123111.0	126482.0
-92	121981.0	125737.0
-91	122378.0	127472.0
-90	123992.0	127266.0
-89	123063.0	126371.0
-88	122642.0	127991.0
-87	123236.0	128790.0
-86	120878.0	127205.0
-85	121166.0	128366.0
-84	122511.0	128339.0
-83	121527.0	126738.0
-82	121864.0	129068.0
-81	123750.0	128937.0
-80	122608.0	127898.0
-79	123356.0	129368.0
-78	125151.0	129398.0
-77	123268.0	128579.0
-76	123096.0	130314.0
-75	124438.0	129699.0
-74	122815.0	129046.0
-73	123102.0	130555.0
-72	125157.0	130145.0
-71	124179.0	129156.0
-70	124576.0	130338.0
-69	126561.0	131154.0
-68	124158.0	129969.0
-67	123888.0	132031.0
-66	125942.0	132218.0
-65	125105.0	130684.0
-64	124575.0	132261.0
-63	126817.0	132126.0
-62	125126.0	130852.0
-61	125424.0	132694.0
-60	126738.0	133048.0
-59	125434.0	131330.0
-58	125151.0	133109.0
-57	125897.0	133397.0
-56	124184.0	132560.0
-55	124149.0	133581.0
-54	126799.0	134351.0
-53	126216.0	133064.0
-52	127086.0	135338.0
-51	129107.0	134636.0
-50	127596.0	132697.0
-49	127536.0	135298.0
-48	129404.0	135629.0
-47	127485.0	133560.0
-46	127965.0	135245.0
-45	128598.0	134347.0
-44	126997.0	133413.0
-43	127921.0	135537.0
-42	131680.0	135798.0
-41	130554.0	133892.0
-40	130889.0	136183.0
-39	133549.0	135882.0
-38	131520.0	134803.0
-37	130497.0	136687.0
-36	132606.0	137052.0
-35	130083.0	133720.0
-34	130241.0	136602.0
-33	133596.0	136036.0
-32	133329.0	133870.0
-31	134283.0	136047.0
-30	137884.0	136501.0
-29	135670.0	135024.0
-28	135515.0	136723.0
-27	137353.0	137309.0
-26	134148.0	135510.0
-25	134078.0	137206.0
-24	135804.0	137138.0
-23	133672.0	135413.0
-22	134210.0	138277.0
-21	137194.0	139021.0
-20	137091.0	136707.0
-19	138583.0	139445.0
-18	141425.0	139481.0
-17	138629.0	137701.0
-16	137527.0	139621.0
-15	139234.0	138891.0
-14	137054.0	137096.0
-13	137558.0	140232.0
-12	143077.0	141523.0
-11	141733.0	138064.0
-10	143363.0	142215.0
-9	146841.0	144268.0
-8	144716.0	143819.0
-7	141650.0	148353.0
-6	139835.0	149675.0
-5	131579.0	145484.0
-4	129783.0	146290.0
-3	145259.0	151003.0
-2	158013.0	137183.0
-1	237173.0	137413.0
0	2523.0	97311.0
1	236263.0	29766.0
2	156591.0	66221.0
3	144874.0	95688.0
4	129489.0	127712.0
5	131471.0	141409.0
6	138205.0	131457.0
7	140835.0	116247.0
8	144648.0	114262.0
9	146308.0	111387.0
10	142424.0	110487.0
11	141051.0	114743.0
12	142473.0	118513.0
13	137576.0	118234.0
14	137208.0	121765.0
15	139205.0	122671.0
16	138262.0	120111.0
17	138962.0	120374.0
18	140948.0	120056.0
19	138202.0	118841.0
20	137070.0	121330.0
21	137351.0	123140.0
22	134438.0	124966.0
23	132951.0	129043.0
24	135282.0	129836.0
25	133954.0	126755.0
26	134032.0	126274.0
27	136149.0	125127.0
28	135499.0	121961.0
29	135016.0	122905.0
30	136787.0	123413.0
31	133686.0	122752.0
32	132612.0	126791.0
33	132747.0	128380.0
34	129825.0	127579.0
35	129779.0	130197.0
36	132290.0	129821.0
37	130911.0	126811.0
38	131813.0	126153.0
39	133865.0	125361.0
40	131326.0	123326.0
41	130666.0	126010.0
42	130888.0	128065.0
43	127598.0	128756.0
44	126255.0	131355.0
45	128192.0	131470.0
46	127084.0	129416.0
47	127529.0	129913.0
48	129762.0	129005.0
49	127956.0	126811.0
50	127594.0	128700.0
51	128962.0	129249.0
52	127359.0	128332.0
53	126407.0	130080.0
54	126180.0	130704.0
55	124324.0	129827.0
56	123715.0	132765.0
57	125961.0	132239.0
58	125150.0	128865.0
59	125353.0	128910.0
60	127208.0	127576.0
61	124583.0	127135.0
62	124302.0	129912.0
63	126345.0	130231.0
64	123646.0	127520.0
65	123827.0	128559.0
66	124811.0	127773.0
67	123614.0	126768.0
68	123383.0	128380.0
69	126510.0	127666.0
70	124520.0	125998.0
71	124157.0	127795.0
72	124130.0	129013.0
73	123077.0	128776.0
74	123076.0	130660.0
75	124534.0	129231.0
76	123090.0	126838.0
77	122455.0	127681.0
78	123781.0	127411.0
79	122495.0	126824.0
80	122801.0	130142.0
81	123854.0	130910.0
82	121735.0	130028.0
83	121541.0	131780.0
84	122368.0	133111.0
85	120777.0	132024.0
86	120697.0	132260.0
87	122998.0	129833.0
88	122447.0	127834.0
89	123161.0	127988.0
90	124893.0	128689.0
91	122253.0	128972.0
92	121665.0	131345.0
93	122455.0	133531.0
94	120494.0	133428.0
95	120054.0	135446.0
96	121852.0	135782.0
97	120684.0	133473.0
98	121738.0	133601.0
99	123080.0	132669.0
100	122496.0	130837.0
101	121995.0	133422.0
102	123356.0	134251.0
103	121453.0	134655.0
104	120240.0	138573.0
105	120964.0	139979.0
106	119855.0	139965.0
107	120271.0	140017.0
108	122063.0	138904.0
109	122072.0	136327.0
110	122678.0	136685.0
111	123138.0	137012.0
112	121651.0	136396.0
113	121519.0	139817.0
114	122686.0	141292.0
115	120877.0	142318.0
116	120583.0	144195.0
117	122464.0	144832.0
118	121212.0	143125.0
119	122560.0	143604.0
120	124709.0	142727.0
121	123659.0	140829.0
122	124421.0	143153.0
123	125266.0	144205.0
124	122950.0	144316.0
125	122799.0	147323.0
126	124330.0	148006.0
127	123321.0	147237.0
128	124017.0	147057.0
129	126692.0	145672.0
130	125210.0	142198.0
131	126386.0	143151.0
132	127956.0	142801.0
133	126777.0	141764.0
134	125766.0	145333.0
135	126287.0	146157.0
136	125745.0	145931.0
137	125718.0	147127.0
138	127079.0	146962.0
139	125440.0	145295.0
140	127421.0	144820.0
141	129217.0	144524.0
142	128559.0	141858.0
143	128954.0	143807.0
144	130517.0	144362.0
145	129747.0	143724.0
146	129856.0	143463.0
147	131739.0	143054.0
148	130699.0	140804.0
149	130538.0	141745.0
150	132207.0	140804.0
151	131120.0	138810.0
152	131323.0	140149.0
153	132024.0	140160.0
154	131091.0	138148.0
155	131447.0	139165.0
156	132652.0	138613.0
157	131783.0	136326.0
158	131387.0	136879.0
159	132956.0	136162.0
160	132235.0	134437.0
161	132096.0	135852.0
162	134001.0	134409.0
163	132729.0	133214.0
164	132529.0	134349.0
165	133680.0	133922.0
166	133082.0	132554.0
167	132825.0	133680.0
168	133680.0	132434.0
169	132510.0	131107.0
170	132656.0	131576.0
171	133761.0	131624.0
172	132849.0	130626.0
173	132736.0	131258.0
174	134023.0	130977.0
175	132367.0	130222.0
176	132956.0	130609.0
177	134305.0	130202.0
178	133175.0	128985.0
179	133180.0	128870.0
180	133991.0	128794.0
181	133672.0	127676.0
182	133133.0	128132.0
183	134449.0	127729.0
184	133141.0	126895.0
185	133109.0	128103.0
186	134018.0	127750.0
187	132609.0	126112.0
188	131689.0	127039.0
189	134092.0	126711.0
190	132532.0	125487.0
191	132774.0	125607.0
192	133869.0	125390.0
193	132062.0	124480.0
194	132383.0	125897.0
195	133255.0	124999.0
196	132061.0	124462.0
197	131911.0	125066.0
198	131893.0	124844.0
199	130931.0	123712.0
200	131739.0	124119.0
201	131888.0	123714.0
202	130473.0	122683.0
203	131106.0	123695.0
204	131351.0	124027.0
205	130065.0	123994.0
206	130046.0	124410.0
207	131450.0	123453.0
208	130179.0	122588.0
209	130248.0	122968.0
210	130853.0	122466.0
211	129375.0	122244.0
212	129516.0	122512.0
213	130083.0	122857.0
214	128704.0	121481.0
215	129054.0	122963.0
216	129346.0	122936.0
217	128061.0	121942.0
218	128183.0	123024.0
219	128806.0	122458.0
220	127271.0	121004.0
221	127714.0	122666.0
222	128244.0	121831.0
223	127056.0	121069.0
224	126751.0	121994.0
225	127471.0	122009.0
226	127145.0	122021.0
227	126470.0	122240.0
228	127183.0	122571.0
229	126555.0	121731.0
230	125878.0	121955.0
231	126478.0	122041.0
232	125868.0	121041.0
233	125808.0	121954.0
234	126191.0	121695.0
235	124382.0	121844.0
236	124894.0	122235.0
237	125426.0	122503.0
238	124500.0	122162.0
239	124270.0	122532.0
240	125232.0	122531.0
241	124146.0	121659.0
242	123743.0	123144.0
243	125037.0	122436.0
244	124264.0	122001.0
245	124486.0	123055.0
246	124615.0	123258.0
247	123549.0	122213.0
248	123273.0	123562.0
249	123881.0	123905.0
250	123585.0	123106.0
251	123567.0	123980.0
252	124489.0	123834.0
253	123428.0	123089.0
254	122914.0	124410.0
255	124202.0	124374.0
256	123744.0	123565.0
257	122601.0	124410.0
258	123681.0	124252.0
259	122611.0	124155.0
260	123326.0	125193.0
261	123899.0	125095.0
262	123066.0	124197.0
263	122638.0	125504.0
264	123784.0	125346.0
265	122538.0	124841.0
266	121991.0	125631.0
267	123528.0	125635.0
268	121842.0	125285.0
269	122290.0	126477.0
270	123297.0	127171.0
271	122646.0	126380.0
272	123098.0	126831.0
273	123372.0	127057.0
274	122788.0	126458.0
275	123018.0	127324.0
276	123614.0	127592.0
277	122305.0	127319.0
278	122357.0	128368.0
279	123565.0	127911.0
280	122785.0	127991.0
281	123129.0	128848.0
282	123698.0	128581.0
283	123468.0	127866.0
284	122470.0	129391.0
285	123946.0	129293.0
286	122498.0	128391.0
287	123268.0	130093.0
288	123771.0	130518.0
289	123445.0	129294.0
290	123599.0	130567.0
291	124279.0	130604.0
292	123857.0	130304.0
293	123711.0	130040.0
294	124838.0	130547.0
295	123991.0	129843.0
296	123640.0	131463.0
297	124583.0	130932.0
298	124085.0	130619.0
299	124130.0	130647.0
300	124551.0	131387.0
301	123981.0	130235.0
302	123977.0	131713.0
303	125245.0	131936.0
304	124411.0	131017.0
305	124798.0	131713.0
306	125458.0	132062.0
307	124279.0	131680.0
308	125135.0	132298.0
309	125646.0	131826.0
310	124819.0	131200.0
311	124848.0	132476.0
312	126197.0	132371.0
313	125300.0	131943.0
314	126091.0	132327.0
315	126381.0	132858.0
316	124877.0	131725.0
317	125721.0	132697.0
318	126211.0	132355.0
319	125593.0	131600.0
320	126435.0	133375.0
321	127334.0	132821.0
322	126752.0	132101.0
323	126687.0	132036.0
324	127004.0	132464.0
325	126594.0	131832.0
326	126645.0	133020.0
327	127665.0	132358.0
328	126731.0	132159.0
329	127091.0	132134.0
330	128447.0	132592.0
331	127418.0	131292.0
332	127331.0	131772.0
333	128515.0	131664.0
334	127599.0	130851.0
335	127502.0	131924.0
336	128407.0	131451.0
337	128568.0	131157.0
338	128459.0	131503.0
339	129382.0	130838.0
340	128099.0	130482.0
341	128412.0	130971.0
342	129289.0	130278.0
343	128548.0	130251.0
344	128564.0	130111.0
345	129728.0	130289.0
346	129143.0	129741.0
347	128314.0	130160.0
348	129478.0	130186.0
349	129139.0	128605.0
350	129328.0	128962.0
351	130761.0	128960.0
352	129014.0	128740.0
353	129031.0	128735.0
354	129872.0	128437.0
355	128931.0	127965.0
356	128830.0	128630.0
357	129697.0	128713.0
358	129868.0	127668.0
359	129285.0	128407.0
360	130435.0	128263.0
361	129356.0	126789.0
362	129306.0	127015.0
363	129904.0	127280.0
364	129236.0	126519.0
365	129257.0	127476.0
366	129978.0	126995.0
367	129145.0	125840.0
368	129249.0	126243.0
369	129688.0	126018.0
370	128691.0	124991.0
371	128757.0	125456.0
372	129630.0	125183.0
373	129173.0	124692.0
374	128937.0	125123.0
375	130163.0	124959.0
376	128256.0	124953.0
377	129101.0	125708.0
378	129826.0	124393.0
379	128761.0	124052.0
380	128695.0	124446.0
381	129384.0	124422.0
382	128345.0	123815.0
383	127651.0	123789.0
384	129219.0	124106.0
385	128518.0	124027.0
386	128310.0	124013.0
387	128502.0	124148.0
388	128444.0	123156.0
389	128058.0	124404.0
390	128707.0	123654.0
391	127761.0	122880.0
392	127370.0	123596.0
393	128609.0	123556.0
394	127466.0	123314.0
395	127446.0	123826.0
396	127485.0	123464.0
397	126722.0	122816.0
398	126357.0	123242.0
399	127478.0	123638.0
400	127499.0	122134.0
401	127089.0	122988.0
402	127190.0	123726.0
403	126415.0	122616.0
404	126255.0	122501.0
405	126540.0	122828.0
406	126091.0	122224.0
407	126319.0	123469.0
408	126654.0	123039.0
409	126181.0	122604.0
410	126280.0	123419.0
411	125818.0	123264.0
412	125591.0	122429.0
413	125369.0	123202.0
414	125253.0	123202.0
415	124674.0	122591.0
416	125121.0	123835.0
417	125771.0	122836.0
418	124721.0	123114.0
419	124983.0	123470.0
420	125045.0	123708.0
421	124781.0	122827.0
422	124778.0	123416.0
423	125197.0	123328.0
424	124870.0	123156.0
425	123955.0	123315.0
426	124620.0	122897.0
427	124406.0	123056.0
428	124194.0	123456.0
429	124207.0	124686.0
430	124081.0	123911.0
431	123409.0	123583.0
432	124977.0	124029.0
433	124166.0	123692.0
434	123427.0	123921.0
435	123917.0	124221.0
436	123064.0	123847.0
437	124135.0	124782.0
438	124101.0	124354.0
439	123972.0	124034.0
440	123404.0	124093.0
441	124059.0	124712.0
442	123169.0	124281.0
443	123143.0	124537.0
444	123930.0	124802.0
445	123049.0	125371.0
446	123478.0	125887.0
447	123351.0	125198.0
448	123254.0	125574.0
449	123124.0	125697.0
450	123726.0	125609.0
451	123352.0	124729.0
452	123545.0	125557.0
453	123679.0	125305.0
454	123686.0	125709.0
455	122999.0	126034.0
456	123763.0	126156.0
457	123168.0	125626.0
458	123347.0	126020.0
459	123646.0	126613.0
460	123487.0	126277.0
461	123046.0	127278.0
462	124095.0	127240.0
463	123723.0	126206.0
464	123008.0	127278.0
465	123587.0	126919.0
466	123028.0	126848.0
467	123780.0	127120.0
468	124693.0	126763.0
469	123695.0	127105.0
470	123530.0	126963.0
471	123823.0	127862.0
472	123398.0	127561.0
473	124524.0	128270.0
474	124491.0	128429.0
475	123789.0	127975.0
476	123803.0	128777.0
477	124150.0	127993.0
478	123509.0	128213.0
479	123857.0	128372.0
480	124372.0	128597.0
481	124116.0	128668.0
482	123735.0	128880.0
483	125056.0	128276.0
484	124466.0	128235.0
485	124594.0	128280.0
486	124487.0	128716.0
487	124271.0	128994.0
488	124906.0	129009.0
489	125284.0	129209.0
490	124084.0	128677.0
491	124443.0	128534.0
492	125069.0	129522.0
493	125130.0	128701.0
494	125327.0	128518.0
495	125552.0	128570.0
496	125343.0	128641.0
497	125052.0	129261.0
498	125846.0	129222.0
499	124459.0	128560.0
500	125266.0	129578.0
501	125701.0	128970.0
502	125497.0	128657.0
503	125615.0	129006.0
504	125999.0	128566.0
505	125092.0	128561.0
506	125687.0	129625.0
507	126733.0	128774.0
508	125572.0	127970.0
509	125988.0	128987.0
510	126500.0	128855.0
511	125805.0	128445.0
512	125792.0	129129.0
513	125761.0	129008.0
514	126577.0	128614.0
515	126151.0	129094.0
516	126870.0	128148.0
517	126247.0	128607.0
518	125906.0	127642.0
519	126287.0	128808.0
520	127112.0	128440.0
521	126155.0	128992.0
522	126906.0	128226.0
523	126554.0	127615.0
524	126202.0	128464.0
525	127183.0	128301.0
526	126305.0	127943.0
527	126658.0	128239.0
528	127637.0	127924.0
529	126529.0	127246.0
530	127212.0	127130.0
531	126885.0	127466.0
532	126801.0	127391.0
533	127060.0	127663.0
534	127564.0	127343.0
535	126582.0	127200.0
536	126665.0	127483.0
537	127549.0	126920.0
538	126878.0	126615.0
539	127026.0	127009.0
540	127481.0	126624.0
541	127185.0	125655.0
542	126889.0	127190.0
543	127237.0	125891.0
544	126842.0	126260.0
545	127039.0	126400.0
546	127375.0	126305.0
547	127041.0	126038.0
548	126896.0	126204.0
549	127154.0	125786.0
550	126356.0	125739.0
551	126899.0	125283.0
552	127423.0	126014.0
553	126977.0	124604.0
554	127651.0	125502.0
555	126976.0	124983.0
556	127160.0	125114.0
557	126713.0	125587.0
558	127523.0	124941.0
559	126558.0	124569.0
560	126687.0	123961.0
561	127361.0	124656.0
562	127041.0	124152.0
563	126770.0	124446.0
564	127020.0	124386.0
565	127066.0	124118.0
566	126077.0	123797.0
567	126951.0	124307.0
568	126623.0	124450.0
569	126297.0	124007.0
570	126999.0	124337.0
571	126514.0	123408.0
572	126272.0	124393.0
573	127385.0	123780.0
574	126388.0	123465.0
575	126545.0	123877.0
576	126775.0	123904.0
577	126255.0	122947.0
578	126072.0	123337.0
579	126567.0	124082.0
580	125832.0	123311.0
581	125436.0	123670.0
582	125644.0	123266.0
583	125833.0	123261.0
584	126089.0	123189.0
585	126354.0	123281.0
586	125865.0	122850.0
587	125089.0	123723.0
588	125318.0	123575.0
589	125410.0	123246.0
590	124825.0	123601.0
591	126395.0	124255.0
592	125659.0	122756.0
593	126099.0	123854.0
594	126356.0	123796.0
595	125557.0	123360.0
596	125246.0	123499.0
597	125668.0	122631.0
598	125500.0	123245.0
599	124378.0	123861.0
600	124705.0	123684.0
601	124834.0	123116.0
602	124722.0	123230.0
603	124706.0	123910.0
604	124287.0	123614.0
605	124234.0	123856.0
606	125547.0	123813.0
607	124469.0	123345.0
608	124070.0	123800.0
609	124792.0	123831.0
610	124540.0	123682.0
611	124841.0	124345.0
612	124314.0	124039.0
613	124267.0	123917.0
614	124021.0	124254.0
615	124688.0	124392.0
616	124103.0	124174.0
617	124010.0	124493.0
618	124485.0	124662.0
619	124070.0	123392.0
620	124166.0	124196.0
621	124457.0	124318.0
622	123811.0	123758.0
623	124179.0	124712.0
624	124409.0	124850.0
625	124407.0	124440.0
626	124647.0	124489.0
627	123944.0	125023.0
628	124076.0	124383.0
629	124281.0	125139.0
630	124596.0	124528.0
631	124250.0	124680.0
632	123603.0	125546.0
633	124768.0	125197.0
634	123893.0	125270.0
635	124099.0	125284.0
636	124570.0	124934.0
637	123989.0	125496.0
638	124107.0	125926.0
639	124352.0	125242.0
640	123926.0	125649.0
641	124285.0	125865.0
642	124279.0	125704.0
643	124286.0	125815.0
644	123340.0	126080.0
645	124260.0	126013.0
646	123824.0	125363.0
647	123505.0	126302.0
648	124629.0	126211.0
649	123671.0	125721.0
650	123873.0	125576.0
651	124328.0	125945.0
652	123888.0	125902.0
653	124508.0	126385.0
654	124139.0	126231.0
655	123211.0	125985.0
656	124068.0	126577.0
657	123507.0	126567.0
658	123762.0	126037.0
659	123635.0	127392.0
660	124363.0	126918.0
661	124143.0	125815.0
662	123879.0	126654.0
663	124295.0	126465.0
664	123942.0	125947.0
665	124649.0	126486.0
666	124516.0	126754.0
667	124196.0	126899.0
668	124528.0	127691.0
669	124235.0	126895.0
670	123971.0	126847.0
671	124440.0	127167.0
672	125109.0	127443.0
673	124734.0	126560.0
674	124627.0	126433.0
675	125198.0	126753.0
676	124090.0	126191.0
677	124556.0	127623.0
678	125005.0	126496.0
679	124654.0	126347.0
680	124427.0	127266.0
681	124703.0	126483.0
682	124784.0	126702.0
683	124373.0	126751.0
684	125438.0	127629.0
685	123932.0	126734.0
686	124783.0	127239.0
687	125072.0	126887.0
688	125208.0	126845.0
689	124785.0	127525.0
690	125400.0	127237.0
691	124858.0	126546.0
692	124734.0	126814.0
693	125014.0	126503.0
694	125153.0	126655.0
695	125926.0	126521.0
696	125663.0	126814.0
697	125170.0	126498.0
698	124989.0	127106.0
699	125508.0	126925.0
700	125300.0	125849.0
701	124675.0	126550.0
702	125449.0	126726.0
703	124537.0	126249.0
704	124693.0	126799.0
705	125384.0	126030.0
706	125094.0	126628.0
707	124761.0	126546.0
708	125269.0	126461.0
709	125294.0	125886.0
710	125348.0	126415.0
711	125570.0	126564.0
712	125801.0	125876.0
713	125415.0	125872.0
714	125455.0	126415.0
715	125557.0	126243.0
716	125625.0	125968.0
717	126117.0	126649.0
718	125711.0	126068.0
719	126019.0	125620.0
720	125547.0	126111.0
721	125189.0	126136.0
722	125566.0	126165.0
723	126277.0	126618.0
724	125427.0	125085.0
725	125317.0	125527.0
726	126005.0	125753.0
727	125324.0	125268.0
728	125760.0	125515.0
729	126085.0	125497.0
730	125426.0	125172.0
731	125712.0	125936.0
732	125784.0	125326.0
733	125848.0	125604.0
734	126388.0	125151.0
735	125997.0	124864.0
736	124687.0	125190.0
737	125057.0	125069.0
738	125548.0	124953.0
739	125693.0	125186.0
740	125417.0	124888.0
741	125823.0	124952.0
742	125881.0	124104.0
743	125386.0	124823.0
744	126431.0	124287.0
745	125165.0	124277.0
746	125957.0	124628.0
747	125733.0	124460.0
748	125292.0	124588.0
749	125633.0	124657.0
750	126499.0	124978.0
751	125300.0	124563.0
752	125723.0	124674.0
753	125138.0	124482.0
754	125284.0	124481.0
755	124848.0	124227.0
756	125676.0	124345.0
757	125509.0	124547.0
758	125030.0	124298.0
759	126020.0	124249.0
760	125119.0	123875.0
761	125052.0	124289.0
762	125402.0	123883.0
763	125903.0	124230.0
764	125598.0	124297.0
765	126178.0	123914.0
766	125287.0	124393.0
767	125206.0	124201.0
768	125871.0	123544.0
769	125084.0	123689.0
770	124888.0	124343.0
771	125315.0	124106.0
772	124642.0	123899.0
773	124418.0	123895.0
774	124817.0	124066.0
775	125462.0	124018.0
776	124647.0	124174.0
777	125427.0	123849.0
778	124469.0	123814.0
779	124403.0	124213.0
780	124998.0	124365.0
781	125241.0	124404.0
782	124762.0	124195.0
783	125138.0	124189.0
784	124904.0	123990.0
785	124722.0	124397.0
786	125739.0	123979.0
787	123863.0	123990.0
788	124550.0	124098.0
789	124481.0	124300.0
790	124493.0	124391.0
791	124275.0	124440.0
792	124899.0	124497.0
793	124336.0	124312.0
794	125180.0	124354.0
795	125697.0	124556.0
796	125047.0	123831.0
797	124638.0	123892.0
798	124963.0	124319.0
799	124045.0	123629.0
800	125148.0	124573.0
801	124456.0	124095.0
802	124752.0	123657.0
803	124313.0	124070.0
804	124139.0	124519.0
805	124183.0	124273.0
806	124372.0	124800.0
807	123966.0	124147.0
808	124396.0	124281.0
809	124105.0	124585.0
810	124842.0	124580.0
811	124724.0	123913.0
812	124052.0	124559.0
813	123723.0	124532.0
814	124628.0	124397.0
815	124492.0	125329.0
816	124154.0	125214.0
817	124050.0	124785.0
818	123862.0	124581.0
819	124244.0	124574.0
820	124153.0	124725.0
821	124365.0	124417.0
822	124432.0	124895.0
823	124472.0	124635.0
824	124332.0	124380.0
825	124673.0	124156.0
826	123887.0	124767.0
827	123329.0	125381.0
828	123955.0	124848.0
829	124025.0	124343.0
830	123773.0	125244.0
831	124272.0	124967.0
832	123262.0	124800.0
833	123784.0	124889.0
834	124481.0	125851.0
835	123764.0	125467.0
836	123931.0	125420.0
837	124664.0	124398.0
838	124153.0	125121.0
839	123863.0	125741.0
840	124298.0	125589.0
841	124196.0	125509.0
842	124268.0	125519.0
843	123941.0	125450.0
844	123245.0	125396.0
845	123881.0	126093.0
846	125086.0	125906.0
847	124036.0	125226.0
848	123918.0	125501.0
849	124402.0	125641.0
850	124539.0	125488.0
851	124558.0	125826.0
852	124760.0	125114.0
853	124724.0	125656.0
854	124223.0	126054.0
855	124642.0	126043.0
856	124312.0	125144.0
857	123992.0	125551.0
858	124355.0	125947.0
859	123964.0	125080.0
860	124425.0	125522.0
861	124143.0	125418.0
862	124653.0	125879.0
863	124603.0	126101.0
864	124743.0	125636.0
865	124224.0	125486.0
866	124031.0	126151.0
867	124347.0	125484.0
868	124353.0	125654.0
869	124514.0	125651.0
870	124480.0	125923.0
871	124344.0	125227.0
872	123967.0	125768.0
873	124658.0	125912.0
874	124545.0	125754.0
875	124298.0	125484.0
876	124061.0	125818.0
877	124279.0	125895.0
878	124426.0	125711.0
879	124795.0	125871.0
880	123845.0	125991.0
881	124171.0	125387.0
882	125126.0	125363.0
883	124950.0	125306.0
884	124359.0	125801.0
885	124936.0	125829.0
886	125082.0	125891.0
887	124707.0	125557.0
888	124842.0	125256.0
889	124624.0	124889.0
890	125068.0	125389.0
891	124971.0	125610.0
892	124494.0	125623.0
893	124791.0	125809.0
894	125691.0	126019.0
895	124597.0	125600.0
896	124148.0	125250.0
897	124927.0	126203.0
898	124761.0	125330.0
899	124625.0	125577.0
900	124783.0	124730.0
901	124394.0	125098.0
902	124821.0	125458.0
903	124612.0	125247.0
904	124598.0	125220.0
905	125603.0	125448.0
906	124812.0	125228.0
907	124757.0	124818.0
908	124444.0	125351.0
909	124828.0	125387.0
910	124749.0	124521.0
911	124522.0	125041.0
912	124792.0	125098.0
913	124812.0	124719.0
914	124280.0	125398.0
915	124644.0	125304.0
916	124932.0	124916.0
917	125074.0	125342.0
918	125252.0	124881.0
919	125141.0	125087.0
920	125045.0	124959.0
921	125372.0	125392.0
922	124886.0	125208.0
923	124119.0	124715.0
924	124778.0	125313.0
925	124777.0	124562.0
926	125106.0	125007.0
927	125391.0	125271.0
928	125332.0	124548.0
929	124400.0	124797.0
930	125349.0	124568.0
931	124643.0	125025.0
932	124539.0	125135.0
933	124922.0	124785.0
934	124976.0	124715.0
935	124641.0	124784.0
936	124911.0	124345.0
937	124865.0	125294.0
938	124752.0	124770.0
939	125259.0	125092.0
940	124172.0	124198.0
941	124373.0	125196.0
942	124659.0	124547.0
943	124806.0	124795.0
944	124510.0	124813.0
945	124838.0	124575.0
946	125012.0	123805.0
947	124120.0	124217.0
948	124724.0	124176.0
949	124545.0	123756.0
950	124501.0	124184.0
951	124959.0	124840.0
952	124247.0	124215.0
953	125526.0	124023.0
954	124530.0	124094.0
955	124360.0	124614.0
956	125271.0	124425.0
957	124750.0	124561.0
958	124462.0	123796.0
959	124592.0	124153.0
960	125031.0	124014.0
961	125031.0	124297.0
962	124397.0	123940.0
963	124867.0	123970.0
964	124075.0	124365.0
965	124731.0	124406.0
966	124924.0	124211.0
967	124327.0	123598.0
968	125051.0	124909.0
969	124513.0	123422.0
970	124801.0	123328.0
971	124189.0	124947.0
972	124940.0	124028.0
973	124983.0	123682.0
974	125000.0	124273.0
975	124430.0	123567.0
976	124276.0	123849.0
977	124292.0	124810.0
978	124906.0	123945.0
979	124195.0	124449.0
980	124235.0	124358.0
981	124316.0	124422.0
982	124815.0	123990.0
983	124234.0	123814.0
984	124927.0	123804.0
985	124509.0	123685.0
986	124014.0	124145.0
987	124033.0	124404.0
988	123951.0	123695.0
989	123973.0	124241.0
990	124088.0	124554.0
991	123912.0	124036.0
992	124540.0	123865.0
993	124270.0	124084.0
994	124020.0	124121.0
995	123592.0	123827.0
996	124327.0	123829.0
997	123798.0	124291.0
998	124253.0	124054.0
999	124519.0	123847.0
1000	124274.0	124307.0
1001	124002.0	124572.0
1002	124603.0	124082.0
1003	124420.0	124587.0
1004	124246.0	124803.0
1005	123963.0	124751.0
1006	124097.0	124548.0
1007	123750.0	124279.0
1008	124065.0	124438.0
1009	123595.0	124608.0
1010	124219.0	124335.0
1011	124431.0	124125.0
1012	123778.0	124539.0
1013	123974.0	124277.0
1014	124301.0	124399.0
1015	123936.0	124503.0
1016	123886.0	124425.0
1017	124560.0	124583.0
1018	124219.0	124685.0
1019	124143.0	124474.0
1020	123935.0	124178.0
1021	124186.0	124747.0
1022	124210.0	125010.0
1023	124294.0	124612.0
1024	123242.0	124389.0
1025	123750.0	124751.0
1026	124002.0	125041.0
1027	124323.0	124809.0
1028	123827.0	124827.0
1029	123611.0	124024.0
1030	123324.0	124811.0
1031	124182.0	124549.0
1032	124216.0	124929.0
1033	123662.0	124733.0
1034	124024.0	124761.0
1035	124362.0	124558.0
1036	124720.0	125039.0
1037	123952.0	124334.0
1038	124086.0	124593.0
1039	124488.0	124422.0
1040	124249.0	124867.0
1041	123758.0	124849.0
1042	123871.0	124830.0
1043	123849.0	125339.0
1044	123992.0	125370.0
1045	123913.0	124955.0
1046	123577.0	124472.0
1047	124303.0	124449.0
1048	124308.0	124761.0
1049	124142.0	124968.0
1050	124748.0	124919.0
1051	123624.0	124616.0
1052	124054.0	125053.0
1053	124343.0	124278.0
1054	123709.0	124641.0
1055	123347.0	125391.0
1056	123848.0	125369.0
1057	124419.0	125501.0
1058	123278.0	125202.0
1059	123275.0	125211.0
1060	123520.0	125280.0
1061	123456.0	124491.0
1062	123864.0	125233.0
1063	124358.0	125453.0
1064	124628.0	124971.0
1065	124144.0	125120.0
1066	123811.0	125049.0
1067	123722.0	124478.0
1068	124272.0	125142.0
1069	123790.0	125163.0
1070	123725.0	124290.0
1071	123811.0	124866.0
1072	123451.0	124461.0
1073	123776.0	124778.0
1074	124695.0	124715.0
1075	123722.0	124711.0
1076	123641.0	124213.0
1077	124453.0	124458.0
1078	124191.0	124381.0
1079	124630.0	124667.0
1080	124160.0	124942.0
1081	124204.0	124207.0
1082	123612.0	124649.0
1083	123943.0	124466.0
1084	124196.0	124656.0
1085	124336.0	125248.0
1086	124211.0	124279.0
1087	124030.0	124371.0
1088	123771.0	124735.0
1089	124817.0	124964.0
1090	123910.0	124533.0
1091	124572.0	125094.0
1092	124539.0	125330.0
1093	123909.0	124723.0
1094	123886.0	125372.0
1095	124200.0	124883.0
1096	124264.0	125352.0
1097	123898.0	124527.0
1098	124395.0	124882.0
1099	124004.0	125237.0
1100	124596.0	124704.0
1101	123921.0	124547.0
1102	124012.0	124337.0
1103	123608.0	125162.0
1104	123914.0	124868.0
1105	124370.0	124793.0
1106	124346.0	124167.0
1107	124639.0	124788.0
1108	124387.0	124476.0
1109	124576.0	124462.0
1110	124275.0	124240.0
1111	123987.0	125041.0
1112	124607.0	124349.0
1113	124307.0	124754.0
1114	124805.0	124762.0
1115	124027.0	125344.0
1116	124746.0	124777.0
1117	124111.0	124785.0
1118	124288.0	124752.0
1119	124168.0	124547.0
1120	124254.0	124607.0
1121	124626.0	124451.0
1122	124255.0	124615.0
1123	124914.0	124260.0
1124	124531.0	124614.0
1125	124911.0	124329.0
1126	124463.0	124646.0
1127	124440.0	124409.0
1128	124624.0	124435.0
1129	124214.0	123672.0
1130	123959.0	124513.0
1131	123727.0	123737.0
1132	124158.0	123977.0
1133	124205.0	124224.0
1134	124741.0	124253.0
1135	123962.0	123425.0
1136	124163.0	124208.0
1137	124354.0	123950.0
1138	124191.0	124181.0
1139	123671.0	124142.0
1140	124241.0	124017.0
1141	124378.0	124375.0
1142	124132.0	124626.0
1143	124189.0	124048.0
1144	123564.0	124175.0
1145	123789.0	124281.0
1146	123880.0	124382.0
1147	123750.0	124127.0
1148	123845.0	124003.0
1149	124771.0	124050.0
1150	124587.0	124385.0
1151	124344.0	124210.0
1152	124081.0	123871.0
1153	124341.0	123634.0
1154	123906.0	124463.0
1155	123848.0	123866.0
1156	124297.0	124093.0
1157	124307.0	124109.0
1158	124152.0	123890.0
1159	123631.0	123482.0
1160	124446.0	123740.0
1161	124032.0	124230.0
1162	123780.0	124055.0
1163	124583.0	123783.0
1164	123767.0	124399.0
1165	123589.0	123249.0
1166	123819.0	123640.0
1167	123472.0	123563.0
1168	123566.0	123847.0
1169	124079.0	124287.0
1170	124053.0	123556.0
1171	123920.0	123497.0
1172	123239.0	123427.0
1173	123436.0	123535.0
1174	123943.0	123811.0
1175	124378.0	123805.0
1176	123772.0	124216.0
1177	123590.0	124062.0
1178	123961.0	124207.0
1179	123908.0	124032.0
1180	123427.0	123861.0
1181	123817.0	123802.0
1182	124085.0	123596.0
1183	123582.0	123930.0
1184	123822.0	123787.0
1185	123836.0	123508.0
1186	123773.0	123918.0
1187	123984.0	123016.0
1188	124798.0	124256.0
1189	124103.0	123399.0
1190	123415.0	124282.0
1191	124049.0	124536.0
1192	123316.0	123825.0
1193	123478.0	124075.0
1194	123696.0	123898.0
1195	123693.0	123780.0
1196	123968.0	124242.0
1197	123798.0	123831.0
1198	123451.0	123894.0
1199	124171.0	124383.0
1200	124178.0	124367.0
1201	123952.0	124187.0
1202	124099.0	124315.0
1203	124843.0	124358.0
1204	123529.0	124350.0
1205	123418.0	124972.0
1206	123292.0	123876.0
1207	123531.0	124804.0
1208	123665.0	124242.0
1209	123910.0	123924.0
1210	123388.0	124077.0
1211	123547.0	123973.0
1212	124025.0	124099.0
1213	123667.0	124078.0
1214	123183.0	123782.0
1215	123428.0	124145.0
1216	123305.0	124529.0
1217	123787.0	124091.0
1218	123738.0	123403.0
1219	123706.0	124060.0
1220	123797.0	124209.0
1221	123714.0	123676.0
1222	123378.0	124354.0
1223	123451.0	124708.0
1224	123917.0	124205.0
1225	123912.0	123516.0
1226	123282.0	124342.0
1227	123282.0	124390.0
1228	123812.0	123758.0
1229	123482.0	124086.0
1230	124123.0	124945.0
1231	123646.0	123918.0
1232	122812.0	125018.0
1233	123483.0	123424.0
1234	123633.0	123838.0
1235	123298.0	124476.0
1236	123966.0	124412.0
1237	123651.0	124293.0
1238	123397.0	123903.0
1239	123640.0	124625.0
1240	124201.0	124594.0
1241	123735.0	124527.0
1242	123588.0	124646.0
1243	123525.0	124773.0
1244	123478.0	124201.0
1245	123786.0	124330.0
1246	123617.0	124714.0
1247	123493.0	124437.0
1248	123860.0	123643.0
1249	123966.0	124346.0
1250	123292.0	124739.0
1251	123088.0	124480.0
1252	124183.0	124499.0
1253	123987.0	124114.0
1254	123859.0	124426.0
1255	123844.0	124015.0
1256	123629.0	124121.0
1257	123721.0	124684.0
1258	123543.0	124252.0
1259	123194.0	124541.0
1260	123805.0	124093.0
1261	123268.0	123768.0
1262	123469.0	124358.0
1263	124068.0	124670.0
1264	123523.0	124442.0
1265	123349.0	124510.0
1266	123522.0	124471.0
1267	123761.0	124660.0
1268	123585.0	124741.0
1269	124359.0	124812.0
1270	123147.0	124658.0
1271	123492.0	124907.0
1272	123862.0	124557.0
1273	123682.0	124247.0
1274	123813.0	124198.0
1275	124190.0	124017.0
1276	123287.0	125063.0
1277	123653.0	124708.0
1278	123974.0	124982.0
1279	124252.0	124563.0
1280	124083.0	124544.0
1281	124043.0	124355.0
1282	123607.0	123912.0
1283	124052.0	124889.0
1284	124041.0	124562.0
1285	123959.0	124106.0
1286	123625.0	123853.0
1287	123882.0	124336.0
1288	123654.0	124315.0
1289	123523.0	124472.0
1290	124478.0	124317.0
1291	124368.0	123810.0
1292	123621.0	124321.0
1293	123805.0	124275.0
1294	124048.0	124400.0
1295	124134.0	123805.0
1296	124342.0	124462.0
1297	124460.0	123974.0
1298	123740.0	124417.0
1299	123911.0	124784.0
1300	124020.0	124125.0
1301	123703.0	123982.0
1302	123371.0	123887.0
1303	124492.0	124010.0
1304	124042.0	123705.0
1305	123971.0	123709.0
1306	123418.0	123429.0
1307	123605.0	124531.0
1308	123808.0	124315.0
1309	124105.0	123145.0
1310	124022.0	124281.0
1311	123727.0	124486.0
1312	124237.0	123975.0
1313	124215.0	123950.0
1314	123884.0	123642.0
1315	123408.0	123563.0
1316	124048.0	124335.0
1317	123939.0	123649.0
1318	123379.0	123911.0
1319	123911.0	124122.0
1320	124001.0	124204.0
1321	123666.0	123360.0
1322	123827.0	123803.0
1323	124425.0	123714.0
1324	124040.0	123941.0
1325	123654.0	123825.0
1326	124414.0	123348.0
1327	123330.0	123714.0
1328	123492.0	124338.0
1329	124109.0	123444.0
1330	123783.0	123579.0
1331	123701.0	123879.0
1332	123448.0	123555.0
1333	123881.0	123199.0
1334	123805.0	123780.0
1335	124336.0	123740.0
1336	124326.0	123193.0
1337	123195.0	123307.0
1338	123840.0	123534.0
1339	123908.0	124271.0
1340	123432.0	123442.0
1341	124365.0	123687.0
1342	124082.0	123237.0
1343	123577.0	123509.0
1344	123573.0	123542.0
1345	124089.0	124082.0
1346	123533.0	124169.0
1347	123891.0	123101.0
1348	123526.0	123338.0
1349	123635.0	123614.0
1350	124217.0	123889.0
1351	123378.0	123892.0
1352	123525.0	123967.0
1353	123726.0	123652.0
1354	123265.0	123337.0
1355	123489.0	123477.0
1356	123878.0	122874.0
1357	123973.0	123754.0
1358	123383.0	123644.0
1359	123480.0	123799.0
1360	123171.0	123883.0
1361	123461.0	124043.0
1362	123700.0	123450.0
1363	123540.0	123233.0
1364	123292.0	123345.0
1365	123652.0	123718.0
1366	123763.0	123998.0
1367	123328.0	123418.0
1368	123507.0	123817.0
1369	123302.0	122956.0
1370	123394.0	123517.0
1371	123595.0	123839.0
1372	124141.0	123911.0
1373	123670.0	123702.0
1374	123616.0	123510.0
1375	123638.0	123298.0
1376	123420.0	124107.0
1377	123394.0	124470.0
1378	123870.0	123602.0
1379	122815.0	123180.0
1380	123706.0	123174.0
1381	123225.0	123429.0
1382	123243.0	123402.0
1383	123595.0	123751.0
1384	123140.0	123761.0
1385	123226.0	123594.0
1386	123356.0	123542.0
1387	122946.0	123925.0
1388	123159.0	123684.0
1389	123357.0	124055.0
1390	122632.0	123339.0
1391	123337.0	123945.0
1392	123626.0	123473.0
1393	124018.0	123854.0
1394	123278.0	124194.0
1395	123389.0	123582.0
1396	123195.0	123991.0
1397	123140.0	123420.0
1398	123664.0	123835.0
1399	123910.0	123790.0
1400	123334.0	123689.0
1401	122794.0	123983.0
1402	123486.0	123888.0
1403	123371.0	123685.0
1404	122466.0	123669.0
1405	123686.0	123345.0
1406	123476.0	123470.0
1407	123488.0	123573.0
1408	123774.0	123416.0
1409	122679.0	123256.0
1410	122888.0	124014.0
1411	123116.0	123923.0
1412	123132.0	123735.0
1413	123936.0	123282.0
1414	123712.0	124129.0
1415	122961.0	124095.0
1416	123987.0	124311.0
1417	122858.0	123710.0
1418	122618.0	123765.0
1419	123312.0	123845.0
1420	123466.0	123721.0
1421	123465.0	124000.0
1422	123500.0	124424.0
1423	123268.0	124664.0
1424	123792.0	124247.0
1425	123174.0	124367.0
1426	122980.0	124147.0
1427	123995.0	124671.0
1428	123203.0	124448.0
1429	123586.0	124369.0
1430	123009.0	123430.0
1431	123171.0	123788.0
1432	123494.0	123969.0
1433	123689.0	123863.0
1434	122941.0	124151.0
1435	123102.0	124079.0
1436	122949.0	123801.0
1437	123552.0	123958.0
1438	123264.0	123950.0
1439	122987.0	124165.0
1440	123358.0	123499.0
1441	123812.0	123798.0
1442	123714.0	123999.0
1443	123189.0	123259.0
1444	123042.0	123819.0
1445	123257.0	124601.0
1446	123346.0	124230.0
1447	123378.0	124224.0
1448	123183.0	124031.0
1449	123339.0	123504.0
1450	122959.0	124405.0
1451	123036.0	123579.0
1452	123817.0	123885.0
1453	123369.0	123806.0
1454	123445.0	124076.0
1455	123547.0	124216.0
1456	123631.0	124295.0
1457	123997.0	124441.0
1458	123102.0	124228.0
1459	123281.0	124592.0
1460	123394.0	124093.0
1461	124276.0	124293.0
1462	123499.0	124117.0
1463	122841.0	123898.0
1464	123509.0	123984.0
1465	123530.0	124036.0
1466	123384.0	124292.0
1467	123178.0	123987.0
1468	123491.0	124116.0
1469	123393.0	124162.0
1470	123634.0	124299.0
1471	124064.0	123846.0
1472	123694.0	124209.0
1473	123977.0	124345.0
1474	123446.0	123404.0
1475	123556.0	123353.0
1476	123934.0	123009.0
1477	123502.0	122964.0
1478	123575.0	123206.0
1479	123663.0	124027.0
1480	123443.0	123858.0
1481	122870.0	124061.0
1482	123888.0	123880.0
1483	123915.0	123589.0
1484	123320.0	123401.0
1485	123522.0	123046.0
1486	123445.0	123179.0
1487	123609.0	123547.0
1488	124148.0	123367.0
1489	123311.0	124087.0
1490	123745.0	123659.0
1491	124009.0	123444.0
1492	123208.0	124181.0
1493	123985.0	123642.0
1494	123573.0	123873.0
1495	123190.0	123477.0
1496	124043.0	123835.0
1497	123683.0	123924.0
1498	123957.0	123919.0
1499	123388.0	123982.0
1500	123763.0	123754.0
1501	123687.0	123420.0
1502	123551.0	124054.0
1503	123472.0	123769.0
1504	123668.0	123810.0
1505	123913.0	123819.0
1506	124097.0	124609.0
1507	122860.0	123866.0
1508	123815.0	123441.0
1509	123885.0	123738.0
1510	124060.0	123958.0
1511	123729.0	123128.0
1512	123130.0	122935.0
1513	123670.0	122802.0
1514	123263.0	122762.0
1515	123373.0	123570.0
1516	122638.0	123430.0
1517	123114.0	123749.0
1518	122870.0	123371.0
1519	123575.0	123728.0
1520	122807.0	123581.0
1521	122997.0	124014.0
1522	123113.0	123048.0
1523	123095.0	123506.0
1524	123979.0	123604.0
1525	123848.0	123431.0
1526	122747.0	123656.0
1527	122617.0	123810.0
1528	123068.0	123665.0
1529	122726.0	123395.0
1530	123330.0	124212.0
1531	123359.0	123824.0
1532	123036.0	123318.0
1533	123837.0	123508.0
1534	123077.0	123382.0
1535	123063.0	124049.0
1536	123556.0	123353.0
1537	122821.0	123232.0
1538	123008.0	123634.0
1539	123109.0	123522.0
1540	123282.0	123341.0
1541	122944.0	123362.0
1542	123758.0	122956.0
1543	123354.0	123425.0
1544	123282.0	123867.0
1545	123216.0	123728.0
1546	122697.0	123289.0
1547	123172.0	122788.0
1548	123183.0	123730.0
1549	123798.0	123183.0
1550	123337.0	123433.0
1551	123158.0	123208.0
1552	123666.0	122688.0
1553	122738.0	122741.0
1554	122728.0	124388.0
1555	122984.0	123347.0
1556	123542.0	123504.0
1557	123552.0	122894.0
1558	123188.0	123388.0
1559	122739.0	123115.0
1560	123161.0	123671.0
1561	122999.0	123402.0
1562	122765.0	123988.0
1563	123596.0	123142.0
1564	123024.0	122856.0
1565	123029.0	122882.0
1566	123290.0	122785.0
1567	123320.0	123650.0
1568	122421.0	124060.0
1569	123127.0	123427.0
1570	123394.0	124132.0
1571	122767.0	123876.0
1572	123381.0	123757.0
1573	122887.0	123035.0
1574	122854.0	122613.0
1575	123428.0	123536.0
1576	122966.0	123769.0
1577	122772.0	123948.0
1578	123454.0	123741.0
1579	123331.0	123223.0
1580	123450.0	123306.0
1581	123256.0	123401.0
1582	123268.0	123253.0
1583	122813.0	123588.0
1584	123136.0	123806.0
1585	122896.0	123369.0
1586	122833.0	123925.0
1587	122776.0	123858.0
1588	122977.0	122757.0
1589	123124.0	123736.0
1590	123170.0	123569.0
1591	123485.0	123085.0
1592	123220.0	123872.0
1593	123507.0	123261.0
1594	122625.0	123188.0
1595	123464.0	123752.0
1596	123105.0	123819.0
1597	123165.0	123229.0
1598	123220.0	123592.0
1599	123204.0	123320.0
1600	123263.0	123389.0
1601	123128.0	123562.0
1602	123075.0	123719.0
1603	123145.0	123690.0
1604	123264.0	123578.0
1605	123322.0	123560.0
1606	123489.0	123564.0
1607	122212.0	123156.0
1608	123327.0	123802.0
1609	123576.0	123710.0
1610	122600.0	123852.0
1611	123522.0	122948.0
1612	123382.0	123463.0
1613	123254.0	122978.0
1614	123472.0	123239.0
1615	123505.0	123141.0
1616	123188.0	123772.0
1617	123704.0	123501.0
1618	122617.0	123526.0
1619	123517.0	123905.0
1620	122707.0	123788.0
1621	123259.0	123045.0
1622	123724.0	123251.0
1623	123803.0	123286.0
1624	123762.0	123545.0
1625	123247.0	123575.0
1626	123423.0	122920.0
1627	123386.0	122908.0
1628	122860.0	123003.0
1629	122703.0	123091.0
1630	122697.0	123163.0
1631	123672.0	123389.0
1632	123616.0	123244.0
1633	123262.0	123730.0
1634	122624.0	123735.0
1635	123118.0	124163.0
1636	123381.0	123683.0
1637	123733.0	123349.0
1638	123155.0	123785.0
1639	122666.0	123420.0
1640	123046.0	123736.0
1641	124069.0	123471.0
1642	122977.0	123564.0
1643	122860.0	123783.0
1644	123630.0	122967.0
1645	122707.0	122877.0
1646	122833.0	123728.0
1647	123629.0	123334.0
1648	123010.0	123369.0
1649	122944.0	123669.0
1650	123149.0	123598.0
1651	123357.0	124197.0
1652	122867.0	123201.0
1653	123155.0	123101.0
1654	122638.0	123205.0
1655	123247.0	123599.0
1656	123561.0	123624.0
1657	122823.0	123324.0
1658	122982.0	123706.0
1659	123206.0	123862.0
1660	123187.0	123421.0
1661	122843.0	123585.0
1662	123248.0	123731.0
1663	122928.0	123558.0
1664	122771.0	123467.0
1665	123670.0	123761.0
1666	122915.0	123269.0
1667	123453.0	123694.0
1668	123178.0	123310.0
1669	123625.0	123035.0
1670	123530.0	123223.0
1671	122967.0	123011.0
1672	122872.0	122984.0
1673	122968.0	123839.0
1674	123393.0	123703.0
1675	123483.0	123590.0
1676	122865.0	123332.0
1677	123640.0	123381.0
1678	122507.0	123097.0
1679	122986.0	123191.0
1680	123875.0	123724.0
1681	123171.0	122906.0
1682	123333.0	122830.0
1683	123064.0	122921.0
1684	123255.0	123293.0
1685	123537.0	122563.0
1686	123310.0	123383.0
1687	123152.0	123198.0
1688	123098.0	122891.0
1689	123166.0	123598.0
1690	123839.0	123585.0
1691	123162.0	123774.0
1692	122670.0	122885.0
1693	122387.0	122689.0
1694	122991.0	123339.0
1695	123708.0	123029.0
1696	123583.0	123075.0
1697	123447.0	122371.0
1698	122656.0	122788.0
1699	123046.0	122983.0
1700	123514.0	123110.0
1701	123620.0	123112.0
1702	123567.0	122904.0
1703	123809.0	122680.0
1704	122913.0	123314.0
1705	122822.0	123298.0
1706	123310.0	123576.0
1707	123077.0	123069.0
1708	123296.0	122800.0
1709	123014.0	123087.0
1710	122866.0	122716.0
1711	122605.0	123219.0
1712	123207.0	122669.0
1713	122951.0	122780.0
1714	123043.0	123190.0
1715	122710.0	122788.0
1716	123317.0	123644.0
1717	122735.0	123420.0
1718	122875.0	123179.0
1719	122775.0	122931.0
1720	123387.0	123286.0
1721	123056.0	123446.0
1722	122198.0	123123.0
1723	123192.0	123337.0
1724	123095.0	123134.0
1725	122839.0	122681.0
1726	122876.0	123415.0
1727	123072.0	123183.0
1728	123572.0	123195.0
1729	123253.0	123081.0
1730	122902.0	122620.0
1731	123424.0	122524.0
1732	123402.0	122390.0
1733	123146.0	122901.0
1734	122549.0	122816.0
1735	123143.0	122802.0
1736	123311.0	122943.0
1737	123023.0	123215.0
1738	122846.0	122890.0
1739	123190.0	123690.0
1740	122534.0	123718.0
1741	122968.0	122752.0
1742	122604.0	123174.0
1743	123193.0	123204.0
1744	123288.0	122632.0
1745	122957.0	122961.0
1746	122796.0	122792.0
1747	122940.0	122894.0
1748	122202.0	123364.0
1749	122519.0	123543.0
1750	122826.0	123505.0
1751	122830.0	122852.0
1752	122984.0	123178.0
1753	122569.0	122790.0
1754	122584.0	122430.0
1755	123208.0	122995.0
1756	123208.0	123037.0
1757	122662.0	123523.0
1758	123118.0	123520.0
1759	122847.0	123297.0
1760	122805.0	123180.0
1761	122336.0	122789.0
1762	122511.0	122932.0
1763	123327.0	123112.0
1764	123051.0	123008.0
1765	123247.0	122963.0
1766	122493.0	122845.0
1767	122939.0	123023.0
1768	122912.0	123574.0
1769	123041.0	122757.0
1770	122878.0	122623.0
1771	122819.0	122667.0
1772	122609.0	122796.0
1773	122921.0	123167.0
1774	122786.0	123313.0
1775	123276.0	122934.0
1776	122896.0	122904.0
1777	122386.0	122888.0
1778	122337.0	123464.0
1779	123271.0	123103.0
1780	123287.0	123178.0
1781	123091.0	123082.0
1782	122493.0	122994.0
1783	122751.0	122358.0
1784	122908.0	123359.0
1785	123240.0	122906.0
1786	122937.0	123159.0
1787	123430.0	122781.0
1788	123390.0	123001.0
1789	122939.0	122799.0
1790	122967.0	123719.0
1791	122539.0	123364.0
1792	122698.0	122950.0
1793	122759.0	122880.0
1794	122566.0	123558.0
1795	122827.0	123416.0
1796	123569.0	123068.0
1797	123304.0	123339.0
1798	123305.0	123405.0
1799	122811.0	123642.0
1800	122934.0	123293.0
1801	122831.0	123057.0
1802	122734.0	123528.0
1803	122333.0	123851.0
1804	122848.0	122930.0
1805	123735.0	122544.0
1806	123246.0	123448.0
1807	122822.0	123338.0
1808	122868.0	124005.0
1809	122549.0	123239.0
1810	122611.0	123097.0
1811	123107.0	122859.0
1812	123363.0	123487.0
1813	122911.0	123420.0
1814	122250.0	123863.0
1815	123013.0	123136.0
1816	122948.0	123705.0
1817	122548.0	122950.0
1818	123194.0	122778.0
1819	122377.0	123852.0
1820	122743.0	122493.0
1821	123058.0	122796.0
1822	122918.0	122833.0
1823	122754.0	123537.0
1824	122852.0	122326.0
1825	122529.0	122978.0
1826	122701.0	123723.0
1827	123215.0	123217.0
1828	122772.0	123078.0
1829	123124.0	123437.0
1830	123043.0	122773.0
1831	122975.0	123297.0
1832	122364.0	123237.0
1833	123323.0	122680.0
1834	122620.0	123162.0
1835	122622.0	123734.0
1836	122935.0	123608.0
1837	123526.0	123802.0
1838	122934.0	122957.0
1839	122826.0	123291.0
1840	122929.0	122659.0
1841	123005.0	122889.0
1842	122603.0	122963.0
1843	123263.0	122642.0
1844	123619.0	123148.0
1845	123325.0	123258.0
1846	122744.0	123054.0
1847	122953.0	123058.0
1848	122903.0	123480.0
1849	123092.0	123042.0
1850	122547.0	123186.0
1851	122870.0	123041.0
1852	122312.0	123444.0
1853	122883.0	123465.0
1854	123816.0	123027.0
1855	123383.0	123072.0
1856	122726.0	123387.0
1857	123046.0	123198.0
1858	122468.0	123430.0
1859	123026.0	123353.0
1860	123384.0	123242.0
1861	123045.0	123235.0
1862	123167.0	123395.0
1863	123222.0	123096.0
1864	123270.0	123033.0
1865	123104.0	122863.0
1866	123104.0	122946.0
1867	123568.0	123171.0
1868	123277.0	123005.0
1869	123639.0	122896.0
1870	122926.0	123242.0
1871	122812.0	122914.0
1872	123293.0	122898.0
1873	122883.0	122984.0
1874	122633.0	123364.0
1875	122728.0	123529.0
1876	123507.0	123319.0
1877	122856.0	123076.0
1878	122404.0	122780.0
1879	122814.0	123035.0
1880	123035.0	123228.0
1881	122902.0	123056.0
1882	123115.0	123332.0
1883	122836.0	122998.0
1884	123219.0	122865.0
1885	122922.0	122721.0
1886	123256.0	123042.0
1887	123028.0	122990.0
1888	122649.0	122672.0
1889	123182.0	122509.0
1890	123414.0	122873.0
1891	122584.0	122787.0
1892	123530.0	123429.0
1893	122595.0	122860.0
1894	123080.0	122904.0
1895	122693.0	122942.0
1896	122792.0	122709.0
1897	122826.0	122758.0
1898	122520.0	122609.0
1899	122821.0	122574.0
1900	122624.0	122789.0
1901	122915.0	123041.0
1902	123335.0	123006.0
1903	123544.0	122941.0
1904	122672.0	123049.0
1905	122730.0	122784.0
1906	122754.0	123735.0
1907	123303.0	123183.0
1908	123622.0	122930.0
1909	123222.0	122814.0
1910	123288.0	122357.0
1911	122884.0	122871.0
1912	122624.0	122972.0
1913	122513.0	122661.0
1914	122937.0	123673.0
1915	122448.0	122818.0
1916	122752.0	122809.0
1917	122976.0	122859.0
1918	122194.0	122838.0
1919	122550.0	123110.0
1920	122840.0	122909.0
1921	122891.0	123377.0
1922	122454.0	123412.0
1923	123198.0	123429.0
1924	123225.0	122573.0
1925	123085.0	123180.0
1926	122335.0	123380.0
1927	122459.0	122563.0
1928	123011.0	123033.0
1929	122776.0	122919.0
1930	122384.0	122518.0
1931	121475.0	122876.0
1932	122752.0	123270.0
1933	122782.0	122806.0
1934	122455.0	122985.0
1935	122951.0	122779.0
1936	122623.0	123283.0
1937	122992.0	122367.0
1938	122960.0	122629.0
1939	122094.0	123496.0
1940	123024.0	123150.0
1941	122575.0	123570.0
1942	122442.0	123116.0
1943	122741.0	122311.0
1944	122620.0	123032.0
1945	123152.0	123217.0
1946	122128.0	122183.0
1947	122911.0	122842.0
1948	122764.0	122450.0
1949	122443.0	123051.0
1950	122950.0	122715.0
1951	122357.0	123147.0
1952	122814.0	122672.0
1953	122716.0	122588.0
1954	122559.0	122575.0
1955	122717.0	122507.0
1956	122679.0	122948.0
1957	122976.0	122708.0
1958	122969.0	122941.0
1959	122537.0	122746.0
1960	122774.0	123238.0
1961	122563.0	122965.0
1962	121809.0	123117.0
1963	122634.0	123006.0
1964	122626.0	122975.0
1965	122792.0	122987.0
1966	122737.0	123691.0
1967	122381.0	123140.0
1968	122603.0	123278.0
1969	122909.0	123465.0
1970	122529.0	122675.0
1971	122443.0	122287.0
1972	122556.0	122877.0
1973	122740.0	122756.0
1974	122169.0	123420.0
1975	122449.0	123249.0
1976	123034.0	122567.0
1977	123171.0	122682.0
1978	122418.0	122214.0
1979	122674.0	122612.0
1980	123100.0	122660.0
1981	122332.0	122891.0
1982	122392.0	122955.0
1983	122782.0	123504.0
1984	122828.0	122926.0
1985	122818.0	122853.0
1986	122769.0	122986.0
1987	122329.0	122264.0
1988	122634.0	122876.0
1989	122783.0	122991.0
1990	122654.0	122912.0
1991	122307.0	123310.0
1992	122470.0	123391.0
1993	122642.0	123201.0
1994	122633.0	122790.0
1995	122617.0	122761.0
1996	122864.0	122953.0
1997	122440.0	123214.0
1998	123059.0	122776.0
1999	122995.0	123453.0
