Distance in bp(Fragment Length Estimate: 634)(Peak Width Estimate: 634)	Same Strand (+ for Watson strand, - for Crick)	Opposite Strand
-2000	121327.0	120510.0
-1999	121210.0	120969.0
-1998	121551.0	120500.0
-1997	121786.0	121823.0
-1996	121397.0	121879.0
-1995	122059.0	121253.0
-1994	122006.0	120928.0
-1993	121856.0	120641.0
-1992	121541.0	121032.0
-1991	121422.0	120151.0
-1990	121482.0	120991.0
-1989	121803.0	121164.0
-1988	121454.0	121232.0
-1987	121535.0	120888.0
-1986	122131.0	121269.0
-1985	121329.0	120729.0
-1984	121251.0	121291.0
-1983	121407.0	121417.0
-1982	121420.0	121542.0
-1981	121801.0	120829.0
-1980	121691.0	120776.0
-1979	121696.0	121533.0
-1978	121922.0	121755.0
-1977	122068.0	121422.0
-1976	121689.0	120744.0
-1975	121901.0	121314.0
-1974	121367.0	120734.0
-1973	121633.0	121501.0
-1972	121575.0	121132.0
-1971	121451.0	121103.0
-1970	121733.0	121232.0
-1969	121727.0	121137.0
-1968	121629.0	120807.0
-1967	122023.0	121139.0
-1966	121742.0	121583.0
-1965	121158.0	120890.0
-1964	121917.0	120538.0
-1963	122214.0	121168.0
-1962	121968.0	121513.0
-1961	121601.0	120841.0
-1960	121781.0	120864.0
-1959	122251.0	121082.0
-1958	121743.0	121316.0
-1957	121464.0	121025.0
-1956	121654.0	121783.0
-1955	121794.0	121497.0
-1954	122111.0	121665.0
-1953	121278.0	121316.0
-1952	121480.0	120965.0
-1951	121363.0	120771.0
-1950	122225.0	121150.0
-1949	122005.0	121253.0
-1948	122063.0	121198.0
-1947	121727.0	120970.0
-1946	121412.0	121103.0
-1945	121377.0	121536.0
-1944	121983.0	121493.0
-1943	121580.0	121467.0
-1942	121619.0	120196.0
-1941	121922.0	121507.0
-1940	121507.0	120741.0
-1939	121084.0	121087.0
-1938	121792.0	122054.0
-1937	121119.0	120786.0
-1936	121738.0	121346.0
-1935	121648.0	121445.0
-1934	121234.0	121266.0
-1933	121560.0	121161.0
-1932	122394.0	121029.0
-1931	122064.0	120890.0
-1930	121945.0	121576.0
-1929	121924.0	121188.0
-1928	121582.0	120978.0
-1927	121969.0	121096.0
-1926	121983.0	120924.0
-1925	121820.0	121374.0
-1924	122119.0	121401.0
-1923	122254.0	121290.0
-1922	121968.0	121183.0
-1921	121672.0	121178.0
-1920	121471.0	121467.0
-1919	121405.0	121264.0
-1918	121151.0	121135.0
-1917	121284.0	120849.0
-1916	121437.0	121105.0
-1915	121361.0	121229.0
-1914	121608.0	121884.0
-1913	122044.0	121405.0
-1912	121546.0	121469.0
-1911	122056.0	121099.0
-1910	121647.0	121800.0
-1909	121482.0	121142.0
-1908	121811.0	121149.0
-1907	121519.0	121466.0
-1906	121475.0	120565.0
-1905	121683.0	121409.0
-1904	121182.0	121415.0
-1903	121386.0	121332.0
-1902	121715.0	121023.0
-1901	121969.0	121678.0
-1900	121955.0	121335.0
-1899	121852.0	121802.0
-1898	121134.0	121433.0
-1897	121385.0	121404.0
-1896	122191.0	121630.0
-1895	121457.0	121809.0
-1894	121781.0	122327.0
-1893	121853.0	121140.0
-1892	121532.0	121026.0
-1891	121050.0	121587.0
-1890	121522.0	122098.0
-1889	121348.0	121744.0
-1888	121663.0	121906.0
-1887	121961.0	121530.0
-1886	121766.0	121227.0
-1885	121813.0	121418.0
-1884	122005.0	121433.0
-1883	122344.0	121026.0
-1882	121988.0	121461.0
-1881	121849.0	121541.0
-1880	121658.0	121764.0
-1879	121944.0	121370.0
-1878	121476.0	121413.0
-1877	121575.0	121630.0
-1876	121853.0	120740.0
-1875	121643.0	121648.0
-1874	121675.0	121399.0
-1873	121634.0	121190.0
-1872	121928.0	122053.0
-1871	122432.0	121665.0
-1870	122046.0	121682.0
-1869	121715.0	121425.0
-1868	121770.0	121888.0
-1867	122119.0	121401.0
-1866	121961.0	121317.0
-1865	121741.0	121524.0
-1864	121556.0	121973.0
-1863	122478.0	121781.0
-1862	121534.0	121468.0
-1861	121565.0	121654.0
-1860	122061.0	121975.0
-1859	121548.0	121803.0
-1858	122264.0	121480.0
-1857	122052.0	120906.0
-1856	121191.0	120999.0
-1855	122033.0	121417.0
-1854	122017.0	121531.0
-1853	122019.0	121421.0
-1852	121590.0	122057.0
-1851	121720.0	121669.0
-1850	121834.0	121410.0
-1849	122165.0	122046.0
-1848	121926.0	121538.0
-1847	122393.0	121481.0
-1846	121426.0	121617.0
-1845	121568.0	121225.0
-1844	121835.0	121753.0
-1843	121543.0	120879.0
-1842	121750.0	121350.0
-1841	121615.0	121483.0
-1840	122145.0	121510.0
-1839	121970.0	121793.0
-1838	121819.0	121263.0
-1837	121452.0	121500.0
-1836	122504.0	121877.0
-1835	122015.0	121574.0
-1834	121807.0	121238.0
-1833	121958.0	120953.0
-1832	121505.0	121737.0
-1831	121810.0	121530.0
-1830	121607.0	121901.0
-1829	121896.0	122194.0
-1828	121666.0	121642.0
-1827	122035.0	121173.0
-1826	121706.0	121155.0
-1825	121828.0	121676.0
-1824	122438.0	121962.0
-1823	121872.0	121351.0
-1822	121800.0	120876.0
-1821	121674.0	121916.0
-1820	121734.0	121675.0
-1819	122447.0	121310.0
-1818	122412.0	121288.0
-1817	122058.0	121253.0
-1816	122013.0	121550.0
-1815	121661.0	121231.0
-1814	121672.0	122316.0
-1813	122136.0	121827.0
-1812	121581.0	121840.0
-1811	122069.0	120738.0
-1810	121695.0	121298.0
-1809	121908.0	122006.0
-1808	121847.0	121620.0
-1807	121970.0	121574.0
-1806	121977.0	121367.0
-1805	121948.0	121609.0
-1804	122150.0	121093.0
-1803	122918.0	121623.0
-1802	122166.0	121229.0
-1801	121840.0	121579.0
-1800	121437.0	121843.0
-1799	121774.0	121411.0
-1798	121890.0	121784.0
-1797	122611.0	121505.0
-1796	121893.0	121889.0
-1795	122163.0	121524.0
-1794	122093.0	121474.0
-1793	122144.0	121516.0
-1792	121924.0	121869.0
-1791	122319.0	121360.0
-1790	121686.0	121588.0
-1789	122150.0	121566.0
-1788	122126.0	122062.0
-1787	121490.0	121577.0
-1786	121753.0	121456.0
-1785	122486.0	121958.0
-1784	122408.0	121057.0
-1783	121990.0	121783.0
-1782	122472.0	121567.0
-1781	122021.0	121592.0
-1780	121612.0	122011.0
-1779	122093.0	121670.0
-1778	122007.0	121635.0
-1777	122123.0	122153.0
-1776	122115.0	122165.0
-1775	122740.0	122041.0
-1774	121895.0	121091.0
-1773	122078.0	121536.0
-1772	121843.0	121606.0
-1771	121732.0	121798.0
-1770	121947.0	121647.0
-1769	121817.0	121161.0
-1768	122300.0	121264.0
-1767	122293.0	121827.0
-1766	122228.0	121435.0
-1765	121907.0	121625.0
-1764	122083.0	121896.0
-1763	121536.0	121806.0
-1762	122081.0	121504.0
-1761	122366.0	121417.0
-1760	122253.0	121837.0
-1759	121935.0	121834.0
-1758	121621.0	122126.0
-1757	121989.0	121547.0
-1756	122090.0	121466.0
-1755	122315.0	121951.0
-1754	121793.0	121733.0
-1753	121864.0	121760.0
-1752	121807.0	121484.0
-1751	121967.0	121719.0
-1750	121746.0	121831.0
-1749	121785.0	121602.0
-1748	122415.0	122049.0
-1747	122617.0	122033.0
-1746	122411.0	122278.0
-1745	121868.0	121372.0
-1744	121871.0	121863.0
-1743	122374.0	121411.0
-1742	122016.0	121604.0
-1741	122174.0	121455.0
-1740	122024.0	121247.0
-1739	121419.0	121808.0
-1738	122256.0	121433.0
-1737	122452.0	121350.0
-1736	122235.0	121361.0
-1735	122378.0	121456.0
-1734	122329.0	121319.0
-1733	121789.0	122256.0
-1732	121884.0	121915.0
-1731	122134.0	121330.0
-1730	122032.0	121498.0
-1729	122520.0	121884.0
-1728	121938.0	122557.0
-1727	122312.0	121814.0
-1726	122817.0	122416.0
-1725	122542.0	122168.0
-1724	122426.0	121701.0
-1723	122025.0	122691.0
-1722	122416.0	121415.0
-1721	122476.0	121451.0
-1720	122752.0	121330.0
-1719	121746.0	121819.0
-1718	122207.0	121487.0
-1717	122291.0	121205.0
-1716	122535.0	122290.0
-1715	121994.0	121364.0
-1714	122125.0	121927.0
-1713	122070.0	122058.0
-1712	122011.0	121499.0
-1711	121830.0	121833.0
-1710	122487.0	121765.0
-1709	122395.0	122124.0
-1708	121728.0	122087.0
-1707	122261.0	122299.0
-1706	121530.0	121550.0
-1705	122128.0	122074.0
-1704	121655.0	121447.0
-1703	122338.0	121983.0
-1702	122748.0	121813.0
-1701	122268.0	122388.0
-1700	121307.0	121894.0
-1699	122251.0	121717.0
-1698	122831.0	122265.0
-1697	122107.0	121841.0
-1696	122697.0	122203.0
-1695	122838.0	122245.0
-1694	122440.0	122228.0
-1693	122331.0	122585.0
-1692	122700.0	122204.0
-1691	122624.0	121780.0
-1690	122814.0	122544.0
-1689	123087.0	121459.0
-1688	122191.0	121882.0
-1687	122350.0	121894.0
-1686	122446.0	122777.0
-1685	122460.0	121842.0
-1684	123067.0	122079.0
-1683	122588.0	121652.0
-1682	122130.0	121967.0
-1681	122861.0	122105.0
-1680	122914.0	121931.0
-1679	122855.0	121480.0
-1678	122735.0	122079.0
-1677	122785.0	121980.0
-1676	122006.0	122217.0
-1675	121841.0	121643.0
-1674	122486.0	122518.0
-1673	122468.0	121590.0
-1672	121638.0	121936.0
-1671	122243.0	122049.0
-1670	122541.0	122223.0
-1669	122312.0	122485.0
-1668	122552.0	122314.0
-1667	122694.0	121976.0
-1666	122695.0	121745.0
-1665	122318.0	121912.0
-1664	122678.0	121721.0
-1663	122107.0	121485.0
-1662	122130.0	122197.0
-1661	122209.0	122289.0
-1660	122423.0	122074.0
-1659	122199.0	121821.0
-1658	121829.0	121906.0
-1657	122378.0	121744.0
-1656	121815.0	121953.0
-1655	122398.0	122179.0
-1654	122085.0	122463.0
-1653	123005.0	122381.0
-1652	122106.0	122046.0
-1651	122213.0	122084.0
-1650	122050.0	121755.0
-1649	122444.0	122470.0
-1648	122743.0	121844.0
-1647	122089.0	121911.0
-1646	122118.0	121101.0
-1645	122158.0	121855.0
-1644	121803.0	122463.0
-1643	121884.0	121931.0
-1642	122086.0	122198.0
-1641	122437.0	122334.0
-1640	122205.0	122423.0
-1639	122627.0	122233.0
-1638	122288.0	121743.0
-1637	122452.0	122020.0
-1636	122802.0	122072.0
-1635	122512.0	121856.0
-1634	122487.0	122009.0
-1633	122537.0	122409.0
-1632	123135.0	121997.0
-1631	122803.0	121869.0
-1630	121943.0	121819.0
-1629	122343.0	121896.0
-1628	122079.0	122084.0
-1627	121921.0	122527.0
-1626	122513.0	121700.0
-1625	122124.0	122039.0
-1624	122271.0	122588.0
-1623	122318.0	121728.0
-1622	122382.0	122103.0
-1621	122190.0	122501.0
-1620	122395.0	122531.0
-1619	122464.0	122143.0
-1618	121791.0	121853.0
-1617	122186.0	122418.0
-1616	121601.0	122627.0
-1615	122083.0	122168.0
-1614	122400.0	122449.0
-1613	122166.0	121504.0
-1612	122759.0	121622.0
-1611	122394.0	121765.0
-1610	122593.0	122156.0
-1609	122582.0	122118.0
-1608	122984.0	122274.0
-1607	122167.0	121964.0
-1606	121945.0	122093.0
-1605	122989.0	122108.0
-1604	122871.0	122480.0
-1603	122288.0	122757.0
-1602	122702.0	122140.0
-1601	122252.0	122069.0
-1600	122606.0	122275.0
-1599	123236.0	122779.0
-1598	122681.0	122451.0
-1597	123065.0	121825.0
-1596	122704.0	121730.0
-1595	121810.0	122185.0
-1594	122745.0	122245.0
-1593	122679.0	122269.0
-1592	122286.0	121790.0
-1591	122697.0	121780.0
-1590	123097.0	121737.0
-1589	122492.0	122262.0
-1588	122794.0	122727.0
-1587	122621.0	122294.0
-1586	122158.0	122782.0
-1585	122066.0	122226.0
-1584	122467.0	121971.0
-1583	121954.0	122302.0
-1582	122245.0	122587.0
-1581	122586.0	122802.0
-1580	122652.0	121874.0
-1579	122603.0	122191.0
-1578	122731.0	122052.0
-1577	122702.0	121879.0
-1576	122399.0	122740.0
-1575	122796.0	122623.0
-1574	122674.0	122169.0
-1573	122387.0	122281.0
-1572	122735.0	122432.0
-1571	122013.0	122169.0
-1570	122666.0	122669.0
-1569	122349.0	122496.0
-1568	123087.0	121839.0
-1567	122461.0	122444.0
-1566	123088.0	122577.0
-1565	122423.0	122092.0
-1564	122082.0	122404.0
-1563	122478.0	122392.0
-1562	122056.0	122790.0
-1561	121992.0	122434.0
-1560	122219.0	122321.0
-1559	122502.0	122513.0
-1558	122348.0	122692.0
-1557	123001.0	122340.0
-1556	122265.0	122133.0
-1555	122718.0	122122.0
-1554	122485.0	122653.0
-1553	122638.0	122666.0
-1552	122988.0	122517.0
-1551	123033.0	122160.0
-1550	122873.0	121978.0
-1549	122383.0	121999.0
-1548	122972.0	122490.0
-1547	122468.0	122592.0
-1546	121819.0	122581.0
-1545	122528.0	121581.0
-1544	122521.0	121938.0
-1543	122294.0	122669.0
-1542	122809.0	122248.0
-1541	122817.0	122203.0
-1540	122662.0	121683.0
-1539	122910.0	122437.0
-1538	122650.0	121973.0
-1537	122564.0	122368.0
-1536	123224.0	121994.0
-1535	122866.0	122144.0
-1534	122851.0	122707.0
-1533	122638.0	121794.0
-1532	122460.0	122383.0
-1531	122302.0	122462.0
-1530	122790.0	122241.0
-1529	122429.0	122152.0
-1528	122748.0	122625.0
-1527	122993.0	122887.0
-1526	122877.0	122110.0
-1525	122617.0	122796.0
-1524	123201.0	122680.0
-1523	123160.0	122580.0
-1522	122763.0	122366.0
-1521	122977.0	121732.0
-1520	123214.0	122182.0
-1519	123589.0	122535.0
-1518	122845.0	122386.0
-1517	122579.0	122894.0
-1516	122438.0	122015.0
-1515	123160.0	123296.0
-1514	122600.0	122670.0
-1513	123003.0	122724.0
-1512	122905.0	122182.0
-1511	122476.0	122513.0
-1510	122543.0	122135.0
-1509	123199.0	122170.0
-1508	122747.0	121926.0
-1507	123076.0	122529.0
-1506	122652.0	122481.0
-1505	122561.0	122325.0
-1504	122323.0	122684.0
-1503	123166.0	122411.0
-1502	122924.0	122363.0
-1501	123459.0	122337.0
-1500	122955.0	122040.0
-1499	122934.0	122283.0
-1498	123264.0	122440.0
-1497	122251.0	121880.0
-1496	122634.0	122394.0
-1495	122333.0	122954.0
-1494	122856.0	123126.0
-1493	122547.0	122155.0
-1492	122508.0	122400.0
-1491	122942.0	121670.0
-1490	123021.0	122038.0
-1489	123047.0	121995.0
-1488	123237.0	122544.0
-1487	122458.0	122848.0
-1486	123272.0	122618.0
-1485	123243.0	122617.0
-1484	122449.0	122065.0
-1483	122357.0	122686.0
-1482	123126.0	123109.0
-1481	122714.0	122524.0
-1480	123033.0	122260.0
-1479	122750.0	122067.0
-1478	123194.0	121784.0
-1477	122943.0	122172.0
-1476	122546.0	122071.0
-1475	122812.0	122968.0
-1474	122591.0	122441.0
-1473	122839.0	122561.0
-1472	122939.0	122528.0
-1471	123265.0	122036.0
-1470	123036.0	122411.0
-1469	122227.0	122236.0
-1468	122494.0	122420.0
-1467	122860.0	122035.0
-1466	122215.0	122088.0
-1465	122973.0	122648.0
-1464	122905.0	122898.0
-1463	123098.0	122080.0
-1462	122789.0	122155.0
-1461	122813.0	122323.0
-1460	123160.0	122277.0
-1459	122977.0	123105.0
-1458	123351.0	122616.0
-1457	123405.0	122427.0
-1456	122770.0	122417.0
-1455	123756.0	122432.0
-1454	123123.0	122043.0
-1453	122936.0	122495.0
-1452	122616.0	122206.0
-1451	122797.0	122643.0
-1450	123315.0	122529.0
-1449	122843.0	122113.0
-1448	123056.0	122381.0
-1447	123032.0	122199.0
-1446	122617.0	122461.0
-1445	122629.0	121805.0
-1444	123396.0	122810.0
-1443	122948.0	122018.0
-1442	122616.0	121986.0
-1441	122880.0	123111.0
-1440	122751.0	122211.0
-1439	122837.0	122449.0
-1438	123469.0	122471.0
-1437	122604.0	122746.0
-1436	122210.0	121870.0
-1435	122206.0	122377.0
-1434	122484.0	122168.0
-1433	122234.0	122558.0
-1432	122239.0	122677.0
-1431	122303.0	122345.0
-1430	123257.0	122863.0
-1429	122792.0	122825.0
-1428	123278.0	121903.0
-1427	122607.0	121986.0
-1426	122293.0	122705.0
-1425	122076.0	123116.0
-1424	122648.0	122355.0
-1423	123110.0	122348.0
-1422	122990.0	122655.0
-1421	122265.0	122415.0
-1420	123027.0	122016.0
-1419	122853.0	122678.0
-1418	122756.0	122689.0
-1417	122371.0	122737.0
-1416	123117.0	122577.0
-1415	122371.0	122966.0
-1414	122607.0	122347.0
-1413	122741.0	121920.0
-1412	122854.0	122763.0
-1411	122045.0	122213.0
-1410	122769.0	122865.0
-1409	122063.0	122718.0
-1408	123036.0	122659.0
-1407	122568.0	122133.0
-1406	122002.0	122591.0
-1405	122689.0	122530.0
-1404	123187.0	122273.0
-1403	122897.0	122080.0
-1402	123410.0	122491.0
-1401	123313.0	122839.0
-1400	122726.0	122605.0
-1399	123141.0	122212.0
-1398	123505.0	122344.0
-1397	122653.0	122129.0
-1396	123433.0	122977.0
-1395	122660.0	122747.0
-1394	122699.0	122824.0
-1393	122759.0	122324.0
-1392	122647.0	122836.0
-1391	123135.0	122532.0
-1390	123397.0	122927.0
-1389	123012.0	122318.0
-1388	122770.0	122641.0
-1387	123030.0	123049.0
-1386	123139.0	123168.0
-1385	122303.0	122818.0
-1384	123067.0	122460.0
-1383	122983.0	122328.0
-1382	122569.0	122350.0
-1381	123145.0	122740.0
-1380	122637.0	122543.0
-1379	122919.0	122869.0
-1378	123128.0	122683.0
-1377	122930.0	122447.0
-1376	122980.0	122404.0
-1375	123376.0	122507.0
-1374	123537.0	122475.0
-1373	123098.0	122434.0
-1372	123722.0	122751.0
-1371	122839.0	122565.0
-1370	122771.0	122588.0
-1369	122668.0	123024.0
-1368	122909.0	122717.0
-1367	123004.0	123062.0
-1366	122881.0	121977.0
-1365	123153.0	122386.0
-1364	123155.0	122689.0
-1363	123334.0	122608.0
-1362	123176.0	122617.0
-1361	123282.0	122822.0
-1360	123088.0	122866.0
-1359	122986.0	123051.0
-1358	123205.0	122709.0
-1357	122519.0	122578.0
-1356	123627.0	123097.0
-1355	122804.0	122557.0
-1354	123546.0	122679.0
-1353	123604.0	122707.0
-1352	123517.0	122468.0
-1351	123014.0	123049.0
-1350	123450.0	122930.0
-1349	122811.0	122855.0
-1348	123056.0	122643.0
-1347	123362.0	123472.0
-1346	122880.0	122784.0
-1345	123617.0	122547.0
-1344	122885.0	123280.0
-1343	122621.0	123391.0
-1342	122705.0	123052.0
-1341	123152.0	122838.0
-1340	122418.0	122886.0
-1339	122651.0	123238.0
-1338	123598.0	122709.0
-1337	123396.0	123380.0
-1336	122964.0	122449.0
-1335	123973.0	122552.0
-1334	123550.0	122622.0
-1333	122921.0	122944.0
-1332	123652.0	123214.0
-1331	123131.0	122960.0
-1330	122892.0	123293.0
-1329	123169.0	123048.0
-1328	123556.0	122770.0
-1327	123516.0	122869.0
-1326	123507.0	122924.0
-1325	123312.0	122421.0
-1324	124039.0	122918.0
-1323	123691.0	122658.0
-1322	123034.0	122899.0
-1321	123045.0	123200.0
-1320	123546.0	122965.0
-1319	123176.0	122870.0
-1318	123457.0	122927.0
-1317	122972.0	122728.0
-1316	123209.0	122575.0
-1315	122742.0	122656.0
-1314	123207.0	122425.0
-1313	122613.0	122322.0
-1312	122591.0	122974.0
-1311	123457.0	122837.0
-1310	123128.0	123006.0
-1309	123306.0	123214.0
-1308	123489.0	123018.0
-1307	123127.0	122777.0
-1306	123408.0	123195.0
-1305	124188.0	122640.0
-1304	123101.0	122984.0
-1303	123429.0	122902.0
-1302	122735.0	122784.0
-1301	123431.0	122706.0
-1300	123736.0	122669.0
-1299	123296.0	123044.0
-1298	123576.0	122560.0
-1297	123402.0	122718.0
-1296	123242.0	122805.0
-1295	123415.0	122653.0
-1294	123173.0	122842.0
-1293	123482.0	122917.0
-1292	123245.0	123040.0
-1291	123109.0	123094.0
-1290	123073.0	122720.0
-1289	123054.0	122639.0
-1288	123071.0	122702.0
-1287	122867.0	122686.0
-1286	123168.0	122264.0
-1285	123121.0	122500.0
-1284	123222.0	122597.0
-1283	122931.0	122345.0
-1282	123066.0	122598.0
-1281	123197.0	122990.0
-1280	122696.0	122214.0
-1279	123069.0	122821.0
-1278	123250.0	122416.0
-1277	123232.0	122560.0
-1276	122766.0	122993.0
-1275	122930.0	122629.0
-1274	122479.0	122982.0
-1273	123197.0	122613.0
-1272	123067.0	123027.0
-1271	123208.0	123007.0
-1270	123229.0	123071.0
-1269	123467.0	122975.0
-1268	122901.0	122435.0
-1267	122713.0	123403.0
-1266	123297.0	122504.0
-1265	122811.0	122694.0
-1264	123103.0	123282.0
-1263	123282.0	122954.0
-1262	122651.0	122974.0
-1261	123215.0	122944.0
-1260	122936.0	122804.0
-1259	122565.0	122801.0
-1258	122771.0	122910.0
-1257	123173.0	122395.0
-1256	123152.0	123138.0
-1255	123092.0	123306.0
-1254	123525.0	123503.0
-1253	122808.0	123058.0
-1252	123247.0	123248.0
-1251	123577.0	122801.0
-1250	123666.0	122743.0
-1249	123231.0	123480.0
-1248	123158.0	123087.0
-1247	122727.0	123276.0
-1246	123092.0	123285.0
-1245	123412.0	123206.0
-1244	122955.0	123244.0
-1243	123188.0	122503.0
-1242	123728.0	122811.0
-1241	123092.0	122677.0
-1240	123002.0	123571.0
-1239	122817.0	122695.0
-1238	123136.0	122919.0
-1237	123572.0	123260.0
-1236	123067.0	122814.0
-1235	122531.0	122329.0
-1234	123130.0	123027.0
-1233	123080.0	123656.0
-1232	123254.0	122573.0
-1231	123058.0	123035.0
-1230	123427.0	122931.0
-1229	122490.0	123090.0
-1228	123223.0	123243.0
-1227	122893.0	123585.0
-1226	122622.0	123062.0
-1225	122872.0	123380.0
-1224	123746.0	123458.0
-1223	123224.0	122826.0
-1222	123234.0	123215.0
-1221	123302.0	123900.0
-1220	122864.0	123581.0
-1219	122724.0	123419.0
-1218	123165.0	123856.0
-1217	123879.0	123896.0
-1216	123859.0	123137.0
-1215	123933.0	123506.0
-1214	123470.0	123572.0
-1213	123239.0	122922.0
-1212	122848.0	122941.0
-1211	122929.0	123420.0
-1210	124037.0	123391.0
-1209	123128.0	122854.0
-1208	123611.0	123004.0
-1207	123217.0	123013.0
-1206	123939.0	123249.0
-1205	122768.0	123797.0
-1204	123152.0	123649.0
-1203	123571.0	122903.0
-1202	123546.0	123377.0
-1201	123905.0	123337.0
-1200	123674.0	123340.0
-1199	123686.0	123499.0
-1198	124193.0	122740.0
-1197	123582.0	123594.0
-1196	123376.0	123358.0
-1195	122878.0	123076.0
-1194	123415.0	123284.0
-1193	123877.0	123634.0
-1192	122965.0	123517.0
-1191	123632.0	123163.0
-1190	123822.0	122901.0
-1189	122732.0	123349.0
-1188	123924.0	123156.0
-1187	123868.0	123369.0
-1186	123482.0	123387.0
-1185	123429.0	123274.0
-1184	123789.0	123172.0
-1183	123954.0	123177.0
-1182	124273.0	122781.0
-1181	123415.0	123272.0
-1180	123242.0	123198.0
-1179	124304.0	123069.0
-1178	123962.0	123110.0
-1177	124156.0	122352.0
-1176	123774.0	123137.0
-1175	123347.0	123350.0
-1174	123731.0	123192.0
-1173	123527.0	123649.0
-1172	124305.0	122659.0
-1171	124089.0	123817.0
-1170	124154.0	123290.0
-1169	123903.0	123223.0
-1168	123653.0	123311.0
-1167	124503.0	123337.0
-1166	124149.0	122613.0
-1165	123855.0	122993.0
-1164	123698.0	122247.0
-1163	123638.0	123702.0
-1162	124015.0	123603.0
-1161	124118.0	123132.0
-1160	123364.0	122475.0
-1159	124097.0	123273.0
-1158	123753.0	122721.0
-1157	123894.0	122790.0
-1156	123986.0	123844.0
-1155	123753.0	123131.0
-1154	123852.0	123508.0
-1153	124095.0	123115.0
-1152	124228.0	122581.0
-1151	123672.0	123065.0
-1150	123564.0	122962.0
-1149	123724.0	122510.0
-1148	123511.0	123255.0
-1147	123109.0	123355.0
-1146	124146.0	123680.0
-1145	123325.0	123168.0
-1144	123391.0	123346.0
-1143	123973.0	123242.0
-1142	123294.0	122702.0
-1141	123971.0	122625.0
-1140	124112.0	123410.0
-1139	123920.0	122675.0
-1138	123739.0	123375.0
-1137	123712.0	123045.0
-1136	123156.0	122928.0
-1135	123562.0	123357.0
-1134	123650.0	123342.0
-1133	123935.0	123069.0
-1132	124081.0	122816.0
-1131	123972.0	123278.0
-1130	123473.0	123222.0
-1129	123637.0	123053.0
-1128	124342.0	123657.0
-1127	123864.0	123379.0
-1126	123278.0	123042.0
-1125	124379.0	123132.0
-1124	124240.0	122844.0
-1123	123440.0	122858.0
-1122	123988.0	122764.0
-1121	123618.0	123574.0
-1120	123550.0	123039.0
-1119	123712.0	123289.0
-1118	123427.0	123433.0
-1117	123484.0	123816.0
-1116	123572.0	123469.0
-1115	123049.0	123472.0
-1114	123943.0	122990.0
-1113	123298.0	122992.0
-1112	123986.0	123293.0
-1111	123545.0	123645.0
-1110	124022.0	123429.0
-1109	123651.0	122705.0
-1108	123969.0	123576.0
-1107	123596.0	123396.0
-1106	123836.0	123390.0
-1105	123333.0	123832.0
-1104	123703.0	124130.0
-1103	123083.0	122967.0
-1102	123965.0	122848.0
-1101	123859.0	123348.0
-1100	124248.0	122876.0
-1099	123182.0	123287.0
-1098	123553.0	122772.0
-1097	124062.0	123530.0
-1096	123401.0	123394.0
-1095	123260.0	123583.0
-1094	124082.0	123275.0
-1093	123561.0	123537.0
-1092	123723.0	122745.0
-1091	123455.0	123619.0
-1090	124023.0	123572.0
-1089	123450.0	123034.0
-1088	123837.0	123246.0
-1087	123793.0	123077.0
-1086	123344.0	123085.0
-1085	123676.0	122755.0
-1084	123064.0	123637.0
-1083	123675.0	123503.0
-1082	123476.0	123257.0
-1081	123239.0	123404.0
-1080	123622.0	123455.0
-1079	123006.0	122962.0
-1078	123547.0	123548.0
-1077	124181.0	123255.0
-1076	123900.0	122731.0
-1075	123802.0	122761.0
-1074	123807.0	123511.0
-1073	122779.0	123485.0
-1072	123452.0	123532.0
-1071	123755.0	123223.0
-1070	123455.0	122611.0
-1069	123762.0	123229.0
-1068	124331.0	124054.0
-1067	123923.0	123642.0
-1066	124167.0	123388.0
-1065	124131.0	123639.0
-1064	123411.0	123475.0
-1063	123819.0	123627.0
-1062	124035.0	122881.0
-1061	123013.0	123293.0
-1060	123895.0	124098.0
-1059	124167.0	123900.0
-1058	123769.0	123289.0
-1057	123714.0	123411.0
-1056	123996.0	122778.0
-1055	123418.0	123404.0
-1054	123855.0	124009.0
-1053	124135.0	123548.0
-1052	123413.0	123277.0
-1051	123528.0	124063.0
-1050	123948.0	123515.0
-1049	123948.0	123841.0
-1048	122779.0	123680.0
-1047	123790.0	123503.0
-1046	123491.0	123234.0
-1045	124323.0	123478.0
-1044	123903.0	124285.0
-1043	123762.0	122991.0
-1042	124002.0	123888.0
-1041	123844.0	123191.0
-1040	123724.0	123452.0
-1039	123646.0	123980.0
-1038	124198.0	123542.0
-1037	124201.0	123782.0
-1036	123898.0	123271.0
-1035	123949.0	123825.0
-1034	123915.0	123795.0
-1033	123395.0	123646.0
-1032	123955.0	123774.0
-1031	124169.0	123319.0
-1030	123658.0	123726.0
-1029	124886.0	123421.0
-1028	123715.0	123487.0
-1027	123562.0	124124.0
-1026	123777.0	124109.0
-1025	123750.0	123827.0
-1024	123962.0	123599.0
-1023	124427.0	123817.0
-1022	123743.0	123576.0
-1021	124349.0	123861.0
-1020	124259.0	124100.0
-1019	123711.0	123215.0
-1018	124455.0	124023.0
-1017	124127.0	123909.0
-1016	124347.0	123398.0
-1015	124776.0	122983.0
-1014	123634.0	123973.0
-1013	123639.0	123099.0
-1012	124513.0	123621.0
-1011	124454.0	123976.0
-1010	124425.0	124015.0
-1009	124104.0	123931.0
-1008	124501.0	123877.0
-1007	124201.0	123694.0
-1006	123651.0	123920.0
-1005	124137.0	124661.0
-1004	123671.0	123888.0
-1003	123676.0	124037.0
-1002	123949.0	124153.0
-1001	124144.0	123266.0
-1000	124234.0	123973.0
-999	124887.0	123044.0
-998	124420.0	123614.0
-997	124664.0	124233.0
-996	124564.0	124183.0
-995	124010.0	123789.0
-994	123859.0	124203.0
-993	124497.0	124036.0
-992	124009.0	123164.0
-991	123662.0	123550.0
-990	124533.0	124293.0
-989	124643.0	123827.0
-988	123968.0	123850.0
-987	124564.0	124290.0
-986	125155.0	123742.0
-985	124391.0	123681.0
-984	124624.0	123388.0
-983	124185.0	123632.0
-982	124140.0	123917.0
-981	123844.0	123705.0
-980	124131.0	123410.0
-979	124141.0	123561.0
-978	124280.0	123671.0
-977	124424.0	123546.0
-976	123766.0	123992.0
-975	124292.0	123794.0
-974	123944.0	123750.0
-973	124322.0	123502.0
-972	124315.0	123798.0
-971	124188.0	124037.0
-970	123836.0	123823.0
-969	124400.0	124465.0
-968	124017.0	123879.0
-967	123678.0	123739.0
-966	123313.0	123710.0
-965	123787.0	123384.0
-964	124188.0	124217.0
-963	124392.0	124314.0
-962	123631.0	123487.0
-961	124039.0	124058.0
-960	124271.0	124213.0
-959	123645.0	123483.0
-958	123833.0	124234.0
-957	124073.0	123528.0
-956	123949.0	123599.0
-955	124141.0	124328.0
-954	124242.0	123656.0
-953	123972.0	123371.0
-952	124219.0	124074.0
-951	124334.0	124064.0
-950	123486.0	123539.0
-949	123790.0	123982.0
-948	124411.0	123783.0
-947	124165.0	123593.0
-946	123852.0	123622.0
-945	123541.0	123287.0
-944	123957.0	123795.0
-943	124102.0	124157.0
-942	124636.0	124227.0
-941	124112.0	123599.0
-940	124275.0	124011.0
-939	124297.0	124211.0
-938	124475.0	123709.0
-937	124122.0	124293.0
-936	124139.0	124036.0
-935	124104.0	123922.0
-934	124111.0	124668.0
-933	124234.0	124149.0
-932	123853.0	123400.0
-931	123771.0	123933.0
-930	124282.0	123748.0
-929	123824.0	124464.0
-928	123896.0	124713.0
-927	124927.0	124066.0
-926	124173.0	124221.0
-925	124149.0	124119.0
-924	124202.0	124273.0
-923	124289.0	123385.0
-922	124115.0	123838.0
-921	124273.0	124344.0
-920	124473.0	124405.0
-919	123754.0	124303.0
-918	124540.0	124101.0
-917	124199.0	124395.0
-916	124332.0	124046.0
-915	124796.0	124383.0
-914	124264.0	124223.0
-913	124040.0	123804.0
-912	124278.0	124377.0
-911	123854.0	123697.0
-910	124100.0	123968.0
-909	123580.0	124144.0
-908	124221.0	124082.0
-907	123975.0	123968.0
-906	124602.0	124506.0
-905	124293.0	123526.0
-904	123907.0	123701.0
-903	124848.0	123849.0
-902	123439.0	123982.0
-901	123876.0	124254.0
-900	124571.0	123849.0
-899	124242.0	124001.0
-898	124281.0	124361.0
-897	124656.0	124061.0
-896	123625.0	124473.0
-895	123859.0	124314.0
-894	125256.0	123886.0
-893	124500.0	124304.0
-892	124129.0	124044.0
-891	124118.0	124355.0
-890	124581.0	124209.0
-889	123929.0	124525.0
-888	124401.0	124153.0
-887	124074.0	123505.0
-886	124274.0	123612.0
-885	124303.0	124379.0
-884	124118.0	123417.0
-883	123979.0	124253.0
-882	124461.0	124345.0
-881	124933.0	123650.0
-880	125045.0	124105.0
-879	124453.0	123752.0
-878	124377.0	123657.0
-877	124330.0	124574.0
-876	124704.0	124133.0
-875	124421.0	124067.0
-874	124625.0	124228.0
-873	124689.0	123856.0
-872	123947.0	124095.0
-871	124344.0	123984.0
-870	124857.0	124290.0
-869	124718.0	123680.0
-868	124895.0	123778.0
-867	125258.0	124285.0
-866	124367.0	123514.0
-865	124341.0	124473.0
-864	124816.0	124654.0
-863	124600.0	123588.0
-862	124278.0	123687.0
-861	125069.0	124528.0
-860	124992.0	123830.0
-859	124624.0	124326.0
-858	124810.0	124422.0
-857	124893.0	124038.0
-856	124355.0	124038.0
-855	124918.0	124107.0
-854	124816.0	122948.0
-853	124830.0	124168.0
-852	124458.0	124087.0
-851	124007.0	123708.0
-850	124320.0	124344.0
-849	124978.0	124434.0
-848	124835.0	123344.0
-847	124641.0	124767.0
-846	124947.0	124885.0
-845	124804.0	123770.0
-844	124390.0	124121.0
-843	124868.0	123833.0
-842	124444.0	123580.0
-841	124815.0	124551.0
-840	125546.0	124449.0
-839	124785.0	123786.0
-838	124378.0	124307.0
-837	124978.0	124056.0
-836	124374.0	124051.0
-835	124336.0	124473.0
-834	125030.0	124507.0
-833	124265.0	123758.0
-832	125228.0	124583.0
-831	124620.0	124401.0
-830	124015.0	123803.0
-829	124512.0	124001.0
-828	124772.0	123725.0
-827	124584.0	124267.0
-826	124511.0	124434.0
-825	125272.0	124320.0
-824	124908.0	124625.0
-823	124732.0	124721.0
-822	125366.0	124421.0
-821	124420.0	123347.0
-820	124697.0	124088.0
-819	125026.0	124677.0
-818	124643.0	123968.0
-817	125083.0	124570.0
-816	124781.0	123720.0
-815	124791.0	123753.0
-814	124200.0	124405.0
-813	124572.0	124404.0
-812	125277.0	124165.0
-811	124802.0	123925.0
-810	124932.0	124197.0
-809	124611.0	123859.0
-808	124212.0	123925.0
-807	125711.0	124185.0
-806	125237.0	123356.0
-805	124649.0	124099.0
-804	125231.0	123793.0
-803	124745.0	124323.0
-802	125292.0	124200.0
-801	124342.0	124035.0
-800	124598.0	124096.0
-799	124036.0	124282.0
-798	124872.0	124696.0
-797	124884.0	123988.0
-796	124527.0	124375.0
-795	124990.0	124443.0
-794	124195.0	123739.0
-793	124243.0	124775.0
-792	124803.0	123705.0
-791	124965.0	124034.0
-790	124395.0	123742.0
-789	124829.0	124819.0
-788	124725.0	124251.0
-787	124807.0	124373.0
-786	125182.0	124519.0
-785	124574.0	124111.0
-784	124610.0	124356.0
-783	124878.0	124583.0
-782	124683.0	124279.0
-781	123979.0	123820.0
-780	124940.0	124798.0
-779	124413.0	124037.0
-778	124577.0	124675.0
-777	124755.0	125097.0
-776	124334.0	124428.0
-775	124179.0	124440.0
-774	125216.0	124345.0
-773	124872.0	123691.0
-772	124353.0	124522.0
-771	124619.0	124984.0
-770	124508.0	124218.0
-769	124451.0	124763.0
-768	124782.0	124525.0
-767	124790.0	123824.0
-766	124904.0	124729.0
-765	124862.0	125092.0
-764	124432.0	124112.0
-763	124165.0	124578.0
-762	124588.0	124918.0
-761	124694.0	124169.0
-760	124905.0	125001.0
-759	125198.0	124736.0
-758	124877.0	124377.0
-757	124164.0	124537.0
-756	124886.0	124486.0
-755	124471.0	124223.0
-754	124688.0	124527.0
-753	124595.0	125317.0
-752	125062.0	124936.0
-751	124793.0	124629.0
-750	125182.0	124384.0
-749	124024.0	124244.0
-748	124221.0	124872.0
-747	124813.0	124920.0
-746	124297.0	124278.0
-745	124916.0	125307.0
-744	124608.0	124612.0
-743	124638.0	124322.0
-742	124817.0	124213.0
-741	125533.0	125052.0
-740	124462.0	123797.0
-739	124784.0	124877.0
-738	125045.0	124357.0
-737	124338.0	124249.0
-736	125292.0	124662.0
-735	125946.0	125003.0
-734	125212.0	124671.0
-733	124554.0	124931.0
-732	125005.0	124362.0
-731	124372.0	124063.0
-730	124805.0	124867.0
-729	125377.0	124964.0
-728	124962.0	124822.0
-727	124890.0	124734.0
-726	125170.0	124775.0
-725	125276.0	124046.0
-724	124967.0	125072.0
-723	126033.0	124785.0
-722	124695.0	124624.0
-721	125108.0	125025.0
-720	125648.0	125336.0
-719	125325.0	124412.0
-718	125065.0	124418.0
-717	125505.0	124360.0
-716	125022.0	124419.0
-715	124943.0	124880.0
-714	125298.0	124824.0
-713	125032.0	124550.0
-712	124999.0	124906.0
-711	125666.0	124222.0
-710	124956.0	124457.0
-709	124468.0	124502.0
-708	125291.0	125547.0
-707	125633.0	124863.0
-706	125260.0	125070.0
-705	125406.0	124835.0
-704	124987.0	125091.0
-703	124967.0	125284.0
-702	125465.0	124452.0
-701	125495.0	123857.0
-700	124879.0	124659.0
-699	124649.0	125035.0
-698	125494.0	124384.0
-697	125494.0	125384.0
-696	125289.0	125481.0
-695	125163.0	124185.0
-694	125676.0	124683.0
-693	125679.0	125166.0
-692	125077.0	124140.0
-691	125322.0	125136.0
-690	125803.0	124752.0
-689	124899.0	125136.0
-688	125227.0	125297.0
-687	126083.0	124681.0
-686	125277.0	124292.0
-685	125571.0	124641.0
-684	126069.0	124424.0
-683	125417.0	124313.0
-682	124895.0	124625.0
-681	125765.0	124761.0
-680	125021.0	124448.0
-679	125314.0	125096.0
-678	125915.0	125053.0
-677	125435.0	123937.0
-676	125389.0	124762.0
-675	125403.0	124323.0
-674	124906.0	123892.0
-673	124889.0	124556.0
-672	125412.0	125029.0
-671	124866.0	124973.0
-670	124952.0	124427.0
-669	125821.0	124722.0
-668	125347.0	124322.0
-667	125455.0	124552.0
-666	125805.0	124282.0
-665	125222.0	124067.0
-664	124955.0	124118.0
-663	125485.0	124397.0
-662	125437.0	124156.0
-661	125109.0	125123.0
-660	126010.0	124540.0
-659	124866.0	123903.0
-658	124837.0	124766.0
-657	125249.0	124604.0
-656	125206.0	124461.0
-655	125268.0	124285.0
-654	125641.0	124994.0
-653	125487.0	124019.0
-652	124410.0	125041.0
-651	125274.0	124514.0
-650	125046.0	123801.0
-649	124790.0	124904.0
-648	125268.0	124529.0
-647	125208.0	123871.0
-646	125059.0	124585.0
-645	125631.0	124436.0
-644	125137.0	124242.0
-643	124374.0	124766.0
-642	124896.0	124399.0
-641	124954.0	123744.0
-640	125235.0	124559.0
-639	125285.0	124486.0
-638	124504.0	123780.0
-637	124809.0	124876.0
-636	125294.0	124537.0
-635	124368.0	124048.0
-634	124411.0	124959.0
-633	125436.0	124744.0
-632	124533.0	124424.0
-631	124368.0	125189.0
-630	125344.0	124647.0
-629	124103.0	123751.0
-628	124809.0	124799.0
-627	124888.0	124361.0
-626	125034.0	124110.0
-625	123939.0	124920.0
-624	125196.0	124479.0
-623	124139.0	124328.0
-622	124678.0	124808.0
-621	125556.0	124803.0
-620	124657.0	123790.0
-619	123897.0	124756.0
-618	124977.0	125281.0
-617	124573.0	124320.0
-616	124068.0	124447.0
-615	125331.0	124926.0
-614	123929.0	124841.0
-613	123862.0	124972.0
-612	124730.0	124766.0
-611	123474.0	124412.0
-610	124381.0	124915.0
-609	124985.0	125221.0
-608	125001.0	124478.0
-607	124961.0	125041.0
-606	124824.0	124863.0
-605	125162.0	124533.0
-604	125198.0	124928.0
-603	124925.0	125599.0
-602	124526.0	125008.0
-601	124269.0	126041.0
-600	124481.0	125674.0
-599	124837.0	125042.0
-598	124279.0	125672.0
-597	125220.0	125557.0
-596	124721.0	124588.0
-595	124505.0	125516.0
-594	125652.0	124938.0
-593	124932.0	124757.0
-592	124273.0	125333.0
-591	125077.0	125316.0
-590	125201.0	124818.0
-589	124743.0	125330.0
-588	125334.0	126017.0
-587	124770.0	125306.0
-586	124779.0	126170.0
-585	125675.0	125566.0
-584	124419.0	124944.0
-583	125009.0	125978.0
-582	124918.0	125138.0
-581	124884.0	125489.0
-580	125229.0	126188.0
-579	125143.0	126174.0
-578	124373.0	125246.0
-577	125134.0	125737.0
-576	125942.0	125433.0
-575	124979.0	125039.0
-574	125701.0	124782.0
-573	126190.0	125473.0
-572	125717.0	124533.0
-571	124919.0	126376.0
-570	125676.0	125917.0
-569	125307.0	125822.0
-568	125575.0	125709.0
-567	125457.0	125592.0
-566	125105.0	125688.0
-565	125947.0	125618.0
-564	126114.0	125602.0
-563	125866.0	124922.0
-562	125878.0	125833.0
-561	126214.0	126061.0
-560	125524.0	125539.0
-559	125592.0	126064.0
-558	125961.0	125855.0
-557	125272.0	125753.0
-556	125447.0	126061.0
-555	126405.0	125888.0
-554	126081.0	125399.0
-553	125584.0	125700.0
-552	126373.0	125397.0
-551	125432.0	125761.0
-550	125886.0	125498.0
-549	126246.0	125722.0
-548	125469.0	125001.0
-547	126432.0	125693.0
-546	126618.0	125280.0
-545	126521.0	124981.0
-544	125555.0	125543.0
-543	126320.0	125075.0
-542	125480.0	125103.0
-541	126669.0	125085.0
-540	126571.0	125713.0
-539	126094.0	124450.0
-538	125601.0	125779.0
-537	126784.0	126025.0
-536	125812.0	124995.0
-535	126538.0	125847.0
-534	126996.0	126135.0
-533	126554.0	125508.0
-532	127554.0	125684.0
-531	127536.0	126239.0
-530	127039.0	125338.0
-529	127051.0	125368.0
-528	127157.0	125100.0
-527	126635.0	124187.0
-526	126759.0	125457.0
-525	126903.0	125313.0
-524	125999.0	124512.0
-523	126150.0	125141.0
-522	126906.0	125712.0
-521	126530.0	125043.0
-520	125965.0	125611.0
-519	127203.0	125681.0
-518	126458.0	124451.0
-517	126508.0	125594.0
-516	127176.0	125291.0
-515	126615.0	124602.0
-514	126713.0	125259.0
-513	127062.0	124876.0
-512	126123.0	124679.0
-511	126490.0	125213.0
-510	127101.0	124616.0
-509	126651.0	124319.0
-508	127057.0	125375.0
-507	127567.0	125119.0
-506	127431.0	123856.0
-505	126718.0	124673.0
-504	126781.0	124945.0
-503	125785.0	124270.0
-502	126376.0	124839.0
-501	127255.0	125218.0
-500	126824.0	124179.0
-499	126806.0	124451.0
-498	127282.0	124169.0
-497	126034.0	124021.0
-496	126937.0	124728.0
-495	126744.0	124075.0
-494	126386.0	123791.0
-493	126239.0	124038.0
-492	126485.0	124537.0
-491	126857.0	124311.0
-490	127076.0	124818.0
-489	127533.0	124379.0
-488	125991.0	123885.0
-487	126450.0	125000.0
-486	127061.0	124592.0
-485	125937.0	124272.0
-484	126095.0	124965.0
-483	127221.0	124679.0
-482	125479.0	124175.0
-481	125796.0	124117.0
-480	126518.0	124378.0
-479	126024.0	123555.0
-478	125525.0	124678.0
-477	126512.0	124624.0
-476	125038.0	124481.0
-475	125168.0	125016.0
-474	126378.0	123970.0
-473	126051.0	124469.0
-472	125782.0	124518.0
-471	126078.0	125066.0
-470	125906.0	124029.0
-469	125693.0	124660.0
-468	126408.0	124788.0
-467	125572.0	124352.0
-466	125665.0	124728.0
-465	126171.0	124950.0
-464	125257.0	124150.0
-463	125599.0	124322.0
-462	126509.0	124760.0
-461	124895.0	124116.0
-460	125155.0	124543.0
-459	125490.0	125099.0
-458	125281.0	124367.0
-457	125190.0	124895.0
-456	125853.0	124899.0
-455	125094.0	124867.0
-454	125457.0	124461.0
-453	125731.0	124775.0
-452	125094.0	124540.0
-451	124742.0	125021.0
-450	125684.0	124944.0
-449	124868.0	124386.0
-448	124768.0	125162.0
-447	125880.0	125498.0
-446	124406.0	124056.0
-445	124872.0	125521.0
-444	125179.0	125439.0
-443	125026.0	124742.0
-442	124694.0	124958.0
-441	125465.0	125639.0
-440	124925.0	124739.0
-439	124993.0	125141.0
-438	125630.0	125336.0
-437	124933.0	125013.0
-436	125164.0	125734.0
-435	125318.0	125467.0
-434	124064.0	124918.0
-433	124587.0	126196.0
-432	125159.0	126067.0
-431	124878.0	125066.0
-430	123800.0	125663.0
-429	125384.0	125810.0
-428	124965.0	125132.0
-427	125202.0	125990.0
-426	125646.0	126605.0
-425	124689.0	125454.0
-424	124815.0	126439.0
-423	125785.0	126174.0
-422	125143.0	125036.0
-421	124776.0	126429.0
-420	125326.0	126244.0
-419	124829.0	126078.0
-418	124925.0	126872.0
-417	125581.0	126645.0
-416	125007.0	125709.0
-415	125164.0	126519.0
-414	126301.0	125910.0
-413	125372.0	125746.0
-412	125534.0	126544.0
-411	126189.0	126607.0
-410	125501.0	126242.0
-409	125334.0	126448.0
-408	126604.0	126697.0
-407	125794.0	125773.0
-406	126264.0	126186.0
-405	127214.0	126390.0
-404	125697.0	125952.0
-403	126209.0	126866.0
-402	126485.0	127327.0
-401	125640.0	125812.0
-400	125515.0	127082.0
-399	127378.0	127138.0
-398	126208.0	126778.0
-397	126322.0	127538.0
-396	126617.0	127194.0
-395	126092.0	126770.0
-394	126194.0	127076.0
-393	127385.0	127062.0
-392	126712.0	126461.0
-391	126232.0	127699.0
-390	127341.0	127218.0
-389	126795.0	126388.0
-388	126812.0	126141.0
-387	127713.0	127219.0
-386	126935.0	126214.0
-385	126827.0	127123.0
-384	127737.0	127466.0
-383	127509.0	126667.0
-382	126763.0	127906.0
-381	128034.0	127831.0
-380	127264.0	126861.0
-379	127092.0	127283.0
-378	128337.0	127057.0
-377	128089.0	126427.0
-376	127418.0	127417.0
-375	128818.0	127364.0
-374	128009.0	126815.0
-373	128393.0	127555.0
-372	128469.0	127507.0
-371	128134.0	126916.0
-370	128176.0	127461.0
-369	128560.0	127140.0
-368	128791.0	126077.0
-367	128382.0	126934.0
-366	129156.0	127064.0
-365	128289.0	126461.0
-364	128502.0	126890.0
-363	128914.0	126768.0
-362	128292.0	126437.0
-361	128083.0	127238.0
-360	129022.0	127447.0
-359	128140.0	125781.0
-358	128811.0	126793.0
-357	129690.0	126628.0
-356	128353.0	126289.0
-355	128555.0	126357.0
-354	129688.0	126421.0
-353	129289.0	125155.0
-352	128924.0	126059.0
-351	129740.0	126163.0
-350	128608.0	125769.0
-349	128327.0	127018.0
-348	129600.0	126527.0
-347	128792.0	125386.0
-346	128677.0	126183.0
-345	129553.0	125857.0
-344	129088.0	125352.0
-343	128783.0	125871.0
-342	129608.0	125338.0
-341	128742.0	125130.0
-340	128589.0	126329.0
-339	129328.0	125865.0
-338	129009.0	125281.0
-337	128598.0	125668.0
-336	130038.0	125830.0
-335	128933.0	124786.0
-334	129001.0	126006.0
-333	129391.0	126358.0
-332	128849.0	124403.0
-331	128631.0	125884.0
-330	129684.0	125813.0
-329	127761.0	124457.0
-328	128443.0	125733.0
-327	129401.0	125319.0
-326	128606.0	124608.0
-325	128516.0	125004.0
-324	129816.0	124980.0
-323	128351.0	124131.0
-322	128560.0	124865.0
-321	129390.0	125008.0
-320	128722.0	123940.0
-319	127743.0	125189.0
-318	128935.0	125530.0
-317	128113.0	124238.0
-316	128070.0	124943.0
-315	129086.0	125108.0
-314	127679.0	123408.0
-313	127971.0	124968.0
-312	128997.0	125006.0
-311	127276.0	124188.0
-310	127782.0	124846.0
-309	128840.0	124674.0
-308	127562.0	123408.0
-307	127822.0	125084.0
-306	128314.0	124804.0
-305	127363.0	124088.0
-304	127348.0	124644.0
-303	128088.0	124445.0
-302	127133.0	124115.0
-301	126789.0	124883.0
-300	127903.0	125218.0
-299	126232.0	124290.0
-298	126819.0	124895.0
-297	127688.0	124804.0
-296	126782.0	124065.0
-295	126733.0	125021.0
-294	127933.0	124601.0
-293	126990.0	123883.0
-292	126381.0	125309.0
-291	127152.0	124892.0
-290	126737.0	124785.0
-289	126504.0	125269.0
-288	127437.0	125472.0
-287	126253.0	123530.0
-286	126311.0	125152.0
-285	127264.0	124972.0
-284	126702.0	124300.0
-283	125819.0	125030.0
-282	127053.0	125171.0
-281	126243.0	124382.0
-280	125541.0	125201.0
-279	126918.0	125471.0
-278	125839.0	124721.0
-277	126447.0	125530.0
-276	126714.0	125690.0
-275	125534.0	124832.0
-274	125783.0	126481.0
-273	127099.0	125688.0
-272	125549.0	124388.0
-271	125643.0	126218.0
-270	126107.0	126804.0
-269	125355.0	125215.0
-268	125915.0	126197.0
-267	126868.0	126025.0
-266	125654.0	125436.0
-265	125624.0	126583.0
-264	127233.0	126158.0
-263	125253.0	125761.0
-262	125980.0	126263.0
-261	127178.0	126291.0
-260	125463.0	125156.0
-259	125788.0	127059.0
-258	126990.0	127341.0
-257	126480.0	125486.0
-256	126179.0	126998.0
-255	127486.0	127020.0
-254	125706.0	126000.0
-253	125660.0	127039.0
-252	127144.0	127186.0
-251	125536.0	126401.0
-250	126474.0	127263.0
-249	126651.0	127547.0
-248	125384.0	126795.0
-247	125740.0	128010.0
-246	127213.0	128085.0
-245	125848.0	126807.0
-244	126439.0	128187.0
-243	127412.0	128405.0
-242	126161.0	126755.0
-241	126221.0	127994.0
-240	127217.0	128231.0
-239	126941.0	128025.0
-238	126353.0	128343.0
-237	128038.0	128875.0
-236	126567.0	127598.0
-235	126420.0	128823.0
-234	127887.0	129203.0
-233	126427.0	127753.0
-232	126521.0	128856.0
-231	128195.0	129468.0
-230	127132.0	127939.0
-229	127285.0	129932.0
-228	128831.0	129708.0
-227	127385.0	127427.0
-226	127286.0	128964.0
-225	128939.0	129080.0
-224	127328.0	127984.0
-223	127323.0	129887.0
-222	129189.0	129205.0
-221	127995.0	128711.0
-220	127610.0	129583.0
-219	129032.0	129358.0
-218	128591.0	127774.0
-217	128479.0	129405.0
-216	129500.0	129904.0
-215	128100.0	128184.0
-214	128509.0	129743.0
-213	130412.0	129986.0
-212	128941.0	128559.0
-211	129064.0	129780.0
-210	130409.0	129704.0
-209	128988.0	128137.0
-208	129319.0	130336.0
-207	131051.0	129553.0
-206	129634.0	128317.0
-205	130437.0	130302.0
-204	131912.0	129922.0
-203	130519.0	129025.0
-202	130735.0	129335.0
-201	132002.0	129675.0
-200	130763.0	128456.0
-199	131263.0	129375.0
-198	132792.0	130239.0
-197	131005.0	128516.0
-196	131158.0	129638.0
-195	132402.0	129735.0
-194	130834.0	128043.0
-193	131627.0	130030.0
-192	133564.0	129351.0
-191	132071.0	128018.0
-190	131816.0	129317.0
-189	133581.0	129457.0
-188	132198.0	127445.0
-187	131066.0	128906.0
-186	133348.0	128874.0
-185	131895.0	127436.0
-184	131937.0	128941.0
-183	133882.0	129243.0
-182	132269.0	127324.0
-181	132277.0	128823.0
-180	133859.0	128903.0
-179	132349.0	127339.0
-178	132091.0	129044.0
-177	134105.0	129024.0
-176	132483.0	127163.0
-175	132299.0	128718.0
-174	134573.0	128682.0
-173	132341.0	126476.0
-172	132699.0	128517.0
-171	134395.0	128494.0
-170	132232.0	126804.0
-169	132580.0	127607.0
-168	135136.0	128056.0
-167	133039.0	126284.0
-166	132759.0	127321.0
-165	134856.0	127479.0
-164	132423.0	126082.0
-163	132192.0	127600.0
-162	134129.0	127632.0
-161	132546.0	125378.0
-160	132557.0	127681.0
-159	134012.0	127696.0
-158	132160.0	125600.0
-157	132329.0	127052.0
-156	134306.0	127294.0
-155	132047.0	125641.0
-154	132858.0	127275.0
-153	134304.0	126768.0
-152	132294.0	124774.0
-151	131893.0	126650.0
-150	134114.0	126323.0
-149	131614.0	124842.0
-148	132133.0	126782.0
-147	133251.0	126492.0
-146	131721.0	124727.0
-145	131802.0	126370.0
-144	134382.0	126322.0
-143	131292.0	124771.0
-142	131967.0	126504.0
-141	133810.0	126097.0
-140	131199.0	124499.0
-139	129956.0	126609.0
-138	131792.0	125999.0
-137	130000.0	124042.0
-136	129749.0	126071.0
-135	131986.0	125945.0
-134	131020.0	124607.0
-133	131326.0	125634.0
-132	132810.0	125723.0
-131	131550.0	124371.0
-130	130633.0	125751.0
-129	132345.0	125388.0
-128	130323.0	124465.0
-127	129352.0	125721.0
-126	130946.0	125900.0
-125	128561.0	123933.0
-124	129056.0	125967.0
-123	131537.0	125004.0
-122	130573.0	124155.0
-121	130453.0	126128.0
-120	131134.0	126007.0
-119	129129.0	124541.0
-118	129146.0	126216.0
-117	130231.0	127026.0
-116	127410.0	124748.0
-115	128520.0	126188.0
-114	129926.0	126068.0
-113	128438.0	124790.0
-112	129551.0	125672.0
-111	131610.0	125980.0
-110	129510.0	124298.0
-109	129202.0	126825.0
-108	130657.0	126465.0
-107	127993.0	124986.0
-106	127256.0	126872.0
-105	129143.0	127849.0
-104	127789.0	125633.0
-103	129237.0	127061.0
-102	131818.0	126458.0
-101	129640.0	125143.0
-100	129665.0	126804.0
-99	131405.0	126442.0
-98	129222.0	125407.0
-97	128589.0	126786.0
-96	129963.0	127374.0
-95	127781.0	125739.0
-94	126908.0	127519.0
-93	130078.0	127114.0
-92	128551.0	126161.0
-91	129314.0	127545.0
-90	132203.0	128004.0
-89	129751.0	126259.0
-88	129997.0	127823.0
-87	131529.0	127658.0
-86	128882.0	126128.0
-85	127761.0	128606.0
-84	129833.0	129019.0
-83	128543.0	126310.0
-82	129253.0	127731.0
-81	131092.0	128221.0
-80	128857.0	127310.0
-79	129682.0	129127.0
-78	131680.0	128874.0
-77	129984.0	127624.0
-76	130302.0	129783.0
-75	132429.0	129705.0
-74	129799.0	127259.0
-73	129528.0	129970.0
-72	132315.0	130110.0
-71	130776.0	127672.0
-70	131686.0	129945.0
-69	133995.0	129666.0
-68	130873.0	128696.0
-67	131165.0	130936.0
-66	132802.0	131107.0
-65	131064.0	129387.0
-64	131213.0	130742.0
-63	133815.0	131117.0
-62	131295.0	129200.0
-61	132228.0	131063.0
-60	134580.0	132136.0
-59	132101.0	130166.0
-58	132260.0	132694.0
-57	134306.0	132363.0
-56	131488.0	130427.0
-55	132283.0	133161.0
-54	134851.0	133203.0
-53	132900.0	130582.0
-52	133274.0	133521.0
-51	137017.0	133807.0
-50	134698.0	131294.0
-49	135019.0	133781.0
-48	137176.0	134046.0
-47	134933.0	131559.0
-46	134677.0	133461.0
-45	137118.0	134476.0
-44	134338.0	132367.0
-43	134550.0	134423.0
-42	138264.0	135096.0
-41	136696.0	132568.0
-40	137032.0	135812.0
-39	140495.0	136160.0
-38	138095.0	132865.0
-37	138533.0	135441.0
-36	140292.0	135625.0
-35	137299.0	133420.0
-34	137305.0	135611.0
-33	140917.0	135515.0
-32	139096.0	133083.0
-31	140161.0	136034.0
-30	144220.0	136768.0
-29	141311.0	133729.0
-28	141774.0	136112.0
-27	144240.0	137520.0
-26	141417.0	135130.0
-25	140729.0	137819.0
-24	142354.0	137865.0
-23	139735.0	135399.0
-22	140278.0	138754.0
-21	143881.0	139736.0
-20	143072.0	137755.0
-19	144373.0	140623.0
-18	148001.0	141268.0
-17	144430.0	137536.0
-16	144340.0	140668.0
-15	147023.0	140646.0
-14	144347.0	138757.0
-13	144384.0	142515.0
-12	150009.0	144263.0
-11	146659.0	140881.0
-10	147271.0	145783.0
-9	153021.0	146964.0
-8	150637.0	147020.0
-7	147385.0	152809.0
-6	147127.0	154369.0
-5	139943.0	149968.0
-4	137958.0	152609.0
-3	154569.0	157930.0
-2	167452.0	143982.0
-1	244446.0	141751.0
0	2901.0	105498.0
1	242963.0	32085.0
2	166544.0	65780.0
3	153928.0	92569.0
4	137982.0	122887.0
5	139929.0	138246.0
6	146885.0	132315.0
7	147162.0	117999.0
8	150341.0	117333.0
9	152703.0	115455.0
10	147380.0	113411.0
11	146791.0	117195.0
12	149405.0	121278.0
13	143827.0	119614.0
14	143548.0	122893.0
15	146912.0	123880.0
16	144169.0	123028.0
17	144302.0	123987.0
18	147983.0	124898.0
19	143496.0	121942.0
20	142418.0	125293.0
21	143904.0	127615.0
22	140366.0	127371.0
23	139204.0	131388.0
24	142917.0	131912.0
25	140340.0	129680.0
26	140378.0	131374.0
27	143183.0	129746.0
28	141143.0	126170.0
29	141196.0	127902.0
30	144517.0	129256.0
31	139470.0	126932.0
32	138775.0	130099.0
33	140778.0	131773.0
34	137214.0	131014.0
35	136875.0	133559.0
36	140068.0	134690.0
37	138065.0	131730.0
38	138480.0	132325.0
39	140416.0	131912.0
40	137392.0	129657.0
41	136387.0	131984.0
42	137551.0	132818.0
43	134658.0	133956.0
44	134061.0	136287.0
45	136098.0	137462.0
46	134680.0	133659.0
47	134658.0	135803.0
48	137168.0	135842.0
49	134799.0	133060.0
50	134058.0	135065.0
51	136759.0	135743.0
52	134025.0	133333.0
53	132664.0	136575.0
54	134264.0	136620.0
55	131934.0	135564.0
56	131234.0	138473.0
57	134084.0	138044.0
58	131842.0	135130.0
59	131976.0	136196.0
60	133825.0	134920.0
61	131044.0	133766.0
62	130527.0	137272.0
63	133613.0	137889.0
64	131504.0	134250.0
65	130918.0	136238.0
66	132972.0	135640.0
67	131103.0	133906.0
68	131041.0	135869.0
69	133602.0	136169.0
70	131229.0	133022.0
71	130728.0	135253.0
72	131710.0	137000.0
73	129410.0	135896.0
74	129518.0	138147.0
75	131837.0	137793.0
76	129906.0	134563.0
77	129907.0	135787.0
78	132025.0	135809.0
79	129283.0	135149.0
80	129396.0	138092.0
81	130180.0	138837.0
82	128045.0	137114.0
83	127983.0	139435.0
84	129860.0	140519.0
85	127730.0	138475.0
86	128909.0	140145.0
87	130260.0	138901.0
88	128981.0	135961.0
89	129088.0	136986.0
90	131512.0	137819.0
91	128987.0	136927.0
92	128511.0	138824.0
93	130031.0	141898.0
94	127607.0	139768.0
95	127247.0	142329.0
96	128443.0	143678.0
97	127619.0	140254.0
98	128296.0	141497.0
99	130664.0	140659.0
100	129548.0	138143.0
101	129998.0	139325.0
102	130820.0	140881.0
103	128169.0	140359.0
104	127917.0	142768.0
105	129174.0	144207.0
106	127043.0	143206.0
107	128101.0	144488.0
108	130022.0	143874.0
109	128253.0	140558.0
110	129663.0	142239.0
111	131188.0	142053.0
112	129171.0	141020.0
113	128807.0	143397.0
114	130051.0	144680.0
115	128049.0	143256.0
116	128215.0	146332.0
117	130036.0	147220.0
118	127736.0	144231.0
119	129792.0	146024.0
120	131007.0	145205.0
121	130116.0	142925.0
122	130171.0	144985.0
123	131646.0	144750.0
124	129224.0	144032.0
125	128933.0	146523.0
126	130564.0	147530.0
127	129372.0	145790.0
128	129613.0	147155.0
129	132123.0	146287.0
130	130758.0	143446.0
131	130754.0	144444.0
132	132564.0	144316.0
133	130589.0	142913.0
134	130194.0	144950.0
135	131675.0	146150.0
136	129916.0	144951.0
137	130102.0	147073.0
138	131690.0	147889.0
139	130289.0	144930.0
140	130922.0	146750.0
141	133485.0	146159.0
142	131752.0	142956.0
143	131655.0	145230.0
144	133835.0	145496.0
145	131311.0	143969.0
146	131487.0	145138.0
147	134227.0	145224.0
148	132154.0	142079.0
149	131704.0	144420.0
150	133969.0	144264.0
151	131754.0	142725.0
152	132038.0	143449.0
153	133864.0	143610.0
154	132007.0	141350.0
155	131407.0	143123.0
156	133948.0	143706.0
157	132110.0	141220.0
158	132002.0	142513.0
159	133843.0	142208.0
160	131916.0	139904.0
161	131573.0	140920.0
162	133526.0	140922.0
163	131457.0	139870.0
164	132228.0	141516.0
165	134337.0	141373.0
166	132517.0	139272.0
167	132298.0	139741.0
168	133540.0	140348.0
169	132384.0	138322.0
170	132408.0	139505.0
171	133830.0	139330.0
172	132172.0	137790.0
173	132178.0	139456.0
174	133191.0	139004.0
175	131779.0	137561.0
176	131929.0	138352.0
177	133514.0	138355.0
178	132291.0	136147.0
179	132127.0	137300.0
180	133463.0	137010.0
181	131178.0	135698.0
182	132044.0	136527.0
183	133797.0	136613.0
184	131614.0	135176.0
185	132142.0	136265.0
186	133394.0	135771.0
187	131546.0	134964.0
188	130815.0	135483.0
189	133204.0	135218.0
190	130885.0	133819.0
191	131314.0	134788.0
192	132240.0	134585.0
193	131302.0	133182.0
194	130859.0	134076.0
195	132341.0	134338.0
196	130577.0	132981.0
197	130407.0	133638.0
198	132121.0	133753.0
199	130240.0	132260.0
200	130104.0	133306.0
201	131481.0	132636.0
202	130220.0	131357.0
203	129918.0	133433.0
204	131306.0	132948.0
205	129695.0	130972.0
206	129581.0	132552.0
207	131334.0	133227.0
208	129340.0	130973.0
209	129071.0	132664.0
210	130667.0	132777.0
211	129322.0	130986.0
212	129241.0	131677.0
213	130144.0	132366.0
214	128503.0	130140.0
215	128019.0	131816.0
216	129760.0	131828.0
217	128203.0	130898.0
218	127763.0	131584.0
219	129324.0	131877.0
220	127342.0	130819.0
221	128122.0	131186.0
222	128711.0	131382.0
223	127412.0	130314.0
224	127237.0	132407.0
225	128863.0	131015.0
226	127571.0	130307.0
227	127202.0	131834.0
228	128271.0	130917.0
229	127172.0	129977.0
230	126343.0	131967.0
231	127456.0	131808.0
232	126770.0	129955.0
233	126066.0	131746.0
234	127491.0	132433.0
235	126382.0	130721.0
236	126152.0	132173.0
237	127690.0	131699.0
238	125989.0	130356.0
239	125805.0	131456.0
240	126621.0	131493.0
241	125664.0	130512.0
242	126010.0	131551.0
243	126926.0	132201.0
244	125436.0	131125.0
245	125870.0	132128.0
246	127080.0	132518.0
247	125430.0	131154.0
248	125104.0	131976.0
249	126380.0	132677.0
250	125397.0	131213.0
251	125518.0	131804.0
252	127027.0	132192.0
253	125289.0	130977.0
254	125394.0	132296.0
255	126705.0	132491.0
256	125350.0	131105.0
257	125642.0	132436.0
258	126527.0	132635.0
259	125284.0	131789.0
260	125556.0	133146.0
261	126606.0	132552.0
262	125091.0	130919.0
263	125321.0	133304.0
264	126742.0	133181.0
265	124997.0	131710.0
266	125345.0	133597.0
267	126353.0	133408.0
268	125234.0	131903.0
269	125677.0	133184.0
270	126386.0	133460.0
271	125079.0	131794.0
272	124716.0	133291.0
273	126420.0	133157.0
274	125699.0	132047.0
275	125789.0	133379.0
276	126790.0	133010.0
277	126020.0	131985.0
278	125056.0	133180.0
279	126465.0	133255.0
280	125228.0	132643.0
281	126139.0	133560.0
282	127038.0	134425.0
283	125989.0	132530.0
284	125913.0	133777.0
285	127229.0	134234.0
286	126002.0	132990.0
287	125942.0	133925.0
288	127156.0	134188.0
289	126058.0	133102.0
290	126206.0	134190.0
291	127494.0	134154.0
292	126191.0	133494.0
293	126207.0	133209.0
294	127568.0	133407.0
295	126307.0	132654.0
296	126671.0	134371.0
297	127599.0	134846.0
298	126665.0	132606.0
299	126520.0	133322.0
300	126836.0	133517.0
301	126848.0	132644.0
302	126273.0	133620.0
303	127409.0	134012.0
304	126504.0	132493.0
305	127034.0	133944.0
306	127970.0	134232.0
307	126841.0	133009.0
308	127713.0	133934.0
309	127668.0	134022.0
310	127643.0	132514.0
311	126895.0	133634.0
312	128030.0	134045.0
313	127529.0	132621.0
314	127521.0	133453.0
315	127816.0	133896.0
316	126841.0	132553.0
317	126757.0	134115.0
318	128696.0	133276.0
319	127652.0	132473.0
320	127804.0	133340.0
321	128830.0	132833.0
322	127796.0	132033.0
323	127295.0	132927.0
324	128919.0	132687.0
325	127777.0	131875.0
326	128481.0	132694.0
327	129412.0	132789.0
328	128528.0	131024.0
329	128305.0	132104.0
330	128697.0	132061.0
331	128629.0	131090.0
332	128280.0	131904.0
333	128818.0	132239.0
334	128315.0	131317.0
335	128441.0	131373.0
336	129636.0	132074.0
337	129047.0	130631.0
338	128788.0	131824.0
339	129465.0	131101.0
340	128253.0	130418.0
341	128648.0	130910.0
342	129677.0	130633.0
343	128539.0	129953.0
344	128440.0	130737.0
345	129895.0	130308.0
346	128399.0	129134.0
347	128570.0	130296.0
348	129587.0	129987.0
349	128722.0	128522.0
350	127770.0	129967.0
351	128866.0	130012.0
352	128517.0	128631.0
353	128182.0	130295.0
354	128908.0	129807.0
355	128093.0	128855.0
356	127508.0	129293.0
357	129029.0	129736.0
358	128308.0	128900.0
359	127942.0	129304.0
360	129280.0	129356.0
361	128102.0	127947.0
362	127465.0	128046.0
363	128369.0	128845.0
364	127222.0	127970.0
365	127753.0	128526.0
366	128490.0	128776.0
367	127606.0	127125.0
368	127332.0	128597.0
369	128537.0	128032.0
370	127949.0	127218.0
371	126745.0	128287.0
372	127801.0	127496.0
373	127527.0	127081.0
374	127210.0	127537.0
375	128331.0	127045.0
376	127051.0	126869.0
377	127226.0	127515.0
378	127968.0	127111.0
379	126671.0	126495.0
380	127066.0	127512.0
381	127867.0	126642.0
382	126155.0	126118.0
383	126587.0	126480.0
384	127126.0	126775.0
385	126623.0	126358.0
386	126221.0	127063.0
387	127375.0	127430.0
388	126044.0	126317.0
389	126610.0	127468.0
390	126819.0	127445.0
391	126810.0	126416.0
392	126119.0	126674.0
393	126669.0	127238.0
394	126223.0	126322.0
395	125962.0	126912.0
396	126913.0	126710.0
397	125912.0	125820.0
398	126418.0	127315.0
399	126976.0	127287.0
400	125781.0	126140.0
401	125709.0	126889.0
402	126620.0	126930.0
403	125475.0	126158.0
404	125940.0	127045.0
405	126551.0	126951.0
406	125497.0	126126.0
407	125410.0	126907.0
408	126553.0	127110.0
409	124746.0	126048.0
410	125122.0	127098.0
411	125099.0	127502.0
412	125041.0	126307.0
413	124863.0	127387.0
414	125783.0	126851.0
415	125104.0	125804.0
416	125407.0	127569.0
417	125083.0	127442.0
418	124327.0	127135.0
419	125142.0	127582.0
420	125261.0	127207.0
421	124759.0	126509.0
422	124709.0	126690.0
423	125221.0	127436.0
424	125022.0	126483.0
425	124812.0	127356.0
426	124553.0	127411.0
427	124473.0	126395.0
428	124807.0	127225.0
429	124985.0	127413.0
430	125233.0	126544.0
431	124887.0	127697.0
432	125625.0	127630.0
433	124417.0	127151.0
434	124064.0	128240.0
435	125224.0	127702.0
436	124510.0	127025.0
437	124065.0	128291.0
438	125332.0	127776.0
439	124515.0	127300.0
440	124601.0	128130.0
441	125209.0	127871.0
442	124564.0	127793.0
443	124293.0	128103.0
444	124443.0	128174.0
445	124474.0	127958.0
446	124511.0	129000.0
447	125435.0	128044.0
448	124251.0	128125.0
449	124557.0	128572.0
450	124840.0	128540.0
451	124672.0	127833.0
452	124616.0	128984.0
453	125201.0	128916.0
454	124446.0	127938.0
455	124629.0	128456.0
456	125604.0	128882.0
457	124790.0	128241.0
458	124480.0	128878.0
459	125522.0	129275.0
460	124524.0	128077.0
461	125316.0	129069.0
462	125884.0	128366.0
463	125246.0	127894.0
464	125376.0	128947.0
465	125404.0	128732.0
466	124811.0	128246.0
467	124736.0	128617.0
468	125947.0	128769.0
469	125429.0	127838.0
470	125244.0	128575.0
471	125462.0	128721.0
472	125892.0	128473.0
473	125124.0	128888.0
474	126529.0	128658.0
475	125200.0	128455.0
476	125027.0	128872.0
477	125095.0	128985.0
478	124966.0	128208.0
479	125303.0	128682.0
480	126268.0	128635.0
481	125211.0	127523.0
482	125735.0	128831.0
483	126195.0	129082.0
484	126357.0	128362.0
485	125360.0	128835.0
486	126372.0	128274.0
487	125309.0	127924.0
488	125458.0	128608.0
489	126484.0	129053.0
490	125412.0	127465.0
491	125416.0	128679.0
492	125649.0	128287.0
493	125841.0	127544.0
494	125797.0	128297.0
495	126561.0	128148.0
496	126174.0	127839.0
497	125859.0	128058.0
498	126233.0	128401.0
499	126251.0	128020.0
500	125863.0	128237.0
501	126735.0	127878.0
502	125718.0	126996.0
503	125788.0	128396.0
504	126325.0	128094.0
505	126106.0	127444.0
506	125809.0	127421.0
507	126824.0	127804.0
508	126257.0	126869.0
509	125726.0	128029.0
510	127259.0	128137.0
511	126253.0	127145.0
512	125930.0	127372.0
513	127260.0	128259.0
514	125800.0	126901.0
515	126008.0	127636.0
516	126318.0	127588.0
517	125829.0	126931.0
518	126066.0	127224.0
519	126889.0	127822.0
520	125492.0	125748.0
521	125784.0	127164.0
522	126520.0	127116.0
523	125369.0	126554.0
524	125918.0	127196.0
525	126658.0	127326.0
526	125951.0	126994.0
527	126164.0	126694.0
528	125821.0	126649.0
529	125521.0	126361.0
530	125884.0	126741.0
531	126492.0	127149.0
532	125445.0	126264.0
533	126275.0	126329.0
534	126842.0	126756.0
535	125429.0	125836.0
536	125570.0	126531.0
537	126154.0	126266.0
538	125283.0	125613.0
539	125588.0	126062.0
540	125794.0	126707.0
541	125421.0	125675.0
542	125221.0	126245.0
543	126230.0	126672.0
544	125963.0	125749.0
545	125248.0	125009.0
546	125747.0	125420.0
547	125670.0	125618.0
548	125177.0	125951.0
549	125511.0	125944.0
550	125589.0	125225.0
551	125146.0	126376.0
552	126071.0	126030.0
553	125322.0	124999.0
554	125648.0	126155.0
555	125560.0	124903.0
556	125552.0	125220.0
557	125601.0	125607.0
558	125764.0	125639.0
559	125449.0	125493.0
560	125078.0	125973.0
561	125332.0	125402.0
562	124928.0	125038.0
563	124844.0	125518.0
564	125511.0	125073.0
565	124826.0	124811.0
566	124833.0	125143.0
567	125501.0	125139.0
568	124753.0	125201.0
569	124696.0	125358.0
570	125102.0	125863.0
571	125161.0	124356.0
572	124366.0	125211.0
573	125731.0	125545.0
574	124879.0	125075.0
575	124938.0	125525.0
576	125132.0	125807.0
577	124257.0	124967.0
578	124468.0	125434.0
579	125406.0	125507.0
580	124747.0	125217.0
581	124078.0	125859.0
582	125203.0	125184.0
583	124449.0	124717.0
584	124536.0	125402.0
585	124933.0	125456.0
586	124257.0	125500.0
587	124183.0	125286.0
588	124614.0	125703.0
589	124116.0	125217.0
590	123677.0	126241.0
591	125059.0	126222.0
592	124692.0	124909.0
593	124600.0	125918.0
594	124938.0	125758.0
595	124789.0	125600.0
596	124261.0	125524.0
597	124905.0	125317.0
598	124672.0	125157.0
599	124389.0	126163.0
600	124928.0	126107.0
601	124036.0	125424.0
602	123764.0	125605.0
603	124232.0	125958.0
604	124040.0	124390.0
605	124083.0	125782.0
606	124458.0	125826.0
607	123814.0	125130.0
608	123705.0	126299.0
609	124571.0	126604.0
610	124335.0	125744.0
611	124736.0	126004.0
612	124311.0	126226.0
613	124438.0	125419.0
614	124313.0	126304.0
615	124292.0	126502.0
616	123686.0	125576.0
617	124307.0	126619.0
618	124575.0	126616.0
619	124594.0	125419.0
620	124097.0	126257.0
621	125173.0	125987.0
622	124097.0	125613.0
623	124857.0	126287.0
624	124951.0	125899.0
625	124145.0	126300.0
626	123919.0	126229.0
627	124694.0	125850.0
628	124113.0	125912.0
629	124574.0	126171.0
630	124773.0	126133.0
631	124527.0	125921.0
632	124409.0	126094.0
633	124652.0	125962.0
634	124106.0	126589.0
635	124692.0	126214.0
636	125586.0	126348.0
637	124106.0	125879.0
638	124704.0	126344.0
639	125177.0	126424.0
640	125029.0	126396.0
641	124721.0	125797.0
642	124662.0	125768.0
643	124691.0	125980.0
644	124817.0	126257.0
645	124860.0	125958.0
646	124708.0	125597.0
647	123950.0	125886.0
648	124749.0	126171.0
649	124917.0	125790.0
650	124951.0	126087.0
651	124606.0	126343.0
652	124189.0	125283.0
653	124868.0	126526.0
654	125815.0	126375.0
655	124327.0	125998.0
656	124295.0	125958.0
657	125281.0	126340.0
658	124618.0	125813.0
659	124927.0	125683.0
660	124744.0	126377.0
661	124586.0	125958.0
662	124248.0	126654.0
663	124843.0	126095.0
664	124830.0	125221.0
665	124909.0	126039.0
666	125776.0	125961.0
667	124839.0	125250.0
668	124759.0	126032.0
669	125011.0	125780.0
670	124873.0	125265.0
671	125239.0	126146.0
672	125400.0	126265.0
673	124925.0	125353.0
674	125309.0	125693.0
675	125224.0	125810.0
676	124395.0	125403.0
677	124683.0	125599.0
678	125434.0	125253.0
679	124903.0	124893.0
680	125083.0	125226.0
681	125172.0	125277.0
682	124857.0	124793.0
683	124574.0	125718.0
684	125684.0	125090.0
685	124378.0	125432.0
686	124477.0	125347.0
687	125024.0	125658.0
688	124332.0	125595.0
689	124547.0	125652.0
690	124602.0	125417.0
691	124616.0	125112.0
692	124563.0	125404.0
693	125308.0	125414.0
694	125076.0	125433.0
695	124404.0	125154.0
696	125435.0	125681.0
697	124980.0	125404.0
698	124661.0	125447.0
699	125202.0	125558.0
700	124587.0	125168.0
701	124321.0	125117.0
702	124974.0	125499.0
703	125102.0	124586.0
704	124672.0	125356.0
705	125173.0	125257.0
706	124419.0	124730.0
707	124856.0	125303.0
708	125868.0	125263.0
709	124208.0	124291.0
710	124862.0	124752.0
711	125408.0	124951.0
712	125010.0	124568.0
713	124387.0	125076.0
714	124551.0	125568.0
715	124404.0	124709.0
716	124831.0	125151.0
717	124941.0	124941.0
718	124604.0	124646.0
719	125111.0	125240.0
720	124970.0	124804.0
721	124211.0	124426.0
722	124471.0	124934.0
723	124553.0	124697.0
724	124383.0	124235.0
725	124511.0	124198.0
726	125310.0	125023.0
727	124095.0	124789.0
728	124416.0	124619.0
729	125070.0	124482.0
730	124389.0	124234.0
731	124450.0	124597.0
732	124592.0	124858.0
733	124511.0	124386.0
734	124105.0	124709.0
735	124573.0	124588.0
736	124271.0	124292.0
737	124326.0	124744.0
738	124851.0	124851.0
739	124445.0	124619.0
740	124410.0	125312.0
741	124791.0	124511.0
742	124552.0	124421.0
743	124231.0	124759.0
744	124721.0	124703.0
745	124358.0	124677.0
746	124367.0	123913.0
747	124649.0	124589.0
748	124303.0	124385.0
749	124208.0	125697.0
750	124681.0	124586.0
751	124573.0	124282.0
752	124416.0	124717.0
753	124209.0	124800.0
754	124502.0	124142.0
755	124457.0	124579.0
756	124872.0	125316.0
757	124137.0	124367.0
758	124386.0	125223.0
759	124385.0	124621.0
760	123920.0	124245.0
761	123869.0	124820.0
762	125013.0	124809.0
763	124155.0	125016.0
764	124499.0	125026.0
765	124261.0	124947.0
766	123681.0	124051.0
767	124274.0	124430.0
768	124143.0	125071.0
769	123534.0	124717.0
770	123787.0	125098.0
771	124770.0	125000.0
772	123633.0	124263.0
773	123762.0	124581.0
774	124644.0	124768.0
775	124154.0	124252.0
776	123925.0	124501.0
777	124765.0	124973.0
778	124178.0	124427.0
779	123512.0	124766.0
780	123970.0	125243.0
781	123923.0	124637.0
782	123716.0	124968.0
783	124201.0	124731.0
784	123779.0	124435.0
785	123744.0	124802.0
786	124850.0	124744.0
787	124106.0	124257.0
788	123998.0	125074.0
789	124203.0	124911.0
790	123873.0	124666.0
791	123973.0	125153.0
792	124820.0	125195.0
793	124601.0	124811.0
794	124248.0	124640.0
795	124700.0	124234.0
796	124902.0	124573.0
797	123927.0	124861.0
798	124440.0	125136.0
799	124133.0	124896.0
800	123849.0	124615.0
801	125218.0	125268.0
802	124273.0	124370.0
803	123164.0	124688.0
804	124638.0	124942.0
805	123996.0	124486.0
806	123498.0	124766.0
807	124265.0	124708.0
808	124537.0	124817.0
809	124018.0	124840.0
810	124203.0	125368.0
811	123801.0	124432.0
812	124092.0	125169.0
813	124741.0	124924.0
814	124764.0	124219.0
815	124121.0	124834.0
816	124585.0	125003.0
817	124196.0	124829.0
818	124677.0	124763.0
819	124141.0	124859.0
820	123969.0	124705.0
821	124505.0	124872.0
822	124576.0	124989.0
823	124117.0	124776.0
824	124359.0	125061.0
825	124526.0	125048.0
826	123936.0	124574.0
827	123547.0	125065.0
828	124432.0	125241.0
829	124136.0	124975.0
830	123696.0	124536.0
831	124646.0	124658.0
832	124443.0	124900.0
833	124241.0	124840.0
834	124288.0	124315.0
835	124163.0	124353.0
836	123830.0	124348.0
837	124907.0	124731.0
838	123765.0	124736.0
839	123514.0	124421.0
840	124500.0	124825.0
841	124403.0	124698.0
842	124191.0	124901.0
843	124529.0	125150.0
844	124656.0	124701.0
845	124327.0	124166.0
846	124716.0	124465.0
847	123743.0	124612.0
848	123996.0	124443.0
849	125092.0	124894.0
850	123874.0	124460.0
851	124285.0	124588.0
852	124886.0	124587.0
853	123873.0	124479.0
854	124728.0	125083.0
855	124328.0	124493.0
856	124338.0	124079.0
857	124437.0	124315.0
858	124272.0	124124.0
859	124127.0	124391.0
860	123828.0	124216.0
861	124012.0	124360.0
862	123893.0	123722.0
863	124277.0	124507.0
864	124037.0	124069.0
865	123341.0	124325.0
866	124430.0	125142.0
867	123659.0	124335.0
868	124183.0	123859.0
869	123787.0	124520.0
870	124297.0	124660.0
871	123864.0	123897.0
872	123821.0	124612.0
873	124309.0	123913.0
874	123574.0	124238.0
875	123925.0	124856.0
876	124400.0	124275.0
877	123729.0	124203.0
878	123955.0	124442.0
879	124821.0	124207.0
880	123817.0	123895.0
881	124356.0	124364.0
882	124718.0	124320.0
883	124183.0	123622.0
884	124208.0	123891.0
885	124327.0	124292.0
886	124557.0	123250.0
887	124660.0	123952.0
888	124269.0	124962.0
889	123769.0	124618.0
890	123681.0	124789.0
891	124237.0	124467.0
892	123770.0	124146.0
893	123819.0	124738.0
894	124244.0	124463.0
895	124009.0	124528.0
896	123162.0	124224.0
897	124119.0	124688.0
898	123797.0	123909.0
899	123570.0	124357.0
900	124233.0	124582.0
901	123973.0	123641.0
902	123712.0	124653.0
903	124658.0	124775.0
904	123648.0	124175.0
905	123651.0	124536.0
906	123944.0	124732.0
907	124061.0	124136.0
908	123655.0	124355.0
909	124513.0	124393.0
910	123902.0	124237.0
911	123069.0	124976.0
912	123963.0	124709.0
913	123763.0	124607.0
914	124069.0	124811.0
915	124195.0	124392.0
916	123584.0	124073.0
917	123267.0	124612.0
918	123790.0	124134.0
919	123642.0	124191.0
920	124166.0	124233.0
921	124235.0	125130.0
922	123379.0	124516.0
923	124081.0	124150.0
924	124452.0	124638.0
925	123559.0	124139.0
926	124051.0	124175.0
927	123715.0	124767.0
928	123457.0	124673.0
929	124005.0	124750.0
930	123789.0	124759.0
931	123864.0	124868.0
932	123233.0	124727.0
933	124536.0	124429.0
934	123375.0	124030.0
935	123732.0	124978.0
936	124004.0	124486.0
937	123741.0	124287.0
938	123670.0	124539.0
939	123878.0	124799.0
940	123544.0	124475.0
941	124026.0	124505.0
942	124011.0	124614.0
943	123733.0	123739.0
944	124226.0	123992.0
945	124363.0	124216.0
946	123662.0	124200.0
947	124173.0	124980.0
948	123994.0	125039.0
949	123849.0	123493.0
950	123704.0	124344.0
951	123996.0	124075.0
952	122973.0	124387.0
953	123786.0	124735.0
954	123964.0	124234.0
955	124347.0	123793.0
956	124145.0	124481.0
957	123786.0	124425.0
958	124542.0	124155.0
959	124091.0	124345.0
960	124102.0	124732.0
961	124159.0	124708.0
962	124014.0	124668.0
963	123983.0	124597.0
964	123157.0	124519.0
965	123813.0	124402.0
966	124325.0	124686.0
967	124183.0	124253.0
968	123748.0	124017.0
969	123934.0	123913.0
970	124357.0	124836.0
971	124317.0	124358.0
972	123416.0	124195.0
973	123669.0	124522.0
974	124258.0	124239.0
975	124037.0	124134.0
976	123970.0	124194.0
977	123941.0	124172.0
978	124208.0	124814.0
979	123744.0	124372.0
980	124010.0	124636.0
981	124418.0	123836.0
982	124250.0	124346.0
983	124150.0	124172.0
984	124302.0	124160.0
985	124010.0	123984.0
986	124319.0	124507.0
987	124501.0	124657.0
988	123863.0	123980.0
989	124034.0	123537.0
990	123790.0	123957.0
991	123764.0	124031.0
992	124003.0	123946.0
993	124772.0	124511.0
994	124099.0	123891.0
995	123923.0	124187.0
996	124147.0	123943.0
997	123987.0	124696.0
998	123475.0	123986.0
999	123921.0	124096.0
1000	123646.0	123339.0
1001	123405.0	123369.0
1002	124158.0	124758.0
1003	123274.0	123984.0
1004	123275.0	123846.0
1005	123911.0	124000.0
1006	123702.0	123420.0
1007	123349.0	124475.0
1008	123631.0	124270.0
1009	123940.0	123460.0
1010	124104.0	123353.0
1011	123849.0	123888.0
1012	123499.0	123436.0
1013	123656.0	124105.0
1014	124920.0	124228.0
1015	123044.0	123866.0
1016	123725.0	124070.0
1017	124285.0	123932.0
1018	123673.0	123999.0
1019	123378.0	123672.0
1020	124232.0	124183.0
1021	123875.0	123784.0
1022	123871.0	123692.0
1023	124222.0	123900.0
1024	123902.0	123580.0
1025	122749.0	124313.0
1026	123738.0	124142.0
1027	123131.0	123552.0
1028	123315.0	124148.0
1029	123160.0	123994.0
1030	123256.0	123422.0
1031	123731.0	124019.0
1032	124301.0	123820.0
1033	124140.0	123537.0
1034	123600.0	124090.0
1035	123376.0	124288.0
1036	123433.0	123875.0
1037	123920.0	124377.0
1038	123781.0	123186.0
1039	123497.0	123680.0
1040	123834.0	123277.0
1041	123728.0	123704.0
1042	123227.0	123638.0
1043	123379.0	124177.0
1044	123870.0	124013.0
1045	123523.0	123725.0
1046	123480.0	123804.0
1047	123413.0	124380.0
1048	123775.0	123413.0
1049	124113.0	123705.0
1050	123696.0	123641.0
1051	123970.0	122988.0
1052	124441.0	123842.0
1053	124137.0	123089.0
1054	123458.0	123655.0
1055	123251.0	123734.0
1056	123317.0	124062.0
1057	123499.0	123829.0
1058	124038.0	123888.0
1059	123738.0	123460.0
1060	123268.0	123586.0
1061	123399.0	123752.0
1062	123586.0	123466.0
1063	123138.0	123247.0
1064	123564.0	122895.0
1065	123448.0	123607.0
1066	123916.0	123232.0
1067	123136.0	123765.0
1068	123579.0	124227.0
1069	124025.0	123955.0
1070	123345.0	123563.0
1071	123524.0	123923.0
1072	123088.0	123539.0
1073	123447.0	123317.0
1074	123285.0	123971.0
1075	123106.0	123550.0
1076	123110.0	123862.0
1077	124015.0	123684.0
1078	123757.0	123471.0
1079	123555.0	123748.0
1080	123972.0	123571.0
1081	123578.0	123595.0
1082	123985.0	123658.0
1083	123873.0	123898.0
1084	123517.0	123999.0
1085	123030.0	124066.0
1086	123494.0	124266.0
1087	123645.0	123950.0
1088	123118.0	123703.0
1089	123739.0	123991.0
1090	123447.0	123194.0
1091	123680.0	124199.0
1092	123012.0	124161.0
1093	123238.0	123794.0
1094	123303.0	123495.0
1095	123466.0	124146.0
1096	124052.0	123573.0
1097	123966.0	124467.0
1098	123494.0	123780.0
1099	122747.0	123383.0
1100	123820.0	124459.0
1101	123551.0	123881.0
1102	123286.0	123939.0
1103	123562.0	124033.0
1104	123183.0	124017.0
1105	123889.0	124086.0
1106	123599.0	124136.0
1107	123695.0	124637.0
1108	123219.0	124124.0
1109	123679.0	124160.0
1110	123321.0	123718.0
1111	123391.0	124162.0
1112	123120.0	123694.0
1113	123746.0	124189.0
1114	123648.0	123710.0
1115	122800.0	123755.0
1116	123531.0	123938.0
1117	123322.0	124128.0
1118	122886.0	123903.0
1119	123736.0	124168.0
1120	123600.0	123616.0
1121	123618.0	123456.0
1122	124048.0	124659.0
1123	123531.0	123744.0
1124	123158.0	123663.0
1125	124003.0	124003.0
1126	123876.0	123609.0
1127	123602.0	123592.0
1128	123736.0	123782.0
1129	123155.0	123458.0
1130	123161.0	124105.0
1131	123550.0	123689.0
1132	123506.0	124246.0
1133	123593.0	123261.0
1134	123429.0	123450.0
1135	123086.0	123844.0
1136	123194.0	123650.0
1137	123343.0	123945.0
1138	123107.0	123716.0
1139	123391.0	123944.0
1140	123594.0	123802.0
1141	123371.0	123099.0
1142	123359.0	123442.0
1143	123531.0	123904.0
1144	123617.0	123839.0
1145	123472.0	123900.0
1146	123454.0	124286.0
1147	123882.0	123557.0
1148	123297.0	124015.0
1149	123300.0	123938.0
1150	123563.0	123917.0
1151	123803.0	123557.0
1152	123290.0	124385.0
1153	123844.0	123944.0
1154	123581.0	123757.0
1155	123657.0	123754.0
1156	123124.0	124021.0
1157	122954.0	123711.0
1158	122906.0	124361.0
1159	123111.0	123435.0
1160	123303.0	124138.0
1161	124273.0	124226.0
1162	123428.0	123440.0
1163	123595.0	123429.0
1164	123996.0	123394.0
1165	123531.0	123053.0
1166	123171.0	123445.0
1167	123763.0	123520.0
1168	123424.0	123292.0
1169	123381.0	124086.0
1170	123928.0	124178.0
1171	123805.0	123664.0
1172	123758.0	123208.0
1173	122730.0	123448.0
1174	123264.0	123784.0
1175	122994.0	123840.0
1176	123257.0	123525.0
1177	123147.0	123342.0
1178	123675.0	122925.0
1179	123468.0	123586.0
1180	123464.0	123531.0
1181	122660.0	123476.0
1182	122837.0	123604.0
1183	123252.0	123452.0
1184	122837.0	123843.0
1185	123919.0	123439.0
1186	122788.0	123059.0
1187	122893.0	123882.0
1188	123673.0	123132.0
1189	122693.0	122900.0
1190	123673.0	123237.0
1191	123322.0	123838.0
1192	122792.0	123764.0
1193	123224.0	123330.0
1194	123011.0	124000.0
1195	123325.0	123719.0
1196	122812.0	123868.0
1197	122682.0	123328.0
1198	123167.0	123361.0
1199	123072.0	123309.0
1200	123566.0	123752.0
1201	123035.0	123400.0
1202	123129.0	123617.0
1203	123290.0	123908.0
1204	123630.0	122758.0
1205	122855.0	123648.0
1206	123153.0	123607.0
1207	122874.0	123320.0
1208	123316.0	123575.0
1209	123158.0	123065.0
1210	123253.0	123468.0
1211	122780.0	123300.0
1212	123786.0	123688.0
1213	123333.0	123491.0
1214	122996.0	123537.0
1215	123083.0	123422.0
1216	122876.0	122884.0
1217	123205.0	123135.0
1218	123065.0	122506.0
1219	123081.0	122608.0
1220	123009.0	123076.0
1221	123019.0	123707.0
1222	123050.0	122609.0
1223	122994.0	122699.0
1224	122979.0	123183.0
1225	122916.0	122998.0
1226	123443.0	123360.0
1227	123150.0	123367.0
1228	122667.0	122848.0
1229	122443.0	123037.0
1230	122823.0	123561.0
1231	123134.0	123125.0
1232	122491.0	123247.0
1233	122981.0	123500.0
1234	122579.0	123384.0
1235	122745.0	123502.0
1236	122978.0	123399.0
1237	123007.0	123047.0
1238	122695.0	123450.0
1239	123019.0	123182.0
1240	122800.0	123520.0
1241	122613.0	123409.0
1242	122374.0	123451.0
1243	123165.0	123424.0
1244	122766.0	123103.0
1245	122955.0	123295.0
1246	123295.0	123319.0
1247	123107.0	123358.0
1248	122918.0	123339.0
1249	123277.0	123201.0
1250	122875.0	123638.0
1251	122666.0	123199.0
1252	123670.0	122990.0
1253	123433.0	123180.0
1254	123382.0	123412.0
1255	121904.0	123573.0
1256	122511.0	123547.0
1257	123201.0	123787.0
1258	122706.0	123138.0
1259	122072.0	123242.0
1260	123584.0	123297.0
1261	122699.0	123040.0
1262	122812.0	123348.0
1263	122807.0	123354.0
1264	122594.0	122633.0
1265	123282.0	123453.0
1266	122969.0	123181.0
1267	122820.0	122263.0
1268	122965.0	123959.0
1269	122954.0	123320.0
1270	122537.0	123458.0
1271	122416.0	123030.0
1272	122814.0	123202.0
1273	122999.0	123322.0
1274	123199.0	123549.0
1275	123092.0	123621.0
1276	123181.0	123360.0
1277	122795.0	123618.0
1278	122600.0	123728.0
1279	123213.0	123034.0
1280	123125.0	123736.0
1281	122769.0	123658.0
1282	122885.0	123853.0
1283	123095.0	123457.0
1284	123164.0	123666.0
1285	122758.0	122962.0
1286	123251.0	123520.0
1287	123456.0	124024.0
1288	123435.0	123218.0
1289	123148.0	123456.0
1290	122843.0	122805.0
1291	123092.0	123823.0
1292	122671.0	123577.0
1293	123157.0	123334.0
1294	122832.0	123350.0
1295	123160.0	122885.0
1296	123217.0	123469.0
1297	123270.0	123191.0
1298	123104.0	123483.0
1299	123380.0	123629.0
1300	122850.0	123480.0
1301	123646.0	123807.0
1302	122926.0	122903.0
1303	122677.0	122964.0
1304	123141.0	123819.0
1305	122576.0	123355.0
1306	123059.0	123691.0
1307	122343.0	123036.0
1308	122823.0	123646.0
1309	122842.0	123523.0
1310	122613.0	124336.0
1311	122912.0	123894.0
1312	123250.0	123386.0
1313	123210.0	122981.0
1314	123132.0	123453.0
1315	123038.0	122846.0
1316	123044.0	122997.0
1317	123832.0	123275.0
1318	122997.0	124261.0
1319	122346.0	123921.0
1320	122612.0	123368.0
1321	123439.0	123569.0
1322	123530.0	123282.0
1323	122959.0	123285.0
1324	122362.0	123642.0
1325	123175.0	123211.0
1326	123133.0	122959.0
1327	122398.0	123014.0
1328	122423.0	122576.0
1329	123228.0	122972.0
1330	123079.0	123052.0
1331	122757.0	123601.0
1332	123272.0	123021.0
1333	123176.0	122825.0
1334	122753.0	123704.0
1335	123046.0	123446.0
1336	122784.0	123069.0
1337	122779.0	122826.0
1338	122452.0	123181.0
1339	123016.0	122862.0
1340	123139.0	122694.0
1341	123375.0	123387.0
1342	122931.0	122736.0
1343	122291.0	123010.0
1344	122989.0	123344.0
1345	122396.0	123118.0
1346	122703.0	123060.0
1347	123218.0	123062.0
1348	122897.0	122919.0
1349	122612.0	123016.0
1350	122775.0	123182.0
1351	122837.0	122694.0
1352	122243.0	122839.0
1353	123081.0	123456.0
1354	122831.0	122994.0
1355	123005.0	123091.0
1356	122814.0	122885.0
1357	123124.0	122713.0
1358	123239.0	123333.0
1359	122580.0	123239.0
1360	122784.0	122545.0
1361	122902.0	122940.0
1362	122916.0	123024.0
1363	123173.0	123120.0
1364	122608.0	123149.0
1365	123208.0	123387.0
1366	123545.0	123025.0
1367	122426.0	123085.0
1368	122638.0	123290.0
1369	122807.0	122474.0
1370	122497.0	123074.0
1371	122714.0	123171.0
1372	123147.0	122914.0
1373	122890.0	122712.0
1374	122383.0	123533.0
1375	122121.0	122973.0
1376	122649.0	122857.0
1377	123064.0	123405.0
1378	122467.0	123002.0
1379	123304.0	122530.0
1380	122480.0	122970.0
1381	123013.0	122651.0
1382	123157.0	122825.0
1383	122973.0	122863.0
1384	122624.0	123035.0
1385	122133.0	122861.0
1386	122724.0	122401.0
1387	122317.0	122843.0
1388	122226.0	122637.0
1389	122501.0	122897.0
1390	123097.0	123155.0
1391	122603.0	123004.0
1392	122585.0	122890.0
1393	122735.0	123130.0
1394	122574.0	123286.0
1395	122578.0	122796.0
1396	122471.0	123235.0
1397	123125.0	123216.0
1398	122543.0	122635.0
1399	122559.0	122556.0
1400	122623.0	122409.0
1401	122647.0	122658.0
1402	122963.0	122440.0
1403	122482.0	121951.0
1404	122321.0	123066.0
1405	122547.0	122408.0
1406	122321.0	122673.0
1407	122687.0	122748.0
1408	122724.0	123140.0
1409	122891.0	122641.0
1410	122621.0	123291.0
1411	122598.0	122934.0
1412	122168.0	123382.0
1413	122039.0	122913.0
1414	122354.0	123266.0
1415	122742.0	122857.0
1416	122810.0	122809.0
1417	122235.0	122622.0
1418	122257.0	122955.0
1419	122072.0	123310.0
1420	122346.0	122903.0
1421	122336.0	122439.0
1422	122513.0	122562.0
1423	121956.0	122615.0
1424	121961.0	123375.0
1425	122037.0	123703.0
1426	122533.0	123241.0
1427	121995.0	123544.0
1428	122812.0	123658.0
1429	122047.0	122671.0
1430	123151.0	122649.0
1431	122717.0	123180.0
1432	122925.0	122540.0
1433	122494.0	122654.0
1434	123213.0	122873.0
1435	122876.0	122757.0
1436	122419.0	122921.0
1437	122739.0	123238.0
1438	122263.0	123213.0
1439	122878.0	122609.0
1440	122596.0	122548.0
1441	122558.0	122334.0
1442	122805.0	123179.0
1443	122355.0	122922.0
1444	122423.0	122472.0
1445	122256.0	123242.0
1446	122458.0	122976.0
1447	122819.0	122675.0
1448	123287.0	122891.0
1449	122785.0	122552.0
1450	122530.0	123139.0
1451	122224.0	122970.0
1452	122532.0	123649.0
1453	122450.0	123511.0
1454	122542.0	123412.0
1455	122462.0	123470.0
1456	122631.0	123146.0
1457	123432.0	122692.0
1458	122671.0	122629.0
1459	122489.0	122990.0
1460	122288.0	123181.0
1461	122231.0	122754.0
1462	122527.0	122708.0
1463	122777.0	123249.0
1464	123145.0	122409.0
1465	122704.0	122248.0
1466	122150.0	122630.0
1467	122758.0	123043.0
1468	122780.0	122866.0
1469	121953.0	122753.0
1470	122911.0	123377.0
1471	123025.0	122919.0
1472	122757.0	122457.0
1473	122371.0	122683.0
1474	122601.0	123210.0
1475	122441.0	123127.0
1476	122082.0	122951.0
1477	122225.0	122829.0
1478	122817.0	123358.0
1479	122845.0	123073.0
1480	122218.0	122269.0
1481	122587.0	122754.0
1482	122455.0	122859.0
1483	122637.0	122391.0
1484	122117.0	122937.0
1485	122612.0	123568.0
1486	122558.0	122969.0
1487	121956.0	121998.0
1488	121934.0	123175.0
1489	121856.0	123206.0
1490	122355.0	123257.0
1491	122190.0	122040.0
1492	122592.0	122294.0
1493	122835.0	122480.0
1494	122376.0	122739.0
1495	122348.0	122845.0
1496	122978.0	122625.0
1497	122403.0	122716.0
1498	122735.0	123040.0
1499	122814.0	123255.0
1500	122276.0	122388.0
1501	121699.0	122601.0
1502	122826.0	122414.0
1503	122631.0	123077.0
1504	122546.0	122616.0
1505	122449.0	122725.0
1506	122323.0	122938.0
1507	122708.0	122411.0
1508	121790.0	122893.0
1509	122616.0	122573.0
1510	122534.0	122951.0
1511	122391.0	122185.0
1512	122941.0	122814.0
1513	122523.0	122627.0
1514	122481.0	122567.0
1515	122032.0	122638.0
1516	122596.0	122157.0
1517	122794.0	122431.0
1518	122572.0	122983.0
1519	122854.0	122680.0
1520	122446.0	123160.0
1521	122129.0	122793.0
1522	122193.0	121889.0
1523	122280.0	122553.0
1524	122053.0	121550.0
1525	122059.0	121982.0
1526	122020.0	123183.0
1527	122414.0	122887.0
1528	122530.0	122547.0
1529	122360.0	122538.0
1530	122251.0	122742.0
1531	121974.0	122013.0
1532	121912.0	122509.0
1533	122163.0	122490.0
1534	122249.0	122915.0
1535	122113.0	122825.0
1536	121975.0	122883.0
1537	122179.0	122707.0
1538	121733.0	122385.0
1539	122628.0	122317.0
1540	122635.0	122709.0
1541	122675.0	123145.0
1542	122789.0	123130.0
1543	122447.0	122934.0
1544	122245.0	122776.0
1545	121601.0	122573.0
1546	121923.0	122175.0
1547	122445.0	122208.0
1548	121849.0	122364.0
1549	121780.0	122270.0
1550	122458.0	122138.0
1551	122360.0	122762.0
1552	122134.0	122334.0
1553	121732.0	123024.0
1554	122186.0	122812.0
1555	121574.0	122838.0
1556	122082.0	123046.0
1557	122407.0	123266.0
1558	121627.0	122686.0
1559	122563.0	122691.0
1560	121599.0	121885.0
1561	122124.0	122253.0
1562	122338.0	122317.0
1563	122063.0	122838.0
1564	122067.0	122382.0
1565	122822.0	122598.0
1566	122500.0	122619.0
1567	122310.0	122579.0
1568	121596.0	122889.0
1569	122494.0	122993.0
1570	121650.0	122612.0
1571	121922.0	122446.0
1572	122188.0	122958.0
1573	121971.0	122856.0
1574	122000.0	122504.0
1575	122383.0	122497.0
1576	121793.0	122859.0
1577	121623.0	123374.0
1578	122096.0	122678.0
1579	121875.0	122585.0
1580	122198.0	122995.0
1581	122087.0	122545.0
1582	122258.0	122111.0
1583	121932.0	122827.0
1584	122399.0	123004.0
1585	122055.0	123091.0
1586	121892.0	122636.0
1587	122511.0	122800.0
1588	122290.0	122418.0
1589	122334.0	122484.0
1590	122209.0	122428.0
1591	122508.0	122402.0
1592	122501.0	122332.0
1593	122101.0	122603.0
1594	122210.0	122458.0
1595	121762.0	122178.0
1596	122121.0	122512.0
1597	122332.0	122478.0
1598	122163.0	122460.0
1599	122621.0	122550.0
1600	121682.0	122531.0
1601	121963.0	122150.0
1602	122407.0	122685.0
1603	122381.0	122412.0
1604	122105.0	122185.0
1605	122540.0	122386.0
1606	122328.0	122692.0
1607	122079.0	122756.0
1608	122107.0	122848.0
1609	121921.0	122654.0
1610	121957.0	123374.0
1611	122776.0	122340.0
1612	122656.0	122167.0
1613	122415.0	123017.0
1614	122578.0	122661.0
1615	121992.0	122771.0
1616	122429.0	123122.0
1617	121714.0	122802.0
1618	122346.0	121981.0
1619	122359.0	122612.0
1620	122611.0	122103.0
1621	122385.0	122203.0
1622	122485.0	122389.0
1623	122401.0	122753.0
1624	122371.0	122304.0
1625	122318.0	122729.0
1626	121847.0	122472.0
1627	122314.0	122083.0
1628	122566.0	122616.0
1629	122340.0	122509.0
1630	122483.0	122785.0
1631	122827.0	122316.0
1632	122100.0	122352.0
1633	121720.0	123144.0
1634	121487.0	122241.0
1635	122006.0	122917.0
1636	122076.0	122004.0
1637	122097.0	122160.0
1638	122461.0	122451.0
1639	122116.0	122984.0
1640	121473.0	122657.0
1641	122469.0	122217.0
1642	122542.0	122181.0
1643	122594.0	122568.0
1644	122081.0	122491.0
1645	122292.0	122576.0
1646	122151.0	121870.0
1647	122304.0	122277.0
1648	122489.0	122186.0
1649	121833.0	122776.0
1650	122065.0	122520.0
1651	122614.0	122144.0
1652	121842.0	122388.0
1653	122640.0	123031.0
1654	121790.0	122438.0
1655	121757.0	122230.0
1656	121687.0	123020.0
1657	121818.0	122099.0
1658	122312.0	122405.0
1659	121699.0	122209.0
1660	122013.0	122516.0
1661	122045.0	122709.0
1662	122019.0	122922.0
1663	121912.0	122346.0
1664	122023.0	122991.0
1665	122337.0	122353.0
1666	122474.0	121836.0
1667	122026.0	122128.0
1668	122036.0	122285.0
1669	121867.0	121754.0
1670	122189.0	122508.0
1671	121952.0	122032.0
1672	121452.0	122783.0
1673	121786.0	122364.0
1674	121867.0	122587.0
1675	122647.0	122293.0
1676	122152.0	122039.0
1677	122256.0	122647.0
1678	122585.0	122288.0
1679	121862.0	122719.0
1680	122025.0	122675.0
1681	122104.0	121849.0
1682	122254.0	122516.0
1683	121614.0	122660.0
1684	121569.0	122301.0
1685	122200.0	122222.0
1686	122511.0	122831.0
1687	121708.0	121866.0
1688	122032.0	122588.0
1689	122502.0	122523.0
1690	121617.0	122416.0
1691	121697.0	122286.0
1692	121653.0	121678.0
1693	121553.0	121499.0
1694	121620.0	122202.0
1695	122265.0	121584.0
1696	122061.0	122225.0
1697	122003.0	122252.0
1698	121992.0	122410.0
1699	121440.0	121970.0
1700	121747.0	121948.0
1701	122099.0	122185.0
1702	121653.0	121786.0
1703	122323.0	122439.0
1704	121942.0	122135.0
1705	121938.0	122080.0
1706	121974.0	122990.0
1707	121875.0	122225.0
1708	121980.0	121623.0
1709	122365.0	122166.0
1710	121943.0	121804.0
1711	122753.0	121579.0
1712	122211.0	121601.0
1713	121960.0	122133.0
1714	122006.0	122364.0
1715	121576.0	122432.0
1716	122005.0	122188.0
1717	121351.0	122719.0
1718	121716.0	122275.0
1719	121660.0	122435.0
1720	121601.0	122081.0
1721	121505.0	122020.0
1722	121527.0	122377.0
1723	121722.0	121907.0
1724	121696.0	122618.0
1725	121679.0	123067.0
1726	121721.0	122378.0
1727	121363.0	122760.0
1728	122361.0	122616.0
1729	121669.0	122067.0
1730	122075.0	122005.0
1731	122061.0	122082.0
1732	121882.0	122078.0
1733	122111.0	122099.0
1734	121653.0	122414.0
1735	121279.0	122333.0
1736	122582.0	122534.0
1737	121898.0	121741.0
1738	121579.0	122539.0
1739	122366.0	122384.0
1740	121829.0	122618.0
1741	121603.0	122053.0
1742	121810.0	122400.0
1743	122014.0	121842.0
1744	122745.0	121940.0
1745	121777.0	121834.0
1746	121672.0	121934.0
1747	122447.0	122229.0
1748	122234.0	121477.0
1749	121667.0	121922.0
1750	121314.0	122106.0
1751	121444.0	122253.0
1752	121683.0	122578.0
1753	121718.0	122525.0
1754	121642.0	122046.0
1755	122363.0	121893.0
1756	121850.0	121666.0
1757	121895.0	121584.0
1758	122068.0	122292.0
1759	121974.0	121766.0
1760	121797.0	122496.0
1761	121864.0	121864.0
1762	121479.0	121825.0
1763	121694.0	122380.0
1764	121592.0	122079.0
1765	122055.0	121762.0
1766	121859.0	122434.0
1767	122192.0	121895.0
1768	121776.0	121351.0
1769	121459.0	121938.0
1770	121942.0	122334.0
1771	121801.0	121989.0
1772	121644.0	122097.0
1773	121898.0	121994.0
1774	121490.0	122227.0
1775	122358.0	121790.0
1776	122188.0	122458.0
1777	121606.0	121530.0
1778	121536.0	121636.0
1779	121987.0	121787.0
1780	121855.0	121937.0
1781	122174.0	121779.0
1782	121630.0	121825.0
1783	121525.0	121881.0
1784	122302.0	122707.0
1785	121822.0	122372.0
1786	121765.0	121631.0
1787	121760.0	121959.0
1788	122267.0	122876.0
1789	121543.0	121744.0
1790	121792.0	122233.0
1791	122572.0	122181.0
1792	121696.0	122572.0
1793	121541.0	122209.0
1794	121503.0	122935.0
1795	121471.0	122188.0
1796	122034.0	121873.0
1797	121851.0	122062.0
1798	122129.0	121802.0
1799	121679.0	121985.0
1800	122140.0	122242.0
1801	121797.0	122264.0
1802	121316.0	122602.0
1803	121545.0	121881.0
1804	121946.0	122562.0
1805	121600.0	122051.0
1806	121738.0	121922.0
1807	121230.0	122202.0
1808	121589.0	122020.0
1809	121691.0	121684.0
1810	121735.0	121697.0
1811	121917.0	122547.0
1812	121624.0	121916.0
1813	121873.0	122468.0
1814	121695.0	122145.0
1815	121534.0	122423.0
1816	121610.0	122084.0
1817	122088.0	122012.0
1818	121267.0	121537.0
1819	121664.0	121793.0
1820	121474.0	122556.0
1821	121988.0	122405.0
1822	122145.0	122310.0
1823	121662.0	121593.0
1824	121652.0	121771.0
1825	121806.0	121983.0
1826	121125.0	121898.0
1827	121968.0	122184.0
1828	121385.0	122283.0
1829	121695.0	122386.0
1830	121469.0	122947.0
1831	122533.0	121610.0
1832	121078.0	121605.0
1833	122015.0	122143.0
1834	121700.0	122255.0
1835	121520.0	122172.0
1836	122237.0	122424.0
1837	121621.0	121755.0
1838	121723.0	122349.0
1839	121388.0	122206.0
1840	121892.0	121895.0
1841	121438.0	121913.0
1842	121576.0	122262.0
1843	121899.0	121079.0
1844	121486.0	121809.0
1845	121760.0	121541.0
1846	121899.0	122410.0
1847	121559.0	122304.0
1848	121358.0	122163.0
1849	122002.0	122707.0
1850	121002.0	121712.0
1851	121341.0	121842.0
1852	121549.0	121756.0
1853	121262.0	122204.0
1854	121992.0	122193.0
1855	122015.0	121713.0
1856	121693.0	121910.0
1857	122203.0	122183.0
1858	121760.0	122270.0
1859	121719.0	121671.0
1860	121995.0	122115.0
1861	121629.0	121872.0
1862	121739.0	122243.0
1863	121901.0	121364.0
1864	121392.0	121600.0
1865	121621.0	121837.0
1866	122079.0	122049.0
1867	120870.0	121148.0
1868	121474.0	121669.0
1869	121556.0	121265.0
1870	121679.0	121630.0
1871	122015.0	121698.0
1872	121788.0	121561.0
1873	121511.0	121882.0
1874	121671.0	121648.0
1875	121450.0	121891.0
1876	121277.0	121591.0
1877	120846.0	121363.0
1878	121466.0	121589.0
1879	121209.0	121801.0
1880	121704.0	121797.0
1881	121528.0	121229.0
1882	121420.0	122016.0
1883	121857.0	121486.0
1884	121866.0	121562.0
1885	121187.0	121411.0
1886	121553.0	121484.0
1887	121205.0	121335.0
1888	121183.0	122116.0
1889	121530.0	121719.0
1890	121067.0	121926.0
1891	120983.0	121510.0
1892	121687.0	122331.0
1893	121567.0	121579.0
1894	121584.0	122086.0
1895	121354.0	121678.0
1896	121073.0	121831.0
1897	121873.0	122198.0
1898	121039.0	121521.0
1899	121248.0	121849.0
1900	121211.0	122580.0
1901	121375.0	121505.0
1902	121896.0	121139.0
1903	121346.0	121856.0
1904	121471.0	121541.0
1905	121484.0	121843.0
1906	120619.0	121864.0
1907	121339.0	121765.0
1908	120965.0	121510.0
1909	120969.0	121652.0
1910	121191.0	122134.0
1911	121621.0	121518.0
1912	121082.0	121905.0
1913	121092.0	121541.0
1914	121276.0	122184.0
1915	121021.0	122677.0
1916	121512.0	121867.0
1917	121094.0	122315.0
1918	121345.0	122276.0
1919	121543.0	122008.0
1920	121406.0	121851.0
1921	121190.0	121517.0
1922	121305.0	121499.0
1923	121329.0	121912.0
1924	121301.0	122109.0
1925	121262.0	121932.0
1926	120891.0	121663.0
1927	121194.0	121370.0
1928	121806.0	122404.0
1929	121022.0	121821.0
1930	121480.0	121910.0
1931	120920.0	121998.0
1932	121227.0	122222.0
1933	121671.0	122456.0
1934	121100.0	121916.0
1935	121720.0	122456.0
1936	121967.0	121393.0
1937	121263.0	121409.0
1938	121297.0	121695.0
1939	121148.0	121691.0
1940	121709.0	121976.0
1941	121871.0	122136.0
1942	121134.0	122003.0
1943	121454.0	122083.0
1944	121340.0	121712.0
1945	121246.0	121906.0
1946	121601.0	122151.0
1947	121480.0	122519.0
1948	121010.0	121732.0
1949	122173.0	121983.0
1950	121577.0	121893.0
1951	121841.0	122263.0
1952	121674.0	122007.0
1953	120654.0	121795.0
1954	121651.0	122305.0
1955	121521.0	121466.0
1956	121311.0	121848.0
1957	121064.0	121931.0
1958	121005.0	121934.0
1959	121957.0	121576.0
1960	121244.0	121520.0
1961	121073.0	121223.0
1962	120712.0	121643.0
1963	121178.0	121692.0
1964	121279.0	121557.0
1965	121388.0	121781.0
1966	121275.0	121700.0
1967	121185.0	121462.0
1968	121005.0	121658.0
1969	121541.0	122093.0
1970	121478.0	121642.0
1971	120985.0	121544.0
1972	121267.0	121361.0
1973	121082.0	121996.0
1974	120919.0	121933.0
1975	120738.0	122409.0
1976	121616.0	121952.0
1977	121853.0	121953.0
1978	121647.0	121435.0
1979	121202.0	120942.0
1980	121279.0	121709.0
1981	121501.0	121813.0
1982	121536.0	122034.0
1983	120986.0	121487.0
1984	121308.0	121755.0
1985	120975.0	121416.0
1986	121392.0	121625.0
1987	121025.0	121265.0
1988	121124.0	121587.0
1989	121610.0	121204.0
1990	121640.0	121948.0
1991	121007.0	122229.0
1992	121612.0	121587.0
1993	121124.0	121520.0
1994	121230.0	121663.0
1995	121037.0	121719.0
1996	121330.0	121645.0
1997	121153.0	121788.0
1998	120942.0	121232.0
1999	120990.0	121735.0
