Distance in bp(Fragment Length Estimate: 144)(Peak Width Estimate: 144)	Same Strand (+ for Watson strand, - for Crick)	Opposite Strand
-2000	120014.0	119097.0
-1999	120066.0	119501.0
-1998	119841.0	118937.0
-1997	119237.0	119685.0
-1996	119640.0	119531.0
-1995	119845.0	119535.0
-1994	119561.0	119373.0
-1993	119763.0	119017.0
-1992	120016.0	118900.0
-1991	119605.0	119600.0
-1990	119585.0	119227.0
-1989	119736.0	119498.0
-1988	119839.0	119471.0
-1987	119598.0	118500.0
-1986	120393.0	119724.0
-1985	119332.0	119298.0
-1984	119573.0	119434.0
-1983	119643.0	120348.0
-1982	120216.0	119648.0
-1981	119668.0	119198.0
-1980	119306.0	119474.0
-1979	119815.0	119031.0
-1978	119483.0	118760.0
-1977	119702.0	119344.0
-1976	119656.0	119229.0
-1975	119172.0	119007.0
-1974	119681.0	119515.0
-1973	119588.0	119401.0
-1972	119452.0	119173.0
-1971	119272.0	118446.0
-1970	120354.0	119059.0
-1969	119844.0	119112.0
-1968	120244.0	119391.0
-1967	119107.0	119023.0
-1966	119134.0	119607.0
-1965	119545.0	119467.0
-1964	119582.0	119122.0
-1963	119743.0	119536.0
-1962	119269.0	119004.0
-1961	119890.0	119393.0
-1960	119180.0	119298.0
-1959	119386.0	119655.0
-1958	119345.0	119272.0
-1957	119879.0	119581.0
-1956	120116.0	118749.0
-1955	119371.0	118588.0
-1954	119839.0	118680.0
-1953	119926.0	118743.0
-1952	119502.0	119968.0
-1951	119784.0	119549.0
-1950	119445.0	119567.0
-1949	119514.0	119325.0
-1948	119423.0	119940.0
-1947	119809.0	119734.0
-1946	118881.0	119079.0
-1945	119749.0	120206.0
-1944	119835.0	119694.0
-1943	119775.0	120486.0
-1942	119822.0	119267.0
-1941	119637.0	119272.0
-1940	120171.0	119739.0
-1939	119909.0	119470.0
-1938	119839.0	119244.0
-1937	119721.0	119169.0
-1936	119703.0	119256.0
-1935	119807.0	119222.0
-1934	119413.0	119649.0
-1933	119489.0	119691.0
-1932	119849.0	119366.0
-1931	119520.0	119576.0
-1930	119529.0	119279.0
-1929	120455.0	119289.0
-1928	119693.0	118969.0
-1927	119883.0	119645.0
-1926	119569.0	119231.0
-1925	119329.0	119225.0
-1924	120094.0	119403.0
-1923	119847.0	119898.0
-1922	119971.0	119605.0
-1921	119847.0	119302.0
-1920	120034.0	119284.0
-1919	119707.0	119087.0
-1918	119491.0	119047.0
-1917	120003.0	119597.0
-1916	119766.0	118838.0
-1915	119511.0	119122.0
-1914	119856.0	119878.0
-1913	119777.0	119799.0
-1912	119801.0	119899.0
-1911	119889.0	119327.0
-1910	120273.0	119312.0
-1909	120336.0	119481.0
-1908	119831.0	119650.0
-1907	119684.0	119927.0
-1906	120329.0	119807.0
-1905	120519.0	118914.0
-1904	119933.0	119564.0
-1903	120641.0	119465.0
-1902	120302.0	119314.0
-1901	120044.0	119254.0
-1900	120445.0	119290.0
-1899	120685.0	119380.0
-1898	119823.0	119024.0
-1897	120229.0	119841.0
-1896	120422.0	119244.0
-1895	120181.0	119240.0
-1894	120551.0	120004.0
-1893	119737.0	119590.0
-1892	120300.0	119956.0
-1891	120503.0	119729.0
-1890	120195.0	119611.0
-1889	120042.0	119529.0
-1888	120402.0	120029.0
-1887	120270.0	119604.0
-1886	120538.0	119641.0
-1885	120269.0	119958.0
-1884	120276.0	120103.0
-1883	120555.0	119711.0
-1882	119820.0	120212.0
-1881	119869.0	119715.0
-1880	120177.0	119513.0
-1879	119996.0	120171.0
-1878	120587.0	119744.0
-1877	120112.0	119799.0
-1876	120846.0	120417.0
-1875	120693.0	119106.0
-1874	119977.0	119510.0
-1873	119753.0	119670.0
-1872	119392.0	120089.0
-1871	119750.0	119371.0
-1870	119771.0	120098.0
-1869	120165.0	119929.0
-1868	120425.0	119547.0
-1867	119672.0	119482.0
-1866	120245.0	119922.0
-1865	120016.0	119898.0
-1864	120400.0	120377.0
-1863	119843.0	119976.0
-1862	120095.0	119674.0
-1861	120183.0	119537.0
-1860	120441.0	119795.0
-1859	120536.0	119672.0
-1858	120817.0	119637.0
-1857	120200.0	119585.0
-1856	119963.0	120103.0
-1855	119951.0	119970.0
-1854	120059.0	120180.0
-1853	120117.0	119689.0
-1852	120617.0	119964.0
-1851	120209.0	119759.0
-1850	120701.0	119323.0
-1849	120493.0	119308.0
-1848	119981.0	119937.0
-1847	120768.0	120263.0
-1846	119950.0	120307.0
-1845	120923.0	119983.0
-1844	119738.0	119509.0
-1843	120642.0	119766.0
-1842	120315.0	119508.0
-1841	119847.0	119938.0
-1840	120661.0	119987.0
-1839	119649.0	119750.0
-1838	119917.0	119955.0
-1837	119885.0	119947.0
-1836	120600.0	120551.0
-1835	120338.0	119387.0
-1834	119917.0	119785.0
-1833	120275.0	120148.0
-1832	119786.0	119650.0
-1831	120601.0	119986.0
-1830	120408.0	119627.0
-1829	119856.0	120290.0
-1828	120234.0	119532.0
-1827	120285.0	120424.0
-1826	120275.0	119425.0
-1825	120320.0	119521.0
-1824	120429.0	119912.0
-1823	120634.0	119729.0
-1822	120241.0	120524.0
-1821	119851.0	120261.0
-1820	120831.0	120079.0
-1819	120286.0	119514.0
-1818	120272.0	119958.0
-1817	119936.0	120006.0
-1816	119667.0	120223.0
-1815	120109.0	119872.0
-1814	120358.0	119316.0
-1813	120017.0	119805.0
-1812	121313.0	120198.0
-1811	120184.0	119804.0
-1810	120027.0	119940.0
-1809	120239.0	119522.0
-1808	120455.0	120156.0
-1807	119955.0	119753.0
-1806	120524.0	119786.0
-1805	120224.0	119437.0
-1804	120038.0	120103.0
-1803	120491.0	119603.0
-1802	119924.0	119855.0
-1801	120066.0	119623.0
-1800	120439.0	119732.0
-1799	119375.0	120035.0
-1798	120210.0	120192.0
-1797	120128.0	120175.0
-1796	119749.0	120035.0
-1795	120674.0	119386.0
-1794	120749.0	119604.0
-1793	120619.0	119890.0
-1792	120238.0	119727.0
-1791	120345.0	119237.0
-1790	120115.0	119430.0
-1789	119720.0	119531.0
-1788	119986.0	119900.0
-1787	120171.0	119372.0
-1786	120098.0	119331.0
-1785	120306.0	119541.0
-1784	120028.0	119261.0
-1783	119638.0	119308.0
-1782	119753.0	119214.0
-1781	120175.0	120245.0
-1780	119849.0	119655.0
-1779	119990.0	119787.0
-1778	119448.0	119559.0
-1777	120223.0	119977.0
-1776	120499.0	119654.0
-1775	119624.0	120026.0
-1774	120830.0	120259.0
-1773	120689.0	119752.0
-1772	120371.0	120339.0
-1771	119834.0	120099.0
-1770	119348.0	119243.0
-1769	119461.0	119836.0
-1768	120242.0	119938.0
-1767	120145.0	119822.0
-1766	119870.0	120424.0
-1765	120136.0	120021.0
-1764	120642.0	119784.0
-1763	120448.0	120421.0
-1762	120586.0	119719.0
-1761	120560.0	120268.0
-1760	120912.0	120533.0
-1759	120549.0	120327.0
-1758	120289.0	120210.0
-1757	120026.0	119513.0
-1756	120686.0	120419.0
-1755	119965.0	120252.0
-1754	119681.0	119899.0
-1753	120783.0	120008.0
-1752	120308.0	119796.0
-1751	120151.0	120564.0
-1750	120356.0	120441.0
-1749	120349.0	120249.0
-1748	120393.0	120483.0
-1747	119931.0	120226.0
-1746	120036.0	120045.0
-1745	119773.0	120944.0
-1744	120037.0	120740.0
-1743	120482.0	120204.0
-1742	119954.0	119987.0
-1741	120327.0	120206.0
-1740	120525.0	119897.0
-1739	121063.0	120662.0
-1738	120538.0	120897.0
-1737	120587.0	120490.0
-1736	120169.0	120423.0
-1735	121054.0	119901.0
-1734	120320.0	120398.0
-1733	120102.0	119846.0
-1732	120338.0	120737.0
-1731	120327.0	120644.0
-1730	121367.0	120931.0
-1729	120518.0	120113.0
-1728	120207.0	120470.0
-1727	121002.0	120724.0
-1726	120907.0	119891.0
-1725	120761.0	120473.0
-1724	120288.0	120406.0
-1723	120849.0	120376.0
-1722	120643.0	120008.0
-1721	120730.0	120434.0
-1720	120717.0	120488.0
-1719	120882.0	120320.0
-1718	121482.0	120525.0
-1717	120992.0	120753.0
-1716	121506.0	120073.0
-1715	120882.0	120205.0
-1714	121120.0	120719.0
-1713	121210.0	120450.0
-1712	120760.0	120506.0
-1711	121209.0	120190.0
-1710	120792.0	120325.0
-1709	120356.0	120390.0
-1708	121145.0	120374.0
-1707	121214.0	119940.0
-1706	121192.0	119950.0
-1705	120882.0	120820.0
-1704	120960.0	120791.0
-1703	121668.0	119807.0
-1702	121312.0	120533.0
-1701	121050.0	120182.0
-1700	121647.0	120207.0
-1699	121452.0	120602.0
-1698	120593.0	119723.0
-1697	120622.0	119955.0
-1696	121645.0	120162.0
-1695	121354.0	120187.0
-1694	121111.0	120216.0
-1693	120944.0	119860.0
-1692	120725.0	120490.0
-1691	120777.0	120684.0
-1690	120592.0	120272.0
-1689	121072.0	121337.0
-1688	120896.0	120849.0
-1687	121582.0	121028.0
-1686	121168.0	120545.0
-1685	121428.0	120505.0
-1684	120908.0	120292.0
-1683	121525.0	119814.0
-1682	121664.0	120433.0
-1681	120787.0	119960.0
-1680	120758.0	120822.0
-1679	121142.0	120219.0
-1678	121277.0	119994.0
-1677	120620.0	120364.0
-1676	120834.0	120561.0
-1675	120758.0	120811.0
-1674	120794.0	120702.0
-1673	120897.0	120653.0
-1672	120558.0	120545.0
-1671	120840.0	120668.0
-1670	120594.0	120315.0
-1669	121173.0	120352.0
-1668	120651.0	120623.0
-1667	121405.0	120563.0
-1666	121303.0	120727.0
-1665	120529.0	120070.0
-1664	121159.0	120221.0
-1663	120837.0	120440.0
-1662	119926.0	120282.0
-1661	120653.0	120676.0
-1660	120770.0	121154.0
-1659	120305.0	120607.0
-1658	119925.0	120007.0
-1657	121562.0	120027.0
-1656	121069.0	120558.0
-1655	121186.0	120520.0
-1654	120708.0	120944.0
-1653	121160.0	120587.0
-1652	121248.0	120385.0
-1651	120287.0	120819.0
-1650	121309.0	120509.0
-1649	121007.0	120294.0
-1648	120939.0	120560.0
-1647	120866.0	120029.0
-1646	121360.0	120751.0
-1645	121044.0	120463.0
-1644	120605.0	120077.0
-1643	121124.0	120355.0
-1642	120389.0	120524.0
-1641	120868.0	120090.0
-1640	120362.0	120468.0
-1639	120977.0	120339.0
-1638	121489.0	120525.0
-1637	121254.0	120501.0
-1636	120987.0	120177.0
-1635	120376.0	120921.0
-1634	121056.0	120184.0
-1633	120766.0	120111.0
-1632	120570.0	120842.0
-1631	120931.0	120506.0
-1630	120920.0	120064.0
-1629	120606.0	120897.0
-1628	121021.0	119852.0
-1627	121055.0	120360.0
-1626	121150.0	120258.0
-1625	120578.0	119946.0
-1624	120626.0	119823.0
-1623	121019.0	120150.0
-1622	121032.0	119947.0
-1621	120748.0	120374.0
-1620	120656.0	119922.0
-1619	120835.0	120134.0
-1618	120717.0	120679.0
-1617	120971.0	120102.0
-1616	120729.0	120334.0
-1615	120103.0	120236.0
-1614	120540.0	120716.0
-1613	120698.0	120213.0
-1612	120958.0	120413.0
-1611	121253.0	120824.0
-1610	120977.0	120673.0
-1609	120585.0	120209.0
-1608	120723.0	120843.0
-1607	120912.0	120370.0
-1606	120926.0	120396.0
-1605	120977.0	120452.0
-1604	120698.0	120930.0
-1603	121385.0	120883.0
-1602	121031.0	120093.0
-1601	121053.0	120084.0
-1600	120922.0	120236.0
-1599	121130.0	120308.0
-1598	120681.0	120618.0
-1597	120563.0	120246.0
-1596	120760.0	120585.0
-1595	120249.0	120532.0
-1594	120236.0	120672.0
-1593	120908.0	120908.0
-1592	120955.0	120529.0
-1591	121302.0	120415.0
-1590	120636.0	120912.0
-1589	120743.0	120890.0
-1588	120780.0	120755.0
-1587	120439.0	121196.0
-1586	120906.0	120360.0
-1585	120971.0	120801.0
-1584	121249.0	120479.0
-1583	120831.0	120555.0
-1582	120716.0	121167.0
-1581	121393.0	120684.0
-1580	120902.0	120623.0
-1579	121193.0	121426.0
-1578	121264.0	120585.0
-1577	121156.0	120995.0
-1576	120509.0	121556.0
-1575	121432.0	121286.0
-1574	120979.0	121476.0
-1573	120777.0	120897.0
-1572	120902.0	121256.0
-1571	120860.0	120953.0
-1570	120932.0	121244.0
-1569	120969.0	120883.0
-1568	120708.0	120824.0
-1567	121276.0	120489.0
-1566	121353.0	121318.0
-1565	121088.0	120365.0
-1564	120568.0	120289.0
-1563	120757.0	121124.0
-1562	120518.0	120914.0
-1561	120763.0	121077.0
-1560	121356.0	121301.0
-1559	121562.0	121478.0
-1558	121348.0	120997.0
-1557	121908.0	120973.0
-1556	121415.0	120930.0
-1555	121139.0	121363.0
-1554	121180.0	120915.0
-1553	121577.0	121453.0
-1552	121300.0	121789.0
-1551	121634.0	121454.0
-1550	121818.0	120983.0
-1549	121675.0	121250.0
-1548	121679.0	121951.0
-1547	121248.0	120830.0
-1546	121335.0	121711.0
-1545	121308.0	120757.0
-1544	121469.0	120797.0
-1543	121720.0	121583.0
-1542	121340.0	121339.0
-1541	121873.0	120887.0
-1540	121725.0	121871.0
-1539	121943.0	121054.0
-1538	121072.0	121428.0
-1537	121216.0	121927.0
-1536	121324.0	122084.0
-1535	121427.0	121567.0
-1534	121958.0	120931.0
-1533	122077.0	121492.0
-1532	122005.0	121025.0
-1531	121532.0	120782.0
-1530	121488.0	121718.0
-1529	121582.0	121735.0
-1528	122022.0	121297.0
-1527	122286.0	121573.0
-1526	121733.0	121267.0
-1525	121729.0	121187.0
-1524	121976.0	121572.0
-1523	121847.0	120717.0
-1522	121591.0	120858.0
-1521	121388.0	121300.0
-1520	122212.0	120822.0
-1519	122446.0	121209.0
-1518	121574.0	121160.0
-1517	121600.0	121151.0
-1516	121241.0	120525.0
-1515	122669.0	121179.0
-1514	122235.0	121500.0
-1513	121948.0	121478.0
-1512	121526.0	121568.0
-1511	122031.0	121465.0
-1510	122232.0	121072.0
-1509	122589.0	121241.0
-1508	121513.0	120791.0
-1507	121914.0	121528.0
-1506	122343.0	121364.0
-1505	121876.0	120774.0
-1504	121934.0	120866.0
-1503	122432.0	121045.0
-1502	122336.0	121014.0
-1501	122504.0	121113.0
-1500	122260.0	120570.0
-1499	121813.0	121398.0
-1498	122155.0	121560.0
-1497	122428.0	121381.0
-1496	121620.0	121266.0
-1495	121827.0	121609.0
-1494	122175.0	120578.0
-1493	121797.0	120943.0
-1492	121478.0	121056.0
-1491	121757.0	120630.0
-1490	121619.0	121216.0
-1489	122261.0	120620.0
-1488	121671.0	120822.0
-1487	121777.0	121031.0
-1486	122001.0	121064.0
-1485	121404.0	120441.0
-1484	121938.0	120657.0
-1483	121535.0	121233.0
-1482	122081.0	121561.0
-1481	122186.0	120799.0
-1480	121981.0	121099.0
-1479	121894.0	121031.0
-1478	121984.0	120962.0
-1477	121996.0	120723.0
-1476	121182.0	120840.0
-1475	121389.0	120714.0
-1474	121970.0	120884.0
-1473	122198.0	120805.0
-1472	121354.0	120502.0
-1471	122266.0	120763.0
-1470	121305.0	120350.0
-1469	121886.0	120741.0
-1468	120877.0	120789.0
-1467	121230.0	121411.0
-1466	121554.0	120808.0
-1465	121396.0	120503.0
-1464	121380.0	121400.0
-1463	121340.0	120906.0
-1462	121612.0	120948.0
-1461	121407.0	120758.0
-1460	121221.0	120618.0
-1459	121685.0	120945.0
-1458	121468.0	120858.0
-1457	121254.0	120611.0
-1456	120901.0	121180.0
-1455	121909.0	120512.0
-1454	121347.0	120613.0
-1453	121524.0	120635.0
-1452	121813.0	120627.0
-1451	121947.0	121110.0
-1450	121777.0	120331.0
-1449	121607.0	120499.0
-1448	121599.0	121140.0
-1447	121222.0	120860.0
-1446	120992.0	121349.0
-1445	121092.0	120971.0
-1444	121328.0	120791.0
-1443	121463.0	120301.0
-1442	121370.0	121119.0
-1441	121349.0	121207.0
-1440	121407.0	121284.0
-1439	121251.0	120999.0
-1438	121491.0	121351.0
-1437	121587.0	120880.0
-1436	120836.0	121233.0
-1435	120609.0	121017.0
-1434	121178.0	121086.0
-1433	121516.0	120918.0
-1432	121627.0	120745.0
-1431	121134.0	120954.0
-1430	121309.0	121215.0
-1429	122266.0	120838.0
-1428	121259.0	122312.0
-1427	121774.0	120631.0
-1426	121881.0	121031.0
-1425	121024.0	120865.0
-1424	121371.0	120830.0
-1423	121134.0	120612.0
-1422	121162.0	120826.0
-1421	121276.0	121118.0
-1420	121112.0	120976.0
-1419	121864.0	121202.0
-1418	121561.0	121238.0
-1417	121219.0	121392.0
-1416	121324.0	121349.0
-1415	121406.0	121255.0
-1414	121050.0	121150.0
-1413	122270.0	121076.0
-1412	121639.0	120823.0
-1411	121246.0	121993.0
-1410	121388.0	121510.0
-1409	121584.0	121541.0
-1408	121533.0	121682.0
-1407	121910.0	121568.0
-1406	121806.0	121234.0
-1405	122292.0	121516.0
-1404	121433.0	121537.0
-1403	121558.0	121145.0
-1402	121804.0	121695.0
-1401	121982.0	121582.0
-1400	121560.0	121483.0
-1399	121333.0	121319.0
-1398	121762.0	121358.0
-1397	120838.0	121124.0
-1396	122084.0	121516.0
-1395	121377.0	121571.0
-1394	121435.0	121607.0
-1393	121532.0	121981.0
-1392	121831.0	121999.0
-1391	121614.0	121669.0
-1390	121728.0	121625.0
-1389	121477.0	122021.0
-1388	121587.0	121388.0
-1387	121622.0	121553.0
-1386	122304.0	122307.0
-1385	121754.0	121608.0
-1384	122169.0	122606.0
-1383	122225.0	121945.0
-1382	122287.0	122310.0
-1381	121702.0	121968.0
-1380	122001.0	121534.0
-1379	121734.0	121370.0
-1378	121657.0	121755.0
-1377	122095.0	121623.0
-1376	121742.0	121306.0
-1375	121329.0	122008.0
-1374	121893.0	121890.0
-1373	122201.0	121771.0
-1372	122036.0	122161.0
-1371	122083.0	122248.0
-1370	122310.0	122413.0
-1369	122484.0	122306.0
-1368	122341.0	121707.0
-1367	121849.0	122339.0
-1366	122724.0	121538.0
-1365	122610.0	121583.0
-1364	122370.0	122249.0
-1363	122412.0	122215.0
-1362	122119.0	120994.0
-1361	122558.0	121767.0
-1360	122110.0	122502.0
-1359	121638.0	122189.0
-1358	122285.0	121802.0
-1357	121836.0	121764.0
-1356	122567.0	122465.0
-1355	122467.0	122429.0
-1354	122300.0	122507.0
-1353	123099.0	122067.0
-1352	122444.0	121664.0
-1351	122757.0	121861.0
-1350	122838.0	122085.0
-1349	122964.0	121967.0
-1348	122380.0	122005.0
-1347	122655.0	122359.0
-1346	122770.0	122193.0
-1345	121665.0	122570.0
-1344	122619.0	122135.0
-1343	123147.0	122541.0
-1342	123209.0	122017.0
-1341	122636.0	122036.0
-1340	122305.0	121585.0
-1339	122480.0	122490.0
-1338	122677.0	122269.0
-1337	122916.0	121581.0
-1336	122923.0	121783.0
-1335	122948.0	121765.0
-1334	122916.0	121886.0
-1333	122682.0	121841.0
-1332	123461.0	122247.0
-1331	122597.0	122568.0
-1330	122589.0	122371.0
-1329	122949.0	121784.0
-1328	122415.0	121870.0
-1327	122264.0	121771.0
-1326	123031.0	122070.0
-1325	122970.0	121616.0
-1324	123217.0	121493.0
-1323	122892.0	121713.0
-1322	122134.0	122388.0
-1321	123091.0	121853.0
-1320	122851.0	121312.0
-1319	122902.0	122081.0
-1318	122315.0	121466.0
-1317	122757.0	122056.0
-1316	122513.0	121747.0
-1315	122600.0	121654.0
-1314	122449.0	121916.0
-1313	122789.0	121351.0
-1312	122270.0	121399.0
-1311	122416.0	121738.0
-1310	122088.0	121312.0
-1309	122140.0	121813.0
-1308	123190.0	121439.0
-1307	122836.0	120794.0
-1306	122041.0	121664.0
-1305	122167.0	121856.0
-1304	122905.0	121456.0
-1303	122433.0	121958.0
-1302	122629.0	122073.0
-1301	122373.0	121400.0
-1300	121762.0	121350.0
-1299	122107.0	121472.0
-1298	121552.0	121791.0
-1297	122120.0	121797.0
-1296	122361.0	121390.0
-1295	122278.0	121701.0
-1294	122547.0	121006.0
-1293	122478.0	121271.0
-1292	121917.0	121277.0
-1291	122509.0	121048.0
-1290	122715.0	121042.0
-1289	122490.0	120980.0
-1288	122574.0	120837.0
-1287	122499.0	121607.0
-1286	121710.0	121444.0
-1285	121758.0	121529.0
-1284	122327.0	121189.0
-1283	121755.0	121335.0
-1282	122021.0	122057.0
-1281	122175.0	121111.0
-1280	121767.0	121114.0
-1279	122840.0	121376.0
-1278	122752.0	121353.0
-1277	122405.0	121855.0
-1276	121661.0	121438.0
-1275	122348.0	121662.0
-1274	121628.0	121414.0
-1273	121747.0	121699.0
-1272	122442.0	121081.0
-1271	122139.0	121342.0
-1270	121714.0	120912.0
-1269	121850.0	120999.0
-1268	122716.0	121254.0
-1267	122087.0	121111.0
-1266	121703.0	121706.0
-1265	122179.0	121704.0
-1264	122131.0	121017.0
-1263	121790.0	121580.0
-1262	121698.0	121301.0
-1261	121383.0	121046.0
-1260	121433.0	121403.0
-1259	121783.0	121781.0
-1258	121966.0	121839.0
-1257	121150.0	121147.0
-1256	122344.0	121942.0
-1255	122029.0	121774.0
-1254	122464.0	122883.0
-1253	121946.0	121560.0
-1252	121731.0	121247.0
-1251	121737.0	121878.0
-1250	121741.0	121778.0
-1249	121871.0	121590.0
-1248	122149.0	121538.0
-1247	121767.0	121592.0
-1246	122177.0	121962.0
-1245	122542.0	122231.0
-1244	121816.0	121606.0
-1243	122132.0	121817.0
-1242	122436.0	121896.0
-1241	121861.0	122119.0
-1240	122270.0	121916.0
-1239	122148.0	122003.0
-1238	121839.0	122457.0
-1237	121888.0	121848.0
-1236	121571.0	121786.0
-1235	122263.0	122483.0
-1234	121766.0	121978.0
-1233	122451.0	122036.0
-1232	121830.0	121995.0
-1231	122671.0	122532.0
-1230	122647.0	122214.0
-1229	123263.0	121884.0
-1228	121993.0	122363.0
-1227	122497.0	122396.0
-1226	122059.0	122608.0
-1225	122004.0	122985.0
-1224	122272.0	122697.0
-1223	122512.0	122765.0
-1222	122498.0	122693.0
-1221	122054.0	122281.0
-1220	122646.0	122384.0
-1219	122114.0	122511.0
-1218	122473.0	122380.0
-1217	122762.0	122775.0
-1216	122693.0	122457.0
-1215	122974.0	122278.0
-1214	122664.0	122685.0
-1213	123001.0	122404.0
-1212	122372.0	122439.0
-1211	122870.0	122124.0
-1210	122677.0	122188.0
-1209	122988.0	121979.0
-1208	123013.0	122464.0
-1207	122880.0	122465.0
-1206	122591.0	122754.0
-1205	122567.0	123026.0
-1204	122993.0	122865.0
-1203	122869.0	122089.0
-1202	122629.0	122354.0
-1201	123386.0	122836.0
-1200	123194.0	122454.0
-1199	123149.0	122487.0
-1198	122837.0	122770.0
-1197	123012.0	123340.0
-1196	122555.0	123108.0
-1195	123084.0	123018.0
-1194	123259.0	122754.0
-1193	122958.0	122579.0
-1192	122485.0	123196.0
-1191	123190.0	122742.0
-1190	123316.0	122636.0
-1189	122702.0	123156.0
-1188	124165.0	122629.0
-1187	123638.0	122806.0
-1186	123546.0	122664.0
-1185	123043.0	122631.0
-1184	123088.0	122907.0
-1183	123607.0	122851.0
-1182	123086.0	122426.0
-1181	122995.0	122421.0
-1180	123580.0	122719.0
-1179	123006.0	122907.0
-1178	123111.0	122359.0
-1177	123515.0	122918.0
-1176	123199.0	122612.0
-1175	123607.0	123169.0
-1174	122934.0	122958.0
-1173	123478.0	123438.0
-1172	123230.0	122713.0
-1171	123592.0	122632.0
-1170	123409.0	122980.0
-1169	123794.0	123345.0
-1168	123176.0	122806.0
-1167	124190.0	122893.0
-1166	123330.0	123152.0
-1165	123391.0	122954.0
-1164	124220.0	122653.0
-1163	123813.0	122616.0
-1162	123667.0	123189.0
-1161	123803.0	122712.0
-1160	123811.0	122798.0
-1159	123596.0	122414.0
-1158	123637.0	122114.0
-1157	123806.0	122771.0
-1156	123423.0	122589.0
-1155	124082.0	122701.0
-1154	123467.0	123131.0
-1153	123642.0	123147.0
-1152	124059.0	122728.0
-1151	123573.0	122082.0
-1150	123577.0	122240.0
-1149	123327.0	121546.0
-1148	123907.0	122298.0
-1147	123028.0	122586.0
-1146	124048.0	122675.0
-1145	123489.0	122796.0
-1144	124206.0	122647.0
-1143	123668.0	122898.0
-1142	123187.0	122045.0
-1141	123994.0	122453.0
-1140	123433.0	121894.0
-1139	123355.0	122531.0
-1138	123094.0	122108.0
-1137	123363.0	122246.0
-1136	123550.0	122470.0
-1135	123569.0	122787.0
-1134	123544.0	122567.0
-1133	123244.0	122279.0
-1132	123588.0	122839.0
-1131	123404.0	122093.0
-1130	123011.0	122223.0
-1129	123393.0	121655.0
-1128	123903.0	121897.0
-1127	123229.0	122441.0
-1126	123530.0	122330.0
-1125	123099.0	122373.0
-1124	123061.0	122418.0
-1123	123840.0	122759.0
-1122	123503.0	122118.0
-1121	123132.0	122863.0
-1120	122920.0	122236.0
-1119	123719.0	122048.0
-1118	122847.0	122511.0
-1117	123446.0	122223.0
-1116	122542.0	122254.0
-1115	123057.0	121468.0
-1114	122782.0	122145.0
-1113	123680.0	122429.0
-1112	122770.0	121993.0
-1111	122921.0	122104.0
-1110	123205.0	122234.0
-1109	123438.0	122093.0
-1108	123310.0	122469.0
-1107	124096.0	122439.0
-1106	122836.0	122273.0
-1105	123265.0	122568.0
-1104	123245.0	122024.0
-1103	122912.0	122419.0
-1102	122947.0	121824.0
-1101	123149.0	122845.0
-1100	122899.0	121616.0
-1099	123039.0	122094.0
-1098	122906.0	121983.0
-1097	122197.0	121829.0
-1096	123639.0	122343.0
-1095	122971.0	122592.0
-1094	122470.0	121627.0
-1093	122723.0	122236.0
-1092	123000.0	122169.0
-1091	122788.0	121611.0
-1090	123443.0	122355.0
-1089	123251.0	122370.0
-1088	122318.0	122602.0
-1087	122278.0	121764.0
-1086	123071.0	122244.0
-1085	122208.0	122037.0
-1084	123528.0	122763.0
-1083	123140.0	122434.0
-1082	122877.0	122199.0
-1081	123600.0	122244.0
-1080	123119.0	122574.0
-1079	122787.0	122146.0
-1078	122817.0	122605.0
-1077	123457.0	122867.0
-1076	123211.0	122917.0
-1075	123212.0	122760.0
-1074	123675.0	122270.0
-1073	123106.0	122484.0
-1072	123282.0	122517.0
-1071	123456.0	122733.0
-1070	123358.0	122290.0
-1069	123338.0	122563.0
-1068	123802.0	122515.0
-1067	123073.0	122652.0
-1066	122934.0	122614.0
-1065	123404.0	122159.0
-1064	123762.0	123417.0
-1063	122378.0	122345.0
-1062	123349.0	122496.0
-1061	122870.0	122538.0
-1060	122938.0	123320.0
-1059	123379.0	123052.0
-1058	123426.0	122771.0
-1057	123264.0	122750.0
-1056	123446.0	123417.0
-1055	123236.0	122743.0
-1054	123344.0	123292.0
-1053	123461.0	122660.0
-1052	123404.0	122887.0
-1051	123342.0	122628.0
-1050	123773.0	122255.0
-1049	123440.0	122875.0
-1048	123855.0	122961.0
-1047	123851.0	123401.0
-1046	124221.0	122867.0
-1045	123488.0	122971.0
-1044	123897.0	123342.0
-1043	123913.0	122859.0
-1042	123423.0	122883.0
-1041	123679.0	122799.0
-1040	123413.0	122851.0
-1039	123692.0	123223.0
-1038	124099.0	123313.0
-1037	123690.0	123131.0
-1036	123418.0	123309.0
-1035	124152.0	123635.0
-1034	123245.0	123360.0
-1033	123974.0	123465.0
-1032	123453.0	123362.0
-1031	123247.0	122810.0
-1030	124047.0	123943.0
-1029	124172.0	123964.0
-1028	123640.0	123051.0
-1027	124331.0	123741.0
-1026	124015.0	123391.0
-1025	123369.0	123133.0
-1024	123614.0	123301.0
-1023	123801.0	123562.0
-1022	124161.0	123137.0
-1021	123615.0	123469.0
-1020	123856.0	123632.0
-1019	123679.0	123687.0
-1018	124298.0	123228.0
-1017	123896.0	123499.0
-1016	123859.0	124134.0
-1015	123993.0	123698.0
-1014	123686.0	124124.0
-1013	124226.0	123531.0
-1012	124286.0	123487.0
-1011	124636.0	124024.0
-1010	123948.0	123386.0
-1009	124250.0	123533.0
-1008	124040.0	123247.0
-1007	123439.0	123316.0
-1006	124284.0	123582.0
-1005	124419.0	123839.0
-1004	124328.0	123874.0
-1003	123815.0	124177.0
-1002	124335.0	123587.0
-1001	123952.0	123646.0
-1000	123878.0	123430.0
-999	124269.0	123660.0
-998	123972.0	123525.0
-997	123866.0	123563.0
-996	124335.0	123694.0
-995	123893.0	123704.0
-994	124460.0	123874.0
-993	123977.0	123471.0
-992	124399.0	123444.0
-991	124246.0	123773.0
-990	123649.0	124488.0
-989	124186.0	123318.0
-988	124327.0	123762.0
-987	124123.0	123852.0
-986	124058.0	123718.0
-985	123911.0	123694.0
-984	124361.0	123614.0
-983	123526.0	123547.0
-982	124244.0	123158.0
-981	124351.0	123342.0
-980	123832.0	123449.0
-979	123866.0	123028.0
-978	123807.0	123307.0
-977	123783.0	122921.0
-976	123670.0	122754.0
-975	123949.0	123177.0
-974	123542.0	123367.0
-973	124627.0	123342.0
-972	124690.0	123401.0
-971	124349.0	123319.0
-970	124328.0	123969.0
-969	123912.0	123786.0
-968	124349.0	123428.0
-967	124416.0	123239.0
-966	124985.0	122995.0
-965	123888.0	123107.0
-964	123779.0	122878.0
-963	124464.0	122955.0
-962	123685.0	123100.0
-961	123027.0	123790.0
-960	124092.0	123087.0
-959	123323.0	123172.0
-958	124159.0	123433.0
-957	124262.0	123510.0
-956	123866.0	122955.0
-955	123854.0	123405.0
-954	124104.0	123391.0
-953	124002.0	123255.0
-952	123817.0	123107.0
-951	124593.0	122839.0
-950	124098.0	122846.0
-949	123915.0	123006.0
-948	123554.0	122877.0
-947	124457.0	123346.0
-946	123891.0	123008.0
-945	124180.0	123189.0
-944	123773.0	122704.0
-943	123907.0	123328.0
-942	124057.0	123419.0
-941	123735.0	122960.0
-940	123942.0	123406.0
-939	123455.0	123342.0
-938	124178.0	123168.0
-937	123908.0	123128.0
-936	124479.0	122986.0
-935	123605.0	123287.0
-934	123432.0	123504.0
-933	124610.0	123020.0
-932	123783.0	123214.0
-931	123658.0	123135.0
-930	124131.0	122773.0
-929	123488.0	123182.0
-928	123293.0	123623.0
-927	123855.0	123161.0
-926	123990.0	123116.0
-925	124112.0	123345.0
-924	124226.0	123132.0
-923	123593.0	122721.0
-922	124028.0	123591.0
-921	124099.0	123550.0
-920	123951.0	123228.0
-919	123977.0	122863.0
-918	124735.0	123774.0
-917	123479.0	122985.0
-916	123943.0	123646.0
-915	123941.0	123444.0
-914	123936.0	123702.0
-913	123759.0	123269.0
-912	124391.0	123567.0
-911	123508.0	123203.0
-910	123819.0	123481.0
-909	123768.0	123297.0
-908	123778.0	122453.0
-907	123552.0	123157.0
-906	124311.0	124127.0
-905	123011.0	123414.0
-904	123694.0	124144.0
-903	124206.0	123741.0
-902	123648.0	123743.0
-901	123418.0	124188.0
-900	124622.0	124164.0
-899	124415.0	123600.0
-898	124444.0	123673.0
-897	124139.0	123529.0
-896	124205.0	123625.0
-895	124154.0	123517.0
-894	124541.0	124019.0
-893	124230.0	124291.0
-892	124932.0	123528.0
-891	124608.0	123736.0
-890	123921.0	123963.0
-889	124207.0	124013.0
-888	124870.0	124223.0
-887	124561.0	123936.0
-886	124756.0	123937.0
-885	124645.0	124013.0
-884	124891.0	123700.0
-883	124800.0	124100.0
-882	124852.0	123631.0
-881	124288.0	123869.0
-880	124687.0	124165.0
-879	124874.0	124046.0
-878	124549.0	123665.0
-877	124993.0	124402.0
-876	124950.0	124103.0
-875	124232.0	123575.0
-874	124504.0	123989.0
-873	125400.0	124361.0
-872	124004.0	124177.0
-871	124594.0	124701.0
-870	125159.0	124504.0
-869	125099.0	124004.0
-868	125017.0	123664.0
-867	125533.0	123931.0
-866	125222.0	124050.0
-865	125097.0	124365.0
-864	124827.0	124870.0
-863	124913.0	124147.0
-862	125306.0	124379.0
-861	125241.0	124030.0
-860	125307.0	123725.0
-859	124325.0	124130.0
-858	125064.0	124445.0
-857	125225.0	123589.0
-856	124966.0	124589.0
-855	125598.0	124149.0
-854	125625.0	123966.0
-853	124791.0	124424.0
-852	125435.0	123596.0
-851	124743.0	124295.0
-850	124428.0	124327.0
-849	125267.0	123551.0
-848	124990.0	124146.0
-847	124583.0	124286.0
-846	125262.0	124967.0
-845	124251.0	124687.0
-844	124877.0	124326.0
-843	125013.0	124602.0
-842	125111.0	124538.0
-841	124855.0	124797.0
-840	125727.0	124259.0
-839	125735.0	124416.0
-838	125577.0	124257.0
-837	124928.0	124188.0
-836	124889.0	124319.0
-835	125178.0	124790.0
-834	124951.0	123752.0
-833	124519.0	124333.0
-832	124570.0	124401.0
-831	124752.0	124356.0
-830	124905.0	123975.0
-829	124550.0	124741.0
-828	124535.0	124601.0
-827	125144.0	123235.0
-826	124499.0	124453.0
-825	124388.0	124064.0
-824	124953.0	123175.0
-823	124525.0	123989.0
-822	125066.0	124326.0
-821	124652.0	124056.0
-820	124924.0	124148.0
-819	125378.0	124211.0
-818	124500.0	123767.0
-817	124869.0	124302.0
-816	124730.0	124315.0
-815	124199.0	123346.0
-814	124392.0	123953.0
-813	124692.0	123903.0
-812	124632.0	123910.0
-811	124486.0	124441.0
-810	124972.0	123763.0
-809	124466.0	124388.0
-808	124121.0	124159.0
-807	125179.0	123890.0
-806	124278.0	123777.0
-805	124408.0	124177.0
-804	124558.0	123904.0
-803	124578.0	124410.0
-802	124216.0	124656.0
-801	125070.0	124336.0
-800	124640.0	123851.0
-799	124846.0	123891.0
-798	125022.0	123468.0
-797	124481.0	123752.0
-796	124020.0	124980.0
-795	124466.0	124248.0
-794	123938.0	123765.0
-793	124068.0	124037.0
-792	124786.0	124150.0
-791	124191.0	124056.0
-790	124308.0	125007.0
-789	124660.0	124279.0
-788	124435.0	124414.0
-787	125166.0	124165.0
-786	124810.0	124539.0
-785	124142.0	123806.0
-784	124289.0	123999.0
-783	124568.0	124036.0
-782	124198.0	124234.0
-781	124473.0	124272.0
-780	124693.0	124371.0
-779	124444.0	123503.0
-778	124411.0	124196.0
-777	124382.0	123886.0
-776	124097.0	123722.0
-775	124995.0	123913.0
-774	124629.0	124264.0
-773	124434.0	124485.0
-772	124603.0	124400.0
-771	124267.0	124083.0
-770	123991.0	124453.0
-769	124451.0	123987.0
-768	124359.0	124646.0
-767	124763.0	123889.0
-766	124819.0	124359.0
-765	125141.0	123697.0
-764	123736.0	124413.0
-763	124624.0	124095.0
-762	124021.0	124883.0
-761	124688.0	124233.0
-760	124366.0	124277.0
-759	124663.0	124731.0
-758	124313.0	124421.0
-757	124535.0	124670.0
-756	124880.0	124894.0
-755	124748.0	124699.0
-754	125044.0	125158.0
-753	125468.0	125138.0
-752	124361.0	125336.0
-751	124315.0	124860.0
-750	125052.0	125018.0
-749	124797.0	124426.0
-748	125275.0	124765.0
-747	125189.0	124589.0
-746	124931.0	125067.0
-745	124985.0	125178.0
-744	125967.0	124493.0
-743	125359.0	124961.0
-742	125276.0	125741.0
-741	125232.0	125262.0
-740	124504.0	125145.0
-739	125431.0	125049.0
-738	126115.0	125242.0
-737	125633.0	125290.0
-736	125740.0	124937.0
-735	125846.0	125174.0
-734	125737.0	124636.0
-733	125762.0	125230.0
-732	125612.0	125271.0
-731	125229.0	125202.0
-730	125502.0	125499.0
-729	126368.0	125811.0
-728	126289.0	124710.0
-727	125353.0	125745.0
-726	126584.0	125194.0
-725	126277.0	125284.0
-724	125960.0	125607.0
-723	126437.0	125707.0
-722	125906.0	125330.0
-721	125972.0	126208.0
-720	126451.0	125262.0
-719	125736.0	125365.0
-718	125588.0	125159.0
-717	126765.0	125494.0
-716	126250.0	125295.0
-715	126003.0	125273.0
-714	126869.0	124634.0
-713	126691.0	125361.0
-712	126641.0	125609.0
-711	126219.0	125529.0
-710	126544.0	125637.0
-709	126486.0	125333.0
-708	126955.0	125295.0
-707	126536.0	124763.0
-706	126616.0	125413.0
-705	127057.0	125204.0
-704	127032.0	125081.0
-703	126028.0	125441.0
-702	127378.0	125241.0
-701	126604.0	125192.0
-700	126346.0	125507.0
-699	126940.0	125106.0
-698	126785.0	125581.0
-697	127154.0	125714.0
-696	127008.0	125089.0
-695	126405.0	124754.0
-694	126658.0	125344.0
-693	127178.0	125355.0
-692	126863.0	125083.0
-691	127015.0	125422.0
-690	126542.0	125590.0
-689	126361.0	124887.0
-688	126985.0	124852.0
-687	126751.0	125330.0
-686	126667.0	124018.0
-685	126284.0	125091.0
-684	127720.0	124445.0
-683	126959.0	124629.0
-682	126401.0	125023.0
-681	127202.0	124667.0
-680	127093.0	124836.0
-679	126843.0	124670.0
-678	127008.0	125050.0
-677	127122.0	124433.0
-676	126797.0	125013.0
-675	127529.0	124585.0
-674	126452.0	124750.0
-673	126103.0	124168.0
-672	127080.0	125133.0
-671	126052.0	124399.0
-670	126197.0	124928.0
-669	126565.0	124040.0
-668	127069.0	124625.0
-667	126404.0	124166.0
-666	126419.0	124602.0
-665	126234.0	124129.0
-664	125443.0	124094.0
-663	126900.0	123892.0
-662	126093.0	124035.0
-661	126058.0	124054.0
-660	126509.0	124240.0
-659	125750.0	123887.0
-658	126252.0	124530.0
-657	126469.0	123799.0
-656	125792.0	123482.0
-655	125449.0	124588.0
-654	126030.0	123981.0
-653	126057.0	123514.0
-652	125729.0	123864.0
-651	126346.0	124182.0
-650	125392.0	123967.0
-649	125093.0	124336.0
-648	125993.0	124398.0
-647	125667.0	123988.0
-646	125757.0	123993.0
-645	125410.0	124139.0
-644	125052.0	123756.0
-643	125189.0	123937.0
-642	125492.0	124145.0
-641	125537.0	123677.0
-640	124252.0	124217.0
-639	125876.0	124112.0
-638	124664.0	123627.0
-637	124298.0	123818.0
-636	125303.0	124514.0
-635	124833.0	123752.0
-634	124518.0	123637.0
-633	125325.0	124063.0
-632	124436.0	123765.0
-631	123645.0	123931.0
-630	124773.0	123794.0
-629	123292.0	123641.0
-628	124160.0	124593.0
-627	124422.0	124205.0
-626	124435.0	123580.0
-625	123614.0	124422.0
-624	124417.0	124383.0
-623	123553.0	124039.0
-622	123599.0	124369.0
-621	124009.0	124290.0
-620	123751.0	124114.0
-619	123653.0	124655.0
-618	123955.0	124800.0
-617	123222.0	124011.0
-616	123919.0	124364.0
-615	124225.0	124436.0
-614	123326.0	123878.0
-613	123066.0	124620.0
-612	123678.0	125167.0
-611	123926.0	125008.0
-610	123503.0	125085.0
-609	124045.0	124838.0
-608	123556.0	124811.0
-607	123653.0	124341.0
-606	123519.0	125117.0
-605	123910.0	124143.0
-604	124060.0	124976.0
-603	124554.0	125174.0
-602	123164.0	125149.0
-601	124173.0	125799.0
-600	124062.0	125174.0
-599	124044.0	124880.0
-598	123589.0	125778.0
-597	123748.0	125648.0
-596	123329.0	125109.0
-595	123556.0	126392.0
-594	124627.0	125837.0
-593	124396.0	125929.0
-592	124341.0	126539.0
-591	124697.0	125575.0
-590	124445.0	125729.0
-589	124456.0	125639.0
-588	124422.0	126570.0
-587	124625.0	126066.0
-586	124233.0	126752.0
-585	125179.0	126610.0
-584	125084.0	125696.0
-583	125321.0	126696.0
-582	125475.0	127196.0
-581	124716.0	125918.0
-580	124758.0	126185.0
-579	126022.0	127316.0
-578	126002.0	126344.0
-577	125457.0	126877.0
-576	125594.0	126930.0
-575	124624.0	126407.0
-574	125656.0	127150.0
-573	126476.0	126534.0
-572	125816.0	126514.0
-571	126011.0	127718.0
-570	126717.0	127629.0
-569	126153.0	126658.0
-568	126150.0	127154.0
-567	126786.0	127201.0
-566	126681.0	126818.0
-565	127028.0	126918.0
-564	126965.0	126962.0
-563	126341.0	127024.0
-562	127041.0	127470.0
-561	127178.0	127546.0
-560	127084.0	127320.0
-559	126622.0	128425.0
-558	128252.0	127740.0
-557	127433.0	127786.0
-556	127003.0	127984.0
-555	128004.0	127525.0
-554	127710.0	127747.0
-553	128158.0	128404.0
-552	127853.0	128673.0
-551	127499.0	127384.0
-550	127698.0	127973.0
-549	128804.0	127456.0
-548	128234.0	127486.0
-547	128440.0	127012.0
-546	128973.0	127787.0
-545	128792.0	127684.0
-544	128546.0	127669.0
-543	128933.0	127751.0
-542	128717.0	127370.0
-541	128662.0	127637.0
-540	129863.0	127992.0
-539	128821.0	127538.0
-538	129147.0	128422.0
-537	129198.0	127310.0
-536	129185.0	127317.0
-535	129470.0	127727.0
-534	129282.0	127896.0
-533	128942.0	126976.0
-532	129501.0	128170.0
-531	129754.0	128378.0
-530	129047.0	127300.0
-529	129136.0	128087.0
-528	130067.0	127475.0
-527	129262.0	127308.0
-526	128993.0	128039.0
-525	130068.0	128051.0
-524	129654.0	126710.0
-523	129894.0	127614.0
-522	130505.0	128159.0
-521	129135.0	126851.0
-520	129185.0	127146.0
-519	129871.0	127339.0
-518	129955.0	126475.0
-517	129255.0	126830.0
-516	130300.0	126683.0
-515	129314.0	126073.0
-514	129305.0	126735.0
-513	130147.0	126514.0
-512	129678.0	126281.0
-511	129327.0	126771.0
-510	129542.0	126871.0
-509	129184.0	126304.0
-508	129735.0	126981.0
-507	130199.0	126364.0
-506	129487.0	125477.0
-505	129026.0	126879.0
-504	129666.0	126350.0
-503	129483.0	126264.0
-502	129500.0	126430.0
-501	129772.0	125663.0
-500	129204.0	124867.0
-499	128730.0	125454.0
-498	129243.0	125201.0
-497	128795.0	125032.0
-496	128460.0	125058.0
-495	129023.0	124825.0
-494	128449.0	125019.0
-493	127898.0	125325.0
-492	128652.0	124763.0
-491	127871.0	124372.0
-490	128172.0	125086.0
-489	128383.0	124522.0
-488	127843.0	124023.0
-487	127666.0	124541.0
-486	127957.0	124251.0
-485	127234.0	124093.0
-484	126977.0	124832.0
-483	127235.0	124214.0
-482	126987.0	123964.0
-481	127073.0	124386.0
-480	127387.0	123992.0
-479	127233.0	123098.0
-478	126791.0	124048.0
-477	126465.0	123537.0
-476	126062.0	123444.0
-475	125754.0	123826.0
-474	126740.0	123849.0
-473	125392.0	123163.0
-472	125394.0	123550.0
-471	125593.0	123358.0
-470	124572.0	122577.0
-469	125120.0	123900.0
-468	125503.0	122809.0
-467	124670.0	122560.0
-466	125617.0	123405.0
-465	124933.0	123724.0
-464	124428.0	122506.0
-463	124555.0	123518.0
-462	124582.0	123540.0
-461	124149.0	122902.0
-460	123954.0	123258.0
-459	124078.0	123670.0
-458	123643.0	122506.0
-457	123396.0	124172.0
-456	124302.0	122945.0
-455	123658.0	123540.0
-454	122985.0	122953.0
-453	124411.0	123367.0
-452	122860.0	123227.0
-451	123390.0	123462.0
-450	123549.0	123676.0
-449	122753.0	123327.0
-448	122854.0	124072.0
-447	123550.0	124091.0
-446	122940.0	123309.0
-445	122522.0	124341.0
-444	123346.0	123663.0
-443	122449.0	124315.0
-442	122596.0	124470.0
-441	123262.0	123870.0
-440	122729.0	123545.0
-439	121994.0	123965.0
-438	122640.0	124174.0
-437	122144.0	124123.0
-436	122298.0	124739.0
-435	123111.0	125305.0
-434	122484.0	124713.0
-433	122473.0	125462.0
-432	123141.0	125681.0
-431	122167.0	124651.0
-430	122315.0	125988.0
-429	122674.0	125732.0
-428	122352.0	125649.0
-427	122482.0	126446.0
-426	123193.0	125517.0
-425	122589.0	125926.0
-424	122186.0	126698.0
-423	123720.0	126472.0
-422	122938.0	126147.0
-421	123041.0	126824.0
-420	123326.0	127313.0
-419	123482.0	126658.0
-418	123080.0	127369.0
-417	123535.0	126374.0
-416	123075.0	126767.0
-415	123338.0	128101.0
-414	124563.0	128301.0
-413	123603.0	128108.0
-412	123506.0	127747.0
-411	124874.0	128488.0
-410	124048.0	128035.0
-409	124270.0	128501.0
-408	125603.0	128193.0
-407	124921.0	127639.0
-406	124980.0	128843.0
-405	126123.0	128272.0
-404	125481.0	128681.0
-403	125915.0	129643.0
-402	126550.0	129625.0
-401	125983.0	129109.0
-400	125063.0	129820.0
-399	126511.0	129771.0
-398	126744.0	129600.0
-397	126947.0	130367.0
-396	127529.0	129664.0
-395	126746.0	129892.0
-394	126875.0	130199.0
-393	127501.0	130575.0
-392	127579.0	130383.0
-391	127893.0	129675.0
-390	128549.0	130367.0
-389	128128.0	130033.0
-388	128558.0	131167.0
-387	129438.0	130719.0
-386	129096.0	131250.0
-385	129147.0	131141.0
-384	130520.0	130885.0
-383	129528.0	130563.0
-382	130189.0	131533.0
-381	130865.0	131325.0
-380	129930.0	130459.0
-379	130097.0	131346.0
-378	131498.0	131238.0
-377	131217.0	130389.0
-376	131499.0	131640.0
-375	131774.0	131379.0
-374	131495.0	130547.0
-373	132039.0	131167.0
-372	132544.0	130840.0
-371	132068.0	130299.0
-370	131894.0	131342.0
-369	132973.0	131643.0
-368	132208.0	130487.0
-367	132910.0	131599.0
-366	134018.0	131065.0
-365	132807.0	130095.0
-364	133135.0	131503.0
-363	133067.0	131667.0
-362	132679.0	130316.0
-361	133377.0	131077.0
-360	133857.0	130935.0
-359	133481.0	129644.0
-358	133236.0	130674.0
-357	134518.0	131405.0
-356	133771.0	129973.0
-355	133853.0	130595.0
-354	134991.0	130477.0
-353	133769.0	129251.0
-352	133460.0	130053.0
-351	133916.0	130559.0
-350	133640.0	129860.0
-349	134039.0	130178.0
-348	135489.0	129534.0
-347	134038.0	128678.0
-346	133681.0	130000.0
-345	134313.0	129436.0
-344	134252.0	128702.0
-343	134346.0	129355.0
-342	134969.0	129237.0
-341	133184.0	128204.0
-340	133098.0	128860.0
-339	134228.0	128987.0
-338	134024.0	127711.0
-337	133376.0	128509.0
-336	133663.0	127859.0
-335	133245.0	127046.0
-334	133301.0	128459.0
-333	134295.0	128438.0
-332	132098.0	126963.0
-331	132921.0	127248.0
-330	132568.0	127404.0
-329	131553.0	126277.0
-328	131758.0	127024.0
-327	133177.0	126766.0
-326	131761.0	125911.0
-325	131510.0	126123.0
-324	131858.0	125876.0
-323	131376.0	125522.0
-322	131193.0	125452.0
-321	132094.0	125852.0
-320	130923.0	125243.0
-319	130536.0	125695.0
-318	131344.0	125005.0
-317	129965.0	124147.0
-316	130657.0	125396.0
-315	131487.0	124804.0
-314	129934.0	123566.0
-313	129999.0	124708.0
-312	129546.0	124251.0
-311	129148.0	123853.0
-310	128806.0	124085.0
-309	128974.0	123370.0
-308	128368.0	123055.0
-307	127785.0	123525.0
-306	128794.0	122705.0
-305	128071.0	122163.0
-304	127531.0	123253.0
-303	128488.0	123060.0
-302	126626.0	122018.0
-301	126643.0	122791.0
-300	127458.0	122110.0
-299	126260.0	122114.0
-298	126037.0	122387.0
-297	126794.0	122193.0
-296	125765.0	121878.0
-295	125475.0	122843.0
-294	125844.0	122570.0
-293	125295.0	121723.0
-292	124216.0	122284.0
-291	124628.0	121591.0
-290	124664.0	121241.0
-289	124370.0	121878.0
-288	125524.0	121916.0
-287	123840.0	121271.0
-286	124077.0	122058.0
-285	124406.0	121492.0
-284	123693.0	121033.0
-283	122902.0	122507.0
-282	123781.0	121322.0
-281	122621.0	121454.0
-280	122900.0	122237.0
-279	122976.0	121993.0
-278	121398.0	121148.0
-277	122088.0	122631.0
-276	123109.0	122192.0
-275	122243.0	121969.0
-274	122079.0	122814.0
-273	122885.0	122514.0
-272	121867.0	121258.0
-271	120923.0	123759.0
-270	121928.0	122574.0
-269	121834.0	121854.0
-268	121121.0	122991.0
-267	121949.0	122837.0
-266	120783.0	122638.0
-265	121210.0	123854.0
-264	122172.0	123695.0
-263	121600.0	122617.0
-262	120749.0	124628.0
-261	122196.0	124218.0
-260	121577.0	123633.0
-259	121144.0	125140.0
-258	121742.0	124922.0
-257	121927.0	124017.0
-256	121673.0	125653.0
-255	122303.0	125191.0
-254	121568.0	124956.0
-253	121486.0	126218.0
-252	122734.0	125498.0
-251	121851.0	124973.0
-250	121753.0	126555.0
-249	123131.0	126132.0
-248	121768.0	126234.0
-247	122264.0	127452.0
-246	123604.0	128207.0
-245	122495.0	126837.0
-244	122432.0	128189.0
-243	124307.0	128241.0
-242	123013.0	128142.0
-241	123375.0	129228.0
-240	124766.0	129134.0
-239	124036.0	128744.0
-238	124660.0	129959.0
-237	126053.0	129903.0
-236	124882.0	128975.0
-235	124907.0	130759.0
-234	126369.0	130807.0
-233	125462.0	129799.0
-232	125685.0	130629.0
-231	126642.0	132075.0
-230	126588.0	130981.0
-229	126895.0	132686.0
-228	128228.0	132237.0
-227	127427.0	131372.0
-226	127496.0	132475.0
-225	128905.0	132159.0
-224	128298.0	132300.0
-223	128902.0	134206.0
-222	130657.0	133108.0
-221	129117.0	132745.0
-220	129929.0	134570.0
-219	130796.0	134341.0
-218	130285.0	132966.0
-217	130842.0	135232.0
-216	132998.0	134820.0
-215	132449.0	133201.0
-214	132479.0	135258.0
-213	133779.0	134965.0
-212	133264.0	134479.0
-211	132764.0	135592.0
-210	135019.0	135454.0
-209	134740.0	134287.0
-208	134488.0	135716.0
-207	136121.0	135872.0
-206	135478.0	134949.0
-205	135542.0	136121.0
-204	136947.0	135972.0
-203	136709.0	134832.0
-202	136430.0	136158.0
-201	138249.0	136147.0
-200	137943.0	135243.0
-199	138280.0	136748.0
-198	139630.0	136272.0
-197	138962.0	134885.0
-196	139054.0	136737.0
-195	141063.0	135489.0
-194	139136.0	134574.0
-193	139492.0	135722.0
-192	141598.0	136186.0
-191	140208.0	135222.0
-190	140823.0	136796.0
-189	142719.0	135168.0
-188	140865.0	134462.0
-187	140711.0	136375.0
-186	142828.0	135702.0
-185	141723.0	134278.0
-184	141449.0	135532.0
-183	143192.0	135326.0
-182	142218.0	133711.0
-181	142401.0	134830.0
-180	143628.0	133885.0
-179	142007.0	132769.0
-178	141259.0	134625.0
-177	143062.0	133797.0
-176	141895.0	132423.0
-175	141960.0	133536.0
-174	144231.0	133447.0
-173	142102.0	132216.0
-172	141113.0	133026.0
-171	143871.0	132616.0
-170	141484.0	131088.0
-169	141605.0	132928.0
-168	143288.0	132057.0
-167	140837.0	130689.0
-166	141728.0	131594.0
-165	142639.0	131162.0
-164	140649.0	130155.0
-163	140478.0	131065.0
-162	142115.0	129780.0
-161	139829.0	128548.0
-160	139563.0	130270.0
-159	140603.0	129664.0
-158	138874.0	128573.0
-157	139357.0	129049.0
-156	140039.0	129262.0
-155	138546.0	127100.0
-154	137984.0	128122.0
-153	138948.0	127846.0
-152	137995.0	125793.0
-151	136819.0	127708.0
-150	138295.0	126804.0
-149	136074.0	125215.0
-148	135250.0	126932.0
-147	136067.0	126374.0
-146	133377.0	125712.0
-145	133104.0	125747.0
-144	134934.0	126522.0
-143	132625.0	123596.0
-142	132131.0	125456.0
-141	133602.0	124749.0
-140	131508.0	123267.0
-139	130071.0	125395.0
-138	130320.0	124382.0
-137	127429.0	123427.0
-136	127300.0	124994.0
-135	128563.0	124419.0
-134	127331.0	122805.0
-133	126956.0	123841.0
-132	129111.0	123329.0
-131	127772.0	122263.0
-130	126448.0	123622.0
-129	126855.0	122949.0
-128	124282.0	122141.0
-127	122960.0	123593.0
-126	123776.0	123516.0
-125	122981.0	122399.0
-124	122495.0	123027.0
-123	124926.0	122471.0
-122	123822.0	121510.0
-121	123535.0	122951.0
-120	124201.0	122425.0
-119	121974.0	122081.0
-118	120435.0	122762.0
-117	120962.0	122879.0
-116	119132.0	122020.0
-115	119446.0	123609.0
-114	121758.0	122566.0
-113	120616.0	121119.0
-112	121341.0	122850.0
-111	123421.0	122322.0
-110	121649.0	121083.0
-109	120437.0	122618.0
-108	121371.0	122973.0
-107	118376.0	121414.0
-106	117979.0	123448.0
-105	119748.0	122973.0
-104	118483.0	122371.0
-103	119245.0	123864.0
-102	121528.0	122894.0
-101	120055.0	122383.0
-100	120353.0	124038.0
-99	120834.0	123568.0
-98	118903.0	122576.0
-97	118759.0	124326.0
-96	119482.0	124020.0
-95	118571.0	122924.0
-94	118535.0	125140.0
-93	120270.0	124095.0
-92	119606.0	123374.0
-91	120515.0	124799.0
-90	122121.0	124642.0
-89	119727.0	124150.0
-88	119545.0	126068.0
-87	120970.0	125757.0
-86	119041.0	125166.0
-85	118304.0	127196.0
-84	120264.0	126706.0
-83	119231.0	125987.0
-82	119893.0	127592.0
-81	122285.0	127111.0
-80	119928.0	126987.0
-79	120757.0	128554.0
-78	122220.0	128631.0
-77	120650.0	128432.0
-76	120999.0	130462.0
-75	122901.0	130691.0
-74	122032.0	129693.0
-73	122545.0	131622.0
-72	124994.0	131042.0
-71	123399.0	129115.0
-70	124238.0	131427.0
-69	125988.0	131660.0
-68	124887.0	130947.0
-67	123975.0	133212.0
-66	125642.0	133576.0
-65	124680.0	132824.0
-64	125937.0	135418.0
-63	128340.0	135633.0
-62	126619.0	134068.0
-61	128396.0	136104.0
-60	130660.0	136200.0
-59	128635.0	135157.0
-58	128037.0	136961.0
-57	130205.0	137666.0
-56	128084.0	135985.0
-55	128726.0	138965.0
-54	131504.0	138943.0
-53	131415.0	137527.0
-52	132427.0	139378.0
-51	136279.0	139869.0
-50	134296.0	139277.0
-49	134989.0	142095.0
-48	137981.0	141715.0
-47	135704.0	139900.0
-46	134901.0	142231.0
-45	137393.0	142276.0
-44	136642.0	140620.0
-43	137088.0	144018.0
-42	141422.0	143964.0
-41	142179.0	141852.0
-40	143198.0	144243.0
-39	146457.0	144460.0
-38	144612.0	142943.0
-37	144418.0	146252.0
-36	145986.0	145681.0
-35	143334.0	143641.0
-34	144989.0	147141.0
-33	149333.0	146235.0
-32	148327.0	143566.0
-31	150687.0	146207.0
-30	155319.0	146067.0
-29	153104.0	143669.0
-28	153883.0	146112.0
-27	156591.0	146611.0
-26	153972.0	145085.0
-25	153663.0	147684.0
-24	156028.0	148283.0
-23	154047.0	144816.0
-22	154965.0	148881.0
-21	160684.0	149019.0
-20	160166.0	146150.0
-19	161793.0	149408.0
-18	164963.0	149555.0
-17	162101.0	147689.0
-16	160553.0	150094.0
-15	162135.0	151096.0
-14	159370.0	148723.0
-13	160385.0	153093.0
-12	166719.0	152900.0
-11	164707.0	149092.0
-10	165626.0	154195.0
-9	170822.0	155894.0
-8	166767.0	157132.0
-7	162919.0	164916.0
-6	162969.0	168985.0
-5	155224.0	167126.0
-4	152764.0	170146.0
-3	168938.0	182397.0
-2	191016.0	181231.0
-1	298213.0	176902.0
0	2033.0	117464.0
1	298476.0	33292.0
2	191530.0	68187.0
3	168976.0	90059.0
4	152682.0	116337.0
5	154631.0	132808.0
6	163329.0	126951.0
7	163947.0	118067.0
8	166924.0	118073.0
9	170523.0	117318.0
10	165783.0	115513.0
11	165021.0	118997.0
12	166697.0	121524.0
13	160528.0	120824.0
14	159081.0	124690.0
15	162154.0	125059.0
16	160370.0	122120.0
17	161994.0	123221.0
18	165248.0	121879.0
19	161359.0	118850.0
20	160245.0	120795.0
21	161105.0	121437.0
22	155030.0	122154.0
23	154193.0	126441.0
24	156126.0	127226.0
25	153341.0	125352.0
26	153926.0	126744.0
27	156276.0	123951.0
28	154520.0	120327.0
29	153707.0	121159.0
30	154886.0	120657.0
31	151089.0	118862.0
32	148505.0	123478.0
33	148521.0	124320.0
34	144614.0	123953.0
35	143710.0	127139.0
36	146330.0	126691.0
37	144398.0	123427.0
38	145030.0	124195.0
39	146667.0	121875.0
40	143269.0	118991.0
41	141313.0	121287.0
42	142202.0	122368.0
43	138493.0	122944.0
44	136345.0	126522.0
45	137919.0	127437.0
46	135901.0	125420.0
47	136074.0	125890.0
48	137682.0	124736.0
49	135556.0	122188.0
50	135207.0	123340.0
51	135790.0	123092.0
52	132446.0	121852.0
53	131488.0	124511.0
54	131183.0	125390.0
55	128855.0	124802.0
56	128377.0	127873.0
57	130440.0	126539.0
58	128796.0	123671.0
59	129496.0	124117.0
60	130096.0	122759.0
61	128317.0	121058.0
62	127354.0	124000.0
63	127684.0	123737.0
64	125936.0	121957.0
65	124605.0	123975.0
66	125757.0	124688.0
67	124435.0	122912.0
68	124211.0	124961.0
69	126299.0	123347.0
70	124282.0	121842.0
71	123433.0	124198.0
72	124715.0	124230.0
73	122576.0	123627.0
74	122130.0	125785.0
75	123175.0	126292.0
76	121586.0	124242.0
77	121076.0	125036.0
78	122232.0	124794.0
79	120553.0	124534.0
80	120421.0	127525.0
81	121996.0	127685.0
82	119890.0	125931.0
83	119881.0	129374.0
84	121031.0	130609.0
85	119127.0	130128.0
86	119517.0	131317.0
87	120875.0	129589.0
88	120419.0	127622.0
89	120544.0	128417.0
90	121920.0	127827.0
91	120390.0	127985.0
92	119816.0	131027.0
93	120607.0	131617.0
94	118671.0	132467.0
95	118581.0	135563.0
96	120055.0	136167.0
97	118568.0	135065.0
98	119766.0	136057.0
99	122058.0	135483.0
100	120826.0	133138.0
101	120480.0	134692.0
102	121402.0	134857.0
103	119911.0	135526.0
104	118508.0	139420.0
105	119113.0	141573.0
106	117853.0	142581.0
107	118453.0	145784.0
108	120717.0	144623.0
109	121060.0	141629.0
110	121424.0	143007.0
111	123679.0	142048.0
112	121658.0	141429.0
113	120533.0	144831.0
114	122178.0	147532.0
115	119505.0	148207.0
116	120046.0	152791.0
117	121451.0	155001.0
118	120552.0	154524.0
119	122677.0	155771.0
120	124269.0	154669.0
121	123691.0	152729.0
122	124527.0	154403.0
123	125160.0	155349.0
124	123216.0	156673.0
125	122551.0	161088.0
126	124033.0	163365.0
127	122466.0	164053.0
128	124150.0	166271.0
129	127477.0	164731.0
130	126783.0	161711.0
131	128168.0	162268.0
132	129979.0	162418.0
133	128151.0	162881.0
134	127271.0	166172.0
135	128374.0	168866.0
136	126654.0	169631.0
137	128063.0	173516.0
138	130479.0	172535.0
139	130359.0	171121.0
140	131535.0	171663.0
141	133598.0	170812.0
142	133144.0	169598.0
143	133843.0	171587.0
144	134791.0	171575.0
145	133974.0	170422.0
146	134634.0	173333.0
147	135837.0	173103.0
148	134729.0	171775.0
149	135948.0	172770.0
150	137968.0	170402.0
151	137725.0	168272.0
152	137269.0	169810.0
153	139023.0	168778.0
154	138027.0	166992.0
155	138409.0	169241.0
156	140324.0	168559.0
157	139552.0	166329.0
158	139852.0	166521.0
159	140899.0	165589.0
160	139750.0	163941.0
161	139957.0	163177.0
162	142296.0	162151.0
163	141093.0	160179.0
164	140956.0	161518.0
165	142679.0	161095.0
166	141896.0	158671.0
167	141702.0	160236.0
168	143203.0	158662.0
169	141428.0	156599.0
170	141039.0	156411.0
171	143643.0	155826.0
172	141465.0	153581.0
173	141831.0	154610.0
174	143495.0	153497.0
175	142790.0	151964.0
176	141925.0	152166.0
177	143781.0	151511.0
178	142032.0	149546.0
179	141768.0	149998.0
180	143486.0	148893.0
181	142355.0	146583.0
182	141984.0	146951.0
183	144125.0	145698.0
184	141589.0	143704.0
185	142045.0	144544.0
186	142576.0	143947.0
187	141129.0	141841.0
188	141248.0	142344.0
189	142479.0	140692.0
190	140308.0	139293.0
191	139833.0	138736.0
192	141275.0	137733.0
193	139402.0	136150.0
194	139707.0	137140.0
195	140598.0	136109.0
196	138692.0	135212.0
197	138868.0	134950.0
198	139829.0	134025.0
199	138043.0	131959.0
200	137935.0	132673.0
201	138357.0	131743.0
202	136643.0	130235.0
203	136583.0	131248.0
204	137296.0	130356.0
205	135206.0	129161.0
206	135441.0	130616.0
207	135768.0	128650.0
208	133969.0	128025.0
209	134249.0	128023.0
210	134856.0	127266.0
211	133122.0	125774.0
212	132911.0	126601.0
213	133689.0	125770.0
214	131989.0	124389.0
215	132157.0	125128.0
216	132841.0	125458.0
217	130396.0	123588.0
218	130538.0	124200.0
219	131549.0	123597.0
220	129689.0	122390.0
221	129955.0	123131.0
222	130549.0	122596.0
223	128284.0	121709.0
224	128184.0	122267.0
225	128924.0	121856.0
226	127950.0	121747.0
227	127128.0	122625.0
228	127855.0	122022.0
229	126793.0	121162.0
230	126546.0	121618.0
231	127088.0	121334.0
232	126026.0	120360.0
233	125115.0	121898.0
234	125891.0	121141.0
235	124894.0	119602.0
236	124215.0	121448.0
237	124924.0	121244.0
238	123955.0	121206.0
239	123162.0	122010.0
240	124407.0	120602.0
241	123463.0	119744.0
242	123506.0	121168.0
243	124150.0	120691.0
244	122600.0	120244.0
245	123191.0	121534.0
246	123738.0	121649.0
247	122342.0	120772.0
248	121819.0	122410.0
249	123446.0	122263.0
250	122289.0	121663.0
251	121762.0	122922.0
252	123022.0	121654.0
253	121934.0	121865.0
254	121209.0	122438.0
255	122506.0	122168.0
256	120948.0	122334.0
257	121553.0	123363.0
258	122428.0	123025.0
259	121274.0	123177.0
260	120904.0	124183.0
261	121806.0	124307.0
262	121436.0	124247.0
263	121719.0	124895.0
264	122509.0	125327.0
265	121566.0	124327.0
266	121592.0	125635.0
267	121817.0	126524.0
268	121939.0	125928.0
269	121240.0	126946.0
270	122671.0	127181.0
271	121965.0	126086.0
272	121300.0	128241.0
273	122902.0	127606.0
274	121946.0	127484.0
275	122177.0	129657.0
276	122509.0	129588.0
277	122202.0	129081.0
278	122625.0	130299.0
279	123753.0	130150.0
280	123632.0	129980.0
281	122746.0	131265.0
282	123953.0	131003.0
283	123325.0	131142.0
284	123326.0	132098.0
285	124309.0	132236.0
286	123640.0	131960.0
287	124132.0	134425.0
288	124844.0	133765.0
289	123799.0	133403.0
290	124858.0	134333.0
291	126345.0	134792.0
292	125175.0	134046.0
293	125221.0	135129.0
294	127273.0	135579.0
295	125624.0	134500.0
296	125167.0	136719.0
297	126878.0	136806.0
298	126288.0	135969.0
299	126788.0	137183.0
300	127470.0	137359.0
301	127457.0	137143.0
302	127410.0	137995.0
303	128574.0	137926.0
304	127433.0	137570.0
305	127947.0	138474.0
306	129622.0	138259.0
307	128477.0	138659.0
308	128852.0	139794.0
309	130052.0	139410.0
310	128855.0	138996.0
311	129178.0	139704.0
312	129842.0	139699.0
313	129487.0	139430.0
314	130140.0	140877.0
315	131179.0	140528.0
316	130291.0	140364.0
317	130432.0	141847.0
318	132081.0	141485.0
319	131362.0	140000.0
320	131264.0	141123.0
321	131915.0	140927.0
322	131264.0	140089.0
323	131132.0	141445.0
324	132517.0	141211.0
325	132186.0	140049.0
326	132625.0	141092.0
327	133411.0	141698.0
328	132963.0	140564.0
329	132826.0	142307.0
330	133856.0	141166.0
331	133492.0	139899.0
332	132840.0	141143.0
333	133922.0	140474.0
334	133098.0	139185.0
335	133233.0	140573.0
336	134514.0	139612.0
337	133716.0	138934.0
338	133500.0	140029.0
339	134657.0	139872.0
340	134140.0	138397.0
341	133958.0	138992.0
342	134553.0	138558.0
343	134221.0	137762.0
344	133923.0	138970.0
345	134599.0	138282.0
346	134455.0	137360.0
347	134338.0	138224.0
348	135676.0	137298.0
349	134395.0	136036.0
350	133910.0	136669.0
351	134511.0	136752.0
352	134289.0	134742.0
353	133994.0	135629.0
354	134937.0	135696.0
355	134602.0	134128.0
356	134374.0	134376.0
357	134731.0	134252.0
358	133713.0	132866.0
359	133627.0	133569.0
360	133924.0	132942.0
361	132837.0	132238.0
362	132831.0	132321.0
363	134341.0	132044.0
364	132672.0	130934.0
365	132827.0	131091.0
366	133241.0	130574.0
367	132600.0	129424.0
368	132272.0	130018.0
369	133244.0	130322.0
370	131894.0	129393.0
371	131906.0	129353.0
372	132205.0	128960.0
373	131565.0	128123.0
374	131559.0	128000.0
375	131899.0	127710.0
376	131534.0	127364.0
377	130750.0	127001.0
378	131458.0	126433.0
379	130548.0	125931.0
380	130952.0	127198.0
381	130384.0	125894.0
382	129657.0	125514.0
383	129379.0	125980.0
384	130257.0	124872.0
385	129211.0	124222.0
386	129354.0	124206.0
387	130332.0	124179.0
388	129336.0	123685.0
389	128743.0	124339.0
390	129087.0	122957.0
391	127855.0	122606.0
392	127871.0	123622.0
393	127440.0	122810.0
394	127065.0	122739.0
395	127041.0	123225.0
396	127406.0	122474.0
397	126843.0	122255.0
398	126911.0	122979.0
399	126958.0	122034.0
400	126413.0	122037.0
401	125911.0	122823.0
402	127005.0	122888.0
403	125546.0	121844.0
404	124981.0	122251.0
405	125578.0	121922.0
406	124531.0	121384.0
407	124395.0	122006.0
408	125129.0	121914.0
409	124498.0	121434.0
410	124533.0	122324.0
411	124683.0	121692.0
412	123651.0	121470.0
413	123722.0	121702.0
414	123924.0	121837.0
415	123505.0	121971.0
416	123762.0	122370.0
417	124156.0	122255.0
418	123164.0	121534.0
419	122443.0	122546.0
420	123346.0	122219.0
421	122979.0	122247.0
422	122843.0	122241.0
423	122929.0	123066.0
424	122705.0	122340.0
425	123171.0	123435.0
426	123081.0	122862.0
427	122229.0	122994.0
428	123071.0	123901.0
429	122842.0	123386.0
430	122074.0	122897.0
431	122357.0	124372.0
432	122828.0	124346.0
433	122525.0	124226.0
434	122224.0	124575.0
435	122532.0	123486.0
436	122110.0	124363.0
437	122279.0	124801.0
438	122855.0	124697.0
439	123359.0	124541.0
440	122911.0	125200.0
441	123299.0	125303.0
442	122718.0	125189.0
443	122433.0	125816.0
444	122696.0	126307.0
445	122489.0	125623.0
446	123254.0	126897.0
447	123264.0	126485.0
448	123151.0	126550.0
449	123432.0	127679.0
450	124153.0	126655.0
451	123116.0	126552.0
452	123594.0	127861.0
453	124737.0	128139.0
454	124119.0	128220.0
455	123753.0	128079.0
456	124267.0	128106.0
457	123680.0	128191.0
458	124263.0	129641.0
459	124972.0	128849.0
460	124038.0	128215.0
461	123830.0	129968.0
462	125297.0	129652.0
463	125260.0	129560.0
464	124389.0	130258.0
465	125116.0	129261.0
466	124712.0	128990.0
467	124736.0	130655.0
468	125374.0	130509.0
469	125474.0	130337.0
470	125891.0	130397.0
471	126712.0	130705.0
472	125395.0	130748.0
473	126061.0	131494.0
474	126294.0	132079.0
475	126330.0	131035.0
476	126410.0	131848.0
477	126986.0	131721.0
478	126546.0	130993.0
479	127248.0	132246.0
480	127183.0	131876.0
481	127136.0	131672.0
482	127618.0	132270.0
483	128110.0	132316.0
484	127234.0	131926.0
485	127818.0	131985.0
486	128093.0	132800.0
487	127587.0	132257.0
488	128380.0	132953.0
489	128510.0	132935.0
490	127582.0	132493.0
491	128247.0	133182.0
492	128838.0	132702.0
493	128431.0	131682.0
494	129182.0	132422.0
495	129245.0	132469.0
496	128622.0	132157.0
497	128957.0	133004.0
498	129587.0	132214.0
499	128952.0	132010.0
500	129385.0	132402.0
501	130475.0	133001.0
502	129117.0	131620.0
503	128962.0	132675.0
504	129816.0	132403.0
505	129416.0	132003.0
506	129466.0	132533.0
507	129885.0	132459.0
508	129499.0	131925.0
509	129722.0	132000.0
510	130466.0	131860.0
511	130203.0	130784.0
512	128941.0	131766.0
513	129624.0	131443.0
514	129228.0	131008.0
515	130082.0	131871.0
516	130121.0	131628.0
517	130493.0	131298.0
518	130103.0	131630.0
519	130226.0	131296.0
520	129690.0	130968.0
521	130179.0	131825.0
522	130191.0	131217.0
523	129595.0	129918.0
524	129958.0	130399.0
525	130034.0	130128.0
526	129288.0	129930.0
527	129591.0	130120.0
528	130331.0	129802.0
529	129675.0	129179.0
530	129458.0	129658.0
531	129534.0	129413.0
532	129607.0	128494.0
533	128988.0	128709.0
534	129191.0	128487.0
535	129040.0	128417.0
536	128778.0	129140.0
537	129288.0	128496.0
538	128956.0	128284.0
539	129375.0	128217.0
540	129382.0	128422.0
541	129293.0	127228.0
542	128663.0	128148.0
543	129287.0	127271.0
544	128649.0	127158.0
545	128472.0	126953.0
546	129655.0	126939.0
547	129024.0	125877.0
548	128683.0	126987.0
549	128452.0	126740.0
550	128198.0	125520.0
551	128026.0	126145.0
552	127990.0	126021.0
553	127635.0	125456.0
554	127054.0	125744.0
555	128068.0	125380.0
556	127303.0	124955.0
557	126856.0	125347.0
558	127027.0	124771.0
559	127769.0	124639.0
560	127307.0	124870.0
561	127194.0	124610.0
562	127188.0	124027.0
563	126229.0	124259.0
564	127079.0	124402.0
565	126718.0	123475.0
566	127413.0	124066.0
567	126470.0	123949.0
568	126185.0	123418.0
569	125819.0	123720.0
570	126852.0	123612.0
571	126197.0	123090.0
572	125766.0	123511.0
573	126264.0	124324.0
574	125626.0	123383.0
575	125410.0	123845.0
576	125664.0	123463.0
577	125316.0	123287.0
578	125185.0	123031.0
579	125469.0	123287.0
580	125145.0	123106.0
581	124581.0	124212.0
582	125398.0	124216.0
583	124461.0	122892.0
584	124490.0	123577.0
585	125098.0	123267.0
586	124495.0	123202.0
587	124303.0	123615.0
588	124824.0	123896.0
589	124197.0	123974.0
590	124094.0	123361.0
591	125752.0	123807.0
592	124671.0	123456.0
593	123882.0	123180.0
594	124035.0	123698.0
595	124520.0	122705.0
596	122901.0	123645.0
597	124377.0	124283.0
598	123874.0	122715.0
599	123385.0	123830.0
600	123391.0	123940.0
601	123845.0	123942.0
602	123894.0	124214.0
603	124319.0	124138.0
604	123355.0	124128.0
605	123779.0	124360.0
606	124388.0	124365.0
607	123566.0	123801.0
608	123808.0	124581.0
609	123407.0	124711.0
610	123389.0	124547.0
611	123951.0	125280.0
612	123965.0	124881.0
613	123636.0	125417.0
614	123579.0	125899.0
615	124290.0	125481.0
616	123585.0	124817.0
617	124213.0	125464.0
618	124678.0	125847.0
619	124127.0	125733.0
620	124188.0	126232.0
621	124115.0	126369.0
622	124336.0	125668.0
623	123623.0	126074.0
624	124871.0	127273.0
625	123644.0	126045.0
626	124292.0	126733.0
627	124536.0	127258.0
628	125064.0	126016.0
629	123587.0	126702.0
630	124164.0	127571.0
631	124246.0	127095.0
632	124630.0	127872.0
633	124980.0	127704.0
634	124337.0	127178.0
635	124692.0	127735.0
636	124950.0	127771.0
637	125259.0	127631.0
638	125206.0	127842.0
639	125085.0	127928.0
640	124849.0	127379.0
641	124821.0	127476.0
642	124738.0	127674.0
643	125069.0	128228.0
644	125387.0	128376.0
645	125346.0	128096.0
646	124698.0	127148.0
647	125345.0	128568.0
648	125775.0	129134.0
649	125795.0	128170.0
650	125509.0	129342.0
651	126106.0	128916.0
652	125481.0	128504.0
653	125327.0	128664.0
654	125671.0	129349.0
655	125699.0	128360.0
656	125815.0	128877.0
657	126744.0	129397.0
658	125413.0	128306.0
659	125792.0	129104.0
660	126135.0	129015.0
661	126202.0	128599.0
662	126447.0	129317.0
663	126380.0	128749.0
664	126424.0	128237.0
665	126182.0	129093.0
666	127669.0	129005.0
667	126371.0	128362.0
668	125342.0	128628.0
669	126240.0	129072.0
670	126237.0	128037.0
671	125822.0	128964.0
672	126740.0	129271.0
673	126591.0	127637.0
674	126947.0	128588.0
675	127297.0	128829.0
676	126615.0	128166.0
677	126615.0	128029.0
678	126575.0	128712.0
679	126893.0	127761.0
680	126019.0	127832.0
681	126854.0	128749.0
682	126731.0	127773.0
683	127011.0	127649.0
684	127370.0	127619.0
685	126429.0	127781.0
686	127075.0	128010.0
687	127199.0	127589.0
688	127049.0	127368.0
689	126913.0	127912.0
690	127063.0	127654.0
691	126586.0	127131.0
692	126584.0	127960.0
693	127504.0	127639.0
694	126962.0	127511.0
695	126622.0	127188.0
696	126956.0	127153.0
697	126687.0	127616.0
698	126718.0	127621.0
699	127427.0	127479.0
700	126655.0	127065.0
701	126489.0	127277.0
702	126729.0	126722.0
703	127249.0	126361.0
704	126613.0	126132.0
705	126624.0	126469.0
706	126516.0	126392.0
707	126253.0	126620.0
708	127005.0	126630.0
709	127000.0	125723.0
710	126840.0	126516.0
711	126518.0	126273.0
712	126068.0	125717.0
713	126417.0	126164.0
714	126817.0	125952.0
715	126380.0	125708.0
716	126479.0	126583.0
717	127126.0	126053.0
718	125958.0	125126.0
719	126237.0	125773.0
720	126495.0	125588.0
721	126159.0	125175.0
722	126132.0	125660.0
723	125980.0	125861.0
724	125594.0	125554.0
725	125927.0	125477.0
726	126118.0	125401.0
727	125913.0	124742.0
728	125895.0	125329.0
729	126114.0	124845.0
730	125456.0	124692.0
731	126311.0	125321.0
732	125744.0	125169.0
733	125600.0	124197.0
734	126114.0	124369.0
735	125897.0	124855.0
736	124611.0	124292.0
737	124865.0	124509.0
738	125025.0	124863.0
739	125009.0	124138.0
740	125388.0	124807.0
741	125545.0	124517.0
742	125351.0	124584.0
743	125371.0	124675.0
744	125563.0	124659.0
745	125180.0	124307.0
746	124833.0	124465.0
747	125227.0	124554.0
748	125427.0	124567.0
749	124429.0	124510.0
750	124858.0	124583.0
751	124906.0	124025.0
752	125258.0	124707.0
753	125350.0	124396.0
754	124689.0	123402.0
755	124574.0	124637.0
756	124250.0	124231.0
757	124687.0	124191.0
758	124412.0	124557.0
759	125022.0	124534.0
760	124715.0	123685.0
761	125233.0	123800.0
762	124739.0	124246.0
763	124694.0	123863.0
764	124838.0	125057.0
765	124797.0	124053.0
766	124580.0	124083.0
767	124735.0	124185.0
768	124845.0	124443.0
769	124126.0	125053.0
770	124608.0	124625.0
771	124160.0	124879.0
772	124620.0	124299.0
773	124537.0	124725.0
774	124708.0	124521.0
775	124722.0	124729.0
776	124763.0	125128.0
777	124496.0	124896.0
778	124709.0	124941.0
779	124570.0	124979.0
780	124786.0	125382.0
781	123974.0	124845.0
782	123776.0	124783.0
783	124429.0	124857.0
784	124288.0	124800.0
785	123743.0	125189.0
786	124548.0	125112.0
787	123849.0	125089.0
788	124131.0	125907.0
789	125035.0	124962.0
790	124270.0	124806.0
791	124420.0	125797.0
792	124486.0	125376.0
793	124054.0	125447.0
794	124218.0	125814.0
795	124571.0	125392.0
796	124784.0	125688.0
797	124546.0	125598.0
798	124247.0	125771.0
799	125058.0	125355.0
800	124358.0	126013.0
801	124796.0	125767.0
802	124814.0	125209.0
803	124360.0	125698.0
804	125174.0	125875.0
805	124047.0	125656.0
806	124566.0	125673.0
807	124328.0	125951.0
808	124707.0	125866.0
809	124344.0	126715.0
810	125166.0	126141.0
811	124876.0	126044.0
812	124640.0	126143.0
813	125250.0	125970.0
814	124998.0	126140.0
815	124508.0	127044.0
816	124936.0	125755.0
817	124705.0	125890.0
818	124913.0	126708.0
819	125252.0	126133.0
820	125209.0	125648.0
821	125084.0	126282.0
822	124989.0	125857.0
823	124971.0	125767.0
824	124825.0	126308.0
825	125731.0	126166.0
826	124861.0	126368.0
827	124718.0	126232.0
828	125309.0	125960.0
829	125037.0	126075.0
830	125427.0	126710.0
831	125472.0	126780.0
832	124909.0	126208.0
833	125338.0	126236.0
834	125493.0	127130.0
835	124936.0	126004.0
836	124886.0	126491.0
837	124369.0	126470.0
838	124377.0	125622.0
839	125191.0	126311.0
840	125731.0	126248.0
841	125303.0	125776.0
842	125233.0	125914.0
843	125783.0	126233.0
844	125292.0	125680.0
845	125370.0	126421.0
846	125185.0	125929.0
847	124972.0	125641.0
848	125699.0	125986.0
849	125657.0	126135.0
850	125011.0	125968.0
851	125403.0	126110.0
852	124952.0	126163.0
853	125053.0	126065.0
854	124766.0	126061.0
855	125511.0	126034.0
856	125306.0	125487.0
857	125130.0	125851.0
858	125744.0	126079.0
859	125168.0	125554.0
860	124999.0	126494.0
861	125255.0	125737.0
862	124308.0	125438.0
863	124681.0	125167.0
864	124799.0	126022.0
865	124746.0	126005.0
866	125151.0	125072.0
867	125224.0	125124.0
868	125313.0	125291.0
869	125043.0	125406.0
870	124818.0	125374.0
871	124482.0	125454.0
872	124755.0	125782.0
873	125334.0	126264.0
874	124667.0	125417.0
875	125096.0	125500.0
876	124596.0	125335.0
877	124688.0	124999.0
878	124187.0	125560.0
879	124712.0	125653.0
880	124866.0	125393.0
881	124171.0	124955.0
882	124651.0	125442.0
883	124840.0	125868.0
884	124520.0	125811.0
885	124444.0	124714.0
886	124681.0	124230.0
887	124439.0	124402.0
888	124672.0	124610.0
889	124757.0	124627.0
890	124306.0	124753.0
891	124416.0	124540.0
892	124054.0	124755.0
893	124515.0	125271.0
894	124517.0	124634.0
895	124329.0	124172.0
896	124142.0	124662.0
897	124550.0	124941.0
898	123864.0	123968.0
899	124732.0	125040.0
900	124109.0	124724.0
901	124115.0	124324.0
902	124557.0	125254.0
903	124768.0	125029.0
904	124127.0	124446.0
905	124123.0	124636.0
906	124480.0	124945.0
907	123992.0	124047.0
908	124186.0	124332.0
909	124641.0	124444.0
910	124307.0	124418.0
911	124323.0	125156.0
912	124084.0	124296.0
913	123942.0	124251.0
914	124312.0	124837.0
915	124200.0	124211.0
916	124146.0	124159.0
917	124419.0	124408.0
918	124144.0	124950.0
919	123853.0	124706.0
920	124171.0	124605.0
921	123919.0	124771.0
922	124005.0	123986.0
923	123815.0	124475.0
924	124074.0	124191.0
925	123620.0	124361.0
926	123347.0	124959.0
927	124017.0	124143.0
928	124580.0	124402.0
929	123791.0	124753.0
930	124075.0	124556.0
931	123970.0	124728.0
932	124112.0	124838.0
933	124832.0	124566.0
934	123748.0	124973.0
935	124062.0	124483.0
936	124629.0	124557.0
937	124170.0	124059.0
938	123849.0	125343.0
939	124211.0	124935.0
940	123867.0	124251.0
941	123668.0	124835.0
942	124380.0	124353.0
943	124016.0	124446.0
944	124369.0	124289.0
945	124535.0	124845.0
946	124127.0	124800.0
947	124441.0	124756.0
948	124305.0	124602.0
949	124313.0	124482.0
950	124392.0	124683.0
951	124334.0	124712.0
952	124091.0	124655.0
953	123579.0	124830.0
954	124059.0	124740.0
955	124200.0	124552.0
956	124025.0	125264.0
957	124610.0	124860.0
958	124441.0	124654.0
959	124134.0	125025.0
960	123957.0	125213.0
961	123958.0	125128.0
962	124219.0	125083.0
963	124187.0	125315.0
964	124003.0	124879.0
965	124364.0	125003.0
966	124227.0	124737.0
967	124071.0	125121.0
968	125094.0	124957.0
969	124695.0	125116.0
970	124948.0	124638.0
971	124664.0	125298.0
972	125456.0	125364.0
973	124520.0	124544.0
974	123880.0	124766.0
975	124017.0	124893.0
976	124006.0	125403.0
977	124491.0	125584.0
978	124884.0	125539.0
979	124808.0	124394.0
980	125179.0	124964.0
981	125120.0	125367.0
982	125086.0	125084.0
983	124582.0	125119.0
984	124610.0	125128.0
985	124800.0	124571.0
986	124669.0	125166.0
987	124342.0	124751.0
988	124516.0	125069.0
989	124636.0	125077.0
990	124775.0	125018.0
991	124112.0	124516.0
992	124580.0	124885.0
993	124775.0	125336.0
994	123845.0	125049.0
995	123875.0	125629.0
996	124745.0	125317.0
997	124563.0	124840.0
998	124787.0	124561.0
999	124253.0	124912.0
1000	124835.0	124326.0
1001	124544.0	124798.0
1002	123799.0	124945.0
1003	124130.0	124829.0
1004	124386.0	125202.0
1005	124528.0	125111.0
1006	123938.0	123908.0
1007	124464.0	124425.0
1008	124081.0	124960.0
1009	124310.0	124115.0
1010	124617.0	124305.0
1011	124372.0	124865.0
1012	124361.0	124583.0
1013	124221.0	124368.0
1014	124519.0	124617.0
1015	123852.0	124089.0
1016	124142.0	124105.0
1017	124070.0	124840.0
1018	124310.0	124927.0
1019	124411.0	124482.0
1020	124454.0	124674.0
1021	124015.0	123973.0
1022	123709.0	124468.0
1023	123768.0	124501.0
1024	123281.0	124259.0
1025	123948.0	124761.0
1026	123682.0	124466.0
1027	123626.0	124043.0
1028	124079.0	124468.0
1029	124179.0	124455.0
1030	123617.0	124205.0
1031	123520.0	124481.0
1032	124318.0	124069.0
1033	123478.0	123852.0
1034	123296.0	123866.0
1035	123561.0	124645.0
1036	123131.0	124058.0
1037	123749.0	124561.0
1038	123836.0	124267.0
1039	123931.0	124116.0
1040	123252.0	124093.0
1041	123453.0	124215.0
1042	123417.0	123675.0
1043	123728.0	123766.0
1044	123263.0	123451.0
1045	123188.0	124132.0
1046	123141.0	124657.0
1047	123858.0	124602.0
1048	122848.0	123957.0
1049	123089.0	124025.0
1050	123534.0	123773.0
1051	123024.0	123841.0
1052	123050.0	124127.0
1053	123578.0	123773.0
1054	123304.0	123757.0
1055	122735.0	123971.0
1056	122935.0	123817.0
1057	123572.0	123160.0
1058	123173.0	123393.0
1059	123241.0	124333.0
1060	123080.0	123762.0
1061	123150.0	124004.0
1062	123276.0	123814.0
1063	122466.0	123193.0
1064	123350.0	124077.0
1065	122855.0	123966.0
1066	123218.0	123518.0
1067	123253.0	124106.0
1068	123764.0	123659.0
1069	122749.0	123785.0
1070	122821.0	123853.0
1071	123059.0	123877.0
1072	123419.0	123587.0
1073	122819.0	123965.0
1074	123020.0	124117.0
1075	123027.0	123274.0
1076	123116.0	122865.0
1077	122928.0	123991.0
1078	122924.0	123622.0
1079	123116.0	123924.0
1080	123120.0	124682.0
1081	123295.0	123965.0
1082	122534.0	123856.0
1083	123289.0	123969.0
1084	122363.0	124123.0
1085	123161.0	124449.0
1086	122599.0	123982.0
1087	122627.0	124024.0
1088	122669.0	123944.0
1089	122828.0	124172.0
1090	123125.0	123556.0
1091	122590.0	123836.0
1092	123221.0	124295.0
1093	122711.0	123553.0
1094	123247.0	124804.0
1095	122859.0	124345.0
1096	122980.0	123902.0
1097	122825.0	124076.0
1098	123178.0	124020.0
1099	123258.0	123909.0
1100	123150.0	123609.0
1101	123428.0	123982.0
1102	122721.0	123866.0
1103	123382.0	123996.0
1104	123411.0	124434.0
1105	122382.0	124234.0
1106	123296.0	123972.0
1107	122913.0	124352.0
1108	122892.0	123540.0
1109	123010.0	124531.0
1110	122856.0	123939.0
1111	122694.0	124332.0
1112	122819.0	124368.0
1113	122845.0	124304.0
1114	123202.0	124212.0
1115	123070.0	124737.0
1116	124063.0	124255.0
1117	123713.0	123407.0
1118	123131.0	123935.0
1119	123753.0	124251.0
1120	122689.0	124228.0
1121	123346.0	124569.0
1122	123923.0	124746.0
1123	123190.0	124410.0
1124	123203.0	124157.0
1125	124012.0	124108.0
1126	123748.0	124187.0
1127	122826.0	124452.0
1128	123840.0	124309.0
1129	123311.0	123940.0
1130	123000.0	125147.0
1131	123830.0	124497.0
1132	123450.0	124002.0
1133	123227.0	124492.0
1134	123446.0	124120.0
1135	122765.0	124518.0
1136	123243.0	124306.0
1137	123976.0	125172.0
1138	123960.0	123847.0
1139	123847.0	124376.0
1140	124398.0	124072.0
1141	122974.0	124084.0
1142	124307.0	123876.0
1143	123945.0	124147.0
1144	122923.0	123910.0
1145	123208.0	124469.0
1146	124051.0	124727.0
1147	123767.0	124062.0
1148	123609.0	124449.0
1149	123940.0	124531.0
1150	124208.0	123920.0
1151	124097.0	124011.0
1152	123688.0	124226.0
1153	123243.0	123957.0
1154	123581.0	123703.0
1155	123544.0	124127.0
1156	123519.0	123728.0
1157	123716.0	124544.0
1158	123716.0	124193.0
1159	123850.0	124351.0
1160	123825.0	124658.0
1161	123623.0	124175.0
1162	123690.0	124197.0
1163	123680.0	124737.0
1164	123449.0	124526.0
1165	123313.0	123995.0
1166	123247.0	124325.0
1167	123353.0	123842.0
1168	123397.0	123571.0
1169	122890.0	124107.0
1170	123425.0	124169.0
1171	123563.0	123616.0
1172	123359.0	123622.0
1173	123353.0	123166.0
1174	123777.0	123445.0
1175	123791.0	123418.0
1176	123179.0	123494.0
1177	123534.0	123939.0
1178	123414.0	124053.0
1179	123483.0	123621.0
1180	123821.0	123374.0
1181	123581.0	123755.0
1182	123711.0	124128.0
1183	122668.0	123307.0
1184	123388.0	123355.0
1185	123370.0	122981.0
1186	123076.0	123434.0
1187	123020.0	123551.0
1188	123097.0	122684.0
1189	123681.0	123088.0
1190	123316.0	123404.0
1191	123316.0	123631.0
1192	123299.0	123541.0
1193	122774.0	123646.0
1194	123445.0	123585.0
1195	122754.0	122908.0
1196	122665.0	123679.0
1197	122953.0	123665.0
1198	122953.0	123012.0
1199	123284.0	123404.0
1200	122786.0	123348.0
1201	122351.0	122705.0
1202	122521.0	123256.0
1203	122158.0	123623.0
1204	122944.0	122950.0
1205	122449.0	123352.0
1206	122935.0	122729.0
1207	123018.0	122293.0
1208	122677.0	122775.0
1209	122994.0	123414.0
1210	122463.0	123318.0
1211	122726.0	122795.0
1212	122978.0	122374.0
1213	122701.0	122909.0
1214	122321.0	122872.0
1215	122276.0	123130.0
1216	122170.0	122971.0
1217	122687.0	122892.0
1218	122764.0	123109.0
1219	121799.0	122579.0
1220	122488.0	122621.0
1221	122778.0	122476.0
1222	122262.0	122878.0
1223	122487.0	123331.0
1224	122581.0	122683.0
1225	122180.0	122575.0
1226	121584.0	122958.0
1227	122276.0	122613.0
1228	122478.0	122719.0
1229	121947.0	122678.0
1230	122670.0	122011.0
1231	122421.0	122608.0
1232	121897.0	122728.0
1233	122356.0	123016.0
1234	122418.0	122644.0
1235	122423.0	122938.0
1236	122123.0	122678.0
1237	122342.0	123409.0
1238	122202.0	123622.0
1239	122336.0	122886.0
1240	122038.0	122976.0
1241	122357.0	122909.0
1242	122419.0	122513.0
1243	122913.0	122694.0
1244	122322.0	122937.0
1245	122726.0	122772.0
1246	121758.0	122619.0
1247	122036.0	122617.0
1248	122200.0	122848.0
1249	121368.0	123156.0
1250	122002.0	123079.0
1251	122223.0	123162.0
1252	122327.0	122831.0
1253	121677.0	122953.0
1254	122121.0	122903.0
1255	121656.0	123164.0
1256	122355.0	122722.0
1257	121550.0	123057.0
1258	122416.0	123026.0
1259	122680.0	123024.0
1260	122369.0	122948.0
1261	122206.0	123177.0
1262	122644.0	123376.0
1263	122484.0	123197.0
1264	122095.0	122766.0
1265	122228.0	123241.0
1266	122005.0	123046.0
1267	122423.0	122858.0
1268	122249.0	123022.0
1269	122439.0	123041.0
1270	122114.0	122477.0
1271	122188.0	122740.0
1272	122587.0	123419.0
1273	122789.0	122789.0
1274	122211.0	123927.0
1275	122992.0	122902.0
1276	121455.0	123564.0
1277	122097.0	122999.0
1278	122830.0	123328.0
1279	122784.0	123234.0
1280	121908.0	123884.0
1281	122463.0	123841.0
1282	122823.0	123627.0
1283	122526.0	123781.0
1284	122617.0	123219.0
1285	122160.0	123329.0
1286	122106.0	123411.0
1287	122391.0	123734.0
1288	122348.0	123355.0
1289	122574.0	123275.0
1290	122381.0	123201.0
1291	122111.0	123394.0
1292	122475.0	124008.0
1293	123037.0	123670.0
1294	123180.0	123759.0
1295	122435.0	123086.0
1296	122575.0	123559.0
1297	122698.0	123315.0
1298	121491.0	124143.0
1299	122887.0	123834.0
1300	122686.0	123880.0
1301	123317.0	123851.0
1302	122703.0	123096.0
1303	123133.0	123273.0
1304	122921.0	123630.0
1305	122728.0	123598.0
1306	122681.0	123523.0
1307	122357.0	123645.0
1308	122545.0	123448.0
1309	122939.0	123189.0
1310	123449.0	123611.0
1311	122666.0	123760.0
1312	122926.0	124158.0
1313	123087.0	123590.0
1314	122919.0	123088.0
1315	122898.0	123702.0
1316	123335.0	123831.0
1317	123213.0	123897.0
1318	122801.0	123100.0
1319	122894.0	123954.0
1320	123023.0	123264.0
1321	123076.0	123040.0
1322	123150.0	123164.0
1323	122684.0	123541.0
1324	122660.0	123197.0
1325	123138.0	123237.0
1326	122714.0	123425.0
1327	122605.0	123813.0
1328	122922.0	123486.0
1329	122518.0	123173.0
1330	122448.0	123458.0
1331	122987.0	123190.0
1332	123270.0	122864.0
1333	123165.0	122513.0
1334	122300.0	122802.0
1335	122420.0	123000.0
1336	122932.0	122705.0
1337	122950.0	123374.0
1338	123075.0	123327.0
1339	123265.0	123185.0
1340	122942.0	123207.0
1341	123019.0	123089.0
1342	122897.0	122908.0
1343	122948.0	123364.0
1344	122613.0	123026.0
1345	122325.0	122896.0
1346	122887.0	123156.0
1347	122581.0	123417.0
1348	122845.0	122611.0
1349	122568.0	122441.0
1350	122952.0	123010.0
1351	122289.0	122553.0
1352	123039.0	122572.0
1353	122566.0	122573.0
1354	122658.0	122757.0
1355	122523.0	122261.0
1356	122101.0	122740.0
1357	122748.0	122769.0
1358	122647.0	122605.0
1359	122115.0	123036.0
1360	122638.0	122550.0
1361	122430.0	122566.0
1362	122814.0	122501.0
1363	122627.0	122433.0
1364	122734.0	122537.0
1365	122447.0	122280.0
1366	122562.0	122499.0
1367	122107.0	122696.0
1368	122279.0	122764.0
1369	122342.0	122617.0
1370	122368.0	122062.0
1371	122202.0	122717.0
1372	122269.0	121835.0
1373	122778.0	121805.0
1374	121861.0	122448.0
1375	121758.0	122140.0
1376	121868.0	122393.0
1377	121847.0	122446.0
1378	121878.0	122118.0
1379	122323.0	122981.0
1380	122172.0	122198.0
1381	121945.0	122688.0
1382	122013.0	122052.0
1383	122252.0	122715.0
1384	122125.0	122120.0
1385	122206.0	122164.0
1386	121944.0	121876.0
1387	121821.0	121562.0
1388	122078.0	122328.0
1389	122149.0	122086.0
1390	121881.0	121956.0
1391	121983.0	121845.0
1392	121377.0	121813.0
1393	121078.0	122268.0
1394	121710.0	121691.0
1395	121846.0	122021.0
1396	121398.0	122625.0
1397	121204.0	121847.0
1398	121704.0	122236.0
1399	121990.0	122675.0
1400	121370.0	121976.0
1401	122029.0	121752.0
1402	121496.0	121991.0
1403	121643.0	121938.0
1404	122198.0	121857.0
1405	121113.0	121963.0
1406	122143.0	122405.0
1407	121440.0	122202.0
1408	121327.0	122598.0
1409	121607.0	121951.0
1410	121290.0	121936.0
1411	121603.0	122057.0
1412	121743.0	122680.0
1413	121481.0	122504.0
1414	121080.0	121495.0
1415	121404.0	122110.0
1416	121906.0	121739.0
1417	121534.0	122307.0
1418	121060.0	122568.0
1419	121872.0	122528.0
1420	120947.0	122366.0
1421	121210.0	122273.0
1422	121231.0	122013.0
1423	121458.0	121979.0
1424	121954.0	121769.0
1425	121791.0	121738.0
1426	121744.0	121882.0
1427	121458.0	122586.0
1428	121972.0	121862.0
1429	120944.0	121546.0
1430	121537.0	122553.0
1431	121843.0	122506.0
1432	121578.0	121933.0
1433	121470.0	121998.0
1434	121307.0	121713.0
1435	121732.0	122201.0
1436	121524.0	122410.0
1437	121795.0	121873.0
1438	121471.0	122388.0
1439	121694.0	122675.0
1440	121206.0	122234.0
1441	121143.0	122116.0
1442	121799.0	122047.0
1443	121745.0	122093.0
1444	122153.0	121432.0
1445	122036.0	122240.0
1446	122213.0	121947.0
1447	121306.0	121748.0
1448	121919.0	121911.0
1449	121435.0	122352.0
1450	121751.0	122690.0
1451	121629.0	122304.0
1452	121062.0	122337.0
1453	121669.0	122052.0
1454	121951.0	122180.0
1455	122054.0	122545.0
1456	121924.0	122463.0
1457	121643.0	122386.0
1458	121466.0	122669.0
1459	121776.0	122438.0
1460	121364.0	122226.0
1461	122042.0	122011.0
1462	121938.0	122499.0
1463	121602.0	122408.0
1464	122021.0	122690.0
1465	122017.0	122395.0
1466	121996.0	123184.0
1467	122278.0	122471.0
1468	121486.0	122490.0
1469	121680.0	122041.0
1470	121784.0	122430.0
1471	121931.0	122425.0
1472	122625.0	122527.0
1473	121509.0	122357.0
1474	121843.0	122775.0
1475	121851.0	122255.0
1476	122155.0	122977.0
1477	121979.0	122245.0
1478	122044.0	121958.0
1479	121836.0	122275.0
1480	120970.0	122887.0
1481	122028.0	122761.0
1482	122137.0	122207.0
1483	122442.0	121919.0
1484	121729.0	123003.0
1485	121353.0	123276.0
1486	122054.0	122323.0
1487	122084.0	122780.0
1488	121917.0	122685.0
1489	121622.0	122816.0
1490	122368.0	122532.0
1491	122410.0	122881.0
1492	122118.0	123204.0
1493	122148.0	122620.0
1494	121348.0	122739.0
1495	121836.0	122536.0
1496	121796.0	122874.0
1497	121833.0	123091.0
1498	122410.0	122430.0
1499	122255.0	122115.0
1500	122174.0	122271.0
1501	121437.0	122023.0
1502	121587.0	122160.0
1503	122326.0	122243.0
1504	121751.0	122412.0
1505	121419.0	123033.0
1506	122048.0	122606.0
1507	121804.0	121965.0
1508	121428.0	122072.0
1509	122076.0	122609.0
1510	122058.0	122065.0
1511	121880.0	122084.0
1512	121637.0	121927.0
1513	122147.0	121768.0
1514	121776.0	122344.0
1515	121846.0	122415.0
1516	121961.0	122064.0
1517	121944.0	122456.0
1518	122915.0	122237.0
1519	121924.0	121941.0
1520	121914.0	122665.0
1521	121588.0	121982.0
1522	121719.0	122163.0
1523	121381.0	122564.0
1524	122056.0	121755.0
1525	121811.0	121820.0
1526	120993.0	121974.0
1527	121349.0	122083.0
1528	121304.0	122162.0
1529	122011.0	122206.0
1530	121191.0	121849.0
1531	121125.0	121581.0
1532	120931.0	122952.0
1533	121821.0	122505.0
1534	121773.0	121900.0
1535	121502.0	121099.0
1536	121705.0	121514.0
1537	122157.0	121756.0
1538	121529.0	121486.0
1539	121527.0	121797.0
1540	121135.0	121609.0
1541	121569.0	121419.0
1542	122377.0	121441.0
1543	121907.0	121632.0
1544	121574.0	121706.0
1545	121811.0	121600.0
1546	121624.0	121650.0
1547	121145.0	121623.0
1548	121899.0	121806.0
1549	121541.0	121247.0
1550	121593.0	121012.0
1551	121375.0	121392.0
1552	121256.0	121752.0
1553	121134.0	121587.0
1554	121270.0	120966.0
1555	121321.0	121506.0
1556	121493.0	121650.0
1557	121193.0	121489.0
1558	120732.0	120963.0
1559	121896.0	121521.0
1560	121584.0	121284.0
1561	121017.0	121765.0
1562	121295.0	121591.0
1563	121768.0	121832.0
1564	121318.0	120553.0
1565	120902.0	120847.0
1566	120930.0	121265.0
1567	121133.0	120405.0
1568	121064.0	121884.0
1569	120587.0	121626.0
1570	120160.0	121110.0
1571	121186.0	121417.0
1572	121058.0	121626.0
1573	120653.0	121566.0
1574	121106.0	121519.0
1575	121564.0	121631.0
1576	120367.0	121582.0
1577	121061.0	121598.0
1578	121222.0	121269.0
1579	121142.0	121594.0
1580	120584.0	121123.0
1581	121175.0	120787.0
1582	121585.0	120645.0
1583	120353.0	121112.0
1584	121168.0	121521.0
1585	120875.0	121656.0
1586	120923.0	121284.0
1587	120937.0	121499.0
1588	121046.0	121764.0
1589	120542.0	121206.0
1590	120582.0	121549.0
1591	121113.0	121391.0
1592	120814.0	121178.0
1593	120381.0	121658.0
1594	120920.0	121359.0
1595	120889.0	121471.0
1596	121012.0	121902.0
1597	121005.0	121657.0
1598	121140.0	121267.0
1599	120824.0	121484.0
1600	120442.0	120963.0
1601	120792.0	121503.0
1602	120727.0	121074.0
1603	121198.0	120932.0
1604	120642.0	121735.0
1605	120988.0	121517.0
1606	120653.0	121787.0
1607	120711.0	121412.0
1608	120817.0	121890.0
1609	120375.0	121286.0
1610	120887.0	121483.0
1611	121125.0	121765.0
1612	120899.0	121729.0
1613	120684.0	121592.0
1614	121460.0	121828.0
1615	121393.0	121339.0
1616	120944.0	121757.0
1617	120381.0	121607.0
1618	120759.0	121626.0
1619	120964.0	121517.0
1620	121002.0	121632.0
1621	120925.0	121737.0
1622	120013.0	122169.0
1623	120210.0	121605.0
1624	121097.0	121802.0
1625	121250.0	121588.0
1626	120787.0	121716.0
1627	120795.0	121913.0
1628	121083.0	121633.0
1629	120243.0	121716.0
1630	121195.0	121382.0
1631	121083.0	121494.0
1632	120805.0	121769.0
1633	120330.0	122012.0
1634	120675.0	121765.0
1635	120777.0	121926.0
1636	120844.0	121507.0
1637	121074.0	121833.0
1638	120918.0	122031.0
1639	120993.0	121136.0
1640	121629.0	121433.0
1641	121239.0	121851.0
1642	121015.0	122036.0
1643	120427.0	121792.0
1644	120703.0	121463.0
1645	120711.0	121678.0
1646	120713.0	121306.0
1647	121151.0	121900.0
1648	120351.0	121776.0
1649	121156.0	121562.0
1650	120954.0	121866.0
1651	120931.0	121657.0
1652	120676.0	121642.0
1653	120416.0	121890.0
1654	120935.0	121869.0
1655	120858.0	122107.0
1656	121711.0	121562.0
1657	121268.0	121679.0
1658	121441.0	122048.0
1659	121579.0	121850.0
1660	121430.0	121749.0
1661	121386.0	122107.0
1662	121186.0	122082.0
1663	120784.0	121604.0
1664	121355.0	122080.0
1665	121154.0	121754.0
1666	121143.0	122087.0
1667	121006.0	121794.0
1668	121480.0	121401.0
1669	121071.0	121301.0
1670	121298.0	121898.0
1671	121500.0	121545.0
1672	121337.0	122105.0
1673	120975.0	122220.0
1674	120405.0	121580.0
1675	120716.0	121725.0
1676	121129.0	122110.0
1677	121056.0	121695.0
1678	121204.0	121790.0
1679	121070.0	122022.0
1680	121290.0	121291.0
1681	121004.0	121170.0
1682	121138.0	122299.0
1683	121215.0	121470.0
1684	121386.0	121638.0
1685	121960.0	121009.0
1686	121719.0	121067.0
1687	121917.0	121629.0
1688	121173.0	121559.0
1689	121160.0	121812.0
1690	121293.0	121752.0
1691	121751.0	122208.0
1692	121336.0	121760.0
1693	121627.0	121293.0
1694	121508.0	121088.0
1695	121807.0	121772.0
1696	121603.0	121442.0
1697	121368.0	121061.0
1698	121392.0	121697.0
1699	121117.0	121012.0
1700	120695.0	120686.0
1701	120841.0	121157.0
1702	120990.0	121147.0
1703	120905.0	120871.0
1704	120630.0	121224.0
1705	120783.0	121041.0
1706	121371.0	121075.0
1707	121324.0	120951.0
1708	121190.0	121072.0
1709	121634.0	120870.0
1710	121124.0	121161.0
1711	120853.0	121065.0
1712	120776.0	121414.0
1713	121211.0	120933.0
1714	121091.0	121364.0
1715	120913.0	121249.0
1716	120870.0	121026.0
1717	120761.0	120764.0
1718	121320.0	120696.0
1719	121353.0	121267.0
1720	120765.0	120918.0
1721	121047.0	121727.0
1722	120602.0	120676.0
1723	120863.0	120834.0
1724	121115.0	121407.0
1725	120811.0	121284.0
1726	120638.0	121058.0
1727	121015.0	121749.0
1728	120905.0	121285.0
1729	121018.0	121846.0
1730	121431.0	121247.0
1731	121215.0	121070.0
1732	120740.0	121289.0
1733	120826.0	121658.0
1734	121135.0	120851.0
1735	120812.0	120964.0
1736	121170.0	119611.0
1737	120602.0	120900.0
1738	120639.0	121016.0
1739	120623.0	121258.0
1740	119910.0	120753.0
1741	120283.0	120782.0
1742	120733.0	120886.0
1743	121374.0	120832.0
1744	120425.0	121159.0
1745	121129.0	120723.0
1746	120318.0	120631.0
1747	120088.0	121215.0
1748	120639.0	120911.0
1749	120324.0	121381.0
1750	120224.0	120793.0
1751	120285.0	121216.0
1752	120602.0	121150.0
1753	120669.0	121621.0
1754	120054.0	121295.0
1755	120266.0	121293.0
1756	120273.0	120964.0
1757	120521.0	120724.0
1758	120552.0	121175.0
1759	120193.0	120210.0
1760	120556.0	121161.0
1761	119905.0	120121.0
1762	120415.0	120508.0
1763	120319.0	120334.0
1764	120177.0	120165.0
1765	120586.0	120371.0
1766	120057.0	121042.0
1767	120784.0	120604.0
1768	120237.0	120670.0
1769	120525.0	120711.0
1770	120187.0	120410.0
1771	120395.0	120716.0
1772	120107.0	120971.0
1773	120475.0	120944.0
1774	120342.0	120657.0
1775	120402.0	120855.0
1776	120312.0	121029.0
1777	120293.0	120845.0
1778	120709.0	121274.0
1779	119769.0	120888.0
1780	120128.0	120959.0
1781	119804.0	120570.0
1782	120304.0	120995.0
1783	120085.0	121294.0
1784	120089.0	121033.0
1785	120084.0	121047.0
1786	120128.0	120684.0
1787	120039.0	120434.0
1788	120758.0	120947.0
1789	120416.0	120389.0
1790	120385.0	120847.0
1791	120606.0	120854.0
1792	120565.0	120799.0
1793	119856.0	120903.0
1794	120176.0	120862.0
1795	120366.0	121045.0
1796	120490.0	121155.0
1797	119955.0	121110.0
1798	120177.0	120827.0
1799	120451.0	121206.0
1800	120910.0	120842.0
1801	120554.0	120822.0
1802	120236.0	120917.0
1803	119850.0	120722.0
1804	120376.0	121085.0
1805	119924.0	121447.0
1806	119749.0	121284.0
1807	120639.0	120860.0
1808	120179.0	120908.0
1809	120675.0	120986.0
1810	120134.0	121044.0
1811	120031.0	120965.0
1812	120648.0	121027.0
1813	120283.0	120935.0
1814	120036.0	120724.0
1815	120526.0	120718.0
1816	120606.0	120696.0
1817	121182.0	120557.0
1818	120209.0	121020.0
1819	120182.0	120738.0
1820	120578.0	120811.0
1821	119947.0	120980.0
1822	120209.0	121024.0
1823	119436.0	120988.0
1824	119782.0	120668.0
1825	119872.0	121208.0
1826	120238.0	121235.0
1827	121060.0	121737.0
1828	120623.0	121084.0
1829	120172.0	120715.0
1830	120399.0	121277.0
1831	120411.0	120659.0
1832	120466.0	120945.0
1833	120925.0	120826.0
1834	120480.0	120595.0
1835	120546.0	121656.0
1836	120603.0	121513.0
1837	120798.0	121398.0
1838	120505.0	121081.0
1839	120050.0	120775.0
1840	120098.0	120424.0
1841	120086.0	120426.0
1842	120585.0	120965.0
1843	120361.0	120665.0
1844	119939.0	120877.0
1845	120550.0	121310.0
1846	120552.0	120360.0
1847	120364.0	120981.0
1848	120847.0	120758.0
1849	121013.0	121035.0
1850	120134.0	120820.0
1851	120528.0	121153.0
1852	120120.0	121054.0
1853	120295.0	121093.0
1854	120106.0	121631.0
1855	120444.0	121008.0
1856	120410.0	121106.0
1857	120629.0	120990.0
1858	121043.0	120894.0
1859	120603.0	120768.0
1860	120270.0	120200.0
1861	120071.0	120575.0
1862	120634.0	120661.0
1863	120647.0	120877.0
1864	120064.0	121153.0
1865	120195.0	120454.0
1866	120107.0	120972.0
1867	120056.0	120826.0
1868	120538.0	120556.0
1869	120386.0	120538.0
1870	120684.0	120860.0
1871	119976.0	120792.0
1872	120468.0	121301.0
1873	120018.0	121393.0
1874	120154.0	121339.0
1875	120181.0	120826.0
1876	120434.0	120181.0
1877	120671.0	120301.0
1878	119971.0	120940.0
1879	120617.0	120898.0
1880	119807.0	120812.0
1881	120158.0	120788.0
1882	120443.0	120847.0
1883	120536.0	120699.0
1884	120792.0	120306.0
1885	120086.0	120607.0
1886	119400.0	120364.0
1887	120129.0	119882.0
1888	120265.0	120811.0
1889	120606.0	120846.0
1890	120569.0	120789.0
1891	120221.0	120450.0
1892	119690.0	121292.0
1893	120687.0	120503.0
1894	120526.0	120285.0
1895	120585.0	120130.0
1896	120097.0	120193.0
1897	119818.0	119693.0
1898	119756.0	120385.0
1899	120407.0	120626.0
1900	120319.0	120475.0
1901	120825.0	119732.0
1902	121200.0	120181.0
1903	120304.0	119700.0
1904	120193.0	120710.0
1905	120234.0	120168.0
1906	120536.0	120089.0
1907	120444.0	120027.0
1908	120078.0	120486.0
1909	120038.0	120239.0
1910	120857.0	120099.0
1911	119973.0	120169.0
1912	120338.0	119984.0
1913	120519.0	120017.0
1914	119768.0	120504.0
1915	119957.0	120157.0
1916	119792.0	120481.0
1917	120098.0	120677.0
1918	119993.0	120080.0
1919	119691.0	120453.0
1920	120416.0	119956.0
1921	120236.0	120171.0
1922	120497.0	120389.0
1923	119790.0	120291.0
1924	120313.0	120457.0
1925	120111.0	120267.0
1926	120170.0	120761.0
1927	119956.0	120125.0
1928	120430.0	120100.0
1929	119793.0	120076.0
1930	119482.0	120278.0
1931	120568.0	120392.0
1932	120033.0	120242.0
1933	119945.0	120088.0
1934	119628.0	120209.0
1935	119234.0	120551.0
1936	119768.0	120497.0
1937	119749.0	119749.0
1938	119920.0	120158.0
1939	119584.0	120202.0
1940	119714.0	120012.0
1941	119585.0	119507.0
1942	120096.0	119949.0
1943	120192.0	120144.0
1944	119799.0	120135.0
1945	119700.0	120103.0
1946	119451.0	120195.0
1947	119872.0	120116.0
1948	119570.0	120189.0
1949	119676.0	120112.0
1950	120130.0	120032.0
1951	119760.0	119834.0
1952	120023.0	119741.0
1953	119613.0	119735.0
1954	119773.0	120002.0
1955	119728.0	119671.0
1956	119792.0	120249.0
1957	119680.0	120307.0
1958	119859.0	119665.0
1959	119916.0	120178.0
1960	119641.0	120252.0
1961	120168.0	120366.0
1962	120297.0	120528.0
1963	119882.0	119913.0
1964	120340.0	120170.0
1965	119850.0	120547.0
1966	119624.0	120554.0
1967	120042.0	120419.0
1968	119971.0	120012.0
1969	120032.0	120015.0
1970	119541.0	120427.0
1971	120716.0	120431.0
1972	119346.0	120150.0
1973	120586.0	120940.0
1974	120049.0	120761.0
1975	120129.0	120381.0
1976	119708.0	120027.0
1977	119615.0	119712.0
1978	119809.0	119712.0
1979	119913.0	120171.0
1980	119943.0	120218.0
1981	119824.0	120215.0
1982	119508.0	120445.0
1983	119331.0	120329.0
1984	119624.0	120138.0
1985	119745.0	121028.0
1986	119605.0	120210.0
1987	120230.0	120121.0
1988	120040.0	120105.0
1989	119901.0	120262.0
1990	119569.0	120599.0
1991	119593.0	120776.0
1992	119290.0	120271.0
1993	119585.0	119997.0
1994	119531.0	119893.0
1995	120329.0	119925.0
1996	119793.0	120068.0
1997	120090.0	120143.0
1998	120103.0	120729.0
1999	119492.0	119920.0
