Distance in bp(Fragment Length Estimate: 519)(Peak Width Estimate: 519)	Same Strand (+ for Watson strand, - for Crick)	Opposite Strand
-2000	122142.0	122071.0
-1999	122832.0	122224.0
-1998	122409.0	122362.0
-1997	123354.0	122543.0
-1996	122733.0	122436.0
-1995	122124.0	122411.0
-1994	123548.0	122719.0
-1993	122833.0	122442.0
-1992	122103.0	122109.0
-1991	122035.0	123042.0
-1990	122200.0	122316.0
-1989	122640.0	122592.0
-1988	122351.0	122461.0
-1987	123003.0	122870.0
-1986	123084.0	122688.0
-1985	123003.0	122541.0
-1984	122647.0	122728.0
-1983	122553.0	122353.0
-1982	121975.0	122439.0
-1981	123129.0	122943.0
-1980	123420.0	122874.0
-1979	122814.0	122887.0
-1978	123013.0	122785.0
-1977	122462.0	122435.0
-1976	122330.0	122718.0
-1975	123156.0	122546.0
-1974	123045.0	122069.0
-1973	122828.0	122783.0
-1972	122476.0	122315.0
-1971	122285.0	123014.0
-1970	122381.0	122477.0
-1969	123209.0	122478.0
-1968	123258.0	123016.0
-1967	123007.0	122304.0
-1966	122415.0	122927.0
-1965	122626.0	122830.0
-1964	122762.0	122091.0
-1963	122501.0	122262.0
-1962	123286.0	122456.0
-1961	122769.0	122246.0
-1960	123305.0	122498.0
-1959	122908.0	122494.0
-1958	122942.0	121868.0
-1957	122245.0	121938.0
-1956	122601.0	121829.0
-1955	122943.0	122102.0
-1954	122794.0	122654.0
-1953	122794.0	122168.0
-1952	122773.0	122538.0
-1951	122651.0	122166.0
-1950	122752.0	121453.0
-1949	122060.0	122648.0
-1948	122649.0	122337.0
-1947	123005.0	122055.0
-1946	122810.0	122836.0
-1945	123058.0	122898.0
-1944	123033.0	122417.0
-1943	122156.0	122991.0
-1942	122751.0	122172.0
-1941	122645.0	122685.0
-1940	122846.0	122829.0
-1939	122623.0	122203.0
-1938	122103.0	122507.0
-1937	121945.0	122423.0
-1936	121870.0	122490.0
-1935	122205.0	122340.0
-1934	123121.0	122908.0
-1933	122623.0	122646.0
-1932	123145.0	122980.0
-1931	122982.0	123163.0
-1930	122219.0	122106.0
-1929	122996.0	122216.0
-1928	122231.0	122717.0
-1927	122696.0	123368.0
-1926	122677.0	122383.0
-1925	122661.0	122635.0
-1924	122244.0	123262.0
-1923	122584.0	123451.0
-1922	121955.0	122239.0
-1921	123085.0	122330.0
-1920	122820.0	121846.0
-1919	122460.0	122827.0
-1918	122895.0	122809.0
-1917	123210.0	122649.0
-1916	122930.0	123037.0
-1915	122840.0	122720.0
-1914	122991.0	122799.0
-1913	122696.0	122728.0
-1912	122468.0	122974.0
-1911	123150.0	122990.0
-1910	122788.0	122393.0
-1909	122444.0	122437.0
-1908	123174.0	122077.0
-1907	122577.0	122740.0
-1906	123677.0	122288.0
-1905	123060.0	122797.0
-1904	122540.0	122705.0
-1903	123154.0	122842.0
-1902	123361.0	122437.0
-1901	123275.0	122708.0
-1900	122620.0	122428.0
-1899	122299.0	123140.0
-1898	122463.0	123129.0
-1897	121907.0	123413.0
-1896	123002.0	123084.0
-1895	122336.0	122824.0
-1894	122965.0	122423.0
-1893	122769.0	123114.0
-1892	122717.0	122379.0
-1891	122894.0	122650.0
-1890	122725.0	123113.0
-1889	123307.0	122777.0
-1888	122770.0	122612.0
-1887	123038.0	122081.0
-1886	122975.0	122979.0
-1885	123052.0	122895.0
-1884	123584.0	122604.0
-1883	122846.0	122886.0
-1882	122954.0	122516.0
-1881	123196.0	122878.0
-1880	122681.0	123006.0
-1879	123614.0	122292.0
-1878	123429.0	122299.0
-1877	123078.0	122558.0
-1876	122976.0	122672.0
-1875	123173.0	122216.0
-1874	123006.0	122832.0
-1873	122744.0	122457.0
-1872	122857.0	122885.0
-1871	123507.0	122478.0
-1870	123030.0	122752.0
-1869	123285.0	123846.0
-1868	123192.0	121957.0
-1867	122868.0	122501.0
-1866	123208.0	122668.0
-1865	123175.0	122794.0
-1864	122883.0	122592.0
-1863	122864.0	122754.0
-1862	123219.0	122506.0
-1861	123085.0	123254.0
-1860	122937.0	122900.0
-1859	122764.0	122602.0
-1858	123050.0	123469.0
-1857	122650.0	122877.0
-1856	122665.0	122800.0
-1855	123272.0	122496.0
-1854	122289.0	122895.0
-1853	123115.0	122389.0
-1852	123175.0	122717.0
-1851	123225.0	122747.0
-1850	122900.0	122340.0
-1849	122579.0	122611.0
-1848	122595.0	122663.0
-1847	122658.0	122663.0
-1846	123224.0	122455.0
-1845	122876.0	122817.0
-1844	123604.0	123125.0
-1843	122600.0	123097.0
-1842	122945.0	122873.0
-1841	122680.0	122557.0
-1840	122882.0	122700.0
-1839	122579.0	122176.0
-1838	123326.0	122117.0
-1837	122619.0	123153.0
-1836	122987.0	122607.0
-1835	122965.0	122300.0
-1834	122468.0	122944.0
-1833	122735.0	123213.0
-1832	123166.0	122676.0
-1831	122261.0	122983.0
-1830	122975.0	122467.0
-1829	122683.0	123037.0
-1828	122303.0	122842.0
-1827	122473.0	123347.0
-1826	122730.0	122521.0
-1825	122815.0	122472.0
-1824	122941.0	123288.0
-1823	122828.0	122441.0
-1822	122920.0	122828.0
-1821	123322.0	122896.0
-1820	123364.0	122697.0
-1819	122758.0	122617.0
-1818	123541.0	122798.0
-1817	123158.0	122142.0
-1816	122524.0	123034.0
-1815	123242.0	123203.0
-1814	123036.0	122882.0
-1813	123300.0	123059.0
-1812	123199.0	122768.0
-1811	122909.0	122111.0
-1810	122837.0	122473.0
-1809	122784.0	122193.0
-1808	123059.0	122590.0
-1807	122446.0	122399.0
-1806	122823.0	122497.0
-1805	123263.0	122055.0
-1804	123138.0	122191.0
-1803	123246.0	122769.0
-1802	122616.0	123069.0
-1801	122817.0	122359.0
-1800	123129.0	122546.0
-1799	123173.0	122487.0
-1798	123405.0	122517.0
-1797	122768.0	122388.0
-1796	122378.0	122602.0
-1795	122726.0	122765.0
-1794	122635.0	123036.0
-1793	123096.0	123170.0
-1792	122642.0	122771.0
-1791	122914.0	122366.0
-1790	123063.0	122655.0
-1789	123201.0	122677.0
-1788	123381.0	122404.0
-1787	123153.0	122113.0
-1786	123075.0	122613.0
-1785	123030.0	122224.0
-1784	123175.0	122247.0
-1783	123015.0	123170.0
-1782	122555.0	122648.0
-1781	122848.0	123036.0
-1780	123143.0	121989.0
-1779	123071.0	122834.0
-1778	123174.0	122755.0
-1777	123235.0	122144.0
-1776	122456.0	122732.0
-1775	123105.0	123457.0
-1774	122783.0	122720.0
-1773	122374.0	123071.0
-1772	122880.0	123020.0
-1771	122882.0	122754.0
-1770	122606.0	122048.0
-1769	123037.0	122372.0
-1768	122815.0	122443.0
-1767	123066.0	122469.0
-1766	121917.0	122413.0
-1765	122818.0	122728.0
-1764	122864.0	122860.0
-1763	123608.0	123078.0
-1762	123587.0	123500.0
-1761	123197.0	122951.0
-1760	123161.0	123168.0
-1759	123650.0	122746.0
-1758	123657.0	122932.0
-1757	123510.0	122577.0
-1756	122722.0	122787.0
-1755	123114.0	122962.0
-1754	123000.0	122674.0
-1753	123438.0	123162.0
-1752	122855.0	123064.0
-1751	122695.0	122312.0
-1750	122615.0	122709.0
-1749	122596.0	122656.0
-1748	122850.0	122733.0
-1747	122792.0	123131.0
-1746	122999.0	122646.0
-1745	122514.0	123021.0
-1744	122510.0	122754.0
-1743	122828.0	122923.0
-1742	122703.0	123330.0
-1741	122213.0	123423.0
-1740	123079.0	122727.0
-1739	123186.0	123582.0
-1738	123267.0	122537.0
-1737	122803.0	123082.0
-1736	122865.0	122828.0
-1735	123142.0	123316.0
-1734	123285.0	122871.0
-1733	123095.0	123069.0
-1732	123143.0	123543.0
-1731	123278.0	123075.0
-1730	123579.0	123318.0
-1729	123166.0	122864.0
-1728	122878.0	122527.0
-1727	123050.0	122431.0
-1726	123163.0	123205.0
-1725	123449.0	122508.0
-1724	123225.0	123298.0
-1723	123392.0	123207.0
-1722	122871.0	123220.0
-1721	123103.0	123947.0
-1720	123140.0	123166.0
-1719	122295.0	122725.0
-1718	123072.0	122722.0
-1717	123361.0	122860.0
-1716	122820.0	122941.0
-1715	122737.0	123105.0
-1714	123210.0	123142.0
-1713	123243.0	123083.0
-1712	123291.0	123208.0
-1711	123271.0	123625.0
-1710	123232.0	122667.0
-1709	123056.0	122841.0
-1708	123406.0	122951.0
-1707	123560.0	123075.0
-1706	122387.0	122526.0
-1705	123390.0	123414.0
-1704	122896.0	123147.0
-1703	123439.0	123345.0
-1702	122570.0	122917.0
-1701	123243.0	123133.0
-1700	123397.0	123703.0
-1699	122724.0	123263.0
-1698	123426.0	123154.0
-1697	122708.0	123451.0
-1696	123257.0	123306.0
-1695	123670.0	123299.0
-1694	122980.0	122986.0
-1693	123672.0	122757.0
-1692	123539.0	123210.0
-1691	122699.0	122962.0
-1690	123167.0	122876.0
-1689	123056.0	122844.0
-1688	123130.0	122944.0
-1687	123637.0	122938.0
-1686	122967.0	123679.0
-1685	123014.0	123334.0
-1684	123945.0	122744.0
-1683	123514.0	123352.0
-1682	123356.0	123276.0
-1681	123286.0	122301.0
-1680	122818.0	122863.0
-1679	123891.0	122773.0
-1678	123365.0	123125.0
-1677	123198.0	122984.0
-1676	122803.0	123251.0
-1675	122744.0	122872.0
-1674	123121.0	123179.0
-1673	122927.0	123067.0
-1672	122969.0	123100.0
-1671	122768.0	123118.0
-1670	122513.0	122279.0
-1669	122872.0	122999.0
-1668	122930.0	122400.0
-1667	123717.0	122836.0
-1666	123159.0	122960.0
-1665	123248.0	123101.0
-1664	123155.0	123105.0
-1663	122400.0	123419.0
-1662	123219.0	123632.0
-1661	122724.0	123377.0
-1660	123443.0	123074.0
-1659	123602.0	123200.0
-1658	123100.0	122952.0
-1657	123797.0	123091.0
-1656	123439.0	123259.0
-1655	122830.0	123166.0
-1654	123107.0	123359.0
-1653	123127.0	123174.0
-1652	123497.0	123921.0
-1651	123232.0	123724.0
-1650	123678.0	122471.0
-1649	123377.0	122654.0
-1648	122912.0	122742.0
-1647	122894.0	123614.0
-1646	122777.0	122782.0
-1645	123023.0	123039.0
-1644	122929.0	122737.0
-1643	123264.0	122555.0
-1642	124076.0	122823.0
-1641	122826.0	122697.0
-1640	122985.0	122490.0
-1639	123141.0	123340.0
-1638	122510.0	122869.0
-1637	123093.0	122576.0
-1636	123048.0	122602.0
-1635	123021.0	122488.0
-1634	122864.0	122933.0
-1633	122653.0	122815.0
-1632	122834.0	123353.0
-1631	123424.0	122455.0
-1630	122900.0	122848.0
-1629	123447.0	122378.0
-1628	123498.0	123076.0
-1627	122639.0	122931.0
-1626	122538.0	123223.0
-1625	123008.0	122985.0
-1624	123485.0	122918.0
-1623	123110.0	122399.0
-1622	123037.0	122893.0
-1621	122706.0	122814.0
-1620	123287.0	122826.0
-1619	123239.0	122770.0
-1618	123188.0	123500.0
-1617	123310.0	123145.0
-1616	123088.0	123428.0
-1615	123099.0	123360.0
-1614	122965.0	123276.0
-1613	123409.0	123023.0
-1612	123583.0	122649.0
-1611	123775.0	123525.0
-1610	123151.0	123293.0
-1609	122852.0	123495.0
-1608	123163.0	122777.0
-1607	123184.0	122318.0
-1606	122973.0	123462.0
-1605	123567.0	122777.0
-1604	123165.0	122916.0
-1603	122125.0	122820.0
-1602	123011.0	122642.0
-1601	122950.0	122840.0
-1600	122934.0	123282.0
-1599	123176.0	123471.0
-1598	122644.0	122900.0
-1597	123133.0	122968.0
-1596	123316.0	123044.0
-1595	122822.0	122916.0
-1594	123751.0	123072.0
-1593	123112.0	123117.0
-1592	123133.0	122626.0
-1591	123364.0	122820.0
-1590	123305.0	122834.0
-1589	123642.0	123089.0
-1588	122851.0	123272.0
-1587	123257.0	122716.0
-1586	123375.0	122986.0
-1585	122728.0	122604.0
-1584	123112.0	122904.0
-1583	122827.0	122829.0
-1582	123140.0	123499.0
-1581	122678.0	123200.0
-1580	123608.0	122368.0
-1579	123156.0	123313.0
-1578	123171.0	123775.0
-1577	122580.0	123595.0
-1576	123053.0	123420.0
-1575	122664.0	123080.0
-1574	123385.0	122126.0
-1573	123151.0	122796.0
-1572	122830.0	123155.0
-1571	123058.0	123148.0
-1570	122969.0	122904.0
-1569	123387.0	123474.0
-1568	122922.0	122870.0
-1567	122455.0	123350.0
-1566	123618.0	122318.0
-1565	122694.0	123107.0
-1564	123513.0	123886.0
-1563	123312.0	123399.0
-1562	123615.0	123714.0
-1561	123301.0	123299.0
-1560	123397.0	122697.0
-1559	123467.0	122874.0
-1558	123332.0	123098.0
-1557	123004.0	122781.0
-1556	122764.0	123853.0
-1555	123356.0	123455.0
-1554	123579.0	123494.0
-1553	123692.0	123519.0
-1552	123527.0	123676.0
-1551	122787.0	123297.0
-1550	123558.0	123448.0
-1549	123623.0	123178.0
-1548	123731.0	123750.0
-1547	123523.0	123096.0
-1546	123459.0	123535.0
-1545	123120.0	123196.0
-1544	123241.0	123667.0
-1543	122689.0	123439.0
-1542	123166.0	123521.0
-1541	123828.0	123555.0
-1540	123319.0	123611.0
-1539	124030.0	123194.0
-1538	123112.0	122689.0
-1537	123027.0	122710.0
-1536	123807.0	124018.0
-1535	123352.0	123516.0
-1534	123663.0	123130.0
-1533	123753.0	123532.0
-1532	123725.0	123323.0
-1531	123364.0	123448.0
-1530	123889.0	123365.0
-1529	123806.0	122943.0
-1528	123842.0	122993.0
-1527	124088.0	123505.0
-1526	123516.0	123763.0
-1525	123282.0	122838.0
-1524	123647.0	123020.0
-1523	123625.0	123603.0
-1522	123706.0	123245.0
-1521	123175.0	123197.0
-1520	123623.0	123377.0
-1519	123413.0	123039.0
-1518	123798.0	123295.0
-1517	123645.0	123355.0
-1516	123276.0	123194.0
-1515	124052.0	123149.0
-1514	124165.0	123963.0
-1513	123399.0	122722.0
-1512	124547.0	124236.0
-1511	123572.0	122990.0
-1510	123880.0	123526.0
-1509	123588.0	123868.0
-1508	123492.0	123008.0
-1507	123796.0	122940.0
-1506	123410.0	123312.0
-1505	123804.0	123643.0
-1504	123695.0	122753.0
-1503	123855.0	123299.0
-1502	123673.0	123195.0
-1501	124014.0	123387.0
-1500	123651.0	123073.0
-1499	123818.0	123635.0
-1498	123445.0	123572.0
-1497	123815.0	122876.0
-1496	124012.0	123313.0
-1495	124254.0	123622.0
-1494	123567.0	122953.0
-1493	123273.0	123334.0
-1492	123544.0	123098.0
-1491	123654.0	123260.0
-1490	124017.0	123338.0
-1489	123717.0	123381.0
-1488	123899.0	123171.0
-1487	123929.0	122831.0
-1486	123810.0	123218.0
-1485	123841.0	123361.0
-1484	123054.0	123209.0
-1483	123101.0	123480.0
-1482	124048.0	123725.0
-1481	123113.0	124065.0
-1480	124030.0	123340.0
-1479	123142.0	123541.0
-1478	123690.0	123545.0
-1477	123183.0	123063.0
-1476	123549.0	123161.0
-1475	123343.0	123107.0
-1474	123144.0	124101.0
-1473	123872.0	123426.0
-1472	124217.0	123245.0
-1471	123390.0	123128.0
-1470	123599.0	123336.0
-1469	123845.0	122585.0
-1468	123485.0	123029.0
-1467	123157.0	122909.0
-1466	123914.0	123029.0
-1465	122940.0	123370.0
-1464	123793.0	122416.0
-1463	123844.0	123056.0
-1462	123848.0	123323.0
-1461	123889.0	122878.0
-1460	123317.0	122629.0
-1459	123177.0	123235.0
-1458	123126.0	122766.0
-1457	123119.0	123055.0
-1456	123500.0	122761.0
-1455	123620.0	122860.0
-1454	122792.0	123156.0
-1453	123340.0	123147.0
-1452	124202.0	122976.0
-1451	124095.0	123044.0
-1450	123733.0	123000.0
-1449	123477.0	123436.0
-1448	124228.0	122922.0
-1447	123337.0	122906.0
-1446	123376.0	122840.0
-1445	123062.0	123082.0
-1444	123015.0	123632.0
-1443	123937.0	123265.0
-1442	123527.0	122984.0
-1441	123484.0	123494.0
-1440	123702.0	123059.0
-1439	123617.0	123584.0
-1438	123295.0	123372.0
-1437	123265.0	123159.0
-1436	123355.0	123338.0
-1435	122662.0	122895.0
-1434	122910.0	122978.0
-1433	123300.0	123450.0
-1432	123403.0	123428.0
-1431	123438.0	122978.0
-1430	123346.0	123703.0
-1429	123559.0	123790.0
-1428	123745.0	123644.0
-1427	123652.0	122968.0
-1426	123458.0	123312.0
-1425	122572.0	123099.0
-1424	123298.0	122716.0
-1423	123349.0	122731.0
-1422	123243.0	122998.0
-1421	123471.0	122910.0
-1420	123489.0	123293.0
-1419	123246.0	123510.0
-1418	122966.0	122949.0
-1417	122828.0	122976.0
-1416	123440.0	123155.0
-1415	123976.0	122963.0
-1414	123408.0	123147.0
-1413	123621.0	123561.0
-1412	123099.0	123104.0
-1411	122896.0	123137.0
-1410	123700.0	123546.0
-1409	122679.0	123458.0
-1408	123497.0	123414.0
-1407	124137.0	123307.0
-1406	124042.0	122614.0
-1405	123083.0	123132.0
-1404	123246.0	124264.0
-1403	123615.0	123101.0
-1402	123289.0	123734.0
-1401	124081.0	123216.0
-1400	123110.0	123947.0
-1399	123581.0	123800.0
-1398	123942.0	123502.0
-1397	122721.0	123714.0
-1396	123246.0	123728.0
-1395	123167.0	123455.0
-1394	122977.0	123124.0
-1393	123400.0	123851.0
-1392	123073.0	122731.0
-1391	123801.0	123536.0
-1390	123563.0	123606.0
-1389	123521.0	123816.0
-1388	123977.0	122970.0
-1387	123447.0	123843.0
-1386	123776.0	123234.0
-1385	123083.0	123552.0
-1384	123380.0	123141.0
-1383	123518.0	123104.0
-1382	123212.0	123799.0
-1381	123556.0	123597.0
-1380	123819.0	124123.0
-1379	123568.0	123382.0
-1378	122919.0	123762.0
-1377	123471.0	123488.0
-1376	123766.0	123312.0
-1375	123869.0	123341.0
-1374	123694.0	124251.0
-1373	123689.0	123729.0
-1372	123390.0	123998.0
-1371	124153.0	123288.0
-1370	124487.0	123386.0
-1369	123815.0	124141.0
-1368	123566.0	123621.0
-1367	123568.0	123682.0
-1366	122953.0	124015.0
-1365	123367.0	124070.0
-1364	123291.0	124361.0
-1363	123891.0	124220.0
-1362	123786.0	123567.0
-1361	123932.0	123341.0
-1360	123865.0	123963.0
-1359	123627.0	124022.0
-1358	123746.0	123555.0
-1357	123636.0	123914.0
-1356	123323.0	124309.0
-1355	123825.0	123664.0
-1354	124067.0	124057.0
-1353	123556.0	124214.0
-1352	123816.0	123769.0
-1351	123909.0	123322.0
-1350	124060.0	124280.0
-1349	124325.0	123214.0
-1348	123558.0	124003.0
-1347	123678.0	123982.0
-1346	123263.0	123930.0
-1345	123719.0	123811.0
-1344	123452.0	123860.0
-1343	123714.0	123900.0
-1342	123964.0	123946.0
-1341	124176.0	123577.0
-1340	123907.0	123379.0
-1339	124021.0	123704.0
-1338	124446.0	124540.0
-1337	124334.0	123864.0
-1336	123772.0	124029.0
-1335	123878.0	123739.0
-1334	124235.0	123679.0
-1333	124525.0	124258.0
-1332	124208.0	123801.0
-1331	124529.0	123868.0
-1330	124321.0	124052.0
-1329	124645.0	123389.0
-1328	124238.0	123335.0
-1327	124108.0	123753.0
-1326	124062.0	124304.0
-1325	124059.0	123668.0
-1324	125057.0	123448.0
-1323	124255.0	123399.0
-1322	123360.0	123323.0
-1321	123764.0	123820.0
-1320	124263.0	123349.0
-1319	123929.0	123338.0
-1318	123772.0	123623.0
-1317	124310.0	123350.0
-1316	124132.0	123621.0
-1315	123824.0	123463.0
-1314	123968.0	123925.0
-1313	123947.0	123789.0
-1312	123926.0	123661.0
-1311	124087.0	124099.0
-1310	124070.0	123497.0
-1309	124087.0	124750.0
-1308	124222.0	123572.0
-1307	124124.0	123310.0
-1306	123591.0	123547.0
-1305	123960.0	124239.0
-1304	124560.0	123616.0
-1303	124093.0	123958.0
-1302	124736.0	122626.0
-1301	123947.0	123134.0
-1300	123707.0	123584.0
-1299	124445.0	123928.0
-1298	124035.0	124054.0
-1297	123369.0	123938.0
-1296	124085.0	123951.0
-1295	124329.0	123419.0
-1294	124401.0	123745.0
-1293	125215.0	122880.0
-1292	124266.0	123536.0
-1291	124750.0	123501.0
-1290	124181.0	122795.0
-1289	123913.0	122799.0
-1288	124324.0	123102.0
-1287	123550.0	124239.0
-1286	123606.0	123911.0
-1285	123647.0	124124.0
-1284	124036.0	123881.0
-1283	124077.0	123225.0
-1282	123690.0	123327.0
-1281	123374.0	123297.0
-1280	123184.0	123633.0
-1279	123917.0	123033.0
-1278	123982.0	123407.0
-1277	123189.0	123138.0
-1276	123777.0	123656.0
-1275	124258.0	123431.0
-1274	123946.0	122643.0
-1273	124431.0	123005.0
-1272	124155.0	123351.0
-1271	124343.0	123558.0
-1270	123736.0	123605.0
-1269	124062.0	123360.0
-1268	123647.0	123306.0
-1267	123896.0	123949.0
-1266	123558.0	123544.0
-1265	123711.0	123075.0
-1264	124515.0	122814.0
-1263	123484.0	123647.0
-1262	123849.0	123587.0
-1261	122995.0	123937.0
-1260	123377.0	123786.0
-1259	123292.0	123064.0
-1258	124082.0	123472.0
-1257	124178.0	122866.0
-1256	123742.0	123770.0
-1255	124047.0	123594.0
-1254	123170.0	123494.0
-1253	124281.0	123521.0
-1252	124078.0	122928.0
-1251	123789.0	123686.0
-1250	123122.0	123225.0
-1249	123266.0	124092.0
-1248	123669.0	123504.0
-1247	123438.0	123158.0
-1246	123098.0	123796.0
-1245	123640.0	123139.0
-1244	123759.0	122942.0
-1243	123407.0	123851.0
-1242	123514.0	123494.0
-1241	123205.0	123193.0
-1240	123481.0	123656.0
-1239	124041.0	124025.0
-1238	123946.0	123155.0
-1237	123687.0	123554.0
-1236	123086.0	124294.0
-1235	123930.0	123203.0
-1234	123213.0	123869.0
-1233	123234.0	123798.0
-1232	123338.0	123130.0
-1231	123164.0	122898.0
-1230	123814.0	123716.0
-1229	123184.0	123187.0
-1228	123241.0	123817.0
-1227	123293.0	123518.0
-1226	123227.0	123976.0
-1225	123275.0	122934.0
-1224	123803.0	123135.0
-1223	123375.0	123480.0
-1222	123252.0	123927.0
-1221	123558.0	123677.0
-1220	123256.0	123505.0
-1219	123572.0	123427.0
-1218	123503.0	123985.0
-1217	123275.0	123316.0
-1216	123882.0	123971.0
-1215	123699.0	124181.0
-1214	122933.0	123780.0
-1213	123626.0	123643.0
-1212	123607.0	122875.0
-1211	122838.0	123333.0
-1210	123601.0	123063.0
-1209	123986.0	123632.0
-1208	123713.0	123306.0
-1207	123300.0	124024.0
-1206	123324.0	124161.0
-1205	123265.0	123764.0
-1204	123977.0	123442.0
-1203	123979.0	123482.0
-1202	123598.0	123518.0
-1201	123723.0	123640.0
-1200	124290.0	123651.0
-1199	123477.0	122694.0
-1198	123386.0	124064.0
-1197	123958.0	123815.0
-1196	123819.0	123436.0
-1195	123841.0	123804.0
-1194	123797.0	124062.0
-1193	123619.0	123796.0
-1192	123700.0	124535.0
-1191	124142.0	124122.0
-1190	123473.0	123505.0
-1189	123058.0	123674.0
-1188	124123.0	124272.0
-1187	123793.0	123269.0
-1186	123828.0	123614.0
-1185	123987.0	124237.0
-1184	123972.0	124166.0
-1183	123439.0	124260.0
-1182	124606.0	124354.0
-1181	123878.0	123697.0
-1180	123989.0	124373.0
-1179	123662.0	123893.0
-1178	124718.0	123485.0
-1177	123453.0	124269.0
-1176	123533.0	123974.0
-1175	123789.0	124275.0
-1174	123843.0	124737.0
-1173	124383.0	124096.0
-1172	124067.0	124145.0
-1171	124331.0	124504.0
-1170	124118.0	123841.0
-1169	124195.0	124096.0
-1168	123922.0	124323.0
-1167	123737.0	124283.0
-1166	124057.0	123811.0
-1165	123867.0	123941.0
-1164	124305.0	124311.0
-1163	124195.0	124299.0
-1162	124514.0	124569.0
-1161	124296.0	124379.0
-1160	124049.0	124532.0
-1159	124529.0	124101.0
-1158	125129.0	124629.0
-1157	124409.0	124094.0
-1156	124685.0	123790.0
-1155	124018.0	124157.0
-1154	124213.0	124571.0
-1153	123983.0	124936.0
-1152	124621.0	124267.0
-1151	124112.0	123890.0
-1150	124449.0	124431.0
-1149	124642.0	124294.0
-1148	124349.0	124415.0
-1147	124003.0	124701.0
-1146	123987.0	124672.0
-1145	124527.0	124078.0
-1144	124211.0	125040.0
-1143	124379.0	124631.0
-1142	125062.0	124362.0
-1141	124517.0	124446.0
-1140	124085.0	124659.0
-1139	124940.0	124216.0
-1138	124711.0	124523.0
-1137	125350.0	124597.0
-1136	124279.0	124071.0
-1135	125100.0	124127.0
-1134	124576.0	123989.0
-1133	124784.0	123643.0
-1132	125128.0	124430.0
-1131	124428.0	123959.0
-1130	124421.0	124835.0
-1129	124245.0	123853.0
-1128	124604.0	124366.0
-1127	124511.0	124920.0
-1126	124223.0	123802.0
-1125	125026.0	124058.0
-1124	125122.0	124359.0
-1123	124569.0	124018.0
-1122	124669.0	124444.0
-1121	124949.0	123858.0
-1120	124183.0	124424.0
-1119	124644.0	124527.0
-1118	123959.0	123888.0
-1117	124125.0	123490.0
-1116	124325.0	123442.0
-1115	124728.0	123969.0
-1114	123895.0	123642.0
-1113	124598.0	123671.0
-1112	125070.0	123802.0
-1111	124060.0	124299.0
-1110	125390.0	124440.0
-1109	124722.0	124209.0
-1108	124812.0	124107.0
-1107	125036.0	123490.0
-1106	124147.0	123749.0
-1105	125517.0	123679.0
-1104	125211.0	124086.0
-1103	124668.0	123850.0
-1102	125009.0	123508.0
-1101	124293.0	123551.0
-1100	124097.0	124252.0
-1099	125010.0	123915.0
-1098	124875.0	123602.0
-1097	124847.0	123582.0
-1096	124718.0	124106.0
-1095	124323.0	124277.0
-1094	125018.0	123303.0
-1093	124382.0	123413.0
-1092	124407.0	123519.0
-1091	124065.0	123748.0
-1090	124728.0	123193.0
-1089	124892.0	123647.0
-1088	124116.0	123687.0
-1087	124345.0	124167.0
-1086	124359.0	123499.0
-1085	124204.0	123482.0
-1084	124190.0	123777.0
-1083	124634.0	123565.0
-1082	124140.0	123865.0
-1081	124110.0	124145.0
-1080	124140.0	124039.0
-1079	124251.0	123209.0
-1078	124113.0	124125.0
-1077	125293.0	123218.0
-1076	124618.0	123791.0
-1075	124312.0	123485.0
-1074	124075.0	123734.0
-1073	124304.0	123348.0
-1072	123851.0	123989.0
-1071	124222.0	123801.0
-1070	124035.0	123119.0
-1069	124271.0	123158.0
-1068	124172.0	123502.0
-1067	124176.0	123834.0
-1066	123929.0	123933.0
-1065	123975.0	124005.0
-1064	123822.0	123547.0
-1063	123674.0	123179.0
-1062	124655.0	123582.0
-1061	124409.0	122690.0
-1060	124295.0	123215.0
-1059	124431.0	123348.0
-1058	123392.0	123520.0
-1057	123991.0	123388.0
-1056	123736.0	122958.0
-1055	123714.0	123775.0
-1054	123800.0	123939.0
-1053	123885.0	123236.0
-1052	123526.0	123935.0
-1051	123499.0	123253.0
-1050	124095.0	123852.0
-1049	123990.0	123408.0
-1048	123356.0	124120.0
-1047	123509.0	123853.0
-1046	123106.0	123449.0
-1045	123475.0	123292.0
-1044	124213.0	123188.0
-1043	124021.0	123324.0
-1042	123013.0	123848.0
-1041	123404.0	123830.0
-1040	123771.0	124180.0
-1039	123821.0	123979.0
-1038	123822.0	123868.0
-1037	124192.0	123626.0
-1036	123330.0	123548.0
-1035	123365.0	123392.0
-1034	123527.0	123862.0
-1033	123721.0	123782.0
-1032	123405.0	124053.0
-1031	123477.0	124004.0
-1030	123704.0	124082.0
-1029	124003.0	123933.0
-1028	123317.0	123795.0
-1027	123767.0	124552.0
-1026	123674.0	123868.0
-1025	123090.0	123249.0
-1024	123510.0	123522.0
-1023	123391.0	123990.0
-1022	122759.0	123985.0
-1021	122910.0	123407.0
-1020	123072.0	124559.0
-1019	123406.0	124437.0
-1018	123127.0	124177.0
-1017	123549.0	124349.0
-1016	123866.0	124358.0
-1015	123810.0	124367.0
-1014	123231.0	124902.0
-1013	123405.0	124419.0
-1012	123655.0	124583.0
-1011	124147.0	124590.0
-1010	123538.0	123709.0
-1009	123363.0	124614.0
-1008	123763.0	124297.0
-1007	123519.0	124001.0
-1006	124040.0	124310.0
-1005	123945.0	124260.0
-1004	123866.0	123739.0
-1003	123602.0	124606.0
-1002	124038.0	124929.0
-1001	124055.0	125039.0
-1000	123459.0	125295.0
-999	124143.0	124865.0
-998	123779.0	124431.0
-997	124466.0	125084.0
-996	124091.0	124850.0
-995	123970.0	124628.0
-994	123917.0	124493.0
-993	124217.0	124943.0
-992	123702.0	124530.0
-991	123720.0	124938.0
-990	123844.0	125041.0
-989	124281.0	125177.0
-988	123658.0	124664.0
-987	124042.0	124846.0
-986	123685.0	124299.0
-985	123632.0	124746.0
-984	124634.0	124121.0
-983	124363.0	125015.0
-982	125108.0	125661.0
-981	124778.0	125316.0
-980	124796.0	124183.0
-979	124651.0	125483.0
-978	124556.0	124828.0
-977	124371.0	124493.0
-976	124642.0	125150.0
-975	125038.0	124935.0
-974	124512.0	124264.0
-973	124453.0	125373.0
-972	124766.0	125026.0
-971	124604.0	125449.0
-970	125058.0	124822.0
-969	125583.0	124702.0
-968	124681.0	124882.0
-967	124733.0	124467.0
-966	124463.0	125087.0
-965	124925.0	124845.0
-964	124522.0	125514.0
-963	125231.0	125288.0
-962	124884.0	124537.0
-961	125434.0	124968.0
-960	125011.0	124831.0
-959	124723.0	124298.0
-958	125371.0	125252.0
-957	125385.0	124514.0
-956	125247.0	124878.0
-955	124724.0	124828.0
-954	125215.0	125084.0
-953	125264.0	124740.0
-952	125536.0	124742.0
-951	125246.0	124677.0
-950	125314.0	125073.0
-949	125006.0	125245.0
-948	125407.0	124769.0
-947	124900.0	124273.0
-946	125614.0	124851.0
-945	125365.0	124458.0
-944	125457.0	125327.0
-943	124886.0	125337.0
-942	125561.0	124523.0
-941	125356.0	124388.0
-940	125688.0	124173.0
-939	125402.0	124427.0
-938	125387.0	124340.0
-937	125119.0	124671.0
-936	125583.0	124784.0
-935	125445.0	123867.0
-934	125433.0	124409.0
-933	125969.0	124216.0
-932	124921.0	125040.0
-931	125303.0	124765.0
-930	125689.0	124244.0
-929	125682.0	124072.0
-928	125219.0	124904.0
-927	126083.0	124627.0
-926	125263.0	124716.0
-925	125609.0	124702.0
-924	125171.0	124102.0
-923	124709.0	124667.0
-922	124953.0	124476.0
-921	125686.0	123916.0
-920	125128.0	124001.0
-919	125732.0	124352.0
-918	125523.0	124239.0
-917	124813.0	124521.0
-916	125126.0	124261.0
-915	125447.0	123963.0
-914	125183.0	124607.0
-913	125657.0	123932.0
-912	125475.0	124044.0
-911	125119.0	123778.0
-910	124835.0	124066.0
-909	125655.0	124144.0
-908	125216.0	123939.0
-907	124453.0	124316.0
-906	125241.0	124135.0
-905	125639.0	123471.0
-904	125639.0	123623.0
-903	125577.0	123537.0
-902	125020.0	123232.0
-901	124745.0	123936.0
-900	125326.0	123891.0
-899	124851.0	123928.0
-898	124575.0	123618.0
-897	124526.0	123941.0
-896	124453.0	123617.0
-895	124724.0	123478.0
-894	124522.0	123844.0
-893	124677.0	123584.0
-892	124776.0	123871.0
-891	124949.0	123380.0
-890	124323.0	124423.0
-889	124591.0	124573.0
-888	124654.0	124072.0
-887	125090.0	123301.0
-886	124776.0	124106.0
-885	124311.0	124026.0
-884	124371.0	123853.0
-883	124321.0	123826.0
-882	124819.0	123352.0
-881	124177.0	123807.0
-880	124215.0	123839.0
-879	124835.0	123478.0
-878	124357.0	123417.0
-877	124483.0	123751.0
-876	124536.0	123737.0
-875	124244.0	123162.0
-874	123698.0	123799.0
-873	124622.0	123612.0
-872	123221.0	123513.0
-871	123993.0	123143.0
-870	124155.0	123711.0
-869	123986.0	123446.0
-868	124653.0	123664.0
-867	124409.0	124029.0
-866	123350.0	122745.0
-865	123985.0	123795.0
-864	123658.0	123699.0
-863	123318.0	123732.0
-862	124056.0	123229.0
-861	123731.0	123348.0
-860	123433.0	124022.0
-859	123838.0	124135.0
-858	123570.0	124249.0
-857	124216.0	123656.0
-856	123458.0	124098.0
-855	124322.0	123760.0
-854	123840.0	123723.0
-853	123901.0	123604.0
-852	123541.0	123457.0
-851	124023.0	123593.0
-850	123660.0	124378.0
-849	123400.0	124396.0
-848	124101.0	123346.0
-847	123705.0	124144.0
-846	123621.0	123503.0
-845	123065.0	124354.0
-844	123588.0	124440.0
-843	123878.0	124217.0
-842	123877.0	124031.0
-841	123677.0	124104.0
-840	123296.0	123665.0
-839	123149.0	123961.0
-838	123160.0	123647.0
-837	123746.0	124103.0
-836	123580.0	124445.0
-835	123968.0	124349.0
-834	123951.0	124092.0
-833	123037.0	124109.0
-832	123123.0	124645.0
-831	124478.0	124435.0
-830	123080.0	124876.0
-829	123729.0	125304.0
-828	124193.0	124739.0
-827	123876.0	124333.0
-826	123814.0	125066.0
-825	123252.0	124229.0
-824	123554.0	124864.0
-823	123690.0	124703.0
-822	124284.0	124740.0
-821	123605.0	124041.0
-820	123458.0	125053.0
-819	123809.0	125270.0
-818	124048.0	124853.0
-817	124139.0	125273.0
-816	123621.0	124908.0
-815	123974.0	124608.0
-814	124049.0	125244.0
-813	123994.0	124754.0
-812	122990.0	124858.0
-811	124070.0	125314.0
-810	124086.0	125265.0
-809	124066.0	125124.0
-808	124556.0	125317.0
-807	124196.0	125723.0
-806	124413.0	124357.0
-805	123783.0	125402.0
-804	124635.0	125348.0
-803	124411.0	125099.0
-802	123824.0	125087.0
-801	124275.0	125320.0
-800	124006.0	125348.0
-799	124195.0	125406.0
-798	125273.0	125720.0
-797	124529.0	125396.0
-796	124626.0	125073.0
-795	124711.0	125390.0
-794	124299.0	125849.0
-793	124816.0	125673.0
-792	125205.0	125749.0
-791	124418.0	125577.0
-790	124700.0	125699.0
-789	125514.0	125755.0
-788	124916.0	125847.0
-787	125139.0	125378.0
-786	125093.0	126314.0
-785	124821.0	125101.0
-784	125629.0	125382.0
-783	125326.0	125512.0
-782	125280.0	125344.0
-781	125312.0	126125.0
-780	125857.0	126208.0
-779	125510.0	125385.0
-778	125818.0	125602.0
-777	125611.0	125187.0
-776	125488.0	125868.0
-775	125770.0	126122.0
-774	125946.0	126324.0
-773	126059.0	125275.0
-772	125415.0	125512.0
-771	126184.0	125923.0
-770	125782.0	125309.0
-769	125305.0	125754.0
-768	125766.0	125644.0
-767	126112.0	125039.0
-766	126661.0	125204.0
-765	125923.0	125660.0
-764	125469.0	125394.0
-763	126166.0	126264.0
-762	126547.0	126117.0
-761	126135.0	125699.0
-760	126089.0	125241.0
-759	126723.0	125516.0
-758	125787.0	125314.0
-757	125524.0	125818.0
-756	126744.0	126133.0
-755	125799.0	125127.0
-754	125544.0	125248.0
-753	127065.0	125340.0
-752	126802.0	125341.0
-751	126275.0	125335.0
-750	126919.0	125790.0
-749	126934.0	124402.0
-748	126148.0	125456.0
-747	126798.0	124834.0
-746	126679.0	124662.0
-745	126379.0	125113.0
-744	126519.0	125091.0
-743	126326.0	124702.0
-742	126806.0	125958.0
-741	126776.0	125372.0
-740	126310.0	125502.0
-739	126560.0	124879.0
-738	126968.0	125301.0
-737	127397.0	125236.0
-736	125885.0	125413.0
-735	126638.0	125026.0
-734	126477.0	124755.0
-733	126278.0	124480.0
-732	126140.0	124985.0
-731	126056.0	125030.0
-730	125927.0	125052.0
-729	126663.0	124681.0
-728	126330.0	124251.0
-727	126310.0	124914.0
-726	126545.0	123871.0
-725	126131.0	124355.0
-724	126720.0	124749.0
-723	126662.0	124421.0
-722	126589.0	124537.0
-721	125872.0	124614.0
-720	126516.0	124830.0
-719	125995.0	124107.0
-718	125904.0	124601.0
-717	126419.0	124670.0
-716	125829.0	124216.0
-715	125837.0	124258.0
-714	126030.0	123747.0
-713	126098.0	124458.0
-712	125650.0	125223.0
-711	125719.0	124602.0
-710	125610.0	123836.0
-709	125578.0	123868.0
-708	126037.0	123995.0
-707	125972.0	123561.0
-706	125113.0	124203.0
-705	125886.0	123793.0
-704	125133.0	123322.0
-703	125024.0	124490.0
-702	125147.0	123536.0
-701	125401.0	123134.0
-700	125857.0	123510.0
-699	125354.0	123611.0
-698	124340.0	123013.0
-697	125475.0	123721.0
-696	125281.0	123571.0
-695	124927.0	123971.0
-694	124958.0	123809.0
-693	125227.0	123701.0
-692	125171.0	123662.0
-691	124646.0	123798.0
-690	125596.0	123234.0
-689	124289.0	122972.0
-688	124638.0	123862.0
-687	124250.0	123987.0
-686	124833.0	122972.0
-685	124598.0	123916.0
-684	125075.0	123188.0
-683	124682.0	123508.0
-682	123986.0	123578.0
-681	124676.0	123180.0
-680	124299.0	122767.0
-679	123511.0	123647.0
-678	124124.0	123699.0
-677	124146.0	123967.0
-676	123946.0	123293.0
-675	124014.0	123734.0
-674	124238.0	122990.0
-673	124100.0	123838.0
-672	124837.0	124008.0
-671	123898.0	123385.0
-670	123487.0	123779.0
-669	123985.0	123283.0
-668	123637.0	123379.0
-667	123642.0	123765.0
-666	124238.0	123573.0
-665	123442.0	123204.0
-664	123643.0	123920.0
-663	124070.0	123489.0
-662	123314.0	123562.0
-661	123758.0	123184.0
-660	123636.0	123645.0
-659	122702.0	123376.0
-658	122614.0	124410.0
-657	123831.0	124447.0
-656	123301.0	123610.0
-655	123409.0	124573.0
-654	123429.0	124455.0
-653	123224.0	123481.0
-652	123371.0	124406.0
-651	123560.0	124203.0
-650	123005.0	124546.0
-649	122798.0	124782.0
-648	124048.0	124365.0
-647	123544.0	124317.0
-646	123130.0	124999.0
-645	123752.0	124164.0
-644	123256.0	123802.0
-643	123369.0	124846.0
-642	122846.0	125261.0
-641	122816.0	124546.0
-640	123754.0	125315.0
-639	124014.0	125041.0
-638	122980.0	123946.0
-637	123538.0	124754.0
-636	123255.0	124607.0
-635	123296.0	124891.0
-634	123346.0	125437.0
-633	123537.0	125256.0
-632	123880.0	125722.0
-631	124097.0	125622.0
-630	124322.0	124966.0
-629	123983.0	125791.0
-628	123562.0	125621.0
-627	123766.0	125498.0
-626	123898.0	124975.0
-625	123640.0	125601.0
-624	123696.0	125120.0
-623	124243.0	125269.0
-622	123225.0	125471.0
-621	123568.0	125706.0
-620	123743.0	125414.0
-619	123706.0	126007.0
-618	123532.0	126090.0
-617	124507.0	125825.0
-616	124433.0	125937.0
-615	124799.0	126089.0
-614	124245.0	126164.0
-613	123901.0	126317.0
-612	124933.0	126153.0
-611	123925.0	125856.0
-610	124135.0	126442.0
-609	124857.0	126315.0
-608	124382.0	126432.0
-607	124736.0	125985.0
-606	125569.0	126283.0
-605	124833.0	125855.0
-604	125056.0	126304.0
-603	125341.0	126852.0
-602	124756.0	127039.0
-601	124985.0	126811.0
-600	125921.0	126596.0
-599	125277.0	126614.0
-598	125463.0	126371.0
-597	125460.0	126585.0
-596	125254.0	126188.0
-595	125466.0	126738.0
-594	126179.0	127415.0
-593	125944.0	126586.0
-592	126189.0	126886.0
-591	126297.0	127146.0
-590	126212.0	127157.0
-589	126441.0	126487.0
-588	126105.0	127628.0
-587	126494.0	126353.0
-586	125615.0	126822.0
-585	127025.0	126860.0
-584	126744.0	126745.0
-583	126586.0	127645.0
-582	127466.0	126163.0
-581	127129.0	126587.0
-580	126969.0	126553.0
-579	127080.0	127044.0
-578	126183.0	126807.0
-577	126585.0	126924.0
-576	127350.0	126349.0
-575	127507.0	126180.0
-574	127440.0	127002.0
-573	127520.0	126627.0
-572	127203.0	126693.0
-571	128238.0	127042.0
-570	127880.0	126777.0
-569	127749.0	126717.0
-568	127708.0	126124.0
-567	127800.0	126580.0
-566	127430.0	126051.0
-565	128341.0	127165.0
-564	128651.0	126599.0
-563	127617.0	126276.0
-562	128219.0	126182.0
-561	128310.0	126430.0
-560	127871.0	126488.0
-559	128073.0	125763.0
-558	128176.0	125871.0
-557	127604.0	125527.0
-556	128565.0	125627.0
-555	128635.0	125986.0
-554	127762.0	125731.0
-553	127694.0	126103.0
-552	128463.0	125900.0
-551	128287.0	125302.0
-550	128500.0	125322.0
-549	128598.0	125878.0
-548	128131.0	125838.0
-547	127609.0	126366.0
-546	128472.0	125237.0
-545	128408.0	124582.0
-544	128067.0	125722.0
-543	128470.0	125121.0
-542	128261.0	125059.0
-541	127897.0	125300.0
-540	127908.0	125074.0
-539	127608.0	124521.0
-538	127789.0	125120.0
-537	128220.0	124838.0
-536	127309.0	124497.0
-535	127752.0	124120.0
-534	127782.0	124410.0
-533	127597.0	124083.0
-532	128167.0	124549.0
-531	128195.0	124716.0
-530	127706.0	124354.0
-529	127798.0	124916.0
-528	127570.0	124333.0
-527	126922.0	124077.0
-526	126355.0	124008.0
-525	126638.0	124102.0
-524	127497.0	124682.0
-523	126345.0	124148.0
-522	126877.0	124505.0
-521	126809.0	123543.0
-520	126349.0	124333.0
-519	127370.0	124162.0
-518	126745.0	123608.0
-517	126937.0	123648.0
-516	126683.0	123690.0
-515	125897.0	123247.0
-514	126012.0	123347.0
-513	126430.0	123709.0
-512	125921.0	123708.0
-511	125822.0	123834.0
-510	126343.0	124199.0
-509	125739.0	123082.0
-508	125918.0	124350.0
-507	126061.0	123736.0
-506	125065.0	123451.0
-505	125034.0	123651.0
-504	125679.0	123034.0
-503	125875.0	123074.0
-502	125476.0	123534.0
-501	125192.0	123347.0
-500	125279.0	122979.0
-499	124750.0	123894.0
-498	124977.0	123388.0
-497	125111.0	123269.0
-496	125232.0	123534.0
-495	125114.0	123481.0
-494	124232.0	122979.0
-493	124578.0	122921.0
-492	124914.0	123383.0
-491	124227.0	123257.0
-490	123820.0	123540.0
-489	124546.0	122668.0
-488	124828.0	122593.0
-487	123499.0	123088.0
-486	123962.0	123754.0
-485	123883.0	123003.0
-484	124038.0	122900.0
-483	124629.0	123079.0
-482	123412.0	122555.0
-481	123278.0	123543.0
-480	124377.0	123237.0
-479	123265.0	123871.0
-478	123655.0	123303.0
-477	123624.0	122820.0
-476	122885.0	123688.0
-475	123156.0	123828.0
-474	123992.0	123522.0
-473	123137.0	123831.0
-472	123061.0	123493.0
-471	123789.0	123456.0
-470	122795.0	123622.0
-469	122444.0	123777.0
-468	122848.0	124009.0
-467	122918.0	123922.0
-466	122856.0	124284.0
-465	123123.0	124147.0
-464	123420.0	123608.0
-463	122687.0	124402.0
-462	124138.0	124716.0
-461	123121.0	124196.0
-460	122867.0	124915.0
-459	123130.0	124664.0
-458	122390.0	124568.0
-457	122503.0	124969.0
-456	123504.0	124670.0
-455	123502.0	124427.0
-454	122853.0	124857.0
-453	123100.0	125306.0
-452	123066.0	125077.0
-451	122831.0	125781.0
-450	123522.0	125512.0
-449	122517.0	125127.0
-448	122569.0	125760.0
-447	123288.0	125547.0
-446	123092.0	125402.0
-445	122772.0	126151.0
-444	123801.0	125476.0
-443	123401.0	125753.0
-442	123280.0	125751.0
-441	123924.0	125776.0
-440	124031.0	125655.0
-439	123591.0	126455.0
-438	123297.0	126051.0
-437	122940.0	126352.0
-436	123891.0	126629.0
-435	124282.0	126522.0
-434	122971.0	126158.0
-433	123572.0	126822.0
-432	123799.0	126911.0
-431	123836.0	126791.0
-430	123742.0	127153.0
-429	124010.0	127298.0
-428	123611.0	127034.0
-427	124140.0	127747.0
-426	125637.0	128037.0
-425	124736.0	126590.0
-424	124301.0	127029.0
-423	125078.0	127145.0
-422	124563.0	128006.0
-421	124269.0	128855.0
-420	125446.0	127710.0
-419	125177.0	127774.0
-418	125409.0	128475.0
-417	126067.0	128231.0
-416	125706.0	128051.0
-415	125516.0	128686.0
-414	125498.0	128800.0
-413	126199.0	127791.0
-412	125627.0	128164.0
-411	126816.0	128626.0
-410	126329.0	127852.0
-409	126469.0	128898.0
-408	126882.0	128869.0
-407	126822.0	128662.0
-406	126578.0	129229.0
-405	127587.0	129054.0
-404	127663.0	128549.0
-403	128049.0	128955.0
-402	127786.0	128732.0
-401	128264.0	128736.0
-400	127609.0	129011.0
-399	128050.0	128888.0
-398	127869.0	128214.0
-397	127853.0	129373.0
-396	128668.0	129020.0
-395	128429.0	128978.0
-394	128699.0	129480.0
-393	128499.0	129020.0
-392	128750.0	127728.0
-391	128965.0	129421.0
-390	130103.0	129202.0
-389	129003.0	128413.0
-388	129392.0	128680.0
-387	130092.0	129129.0
-386	129394.0	128099.0
-385	130248.0	128538.0
-384	130691.0	128619.0
-383	130241.0	128109.0
-382	129569.0	128695.0
-381	130578.0	129312.0
-380	130579.0	128409.0
-379	130090.0	128902.0
-378	130928.0	128252.0
-377	130725.0	127701.0
-376	130243.0	128242.0
-375	131577.0	128015.0
-374	131282.0	127217.0
-373	130475.0	127613.0
-372	131774.0	127749.0
-371	130865.0	127021.0
-370	130918.0	127499.0
-369	131966.0	127305.0
-368	131129.0	127260.0
-367	130729.0	127228.0
-366	131722.0	127303.0
-365	131248.0	126367.0
-364	130760.0	127335.0
-363	131574.0	127170.0
-362	130712.0	126535.0
-361	131884.0	126875.0
-360	131523.0	126289.0
-359	131119.0	126677.0
-358	130992.0	126703.0
-357	131585.0	126367.0
-356	131124.0	125824.0
-355	130194.0	126477.0
-354	131457.0	126254.0
-353	130704.0	125548.0
-352	130652.0	125672.0
-351	130513.0	126037.0
-350	129921.0	125727.0
-349	130501.0	125020.0
-348	130468.0	125666.0
-347	129886.0	125049.0
-346	129815.0	125791.0
-345	129814.0	125263.0
-344	129580.0	124878.0
-343	129999.0	124528.0
-342	130391.0	124711.0
-341	129417.0	124484.0
-340	129498.0	125039.0
-339	129350.0	124601.0
-338	129401.0	124036.0
-337	127890.0	124813.0
-336	128484.0	124222.0
-335	128202.0	124373.0
-334	128090.0	124453.0
-333	129345.0	124539.0
-332	128255.0	124271.0
-331	128176.0	124253.0
-330	128967.0	123880.0
-329	127468.0	123089.0
-328	127363.0	124251.0
-327	127694.0	123626.0
-326	126548.0	122683.0
-325	126658.0	124249.0
-324	127527.0	123104.0
-323	126927.0	122907.0
-322	126388.0	123457.0
-321	127155.0	123165.0
-320	126302.0	122845.0
-319	126149.0	123082.0
-318	126012.0	123542.0
-317	126245.0	122604.0
-316	125587.0	122766.0
-315	126095.0	122681.0
-314	125581.0	122700.0
-313	125350.0	122678.0
-312	125577.0	122544.0
-311	125047.0	122906.0
-310	124479.0	123204.0
-309	125171.0	123320.0
-308	124713.0	122181.0
-307	123779.0	122660.0
-306	125388.0	122605.0
-305	124316.0	121738.0
-304	124279.0	123371.0
-303	125048.0	122470.0
-302	123996.0	122128.0
-301	124115.0	122461.0
-300	124259.0	122766.0
-299	122952.0	122107.0
-298	123930.0	123278.0
-297	123789.0	123045.0
-296	123959.0	122486.0
-295	123419.0	122529.0
-294	123683.0	122971.0
-293	123236.0	123304.0
-292	123298.0	123260.0
-291	123125.0	122580.0
-290	122760.0	122658.0
-289	122561.0	123081.0
-288	123127.0	122889.0
-287	122828.0	122291.0
-286	122636.0	123712.0
-285	122865.0	123018.0
-284	122725.0	123503.0
-283	122391.0	124016.0
-282	123386.0	123340.0
-281	122337.0	123335.0
-280	122054.0	123792.0
-279	123199.0	124092.0
-278	122192.0	123329.0
-277	122277.0	124094.0
-276	122103.0	124540.0
-275	121851.0	123449.0
-274	122207.0	124664.0
-273	122900.0	124168.0
-272	121986.0	124446.0
-271	122654.0	125136.0
-270	123041.0	125195.0
-269	122341.0	124390.0
-268	122299.0	125334.0
-267	122768.0	125154.0
-266	121676.0	124565.0
-265	122453.0	124874.0
-264	122407.0	125268.0
-263	122677.0	125011.0
-262	122103.0	126263.0
-261	123238.0	126301.0
-260	122946.0	125768.0
-259	122369.0	126999.0
-258	122838.0	126851.0
-257	122499.0	126008.0
-256	122578.0	126944.0
-255	123079.0	127016.0
-254	123017.0	126862.0
-253	122986.0	127452.0
-252	123969.0	127535.0
-251	123281.0	127209.0
-250	123441.0	127461.0
-249	124002.0	127856.0
-248	123119.0	127116.0
-247	123695.0	128605.0
-246	124528.0	128574.0
-245	124212.0	128368.0
-244	123911.0	128948.0
-243	124615.0	129587.0
-242	123764.0	128430.0
-241	124667.0	129594.0
-240	125902.0	129731.0
-239	124866.0	129318.0
-238	124781.0	130229.0
-237	126338.0	129823.0
-236	124743.0	129616.0
-235	125062.0	131078.0
-234	126313.0	129857.0
-233	126034.0	129947.0
-232	125366.0	131300.0
-231	127286.0	131138.0
-230	126840.0	130370.0
-229	126928.0	131922.0
-228	127672.0	131448.0
-227	127538.0	130755.0
-226	126948.0	131769.0
-225	127789.0	131369.0
-224	127659.0	131326.0
-223	127982.0	131891.0
-222	128675.0	131581.0
-221	127481.0	131175.0
-220	128362.0	132683.0
-219	129583.0	132159.0
-218	128763.0	131375.0
-217	128969.0	132667.0
-216	130414.0	132568.0
-215	129862.0	132022.0
-214	129563.0	132364.0
-213	130847.0	132488.0
-212	130871.0	131994.0
-211	131118.0	132983.0
-210	131617.0	132743.0
-209	131446.0	131910.0
-208	131166.0	131798.0
-207	133126.0	132245.0
-206	131156.0	131808.0
-205	132707.0	133018.0
-204	133109.0	132102.0
-203	132655.0	131578.0
-202	132629.0	132071.0
-201	133946.0	132703.0
-200	133160.0	132033.0
-199	133838.0	131683.0
-198	134431.0	132221.0
-197	133586.0	131449.0
-196	134211.0	132112.0
-195	135517.0	131329.0
-194	135253.0	130778.0
-193	134207.0	131462.0
-192	135958.0	131652.0
-191	134339.0	130036.0
-190	135218.0	131646.0
-189	135527.0	131285.0
-188	134768.0	130157.0
-187	134818.0	130481.0
-186	136097.0	130342.0
-185	135165.0	129648.0
-184	135483.0	130274.0
-183	137114.0	130006.0
-182	134936.0	128588.0
-181	136103.0	129675.0
-180	136277.0	129587.0
-179	135524.0	128706.0
-178	135304.0	129406.0
-177	136317.0	128691.0
-176	135467.0	127933.0
-175	135179.0	128457.0
-174	136301.0	128073.0
-173	135221.0	126705.0
-172	134841.0	128057.0
-171	135552.0	127620.0
-170	134996.0	126566.0
-169	135427.0	127741.0
-168	135482.0	127410.0
-167	134495.0	126465.0
-166	134024.0	126832.0
-165	135238.0	127200.0
-164	133956.0	125448.0
-163	134162.0	126139.0
-162	134192.0	126199.0
-161	133464.0	125094.0
-160	132501.0	125990.0
-159	133437.0	125616.0
-158	132147.0	124844.0
-157	132757.0	126118.0
-156	133139.0	125100.0
-155	131958.0	124168.0
-154	131025.0	124405.0
-153	132326.0	124461.0
-152	130428.0	124784.0
-151	131052.0	124779.0
-150	130991.0	123865.0
-149	129293.0	123115.0
-148	128910.0	124662.0
-147	129824.0	124322.0
-146	127510.0	123189.0
-145	127300.0	124261.0
-144	128700.0	123878.0
-143	127795.0	123204.0
-142	127164.0	123379.0
-141	127845.0	123460.0
-140	125439.0	122663.0
-139	125043.0	123388.0
-138	125769.0	123867.0
-137	123600.0	122862.0
-136	123399.0	123832.0
-135	124867.0	123874.0
-134	124856.0	123040.0
-133	125180.0	122777.0
-132	126251.0	122778.0
-131	124698.0	121428.0
-130	124569.0	123049.0
-129	125020.0	123300.0
-128	122420.0	122140.0
-127	121650.0	123838.0
-126	122581.0	123254.0
-125	122041.0	122733.0
-124	122425.0	123391.0
-123	124647.0	123239.0
-122	123641.0	122211.0
-121	124126.0	123111.0
-120	123893.0	122726.0
-119	122256.0	122412.0
-118	121284.0	123812.0
-117	121759.0	123786.0
-116	119922.0	122897.0
-115	121082.0	123862.0
-114	122840.0	122921.0
-113	122494.0	122456.0
-112	122583.0	123719.0
-111	123921.0	123493.0
-110	122856.0	122355.0
-109	122284.0	123369.0
-108	122452.0	123381.0
-107	120905.0	122910.0
-106	120777.0	124283.0
-105	121068.0	123863.0
-104	120979.0	122838.0
-103	121965.0	124028.0
-102	123949.0	123951.0
-101	123200.0	122943.0
-100	123220.0	123919.0
-99	123944.0	123550.0
-98	122697.0	122812.0
-97	121548.0	124496.0
-96	121859.0	124893.0
-95	121408.0	123773.0
-94	122398.0	124431.0
-93	123307.0	124233.0
-92	123148.0	123073.0
-91	123379.0	124431.0
-90	124783.0	124709.0
-89	123315.0	124027.0
-88	123200.0	125672.0
-87	123334.0	126452.0
-86	121868.0	124444.0
-85	120953.0	126087.0
-84	122100.0	125801.0
-83	121296.0	124915.0
-82	121990.0	125886.0
-81	123984.0	126135.0
-80	123086.0	125429.0
-79	122682.0	126667.0
-78	124135.0	126378.0
-77	122831.0	126552.0
-76	122885.0	127926.0
-75	124709.0	127526.0
-74	122776.0	127085.0
-73	123566.0	128667.0
-72	125253.0	128316.0
-71	124311.0	127685.0
-70	124172.0	128207.0
-69	126156.0	128504.0
-68	124005.0	127606.0
-67	123713.0	129592.0
-66	125237.0	130252.0
-65	123536.0	128794.0
-64	124182.0	130826.0
-63	125681.0	130491.0
-62	124394.0	130061.0
-61	124677.0	131330.0
-60	126396.0	131010.0
-59	124852.0	130435.0
-58	124717.0	132522.0
-57	125640.0	131969.0
-56	123645.0	131308.0
-55	124192.0	132998.0
-54	126288.0	133341.0
-53	125811.0	132808.0
-52	126518.0	134236.0
-51	129263.0	134085.0
-50	127145.0	133731.0
-49	127248.0	135448.0
-48	128664.0	135667.0
-47	128017.0	133803.0
-46	126808.0	135374.0
-45	128052.0	136142.0
-44	126368.0	135524.0
-43	127022.0	136655.0
-42	130569.0	136768.0
-41	130537.0	135799.0
-40	131183.0	137810.0
-39	133176.0	137957.0
-38	131684.0	136699.0
-37	130711.0	138081.0
-36	131826.0	138737.0
-35	130419.0	137680.0
-34	130852.0	139704.0
-33	133631.0	138811.0
-32	133849.0	137139.0
-31	135048.0	139766.0
-30	137602.0	139832.0
-29	135966.0	138819.0
-28	136703.0	140400.0
-27	136975.0	140844.0
-26	135313.0	139598.0
-25	134303.0	141809.0
-24	136772.0	141311.0
-23	134554.0	139955.0
-22	135995.0	142853.0
-21	138657.0	142957.0
-20	138585.0	142823.0
-19	140693.0	144858.0
-18	142340.0	145188.0
-17	139308.0	143808.0
-16	138740.0	146657.0
-15	139013.0	146596.0
-14	137422.0	145159.0
-13	138227.0	148243.0
-12	143605.0	149171.0
-11	142249.0	146645.0
-10	143179.0	150482.0
-9	145597.0	153880.0
-8	144138.0	155834.0
-7	140357.0	160805.0
-6	137688.0	163703.0
-5	129861.0	161193.0
-4	128496.0	161286.0
-3	145426.0	169338.0
-2	163539.0	159000.0
-1	272869.0	148451.0
0	2070.0	93983.0
1	272647.0	29498.0
2	163918.0	61139.0
3	145356.0	86868.0
4	128746.0	119478.0
5	129967.0	135065.0
6	137327.0	129519.0
7	139690.0	116954.0
8	144076.0	115250.0
9	145869.0	113910.0
10	142541.0	113015.0
11	142278.0	116018.0
12	142884.0	119096.0
13	138571.0	118146.0
14	137716.0	122616.0
15	139866.0	122823.0
16	138535.0	122285.0
17	138932.0	122614.0
18	141936.0	122683.0
19	139382.0	120491.0
20	137906.0	122430.0
21	138999.0	122659.0
22	136055.0	125067.0
23	134515.0	128950.0
24	136484.0	129682.0
25	134549.0	128330.0
26	135077.0	129141.0
27	136556.0	127127.0
28	135953.0	124080.0
29	136740.0	124732.0
30	137457.0	124054.0
31	134707.0	123339.0
32	133721.0	126654.0
33	133645.0	127724.0
34	130615.0	128517.0
35	130235.0	131106.0
36	132290.0	130836.0
37	131062.0	127723.0
38	131372.0	128235.0
39	133268.0	126256.0
40	131428.0	123886.0
41	130331.0	126148.0
42	131125.0	127684.0
43	128247.0	128210.0
44	127095.0	131880.0
45	128543.0	132024.0
46	127013.0	131392.0
47	128506.0	131856.0
48	129383.0	129807.0
49	127625.0	127932.0
50	127226.0	129018.0
51	128568.0	128615.0
52	126988.0	127749.0
53	126044.0	129640.0
54	126352.0	130433.0
55	124142.0	129609.0
56	124066.0	132335.0
57	125187.0	132247.0
58	123814.0	129592.0
59	124887.0	128879.0
60	125827.0	127934.0
61	124947.0	126321.0
62	124685.0	127857.0
63	125731.0	128582.0
64	124409.0	127153.0
65	123448.0	127936.0
66	125374.0	127405.0
67	124023.0	126562.0
68	124433.0	126633.0
69	126349.0	126640.0
70	124852.0	125147.0
71	124452.0	125892.0
72	124903.0	126589.0
73	123178.0	126324.0
74	123197.0	127296.0
75	124095.0	126770.0
76	123395.0	125100.0
77	122604.0	125610.0
78	124138.0	124593.0
79	122394.0	124287.0
80	122810.0	126122.0
81	123061.0	127271.0
82	122159.0	125798.0
83	122326.0	128433.0
84	122946.0	128587.0
85	122082.0	127493.0
86	121741.0	128539.0
87	123333.0	126889.0
88	122910.0	123864.0
89	122960.0	123577.0
90	125101.0	123491.0
91	123767.0	123489.0
92	122879.0	125157.0
93	123747.0	126020.0
94	122375.0	126577.0
95	121331.0	128658.0
96	122410.0	127748.0
97	122338.0	127034.0
98	122272.0	127059.0
99	124025.0	125887.0
100	123207.0	123352.0
101	122974.0	124614.0
102	123767.0	124482.0
103	122479.0	125046.0
104	121414.0	128060.0
105	121869.0	129413.0
106	120181.0	129480.0
107	120715.0	131417.0
108	123068.0	130253.0
109	122200.0	127712.0
110	122641.0	127499.0
111	124108.0	127481.0
112	122913.0	127295.0
113	122208.0	129246.0
114	122039.0	131456.0
115	121098.0	132391.0
116	120919.0	135692.0
117	121158.0	135642.0
118	121322.0	134165.0
119	122296.0	135526.0
120	124023.0	133859.0
121	123205.0	132462.0
122	123225.0	132992.0
123	124435.0	134232.0
124	122839.0	135336.0
125	121705.0	138436.0
126	122868.0	140652.0
127	122209.0	140581.0
128	121814.0	141632.0
129	124571.0	140724.0
130	124225.0	138423.0
131	124853.0	139050.0
132	126158.0	138407.0
133	125140.0	138318.0
134	124412.0	141307.0
135	124460.0	142827.0
136	123747.0	144083.0
137	123079.0	145757.0
138	124421.0	146978.0
139	125335.0	146185.0
140	125987.0	146432.0
141	127719.0	145537.0
142	127480.0	144775.0
143	127395.0	146529.0
144	128700.0	146788.0
145	128429.0	146987.0
146	128494.0	148590.0
147	129068.0	149024.0
148	129324.0	148258.0
149	129603.0	149211.0
150	130485.0	148606.0
151	129715.0	147191.0
152	130653.0	148152.0
153	132085.0	147804.0
154	131529.0	146504.0
155	131657.0	147903.0
156	132999.0	147207.0
157	131611.0	145797.0
158	131785.0	146498.0
159	134004.0	146007.0
160	132603.0	144814.0
161	133249.0	144325.0
162	134751.0	143604.0
163	133845.0	141956.0
164	133900.0	143290.0
165	135388.0	142504.0
166	134454.0	141401.0
167	135126.0	142051.0
168	135770.0	141716.0
169	134447.0	139700.0
170	134790.0	141320.0
171	135377.0	139536.0
172	135290.0	138720.0
173	135511.0	139248.0
174	136727.0	138374.0
175	135625.0	136931.0
176	135726.0	138002.0
177	136289.0	137396.0
178	135892.0	136332.0
179	135185.0	136097.0
180	136261.0	135327.0
181	135837.0	134510.0
182	135951.0	135230.0
183	136668.0	134279.0
184	135874.0	133812.0
185	136004.0	134067.0
186	136399.0	133461.0
187	135123.0	133008.0
188	135088.0	132444.0
189	136122.0	132039.0
190	135078.0	131262.0
191	134941.0	130979.0
192	135642.0	130514.0
193	133612.0	129519.0
194	134590.0	130424.0
195	135602.0	129873.0
196	133383.0	129356.0
197	133544.0	129921.0
198	134555.0	129257.0
199	133076.0	127229.0
200	133951.0	128339.0
201	133854.0	127510.0
202	132741.0	126407.0
203	132501.0	126671.0
204	132499.0	127108.0
205	132096.0	126776.0
206	132687.0	126695.0
207	132547.0	126389.0
208	131740.0	125465.0
209	130889.0	126687.0
210	131391.0	125691.0
211	130320.0	124233.0
212	130133.0	125350.0
213	131605.0	125012.0
214	129554.0	124412.0
215	129588.0	124654.0
216	129815.0	124731.0
217	128536.0	124635.0
218	128682.0	124294.0
219	129186.0	123830.0
220	128392.0	123682.0
221	128449.0	123610.0
222	129032.0	123414.0
223	128060.0	122869.0
224	128162.0	123478.0
225	128053.0	122946.0
226	127293.0	123442.0
227	127024.0	123897.0
228	127735.0	123690.0
229	125993.0	122263.0
230	126377.0	122862.0
231	126322.0	122832.0
232	125124.0	121857.0
233	125437.0	122253.0
234	126205.0	122814.0
235	125548.0	121618.0
236	124656.0	122565.0
237	125913.0	122688.0
238	124981.0	121905.0
239	125210.0	122873.0
240	124909.0	122548.0
241	124473.0	122505.0
242	123920.0	122485.0
243	124820.0	122739.0
244	123940.0	122074.0
245	123620.0	122943.0
246	123698.0	122653.0
247	123394.0	122402.0
248	123793.0	122592.0
249	123909.0	122906.0
250	123711.0	121918.0
251	122807.0	122666.0
252	124145.0	122585.0
253	122561.0	122126.0
254	122569.0	122472.0
255	122951.0	122532.0
256	122791.0	122003.0
257	122383.0	123146.0
258	122674.0	122537.0
259	122815.0	122550.0
260	122618.0	123014.0
261	122988.0	122728.0
262	122593.0	122327.0
263	122381.0	122621.0
264	123260.0	122830.0
265	122774.0	122702.0
266	122097.0	123333.0
267	122728.0	124187.0
268	122384.0	123501.0
269	122270.0	123581.0
270	122628.0	123668.0
271	122230.0	123440.0
272	122297.0	123613.0
273	122658.0	124029.0
274	122338.0	123674.0
275	121788.0	124493.0
276	122426.0	125037.0
277	122145.0	125058.0
278	121735.0	125087.0
279	123019.0	124979.0
280	122304.0	125709.0
281	122307.0	126119.0
282	123674.0	124938.0
283	122260.0	124519.0
284	122461.0	126077.0
285	123040.0	126608.0
286	122716.0	125955.0
287	122357.0	127227.0
288	123413.0	127068.0
289	123077.0	126112.0
290	121971.0	127463.0
291	123242.0	128092.0
292	123261.0	126749.0
293	123044.0	127034.0
294	123816.0	127539.0
295	122443.0	127379.0
296	123354.0	128948.0
297	123839.0	128543.0
298	123653.0	128031.0
299	123959.0	128433.0
300	124166.0	129643.0
301	123342.0	128512.0
302	124038.0	129882.0
303	124137.0	130474.0
304	124152.0	129864.0
305	123359.0	130195.0
306	124880.0	130719.0
307	124261.0	130066.0
308	124307.0	131432.0
309	125701.0	130795.0
310	124737.0	131376.0
311	124503.0	131559.0
312	126092.0	131145.0
313	125033.0	131650.0
314	126097.0	132190.0
315	125806.0	132657.0
316	126218.0	132099.0
317	126089.0	132928.0
318	125964.0	132729.0
319	126241.0	132399.0
320	126199.0	133193.0
321	126444.0	133324.0
322	126506.0	132466.0
323	127264.0	133238.0
324	127262.0	134037.0
325	126842.0	132373.0
326	126949.0	133702.0
327	128126.0	134684.0
328	127642.0	133216.0
329	127650.0	134024.0
330	127703.0	133310.0
331	127806.0	134092.0
332	127990.0	134658.0
333	128773.0	134084.0
334	128187.0	133913.0
335	127938.0	133493.0
336	128782.0	134850.0
337	128280.0	133719.0
338	128334.0	134474.0
339	129059.0	134430.0
340	128619.0	133251.0
341	128918.0	134486.0
342	130109.0	134708.0
343	129800.0	133287.0
344	129863.0	134099.0
345	130281.0	133360.0
346	129921.0	132704.0
347	130034.0	132860.0
348	130911.0	133229.0
349	129532.0	132087.0
350	130148.0	132730.0
351	130518.0	132451.0
352	130475.0	131993.0
353	130743.0	132626.0
354	131538.0	132207.0
355	130768.0	132046.0
356	131015.0	131959.0
357	131238.0	131852.0
358	130024.0	131757.0
359	130844.0	131474.0
360	131365.0	131192.0
361	130849.0	130637.0
362	130981.0	130754.0
363	131497.0	129900.0
364	130693.0	129142.0
365	130661.0	130413.0
366	131361.0	129489.0
367	130704.0	129161.0
368	130722.0	129828.0
369	131624.0	129201.0
370	130929.0	128396.0
371	131047.0	129069.0
372	130684.0	128536.0
373	130892.0	128081.0
374	130885.0	128306.0
375	131509.0	127862.0
376	130737.0	126955.0
377	130565.0	127494.0
378	130141.0	126560.0
379	129904.0	126992.0
380	129907.0	127286.0
381	130710.0	126640.0
382	129733.0	126389.0
383	130096.0	126629.0
384	130268.0	125889.0
385	129315.0	125619.0
386	129917.0	125756.0
387	130420.0	125633.0
388	129382.0	125426.0
389	129110.0	124909.0
390	129575.0	125311.0
391	128585.0	124353.0
392	128609.0	124287.0
393	128879.0	124542.0
394	128475.0	123956.0
395	128215.0	124597.0
396	128437.0	124095.0
397	127959.0	124245.0
398	127808.0	124487.0
399	128263.0	124267.0
400	127416.0	123940.0
401	128120.0	124341.0
402	128196.0	123890.0
403	126762.0	122784.0
404	126455.0	123048.0
405	127876.0	123395.0
406	126390.0	122729.0
407	126561.0	123775.0
408	126726.0	122480.0
409	126168.0	122997.0
410	126044.0	122727.0
411	126353.0	122782.0
412	126682.0	122002.0
413	125678.0	122854.0
414	125133.0	122905.0
415	125414.0	122220.0
416	125251.0	123030.0
417	126308.0	123050.0
418	125616.0	122309.0
419	125313.0	122962.0
420	125912.0	122274.0
421	124582.0	122083.0
422	124962.0	122237.0
423	125295.0	122765.0
424	124449.0	121995.0
425	124215.0	122814.0
426	124591.0	122684.0
427	124441.0	121827.0
428	123925.0	122726.0
429	124231.0	122014.0
430	124424.0	122332.0
431	123328.0	122597.0
432	123914.0	122540.0
433	123220.0	122221.0
434	124101.0	122803.0
435	124465.0	122906.0
436	122575.0	121707.0
437	123182.0	123029.0
438	124034.0	122906.0
439	123387.0	123050.0
440	122800.0	122819.0
441	123608.0	122924.0
442	122896.0	122624.0
443	123224.0	123183.0
444	122699.0	122643.0
445	122581.0	123034.0
446	123447.0	122891.0
447	122856.0	123408.0
448	123186.0	122931.0
449	122456.0	123286.0
450	123086.0	124076.0
451	122818.0	123497.0
452	123262.0	124096.0
453	123604.0	124043.0
454	122735.0	123201.0
455	123293.0	123689.0
456	123151.0	124644.0
457	122806.0	123464.0
458	122635.0	124614.0
459	123132.0	124387.0
460	122659.0	123837.0
461	122310.0	124398.0
462	122206.0	124576.0
463	123074.0	124175.0
464	122661.0	125039.0
465	123784.0	125212.0
466	122664.0	124539.0
467	122837.0	125287.0
468	123239.0	125673.0
469	122820.0	124776.0
470	122423.0	126225.0
471	123947.0	126235.0
472	123003.0	125157.0
473	123189.0	126448.0
474	123321.0	125823.0
475	123236.0	125962.0
476	123013.0	126671.0
477	123316.0	127064.0
478	122847.0	126493.0
479	123325.0	126817.0
480	123865.0	126995.0
481	123440.0	126879.0
482	123739.0	127119.0
483	124230.0	127501.0
484	124456.0	126883.0
485	123900.0	127399.0
486	124973.0	127753.0
487	124392.0	127645.0
488	123776.0	128196.0
489	124832.0	127817.0
490	123984.0	128310.0
491	124445.0	129092.0
492	124496.0	129389.0
493	124032.0	128784.0
494	124330.0	128939.0
495	125339.0	128519.0
496	125247.0	127911.0
497	125005.0	129111.0
498	125814.0	128455.0
499	124469.0	128366.0
500	125198.0	129389.0
501	125254.0	129065.0
502	124801.0	129054.0
503	125591.0	129597.0
504	125917.0	129521.0
505	125658.0	129135.0
506	125135.0	128957.0
507	126396.0	129965.0
508	125694.0	129536.0
509	125941.0	129775.0
510	125798.0	129179.0
511	126400.0	129638.0
512	125721.0	130033.0
513	126785.0	130353.0
514	126774.0	130031.0
515	126291.0	130236.0
516	126292.0	129966.0
517	126010.0	129507.0
518	126538.0	129693.0
519	127055.0	130560.0
520	126737.0	130256.0
521	126198.0	130407.0
522	126939.0	129664.0
523	126506.0	129889.0
524	127104.0	130552.0
525	127756.0	130214.0
526	126703.0	129819.0
527	127409.0	129100.0
528	127667.0	130005.0
529	127173.0	129332.0
530	127596.0	130042.0
531	128277.0	130085.0
532	127430.0	129086.0
533	127522.0	129914.0
534	127850.0	129446.0
535	128234.0	129061.0
536	128072.0	129291.0
537	127489.0	129144.0
538	127898.0	129146.0
539	128132.0	129565.0
540	128838.0	129500.0
541	128102.0	128484.0
542	128186.0	129223.0
543	128126.0	128759.0
544	127232.0	128978.0
545	127883.0	128732.0
546	129008.0	128912.0
547	128148.0	128009.0
548	128060.0	128915.0
549	128516.0	128156.0
550	127680.0	128083.0
551	128721.0	128123.0
552	128740.0	128704.0
553	128398.0	127244.0
554	127844.0	127365.0
555	128722.0	127077.0
556	128187.0	126729.0
557	127567.0	127119.0
558	129167.0	127014.0
559	128018.0	126803.0
560	128227.0	126968.0
561	127909.0	126399.0
562	128028.0	126619.0
563	128133.0	126304.0
564	128096.0	125865.0
565	127735.0	125998.0
566	127569.0	126053.0
567	128083.0	126168.0
568	127544.0	125434.0
569	127354.0	126062.0
570	127493.0	125833.0
571	127606.0	125196.0
572	127007.0	125008.0
573	127337.0	124637.0
574	126754.0	125399.0
575	126712.0	125146.0
576	127374.0	124583.0
577	126641.0	124129.0
578	127224.0	124799.0
579	127430.0	124900.0
580	126671.0	124064.0
581	126777.0	124589.0
582	126641.0	124753.0
583	126725.0	123609.0
584	125749.0	123907.0
585	126630.0	124480.0
586	126807.0	124136.0
587	126304.0	124016.0
588	127302.0	123794.0
589	125280.0	123723.0
590	126135.0	123937.0
591	126936.0	123711.0
592	125666.0	123784.0
593	126126.0	123376.0
594	125171.0	123965.0
595	125030.0	123843.0
596	125263.0	123605.0
597	125794.0	122887.0
598	125361.0	122497.0
599	124311.0	124353.0
600	125252.0	123726.0
601	124832.0	122826.0
602	124915.0	123960.0
603	125337.0	123058.0
604	124314.0	122577.0
605	124759.0	123574.0
606	124481.0	123611.0
607	124500.0	123090.0
608	124377.0	123590.0
609	124747.0	123443.0
610	124453.0	123067.0
611	124428.0	123807.0
612	124344.0	123912.0
613	124263.0	122475.0
614	124225.0	123128.0
615	124276.0	123153.0
616	123862.0	123167.0
617	123752.0	123249.0
618	123875.0	123390.0
619	123635.0	123312.0
620	124256.0	123914.0
621	124608.0	122783.0
622	123145.0	122942.0
623	123999.0	123153.0
624	123722.0	123395.0
625	123557.0	123383.0
626	123479.0	123320.0
627	123066.0	123077.0
628	122914.0	123564.0
629	122942.0	123650.0
630	123338.0	123782.0
631	123070.0	123485.0
632	123137.0	123100.0
633	123737.0	123303.0
634	123244.0	123740.0
635	123105.0	123464.0
636	123616.0	123959.0
637	123591.0	123684.0
638	122838.0	124190.0
639	123779.0	123966.0
640	123502.0	124307.0
641	123077.0	124425.0
642	123468.0	124240.0
643	123544.0	124337.0
644	123372.0	124494.0
645	123316.0	124814.0
646	123255.0	124481.0
647	123203.0	124658.0
648	123451.0	124327.0
649	122963.0	124100.0
650	123296.0	124307.0
651	124004.0	124938.0
652	123319.0	124751.0
653	123592.0	124606.0
654	123609.0	125523.0
655	123210.0	125002.0
656	123225.0	125093.0
657	123444.0	125325.0
658	122989.0	125511.0
659	123287.0	125932.0
660	123935.0	126107.0
661	123724.0	125167.0
662	123627.0	126195.0
663	123485.0	125467.0
664	123455.0	125372.0
665	123269.0	125686.0
666	124125.0	126453.0
667	124090.0	125845.0
668	123335.0	126266.0
669	123071.0	125852.0
670	123777.0	126129.0
671	124188.0	126357.0
672	124410.0	126093.0
673	123376.0	125889.0
674	124163.0	126569.0
675	124488.0	126209.0
676	123907.0	126264.0
677	123920.0	126677.0
678	124362.0	126367.0
679	123972.0	126719.0
680	123924.0	126568.0
681	124491.0	126664.0
682	124500.0	126919.0
683	125272.0	126541.0
684	124451.0	127526.0
685	124216.0	126198.0
686	124644.0	127370.0
687	124873.0	127132.0
688	124782.0	126688.0
689	124381.0	127392.0
690	124602.0	127228.0
691	124768.0	126714.0
692	124093.0	127224.0
693	124773.0	126643.0
694	125023.0	127069.0
695	124959.0	127559.0
696	126149.0	127332.0
697	125576.0	127188.0
698	124984.0	127552.0
699	125274.0	127685.0
700	125506.0	127558.0
701	125218.0	126996.0
702	125587.0	127630.0
703	124758.0	128000.0
704	125177.0	127801.0
705	125774.0	127532.0
706	125331.0	127228.0
707	126040.0	128009.0
708	125164.0	127451.0
709	125422.0	127138.0
710	125662.0	127098.0
711	125761.0	127243.0
712	125972.0	127436.0
713	125564.0	127542.0
714	125922.0	127534.0
715	125587.0	126955.0
716	125729.0	126981.0
717	126249.0	127675.0
718	125703.0	127128.0
719	125482.0	127289.0
720	125454.0	127469.0
721	126818.0	126790.0
722	125907.0	127434.0
723	126301.0	126879.0
724	126141.0	127194.0
725	126103.0	126539.0
726	126610.0	126836.0
727	126555.0	126223.0
728	126098.0	126829.0
729	126264.0	126786.0
730	126279.0	126656.0
731	126542.0	127330.0
732	126890.0	126529.0
733	126613.0	126122.0
734	126330.0	126400.0
735	127105.0	126813.0
736	126305.0	126491.0
737	126033.0	126765.0
738	126473.0	125807.0
739	126663.0	125923.0
740	125994.0	126169.0
741	126419.0	126134.0
742	126122.0	126393.0
743	125664.0	126542.0
744	126533.0	126098.0
745	126219.0	125812.0
746	126796.0	125674.0
747	127083.0	125963.0
748	126453.0	125339.0
749	126549.0	126171.0
750	126905.0	125043.0
751	126816.0	125168.0
752	126772.0	126043.0
753	126718.0	125490.0
754	126487.0	125211.0
755	125656.0	125205.0
756	125819.0	125287.0
757	126291.0	124570.0
758	126558.0	124472.0
759	126442.0	125737.0
760	126274.0	124762.0
761	126041.0	124662.0
762	125767.0	124884.0
763	125814.0	124896.0
764	126182.0	124911.0
765	126329.0	125323.0
766	125646.0	124383.0
767	125966.0	124812.0
768	125335.0	124777.0
769	125466.0	124323.0
770	125269.0	124945.0
771	125673.0	124515.0
772	125218.0	123623.0
773	125844.0	124217.0
774	125819.0	123435.0
775	125117.0	124067.0
776	125820.0	124349.0
777	126143.0	123856.0
778	125153.0	123315.0
779	124870.0	123871.0
780	125469.0	124001.0
781	125896.0	123885.0
782	125272.0	124168.0
783	125381.0	124246.0
784	124737.0	123559.0
785	125187.0	123272.0
786	124804.0	123727.0
787	124673.0	122718.0
788	124781.0	123336.0
789	124607.0	123257.0
790	124698.0	123656.0
791	124496.0	123900.0
792	124483.0	123637.0
793	124299.0	123544.0
794	124487.0	123730.0
795	124375.0	123577.0
796	124390.0	123230.0
797	124118.0	123410.0
798	124784.0	123228.0
799	124205.0	124332.0
800	124014.0	124031.0
801	124664.0	123796.0
802	124117.0	123163.0
803	123853.0	123779.0
804	124627.0	123942.0
805	123648.0	123052.0
806	124630.0	124161.0
807	124071.0	124125.0
808	123719.0	123965.0
809	124408.0	123747.0
810	123834.0	123762.0
811	123663.0	123147.0
812	123631.0	124002.0
813	123766.0	123713.0
814	124230.0	123208.0
815	124233.0	123403.0
816	123978.0	123821.0
817	124063.0	124213.0
818	123645.0	123414.0
819	123376.0	123643.0
820	123518.0	123717.0
821	123331.0	123999.0
822	124357.0	123771.0
823	122937.0	123551.0
824	123577.0	124111.0
825	124378.0	123746.0
826	123339.0	123793.0
827	123478.0	124006.0
828	123500.0	124426.0
829	123122.0	123949.0
830	123414.0	124389.0
831	123081.0	124880.0
832	122973.0	124873.0
833	123275.0	124342.0
834	123731.0	124324.0
835	123974.0	124425.0
836	122761.0	125094.0
837	123851.0	124168.0
838	123709.0	124334.0
839	123640.0	124507.0
840	123802.0	124881.0
841	123475.0	125176.0
842	123916.0	124387.0
843	124327.0	125069.0
844	124130.0	124711.0
845	123888.0	124923.0
846	123454.0	125058.0
847	123816.0	124802.0
848	123583.0	124778.0
849	124130.0	124663.0
850	124417.0	124593.0
851	123512.0	125156.0
852	124128.0	125336.0
853	123139.0	125344.0
854	123479.0	125368.0
855	124066.0	125364.0
856	123652.0	124501.0
857	124069.0	124931.0
858	124072.0	125268.0
859	123763.0	125389.0
860	123746.0	124841.0
861	124316.0	125156.0
862	123634.0	124989.0
863	124227.0	125347.0
864	124006.0	125873.0
865	124022.0	125817.0
866	124147.0	125891.0
867	124123.0	125901.0
868	124841.0	125413.0
869	124266.0	126206.0
870	124473.0	125546.0
871	123949.0	125539.0
872	123619.0	125919.0
873	124904.0	125845.0
874	124828.0	126060.0
875	124276.0	126033.0
876	123946.0	125982.0
877	124167.0	125750.0
878	124201.0	126392.0
879	124607.0	126645.0
880	125018.0	125575.0
881	124605.0	126564.0
882	124980.0	125859.0
883	124694.0	125779.0
884	124624.0	125731.0
885	125155.0	126078.0
886	124849.0	126025.0
887	124642.0	126100.0
888	124938.0	126495.0
889	124858.0	125967.0
890	124346.0	126600.0
891	125189.0	126203.0
892	124727.0	126202.0
893	124694.0	126348.0
894	125432.0	126143.0
895	125259.0	126372.0
896	125289.0	126529.0
897	125664.0	125917.0
898	125183.0	126290.0
899	124725.0	125801.0
900	125439.0	126031.0
901	124564.0	126587.0
902	125174.0	126383.0
903	125512.0	126583.0
904	125584.0	125806.0
905	125992.0	125846.0
906	126103.0	126001.0
907	124946.0	126041.0
908	124994.0	126448.0
909	125224.0	126561.0
910	125230.0	126430.0
911	125052.0	125998.0
912	125577.0	126157.0
913	125979.0	125987.0
914	125721.0	126372.0
915	125706.0	125996.0
916	124998.0	125240.0
917	125247.0	125845.0
918	125289.0	125611.0
919	124998.0	125286.0
920	125147.0	124861.0
921	125168.0	125472.0
922	125573.0	125476.0
923	125255.0	125504.0
924	125745.0	125230.0
925	125209.0	125295.0
926	124947.0	125649.0
927	125617.0	125334.0
928	125255.0	125208.0
929	125711.0	125735.0
930	125524.0	125751.0
931	125465.0	124813.0
932	125178.0	125757.0
933	125448.0	125332.0
934	125304.0	124807.0
935	125432.0	125451.0
936	125803.0	125284.0
937	125796.0	124637.0
938	125436.0	124622.0
939	125587.0	125115.0
940	125362.0	124369.0
941	126014.0	124817.0
942	125849.0	125488.0
943	125034.0	125040.0
944	125001.0	125303.0
945	125787.0	124447.0
946	124735.0	125233.0
947	125192.0	124957.0
948	124891.0	124959.0
949	124843.0	124628.0
950	124811.0	125039.0
951	125421.0	124563.0
952	125052.0	124325.0
953	125004.0	124651.0
954	125699.0	124275.0
955	125196.0	124306.0
956	124697.0	123969.0
957	125169.0	124604.0
958	125301.0	124309.0
959	125261.0	124285.0
960	125330.0	124544.0
961	125343.0	124358.0
962	124194.0	124571.0
963	124862.0	124161.0
964	124673.0	123589.0
965	125114.0	124108.0
966	124961.0	124532.0
967	124501.0	123643.0
968	124670.0	124017.0
969	124740.0	124000.0
970	124602.0	123973.0
971	125180.0	123752.0
972	124920.0	123539.0
973	124675.0	123605.0
974	124548.0	123076.0
975	125448.0	123808.0
976	125084.0	123826.0
977	124173.0	123504.0
978	124348.0	123416.0
979	124391.0	123789.0
980	124902.0	123531.0
981	124617.0	123374.0
982	124460.0	123757.0
983	124182.0	123788.0
984	124354.0	123881.0
985	124790.0	124007.0
986	124242.0	124189.0
987	123988.0	123516.0
988	123770.0	123313.0
989	124332.0	123379.0
990	124183.0	122907.0
991	123611.0	123422.0
992	123953.0	123695.0
993	123994.0	123104.0
994	123821.0	124121.0
995	123854.0	123523.0
996	124269.0	122977.0
997	123380.0	123481.0
998	123820.0	123347.0
999	124297.0	123402.0
1000	124118.0	123419.0
1001	122876.0	123966.0
1002	123946.0	123785.0
1003	123707.0	124207.0
1004	123358.0	124114.0
1005	123905.0	124266.0
1006	124086.0	123825.0
1007	123383.0	123785.0
1008	123737.0	123256.0
1009	123444.0	124193.0
1010	123694.0	123919.0
1011	124111.0	124083.0
1012	123656.0	123836.0
1013	123282.0	123616.0
1014	123561.0	123575.0
1015	122903.0	124109.0
1016	124225.0	123276.0
1017	123865.0	123121.0
1018	123695.0	124023.0
1019	123263.0	124176.0
1020	122924.0	124114.0
1021	123403.0	124141.0
1022	123060.0	124162.0
1023	123603.0	123838.0
1024	123735.0	123799.0
1025	123518.0	124015.0
1026	123894.0	123787.0
1027	123376.0	123778.0
1028	123563.0	123838.0
1029	123082.0	124320.0
1030	123585.0	124391.0
1031	123061.0	123710.0
1032	123942.0	124181.0
1033	123757.0	123495.0
1034	123611.0	124638.0
1035	123272.0	124138.0
1036	123406.0	124248.0
1037	123643.0	124515.0
1038	123471.0	124208.0
1039	123501.0	124348.0
1040	123205.0	124352.0
1041	123911.0	124858.0
1042	123177.0	124367.0
1043	123475.0	124688.0
1044	123542.0	124975.0
1045	123872.0	124493.0
1046	123778.0	124095.0
1047	123442.0	124411.0
1048	123563.0	124377.0
1049	123820.0	124605.0
1050	123676.0	124934.0
1051	123785.0	124718.0
1052	124227.0	124562.0
1053	124503.0	124423.0
1054	123644.0	125461.0
1055	123476.0	124914.0
1056	124177.0	125410.0
1057	124023.0	123926.0
1058	124101.0	124504.0
1059	123754.0	124488.0
1060	123753.0	124354.0
1061	123804.0	125200.0
1062	124079.0	125068.0
1063	124014.0	124588.0
1064	123849.0	124827.0
1065	124452.0	124745.0
1066	123992.0	125210.0
1067	123744.0	125528.0
1068	124098.0	125088.0
1069	123571.0	124189.0
1070	123987.0	124727.0
1071	124302.0	124703.0
1072	123430.0	124427.0
1073	123327.0	125176.0
1074	124393.0	124673.0
1075	123859.0	125095.0
1076	123694.0	124456.0
1077	123783.0	125841.0
1078	124104.0	125050.0
1079	124216.0	124884.0
1080	123979.0	124612.0
1081	124467.0	125237.0
1082	124293.0	125537.0
1083	124571.0	124642.0
1084	124206.0	125043.0
1085	124457.0	125620.0
1086	124972.0	125338.0
1087	124651.0	125565.0
1088	124449.0	124599.0
1089	124244.0	124939.0
1090	124201.0	125191.0
1091	124244.0	125065.0
1092	124120.0	125240.0
1093	124300.0	125164.0
1094	124001.0	125493.0
1095	124880.0	125140.0
1096	124518.0	125603.0
1097	124680.0	125412.0
1098	124676.0	125517.0
1099	124778.0	124888.0
1100	124458.0	125211.0
1101	124702.0	124499.0
1102	124307.0	124875.0
1103	124782.0	124761.0
1104	124312.0	125262.0
1105	124218.0	124585.0
1106	124327.0	124582.0
1107	124467.0	124237.0
1108	123713.0	124966.0
1109	124376.0	125298.0
1110	124282.0	124499.0
1111	124687.0	124741.0
1112	124376.0	124960.0
1113	125369.0	124730.0
1114	125014.0	124483.0
1115	124419.0	125387.0
1116	124550.0	124838.0
1117	125034.0	124981.0
1118	124572.0	124762.0
1119	124518.0	125064.0
1120	125102.0	124758.0
1121	124523.0	124437.0
1122	124642.0	124214.0
1123	124475.0	124282.0
1124	124472.0	124814.0
1125	124819.0	124087.0
1126	124266.0	124830.0
1127	124571.0	124759.0
1128	124137.0	124525.0
1129	124655.0	124562.0
1130	124534.0	123947.0
1131	124791.0	124715.0
1132	124854.0	123900.0
1133	124619.0	123938.0
1134	124794.0	123949.0
1135	124472.0	124405.0
1136	124226.0	124798.0
1137	124102.0	123769.0
1138	124257.0	123887.0
1139	124039.0	124631.0
1140	124464.0	123627.0
1141	125356.0	123532.0
1142	124362.0	124036.0
1143	124579.0	123954.0
1144	123891.0	124318.0
1145	124771.0	123854.0
1146	124935.0	123903.0
1147	124623.0	123148.0
1148	124540.0	123822.0
1149	124223.0	124125.0
1150	124483.0	123771.0
1151	124484.0	123326.0
1152	124063.0	124119.0
1153	124185.0	123442.0
1154	124364.0	123769.0
1155	124072.0	123743.0
1156	124113.0	123652.0
1157	123878.0	123918.0
1158	123692.0	123449.0
1159	123967.0	123898.0
1160	124179.0	123679.0
1161	124092.0	123439.0
1162	123948.0	123784.0
1163	123374.0	124012.0
1164	124163.0	123315.0
1165	124256.0	123847.0
1166	123773.0	123469.0
1167	124714.0	123795.0
1168	123216.0	123781.0
1169	123566.0	123604.0
1170	124091.0	123532.0
1171	123563.0	124200.0
1172	123821.0	123046.0
1173	124175.0	123615.0
1174	123878.0	123059.0
1175	124494.0	123382.0
1176	123963.0	123221.0
1177	123476.0	123228.0
1178	123469.0	123146.0
1179	124220.0	124060.0
1180	123959.0	123691.0
1181	124150.0	124102.0
1182	123721.0	123864.0
1183	123873.0	123038.0
1184	123286.0	123416.0
1185	123826.0	123474.0
1186	124096.0	123362.0
1187	124127.0	123814.0
1188	123833.0	123474.0
1189	123873.0	123719.0
1190	123636.0	123591.0
1191	123681.0	123399.0
1192	123874.0	123255.0
1193	123626.0	123518.0
1194	123710.0	123967.0
1195	123817.0	123176.0
1196	123628.0	124190.0
1197	124133.0	123069.0
1198	122661.0	123647.0
1199	122879.0	123497.0
1200	123653.0	122751.0
1201	123531.0	123585.0
1202	123432.0	123424.0
1203	123519.0	123501.0
1204	123637.0	123490.0
1205	123379.0	123817.0
1206	123722.0	123126.0
1207	123322.0	123500.0
1208	122830.0	123948.0
1209	123075.0	124038.0
1210	123473.0	123953.0
1211	122980.0	123916.0
1212	123896.0	124108.0
1213	123163.0	123381.0
1214	123573.0	123744.0
1215	123372.0	123734.0
1216	123337.0	123069.0
1217	123312.0	123867.0
1218	124036.0	123910.0
1219	123191.0	123628.0
1220	123763.0	123758.0
1221	123447.0	123599.0
1222	123398.0	123592.0
1223	123167.0	123677.0
1224	123095.0	123670.0
1225	123455.0	123793.0
1226	122988.0	123897.0
1227	123261.0	124345.0
1228	123274.0	123793.0
1229	123243.0	123377.0
1230	123770.0	123506.0
1231	123460.0	123825.0
1232	123904.0	123953.0
1233	123284.0	123689.0
1234	123345.0	124133.0
1235	123850.0	123764.0
1236	123093.0	124143.0
1237	123361.0	123963.0
1238	123235.0	124511.0
1239	123504.0	124022.0
1240	123392.0	124019.0
1241	123084.0	124691.0
1242	124080.0	124340.0
1243	123493.0	124001.0
1244	123309.0	124307.0
1245	123539.0	124278.0
1246	123218.0	124128.0
1247	123821.0	124395.0
1248	123890.0	124423.0
1249	123615.0	123833.0
1250	123243.0	124632.0
1251	123617.0	124285.0
1252	123630.0	124444.0
1253	123779.0	124386.0
1254	123565.0	124503.0
1255	123924.0	124144.0
1256	123887.0	124490.0
1257	123033.0	124524.0
1258	123793.0	124733.0
1259	124007.0	124495.0
1260	123747.0	124348.0
1261	123492.0	124023.0
1262	123615.0	124290.0
1263	123930.0	124691.0
1264	124139.0	124478.0
1265	123279.0	124357.0
1266	123982.0	125125.0
1267	123780.0	124108.0
1268	123212.0	124083.0
1269	123694.0	124349.0
1270	123206.0	124230.0
1271	123909.0	124758.0
1272	124135.0	124506.0
1273	124359.0	124581.0
1274	124681.0	124422.0
1275	124258.0	124819.0
1276	123796.0	124730.0
1277	123498.0	125599.0
1278	124130.0	124538.0
1279	124356.0	124318.0
1280	123331.0	124366.0
1281	124053.0	124954.0
1282	123881.0	124576.0
1283	123051.0	124500.0
1284	124108.0	124281.0
1285	124214.0	124302.0
1286	124059.0	124438.0
1287	124486.0	124421.0
1288	123644.0	124981.0
1289	123353.0	124485.0
1290	124249.0	124642.0
1291	124058.0	124799.0
1292	123720.0	124350.0
1293	124434.0	124159.0
1294	124557.0	124208.0
1295	124676.0	124335.0
1296	124152.0	124178.0
1297	123963.0	123853.0
1298	124216.0	123975.0
1299	124151.0	124266.0
1300	123707.0	124361.0
1301	123269.0	124378.0
1302	124489.0	124574.0
1303	124436.0	124380.0
1304	124247.0	124244.0
1305	124316.0	123875.0
1306	124207.0	123865.0
1307	123831.0	124562.0
1308	124039.0	123711.0
1309	124500.0	123698.0
1310	123912.0	123967.0
1311	124314.0	123891.0
1312	123500.0	124088.0
1313	124251.0	123852.0
1314	124220.0	124052.0
1315	123810.0	124074.0
1316	123566.0	123978.0
1317	123969.0	124368.0
1318	123738.0	124004.0
1319	123854.0	124670.0
1320	124229.0	124348.0
1321	123999.0	124109.0
1322	123951.0	123587.0
1323	124344.0	124776.0
1324	123863.0	123653.0
1325	123951.0	123753.0
1326	123888.0	123309.0
1327	123943.0	123792.0
1328	123441.0	124219.0
1329	124565.0	124206.0
1330	124003.0	123795.0
1331	123429.0	123723.0
1332	124407.0	123878.0
1333	123999.0	123351.0
1334	124133.0	123891.0
1335	124148.0	123774.0
1336	124144.0	123854.0
1337	123917.0	124122.0
1338	123907.0	123870.0
1339	123453.0	123691.0
1340	123947.0	124202.0
1341	123389.0	123247.0
1342	124265.0	123032.0
1343	124077.0	124187.0
1344	123996.0	124251.0
1345	123536.0	123947.0
1346	123788.0	123300.0
1347	123867.0	123810.0
1348	123856.0	123223.0
1349	123562.0	123880.0
1350	123646.0	123967.0
1351	123071.0	122816.0
1352	123665.0	123372.0
1353	123637.0	123509.0
1354	123439.0	123983.0
1355	123580.0	123811.0
1356	123953.0	123237.0
1357	123544.0	123981.0
1358	124065.0	123053.0
1359	123738.0	123765.0
1360	123244.0	123015.0
1361	122829.0	122913.0
1362	123288.0	123503.0
1363	123535.0	123234.0
1364	123533.0	123368.0
1365	123475.0	122782.0
1366	123532.0	123209.0
1367	123691.0	123087.0
1368	123775.0	123367.0
1369	123481.0	122782.0
1370	123060.0	123311.0
1371	123514.0	123249.0
1372	123411.0	122831.0
1373	123980.0	124092.0
1374	123789.0	123374.0
1375	122461.0	123278.0
1376	122888.0	123246.0
1377	123528.0	123374.0
1378	123042.0	123507.0
1379	122687.0	123944.0
1380	124227.0	123381.0
1381	123688.0	123498.0
1382	123246.0	123223.0
1383	122975.0	123799.0
1384	123607.0	123354.0
1385	123063.0	123702.0
1386	123146.0	123623.0
1387	123584.0	123083.0
1388	123070.0	122829.0
1389	123591.0	123763.0
1390	122793.0	123748.0
1391	123408.0	123501.0
1392	123216.0	123392.0
1393	123581.0	123675.0
1394	123063.0	123578.0
1395	123223.0	123791.0
1396	123426.0	123641.0
1397	123707.0	123501.0
1398	123668.0	123721.0
1399	123312.0	123238.0
1400	123915.0	122905.0
1401	123516.0	123308.0
1402	123074.0	123125.0
1403	123127.0	123203.0
1404	122933.0	123065.0
1405	123413.0	122994.0
1406	123830.0	123663.0
1407	123968.0	123195.0
1408	123473.0	123597.0
1409	123628.0	123614.0
1410	122984.0	124074.0
1411	122461.0	123608.0
1412	123007.0	123988.0
1413	123668.0	123935.0
1414	123301.0	123485.0
1415	123162.0	123045.0
1416	123341.0	123771.0
1417	123827.0	123395.0
1418	123243.0	123422.0
1419	123478.0	123908.0
1420	124056.0	123720.0
1421	123073.0	124315.0
1422	123948.0	123867.0
1423	123545.0	123975.0
1424	123317.0	123888.0
1425	123837.0	123952.0
1426	123567.0	123813.0
1427	123401.0	124069.0
1428	123538.0	123954.0
1429	123186.0	123761.0
1430	123415.0	123351.0
1431	123473.0	123595.0
1432	123033.0	123397.0
1433	122988.0	123886.0
1434	123540.0	123945.0
1435	123426.0	123898.0
1436	123051.0	124119.0
1437	123484.0	124403.0
1438	123657.0	123845.0
1439	123190.0	123812.0
1440	123779.0	124046.0
1441	123434.0	123521.0
1442	123606.0	123914.0
1443	123711.0	123431.0
1444	123450.0	124015.0
1445	122387.0	123815.0
1446	123669.0	124407.0
1447	123092.0	123910.0
1448	123370.0	123905.0
1449	123391.0	123977.0
1450	122599.0	124274.0
1451	123369.0	124298.0
1452	123259.0	123526.0
1453	123051.0	123398.0
1454	123389.0	123993.0
1455	123392.0	123952.0
1456	123659.0	123806.0
1457	123439.0	124150.0
1458	123739.0	124339.0
1459	123425.0	124190.0
1460	123288.0	123950.0
1461	123424.0	124051.0
1462	123564.0	123681.0
1463	123583.0	123862.0
1464	123567.0	124375.0
1465	123141.0	124256.0
1466	123701.0	124426.0
1467	123592.0	123889.0
1468	123572.0	124061.0
1469	123296.0	124157.0
1470	123169.0	124118.0
1471	123220.0	123984.0
1472	124115.0	124245.0
1473	123228.0	124114.0
1474	123507.0	124106.0
1475	123371.0	123990.0
1476	123725.0	123906.0
1477	124159.0	123241.0
1478	123833.0	124560.0
1479	123859.0	124007.0
1480	123159.0	123540.0
1481	123463.0	123339.0
1482	123708.0	123902.0
1483	123370.0	124206.0
1484	123517.0	123649.0
1485	123616.0	123364.0
1486	123296.0	124217.0
1487	123760.0	124089.0
1488	123872.0	124544.0
1489	123945.0	123800.0
1490	123862.0	123705.0
1491	123633.0	123786.0
1492	123638.0	123284.0
1493	123779.0	123300.0
1494	123942.0	123635.0
1495	123693.0	123550.0
1496	123853.0	123556.0
1497	123945.0	123837.0
1498	123674.0	123802.0
1499	123532.0	124166.0
1500	123544.0	122857.0
1501	123955.0	123242.0
1502	122826.0	123117.0
1503	123861.0	123824.0
1504	123871.0	123109.0
1505	123446.0	124127.0
1506	123188.0	124056.0
1507	123502.0	123373.0
1508	123544.0	123451.0
1509	123528.0	123953.0
1510	123660.0	123779.0
1511	123457.0	123565.0
1512	122890.0	123389.0
1513	123136.0	124135.0
1514	122839.0	123203.0
1515	123445.0	123136.0
1516	123588.0	123689.0
1517	123738.0	124041.0
1518	123663.0	123537.0
1519	123053.0	123306.0
1520	123410.0	123701.0
1521	123719.0	123914.0
1522	123205.0	124045.0
1523	123609.0	123769.0
1524	124117.0	123110.0
1525	123843.0	122835.0
1526	123620.0	123506.0
1527	123060.0	123000.0
1528	123449.0	123135.0
1529	123245.0	122907.0
1530	123681.0	123523.0
1531	123471.0	123970.0
1532	123435.0	123060.0
1533	123685.0	123782.0
1534	123536.0	123197.0
1535	123630.0	123692.0
1536	123370.0	123196.0
1537	123842.0	122574.0
1538	122979.0	123047.0
1539	123263.0	123556.0
1540	123293.0	123572.0
1541	124105.0	123535.0
1542	123008.0	123130.0
1543	123418.0	123518.0
1544	122838.0	123079.0
1545	122964.0	123272.0
1546	123318.0	122939.0
1547	123270.0	123386.0
1548	123523.0	123198.0
1549	123046.0	123073.0
1550	123136.0	123288.0
1551	122578.0	123777.0
1552	122793.0	122768.0
1553	123158.0	123371.0
1554	123424.0	123441.0
1555	123504.0	123169.0
1556	123015.0	123096.0
1557	122948.0	123561.0
1558	123439.0	122998.0
1559	123374.0	123168.0
1560	122682.0	123740.0
1561	122865.0	123121.0
1562	123191.0	122735.0
1563	122849.0	122867.0
1564	123464.0	123132.0
1565	123010.0	123242.0
1566	123181.0	122981.0
1567	123061.0	123279.0
1568	122918.0	123714.0
1569	122882.0	122980.0
1570	123220.0	123812.0
1571	122599.0	123202.0
1572	123276.0	123179.0
1573	122942.0	123347.0
1574	123094.0	122826.0
1575	123037.0	123104.0
1576	122895.0	122760.0
1577	123059.0	122531.0
1578	122943.0	123875.0
1579	122230.0	123228.0
1580	123328.0	123007.0
1581	122812.0	123068.0
1582	122555.0	123266.0
1583	122858.0	123594.0
1584	123118.0	122940.0
1585	122774.0	123979.0
1586	122994.0	123643.0
1587	122896.0	123777.0
1588	123042.0	122985.0
1589	122811.0	123041.0
1590	122449.0	123243.0
1591	123245.0	123046.0
1592	122656.0	123374.0
1593	123175.0	123434.0
1594	122411.0	123283.0
1595	122703.0	122935.0
1596	123717.0	122984.0
1597	122855.0	123710.0
1598	123557.0	122978.0
1599	122964.0	123256.0
1600	122734.0	124056.0
1601	122787.0	123893.0
1602	122968.0	123434.0
1603	122627.0	123322.0
1604	122703.0	123297.0
1605	123032.0	123095.0
1606	122912.0	124130.0
1607	123328.0	123610.0
1608	123564.0	123586.0
1609	122957.0	122977.0
1610	123422.0	123514.0
1611	123154.0	122974.0
1612	122760.0	123304.0
1613	122998.0	122934.0
1614	123425.0	122941.0
1615	122777.0	122748.0
1616	123391.0	123208.0
1617	122457.0	123139.0
1618	123052.0	123428.0
1619	122894.0	124047.0
1620	122628.0	123205.0
1621	123151.0	123215.0
1622	123719.0	123942.0
1623	123239.0	123733.0
1624	122828.0	122905.0
1625	123259.0	123605.0
1626	123042.0	123630.0
1627	122881.0	123351.0
1628	123307.0	123867.0
1629	123285.0	123585.0
1630	123151.0	123432.0
1631	123303.0	123267.0
1632	123494.0	123341.0
1633	122811.0	123409.0
1634	123572.0	122815.0
1635	122855.0	123971.0
1636	122781.0	123341.0
1637	123380.0	123339.0
1638	123077.0	123207.0
1639	123470.0	123582.0
1640	122799.0	124175.0
1641	123314.0	123822.0
1642	123278.0	123764.0
1643	123744.0	123941.0
1644	124055.0	123392.0
1645	123026.0	123338.0
1646	123064.0	123058.0
1647	123364.0	122892.0
1648	123324.0	123775.0
1649	123573.0	123640.0
1650	123422.0	123486.0
1651	123149.0	123606.0
1652	123279.0	122913.0
1653	122871.0	123691.0
1654	123627.0	123542.0
1655	123056.0	123745.0
1656	122725.0	123490.0
1657	123145.0	123863.0
1658	123001.0	123756.0
1659	124311.0	123606.0
1660	123916.0	123621.0
1661	123564.0	123864.0
1662	123732.0	123310.0
1663	123313.0	123433.0
1664	123153.0	123260.0
1665	123659.0	123264.0
1666	123163.0	123504.0
1667	122849.0	123609.0
1668	123190.0	123525.0
1669	123109.0	123706.0
1670	123552.0	123272.0
1671	123791.0	123764.0
1672	123515.0	123810.0
1673	123148.0	123090.0
1674	123605.0	123709.0
1675	122985.0	123730.0
1676	122932.0	123605.0
1677	122775.0	123262.0
1678	122844.0	123467.0
1679	123246.0	123418.0
1680	123825.0	123457.0
1681	123097.0	123639.0
1682	123691.0	123402.0
1683	124200.0	123425.0
1684	123832.0	123597.0
1685	123439.0	123109.0
1686	123403.0	123806.0
1687	123102.0	122903.0
1688	123725.0	123188.0
1689	122821.0	123484.0
1690	123435.0	122771.0
1691	123587.0	123278.0
1692	123569.0	123012.0
1693	122828.0	123314.0
1694	123214.0	123232.0
1695	123048.0	122570.0
1696	123343.0	123178.0
1697	123939.0	122687.0
1698	123765.0	123356.0
1699	123423.0	123046.0
1700	123151.0	123578.0
1701	123104.0	123900.0
1702	123237.0	123649.0
1703	123425.0	122679.0
1704	122892.0	123740.0
1705	122874.0	123813.0
1706	122918.0	122763.0
1707	122413.0	123095.0
1708	122961.0	123165.0
1709	123090.0	122980.0
1710	123187.0	122925.0
1711	123193.0	123055.0
1712	123223.0	123213.0
1713	123386.0	122924.0
1714	123384.0	123086.0
1715	123217.0	123208.0
1716	123440.0	123412.0
1717	123047.0	123672.0
1718	123609.0	122862.0
1719	123730.0	122605.0
1720	123182.0	122907.0
1721	123186.0	123277.0
1722	123136.0	123067.0
1723	123331.0	123652.0
1724	122869.0	122471.0
1725	123005.0	123090.0
1726	123332.0	123005.0
1727	123295.0	122614.0
1728	123714.0	123086.0
1729	123164.0	122647.0
1730	123062.0	122311.0
1731	123243.0	122888.0
1732	123704.0	123618.0
1733	123353.0	122785.0
1734	122963.0	123383.0
1735	123055.0	122823.0
1736	123159.0	122872.0
1737	123656.0	122766.0
1738	122878.0	123225.0
1739	122798.0	122966.0
1740	123027.0	123122.0
1741	122186.0	123303.0
1742	122302.0	122878.0
1743	123257.0	122564.0
1744	123068.0	122329.0
1745	123150.0	122299.0
1746	122283.0	122810.0
1747	122749.0	122889.0
1748	123313.0	123567.0
1749	122962.0	122812.0
1750	123152.0	122990.0
1751	123036.0	123537.0
1752	122600.0	122726.0
1753	122825.0	123436.0
1754	122395.0	123442.0
1755	122207.0	123183.0
1756	123279.0	123134.0
1757	123101.0	123339.0
1758	123403.0	122833.0
1759	123304.0	123094.0
1760	122375.0	122792.0
1761	122980.0	122993.0
1762	123110.0	122658.0
1763	123030.0	122571.0
1764	123515.0	122852.0
1765	122416.0	122876.0
1766	122135.0	123763.0
1767	122997.0	122590.0
1768	122960.0	123372.0
1769	122993.0	123183.0
1770	122603.0	123901.0
1771	122808.0	123214.0
1772	122576.0	123016.0
1773	122546.0	123501.0
1774	122521.0	123256.0
1775	123151.0	123116.0
1776	123100.0	123230.0
1777	122604.0	123717.0
1778	122699.0	123318.0
1779	123021.0	123675.0
1780	122349.0	122634.0
1781	122885.0	123227.0
1782	123313.0	122955.0
1783	122686.0	123057.0
1784	123185.0	123279.0
1785	123284.0	122635.0
1786	123082.0	123184.0
1787	121898.0	122659.0
1788	122764.0	122821.0
1789	122040.0	122711.0
1790	122724.0	123355.0
1791	122909.0	122970.0
1792	123117.0	122569.0
1793	122835.0	123508.0
1794	122441.0	122848.0
1795	122118.0	123439.0
1796	123000.0	123088.0
1797	122937.0	123198.0
1798	122251.0	122735.0
1799	122327.0	123028.0
1800	122538.0	123485.0
1801	123177.0	123063.0
1802	122750.0	123097.0
1803	122984.0	122222.0
1804	123449.0	122696.0
1805	122474.0	123081.0
1806	122225.0	123195.0
1807	122680.0	123652.0
1808	123178.0	123147.0
1809	123219.0	122398.0
1810	123050.0	123128.0
1811	122704.0	122800.0
1812	122935.0	123381.0
1813	122752.0	122972.0
1814	122600.0	123628.0
1815	123167.0	123193.0
1816	123072.0	122975.0
1817	122756.0	123124.0
1818	122773.0	123342.0
1819	122651.0	123236.0
1820	123443.0	123630.0
1821	123823.0	122896.0
1822	123192.0	123092.0
1823	122829.0	123075.0
1824	123182.0	123072.0
1825	123242.0	122914.0
1826	123174.0	122690.0
1827	122646.0	123578.0
1828	122814.0	123194.0
1829	123840.0	123315.0
1830	122628.0	123641.0
1831	123234.0	123324.0
1832	122760.0	122945.0
1833	123388.0	122923.0
1834	123122.0	123116.0
1835	123267.0	123609.0
1836	123218.0	123258.0
1837	122793.0	123000.0
1838	123054.0	123458.0
1839	123231.0	122709.0
1840	123011.0	123466.0
1841	122862.0	123041.0
1842	122843.0	123277.0
1843	122654.0	123446.0
1844	123128.0	122650.0
1845	122493.0	122443.0
1846	122607.0	122659.0
1847	122834.0	123280.0
1848	123141.0	122689.0
1849	122780.0	122922.0
1850	123133.0	122741.0
1851	122790.0	123016.0
1852	122978.0	122759.0
1853	121719.0	122610.0
1854	122893.0	122728.0
1855	122988.0	122903.0
1856	122791.0	122912.0
1857	123088.0	123078.0
1858	122549.0	123417.0
1859	122823.0	123254.0
1860	122375.0	123422.0
1861	122629.0	123404.0
1862	122818.0	122778.0
1863	122866.0	123772.0
1864	123334.0	123157.0
1865	123377.0	122481.0
1866	123114.0	122815.0
1867	123564.0	123210.0
1868	123021.0	123175.0
1869	123340.0	123003.0
1870	122872.0	123107.0
1871	123102.0	123008.0
1872	123082.0	123120.0
1873	122429.0	123781.0
1874	122835.0	122677.0
1875	122628.0	122827.0
1876	123063.0	123300.0
1877	123581.0	122689.0
1878	123713.0	123002.0
1879	123005.0	122780.0
1880	123172.0	123199.0
1881	122360.0	122845.0
1882	122590.0	122779.0
1883	122820.0	122302.0
1884	122992.0	122865.0
1885	122098.0	123263.0
1886	122729.0	122797.0
1887	122396.0	122416.0
1888	123216.0	122298.0
1889	122747.0	123364.0
1890	123880.0	122837.0
1891	122411.0	122995.0
1892	122770.0	122611.0
1893	122895.0	122858.0
1894	122992.0	123100.0
1895	123024.0	122970.0
1896	122773.0	122922.0
1897	122727.0	123006.0
1898	122719.0	123582.0
1899	122916.0	122523.0
1900	123105.0	123319.0
1901	123598.0	122651.0
1902	123132.0	122331.0
1903	122427.0	123071.0
1904	122507.0	122439.0
1905	123197.0	122945.0
1906	122587.0	123092.0
1907	123096.0	122847.0
1908	122862.0	122372.0
1909	122569.0	123089.0
1910	122593.0	122603.0
1911	122757.0	123233.0
1912	123358.0	123026.0
1913	123403.0	122903.0
1914	123198.0	123252.0
1915	122591.0	123039.0
1916	122675.0	122439.0
1917	122533.0	122944.0
1918	123027.0	122828.0
1919	122063.0	123109.0
1920	122934.0	122154.0
1921	122609.0	122524.0
1922	122356.0	123435.0
1923	122651.0	122899.0
1924	122121.0	122841.0
1925	123215.0	122511.0
1926	122589.0	122896.0
1927	122491.0	122702.0
1928	123478.0	123009.0
1929	122877.0	122705.0
1930	122058.0	123529.0
1931	123025.0	123042.0
1932	123280.0	122692.0
1933	122363.0	122713.0
1934	122554.0	122516.0
1935	122334.0	123169.0
1936	122536.0	122666.0
1937	122770.0	122890.0
1938	122376.0	121898.0
1939	123137.0	122581.0
1940	122466.0	122602.0
1941	122408.0	122813.0
1942	122351.0	122823.0
1943	122863.0	123058.0
1944	122993.0	123399.0
1945	123411.0	123413.0
1946	122305.0	122522.0
1947	122216.0	122722.0
1948	121832.0	122828.0
1949	122494.0	122402.0
1950	123013.0	123139.0
1951	122629.0	122173.0
1952	122262.0	123125.0
1953	122558.0	122392.0
1954	122412.0	122491.0
1955	122773.0	122539.0
1956	122978.0	123025.0
1957	122308.0	123159.0
1958	122896.0	122712.0
1959	122371.0	123199.0
1960	122588.0	122202.0
1961	123014.0	122321.0
1962	122802.0	122975.0
1963	122636.0	122961.0
1964	122418.0	123094.0
1965	123190.0	123172.0
1966	122584.0	122824.0
1967	122806.0	123449.0
1968	122643.0	122252.0
1969	122081.0	123979.0
1970	122365.0	123232.0
1971	123068.0	122561.0
1972	122347.0	123158.0
1973	122693.0	123078.0
1974	122378.0	123301.0
1975	122729.0	122820.0
1976	122752.0	123190.0
1977	122299.0	122860.0
1978	122517.0	122575.0
1979	123293.0	122706.0
1980	123016.0	123403.0
1981	122238.0	123003.0
1982	122938.0	122660.0
1983	123402.0	123600.0
1984	123056.0	122941.0
1985	122647.0	122793.0
1986	123051.0	122778.0
1987	123007.0	122601.0
1988	122841.0	122771.0
1989	122375.0	123038.0
1990	122557.0	122936.0
1991	122608.0	122979.0
1992	123387.0	123233.0
1993	122575.0	122513.0
1994	122466.0	122650.0
1995	122766.0	123104.0
1996	122810.0	123255.0
1997	121740.0	122818.0
1998	122753.0	122586.0
1999	122688.0	122484.0
