Distance in bp(Fragment Length Estimate: 144)(Peak Width Estimate: 144)	Same Strand (+ for Watson strand, - for Crick)	Opposite Strand
-2000	122075.0	121880.0
-1999	121974.0	121501.0
-1998	122025.0	120941.0
-1997	121676.0	122214.0
-1996	122133.0	121635.0
-1995	122430.0	122287.0
-1994	121492.0	121776.0
-1993	122551.0	121115.0
-1992	122764.0	121466.0
-1991	121933.0	121484.0
-1990	122316.0	122034.0
-1989	122181.0	121476.0
-1988	122026.0	121541.0
-1987	121728.0	121581.0
-1986	122183.0	121860.0
-1985	121729.0	121272.0
-1984	122470.0	121653.0
-1983	122170.0	121446.0
-1982	122383.0	121644.0
-1981	121954.0	121320.0
-1980	122230.0	121383.0
-1979	122435.0	121395.0
-1978	121207.0	121865.0
-1977	121362.0	121565.0
-1976	121765.0	122094.0
-1975	121863.0	122170.0
-1974	121672.0	121770.0
-1973	122593.0	121510.0
-1972	121853.0	121540.0
-1971	121898.0	121598.0
-1970	121949.0	122043.0
-1969	121869.0	121009.0
-1968	121724.0	121459.0
-1967	121780.0	121651.0
-1966	122119.0	121662.0
-1965	122064.0	121464.0
-1964	122052.0	121909.0
-1963	121782.0	121393.0
-1962	122175.0	121513.0
-1961	122161.0	121809.0
-1960	122047.0	122075.0
-1959	121997.0	121151.0
-1958	122035.0	121627.0
-1957	121780.0	121902.0
-1956	122713.0	122379.0
-1955	121526.0	121698.0
-1954	121797.0	121681.0
-1953	122108.0	121895.0
-1952	122309.0	121446.0
-1951	122112.0	121259.0
-1950	121621.0	121105.0
-1949	121980.0	121433.0
-1948	122360.0	121517.0
-1947	121910.0	120957.0
-1946	122242.0	121421.0
-1945	121443.0	120860.0
-1944	121918.0	121588.0
-1943	122525.0	121397.0
-1942	121850.0	121226.0
-1941	121666.0	122029.0
-1940	122456.0	121501.0
-1939	122158.0	121808.0
-1938	122517.0	121702.0
-1937	121948.0	121737.0
-1936	122080.0	122151.0
-1935	122536.0	121692.0
-1934	122410.0	122118.0
-1933	121969.0	122194.0
-1932	122056.0	121953.0
-1931	121732.0	121524.0
-1930	122089.0	122326.0
-1929	122492.0	121631.0
-1928	122556.0	121876.0
-1927	122708.0	121395.0
-1926	123334.0	122004.0
-1925	121478.0	121989.0
-1924	122177.0	122112.0
-1923	122127.0	121334.0
-1922	121889.0	121742.0
-1921	121779.0	121960.0
-1920	122210.0	121503.0
-1919	121560.0	121446.0
-1918	122058.0	121684.0
-1917	121860.0	121641.0
-1916	122677.0	121263.0
-1915	122455.0	121683.0
-1914	122561.0	121712.0
-1913	121839.0	121804.0
-1912	121724.0	121785.0
-1911	121652.0	121847.0
-1910	122270.0	121698.0
-1909	122029.0	122341.0
-1908	122116.0	122375.0
-1907	121898.0	121930.0
-1906	121985.0	121546.0
-1905	122494.0	122396.0
-1904	122751.0	122064.0
-1903	122921.0	122204.0
-1902	122602.0	121613.0
-1901	122220.0	121929.0
-1900	121944.0	121211.0
-1899	122574.0	121582.0
-1898	122329.0	121697.0
-1897	122195.0	121876.0
-1896	122124.0	122131.0
-1895	122058.0	122006.0
-1894	122226.0	121539.0
-1893	122730.0	122316.0
-1892	122191.0	121892.0
-1891	121834.0	122151.0
-1890	122114.0	121554.0
-1889	121749.0	122026.0
-1888	122596.0	121222.0
-1887	122432.0	121436.0
-1886	121464.0	121292.0
-1885	121941.0	122092.0
-1884	122417.0	121800.0
-1883	122824.0	121562.0
-1882	122388.0	121726.0
-1881	121566.0	121672.0
-1880	121844.0	121504.0
-1879	122287.0	121804.0
-1878	122549.0	122894.0
-1877	122932.0	121560.0
-1876	122572.0	121712.0
-1875	122300.0	122137.0
-1874	122537.0	121614.0
-1873	122438.0	121587.0
-1872	121648.0	122176.0
-1871	122477.0	121996.0
-1870	122049.0	121886.0
-1869	122219.0	121465.0
-1868	122378.0	121833.0
-1867	122424.0	121735.0
-1866	122589.0	121706.0
-1865	122093.0	121765.0
-1864	122521.0	122062.0
-1863	122055.0	121794.0
-1862	121950.0	121579.0
-1861	122433.0	122114.0
-1860	122365.0	121127.0
-1859	122497.0	121846.0
-1858	122737.0	122326.0
-1857	122389.0	122076.0
-1856	122125.0	121925.0
-1855	122328.0	122126.0
-1854	122308.0	121618.0
-1853	122318.0	122291.0
-1852	122413.0	122081.0
-1851	122190.0	122581.0
-1850	121920.0	122513.0
-1849	122518.0	122388.0
-1848	123028.0	122304.0
-1847	122518.0	121979.0
-1846	122694.0	122869.0
-1845	121815.0	121927.0
-1844	122194.0	121983.0
-1843	123312.0	122314.0
-1842	122393.0	121876.0
-1841	122250.0	122382.0
-1840	122580.0	122078.0
-1839	122453.0	121837.0
-1838	122349.0	121990.0
-1837	122778.0	122213.0
-1836	122013.0	122316.0
-1835	121610.0	121665.0
-1834	122406.0	122057.0
-1833	122722.0	121751.0
-1832	121863.0	122063.0
-1831	122229.0	121858.0
-1830	122494.0	121962.0
-1829	122478.0	122227.0
-1828	122484.0	122020.0
-1827	122399.0	121594.0
-1826	122783.0	121330.0
-1825	122573.0	121866.0
-1824	122187.0	121225.0
-1823	122327.0	121353.0
-1822	122243.0	121829.0
-1821	122522.0	121909.0
-1820	122532.0	121538.0
-1819	122124.0	122236.0
-1818	122388.0	121891.0
-1817	122620.0	121956.0
-1816	122634.0	121998.0
-1815	122772.0	122070.0
-1814	122683.0	122381.0
-1813	122518.0	121599.0
-1812	123026.0	122069.0
-1811	122281.0	122221.0
-1810	122325.0	122580.0
-1809	122055.0	122396.0
-1808	121774.0	122026.0
-1807	122843.0	121742.0
-1806	122624.0	121945.0
-1805	121673.0	122305.0
-1804	122014.0	121650.0
-1803	122623.0	122036.0
-1802	122596.0	121988.0
-1801	122216.0	121952.0
-1800	122909.0	122134.0
-1799	122292.0	122690.0
-1798	122574.0	122269.0
-1797	123107.0	122514.0
-1796	122945.0	122383.0
-1795	122598.0	122078.0
-1794	121867.0	121678.0
-1793	121868.0	122308.0
-1792	122657.0	122382.0
-1791	122278.0	122219.0
-1790	121846.0	121634.0
-1789	122177.0	121744.0
-1788	122570.0	122093.0
-1787	122445.0	122195.0
-1786	122149.0	122226.0
-1785	122718.0	122072.0
-1784	122393.0	121654.0
-1783	122474.0	122537.0
-1782	122453.0	122294.0
-1781	122709.0	122061.0
-1780	122554.0	121644.0
-1779	122544.0	121757.0
-1778	122443.0	121571.0
-1777	122121.0	122302.0
-1776	122293.0	122512.0
-1775	122132.0	122432.0
-1774	122641.0	122612.0
-1773	122449.0	122528.0
-1772	122234.0	122521.0
-1771	122356.0	121959.0
-1770	122891.0	122441.0
-1769	123255.0	122275.0
-1768	122493.0	121789.0
-1767	122466.0	121844.0
-1766	121849.0	121883.0
-1765	121773.0	121881.0
-1764	122617.0	122492.0
-1763	122200.0	122595.0
-1762	122166.0	122371.0
-1761	122514.0	121499.0
-1760	122527.0	122140.0
-1759	122283.0	121835.0
-1758	123200.0	122260.0
-1757	122737.0	122299.0
-1756	122593.0	122325.0
-1755	122605.0	122289.0
-1754	122887.0	121936.0
-1753	122560.0	122303.0
-1752	122891.0	122779.0
-1751	122386.0	122224.0
-1750	122643.0	122757.0
-1749	122291.0	122523.0
-1748	122383.0	121958.0
-1747	122353.0	122104.0
-1746	122872.0	121966.0
-1745	122574.0	122222.0
-1744	122053.0	122385.0
-1743	122336.0	122548.0
-1742	122509.0	122114.0
-1741	123110.0	122446.0
-1740	122896.0	122410.0
-1739	122784.0	122641.0
-1738	122678.0	122157.0
-1737	123253.0	122254.0
-1736	122556.0	121878.0
-1735	123367.0	121901.0
-1734	123141.0	122202.0
-1733	122800.0	122172.0
-1732	122560.0	122439.0
-1731	123028.0	122273.0
-1730	123123.0	122424.0
-1729	122403.0	121979.0
-1728	122828.0	122327.0
-1727	122542.0	121710.0
-1726	122570.0	122480.0
-1725	122683.0	122731.0
-1724	123010.0	121811.0
-1723	122688.0	122308.0
-1722	122882.0	121669.0
-1721	123097.0	121645.0
-1720	122661.0	122366.0
-1719	122352.0	122482.0
-1718	122530.0	122941.0
-1717	122160.0	122829.0
-1716	122717.0	122726.0
-1715	122696.0	122650.0
-1714	122962.0	122400.0
-1713	123092.0	122638.0
-1712	122864.0	121985.0
-1711	122871.0	122232.0
-1710	122927.0	122096.0
-1709	122801.0	122278.0
-1708	123144.0	122249.0
-1707	123262.0	122445.0
-1706	123034.0	121968.0
-1705	122946.0	122559.0
-1704	123329.0	122205.0
-1703	122757.0	122407.0
-1702	123080.0	122955.0
-1701	122889.0	121930.0
-1700	123126.0	122588.0
-1699	122760.0	121899.0
-1698	122509.0	122463.0
-1697	122679.0	122826.0
-1696	123007.0	122066.0
-1695	123162.0	121589.0
-1694	122305.0	121967.0
-1693	123096.0	122086.0
-1692	122438.0	122018.0
-1691	122567.0	122277.0
-1690	122646.0	122786.0
-1689	122734.0	122428.0
-1688	123229.0	122421.0
-1687	123376.0	122380.0
-1686	122839.0	122249.0
-1685	122670.0	122474.0
-1684	123037.0	122361.0
-1683	122914.0	121904.0
-1682	123027.0	121853.0
-1681	123051.0	122560.0
-1680	122954.0	122180.0
-1679	122496.0	122102.0
-1678	122840.0	122134.0
-1677	123522.0	121933.0
-1676	121986.0	122133.0
-1675	122506.0	122747.0
-1674	122776.0	121973.0
-1673	122940.0	121856.0
-1672	122700.0	122259.0
-1671	123000.0	122272.0
-1670	123038.0	122283.0
-1669	122820.0	122517.0
-1668	123394.0	123040.0
-1667	123361.0	122882.0
-1666	122982.0	122325.0
-1665	123178.0	122289.0
-1664	122679.0	123083.0
-1663	122883.0	122208.0
-1662	122860.0	122384.0
-1661	122476.0	122229.0
-1660	122571.0	122696.0
-1659	123021.0	122165.0
-1658	123176.0	121802.0
-1657	122810.0	121899.0
-1656	122986.0	122480.0
-1655	123149.0	122054.0
-1654	123040.0	122045.0
-1653	122929.0	122101.0
-1652	123060.0	122635.0
-1651	122511.0	122675.0
-1650	122723.0	122762.0
-1649	123195.0	122652.0
-1648	122539.0	123136.0
-1647	122136.0	122822.0
-1646	122939.0	122555.0
-1645	122531.0	122955.0
-1644	122522.0	122813.0
-1643	122855.0	122287.0
-1642	122601.0	122512.0
-1641	123021.0	122210.0
-1640	122320.0	122248.0
-1639	122562.0	122091.0
-1638	122537.0	122362.0
-1637	122698.0	122395.0
-1636	122695.0	122164.0
-1635	122482.0	122378.0
-1634	122688.0	121761.0
-1633	122821.0	123035.0
-1632	123073.0	122569.0
-1631	123405.0	122144.0
-1630	123278.0	122599.0
-1629	123281.0	122200.0
-1628	122598.0	122504.0
-1627	122893.0	122745.0
-1626	122760.0	122069.0
-1625	122693.0	122229.0
-1624	122370.0	122469.0
-1623	122346.0	122411.0
-1622	122970.0	122831.0
-1621	122441.0	123609.0
-1620	123454.0	122257.0
-1619	122747.0	123100.0
-1618	122679.0	122748.0
-1617	122791.0	122982.0
-1616	122899.0	123138.0
-1615	122722.0	123085.0
-1614	122791.0	122449.0
-1613	123129.0	122232.0
-1612	123109.0	123049.0
-1611	122500.0	122929.0
-1610	122810.0	122264.0
-1609	122365.0	122835.0
-1608	122942.0	121907.0
-1607	122798.0	122735.0
-1606	122586.0	122577.0
-1605	122866.0	122465.0
-1604	122690.0	122753.0
-1603	123096.0	122843.0
-1602	123307.0	122903.0
-1601	122466.0	122922.0
-1600	123490.0	123228.0
-1599	122821.0	122848.0
-1598	123268.0	122595.0
-1597	123282.0	122845.0
-1596	122817.0	122900.0
-1595	122088.0	122791.0
-1594	123013.0	123351.0
-1593	123122.0	122635.0
-1592	122394.0	122580.0
-1591	122777.0	122834.0
-1590	122604.0	122733.0
-1589	123103.0	122443.0
-1588	123437.0	122375.0
-1587	122737.0	122436.0
-1586	123250.0	122898.0
-1585	123084.0	122375.0
-1584	123084.0	122729.0
-1583	122902.0	122074.0
-1582	122525.0	122762.0
-1581	123296.0	123665.0
-1580	123181.0	123013.0
-1579	123185.0	122596.0
-1578	123287.0	123039.0
-1577	123099.0	122900.0
-1576	123026.0	122729.0
-1575	122789.0	122815.0
-1574	122782.0	122534.0
-1573	122524.0	123134.0
-1572	123302.0	123208.0
-1571	122432.0	122266.0
-1570	122912.0	122944.0
-1569	123196.0	122886.0
-1568	123109.0	122739.0
-1567	123040.0	122762.0
-1566	123213.0	122934.0
-1565	123306.0	122945.0
-1564	123277.0	122784.0
-1563	123233.0	122618.0
-1562	123366.0	123346.0
-1561	122853.0	123213.0
-1560	123481.0	122690.0
-1559	122895.0	123045.0
-1558	123105.0	123107.0
-1557	122867.0	122425.0
-1556	122770.0	122578.0
-1555	123119.0	122867.0
-1554	123053.0	123648.0
-1553	122791.0	123006.0
-1552	123233.0	123067.0
-1551	123715.0	123030.0
-1550	122666.0	122772.0
-1549	123220.0	122811.0
-1548	123303.0	123357.0
-1547	123231.0	122833.0
-1546	123523.0	122913.0
-1545	123709.0	122916.0
-1544	123450.0	122770.0
-1543	123282.0	122839.0
-1542	123263.0	122511.0
-1541	123272.0	122412.0
-1540	123460.0	122949.0
-1539	123922.0	123312.0
-1538	122864.0	122963.0
-1537	123057.0	122978.0
-1536	122649.0	122731.0
-1535	122881.0	123068.0
-1534	123342.0	122854.0
-1533	123629.0	122942.0
-1532	123419.0	122418.0
-1531	123508.0	123177.0
-1530	123696.0	122664.0
-1529	123282.0	123201.0
-1528	123346.0	122975.0
-1527	123501.0	122951.0
-1526	123009.0	122921.0
-1525	123370.0	122848.0
-1524	123654.0	122453.0
-1523	123050.0	122141.0
-1522	123110.0	122588.0
-1521	123265.0	122760.0
-1520	123288.0	121910.0
-1519	123792.0	122192.0
-1518	123061.0	122827.0
-1517	123486.0	123051.0
-1516	122726.0	122605.0
-1515	122865.0	122637.0
-1514	123453.0	122754.0
-1513	123237.0	122680.0
-1512	123210.0	123155.0
-1511	123350.0	122518.0
-1510	123576.0	122515.0
-1509	123872.0	122833.0
-1508	123620.0	122220.0
-1507	123339.0	123357.0
-1506	123455.0	122891.0
-1505	123452.0	123224.0
-1504	123107.0	123075.0
-1503	123343.0	122715.0
-1502	123179.0	122742.0
-1501	123617.0	122467.0
-1500	123678.0	122379.0
-1499	123452.0	122152.0
-1498	123129.0	123002.0
-1497	123855.0	122595.0
-1496	123123.0	122961.0
-1495	122713.0	122602.0
-1494	123106.0	122745.0
-1493	123513.0	122902.0
-1492	124087.0	122695.0
-1491	123607.0	123157.0
-1490	123567.0	122176.0
-1489	122979.0	122760.0
-1488	124127.0	122701.0
-1487	123056.0	122265.0
-1486	123357.0	122319.0
-1485	123419.0	122629.0
-1484	123367.0	122474.0
-1483	123532.0	122352.0
-1482	123505.0	122744.0
-1481	123104.0	122592.0
-1480	123062.0	122482.0
-1479	123333.0	122632.0
-1478	122965.0	122610.0
-1477	122856.0	122682.0
-1476	122999.0	122223.0
-1475	122565.0	122237.0
-1474	123241.0	122320.0
-1473	123536.0	121929.0
-1472	123480.0	122910.0
-1471	123439.0	121906.0
-1470	123002.0	122584.0
-1469	123120.0	122412.0
-1468	122719.0	122233.0
-1467	123714.0	123224.0
-1466	123535.0	122655.0
-1465	122959.0	122149.0
-1464	122913.0	122326.0
-1463	122895.0	122779.0
-1462	123039.0	122554.0
-1461	123047.0	123171.0
-1460	123148.0	122320.0
-1459	123316.0	122612.0
-1458	123217.0	122608.0
-1457	123710.0	122528.0
-1456	123281.0	122353.0
-1455	122782.0	122453.0
-1454	123116.0	122096.0
-1453	122712.0	122407.0
-1452	122554.0	122869.0
-1451	123265.0	122190.0
-1450	122819.0	122579.0
-1449	123030.0	123059.0
-1448	123305.0	122826.0
-1447	122673.0	122420.0
-1446	122880.0	122877.0
-1445	123194.0	122603.0
-1444	122892.0	122578.0
-1443	123230.0	122428.0
-1442	123387.0	123224.0
-1441	123057.0	122872.0
-1440	123595.0	123176.0
-1439	123374.0	122501.0
-1438	122865.0	122669.0
-1437	123667.0	122941.0
-1436	123475.0	122898.0
-1435	123411.0	123310.0
-1434	124069.0	123277.0
-1433	123284.0	122846.0
-1432	123210.0	123105.0
-1431	122978.0	122554.0
-1430	122682.0	122746.0
-1429	123199.0	123399.0
-1428	123543.0	122602.0
-1427	123342.0	123160.0
-1426	122950.0	122813.0
-1425	123375.0	122908.0
-1424	124088.0	123130.0
-1423	123248.0	122321.0
-1422	123193.0	122817.0
-1421	123194.0	121996.0
-1420	123448.0	122483.0
-1419	123207.0	122848.0
-1418	123248.0	123092.0
-1417	122689.0	123246.0
-1416	123119.0	123336.0
-1415	123187.0	123219.0
-1414	123354.0	123530.0
-1413	123410.0	123072.0
-1412	123493.0	123012.0
-1411	123324.0	123379.0
-1410	123436.0	123307.0
-1409	123186.0	122616.0
-1408	122681.0	122766.0
-1407	123215.0	123205.0
-1406	123005.0	123085.0
-1405	123795.0	123618.0
-1404	123526.0	123316.0
-1403	123401.0	122771.0
-1402	123672.0	123075.0
-1401	123733.0	122524.0
-1400	123102.0	122626.0
-1399	123185.0	123020.0
-1398	123931.0	122967.0
-1397	123231.0	123141.0
-1396	123475.0	123055.0
-1395	123062.0	123056.0
-1394	122970.0	123037.0
-1393	123337.0	122966.0
-1392	124027.0	123739.0
-1391	123721.0	122976.0
-1390	123304.0	123197.0
-1389	123790.0	123479.0
-1388	123436.0	123579.0
-1387	123412.0	123485.0
-1386	123527.0	123286.0
-1385	123473.0	122793.0
-1384	124282.0	123463.0
-1383	124163.0	123379.0
-1382	123582.0	123416.0
-1381	122726.0	123756.0
-1380	123475.0	123102.0
-1379	123624.0	123828.0
-1378	123961.0	124117.0
-1377	123874.0	123589.0
-1376	123582.0	123561.0
-1375	123699.0	123733.0
-1374	123742.0	123873.0
-1373	123985.0	123541.0
-1372	123476.0	123639.0
-1371	123693.0	122653.0
-1370	123923.0	123375.0
-1369	123734.0	123502.0
-1368	124306.0	123094.0
-1367	123314.0	122836.0
-1366	123203.0	123600.0
-1365	123555.0	123268.0
-1364	123925.0	123367.0
-1363	123774.0	123451.0
-1362	123707.0	123532.0
-1361	124123.0	124054.0
-1360	123321.0	123360.0
-1359	123905.0	123531.0
-1358	123492.0	123695.0
-1357	123709.0	123280.0
-1356	123963.0	124407.0
-1355	123076.0	123740.0
-1354	123499.0	123438.0
-1353	124300.0	123180.0
-1352	124119.0	122704.0
-1351	123758.0	123091.0
-1350	123726.0	123400.0
-1349	124282.0	123609.0
-1348	123943.0	122893.0
-1347	124129.0	123331.0
-1346	123097.0	123432.0
-1345	123540.0	123861.0
-1344	124160.0	123685.0
-1343	123866.0	123536.0
-1342	123818.0	122847.0
-1341	123758.0	122811.0
-1340	123303.0	123352.0
-1339	124095.0	123322.0
-1338	124356.0	123739.0
-1337	124036.0	123007.0
-1336	123817.0	123559.0
-1335	124135.0	123292.0
-1334	123976.0	122965.0
-1333	123591.0	123456.0
-1332	123695.0	122852.0
-1331	123430.0	122858.0
-1330	123935.0	123174.0
-1329	124255.0	123209.0
-1328	124317.0	122909.0
-1327	124173.0	122992.0
-1326	124033.0	122943.0
-1325	123900.0	123067.0
-1324	123789.0	123016.0
-1323	123986.0	123126.0
-1322	123579.0	122721.0
-1321	123802.0	123255.0
-1320	123687.0	123308.0
-1319	123877.0	122579.0
-1318	123881.0	123324.0
-1317	123756.0	123114.0
-1316	123613.0	122784.0
-1315	123361.0	122899.0
-1314	124010.0	123671.0
-1313	124124.0	122985.0
-1312	123613.0	123593.0
-1311	123930.0	122770.0
-1310	123649.0	122706.0
-1309	123991.0	123345.0
-1308	124340.0	123222.0
-1307	123502.0	123045.0
-1306	124304.0	123920.0
-1305	123585.0	122744.0
-1304	123662.0	123117.0
-1303	124049.0	122965.0
-1302	124048.0	123263.0
-1301	123177.0	122817.0
-1300	123518.0	123477.0
-1299	123619.0	122934.0
-1298	123918.0	123224.0
-1297	123372.0	123018.0
-1296	123941.0	122890.0
-1295	124064.0	123098.0
-1294	124155.0	123045.0
-1293	123643.0	122874.0
-1292	123396.0	122880.0
-1291	124190.0	123683.0
-1290	124231.0	123540.0
-1289	123648.0	123052.0
-1288	123608.0	123202.0
-1287	124144.0	123376.0
-1286	122964.0	122624.0
-1285	123841.0	123250.0
-1284	123483.0	123329.0
-1283	122908.0	123211.0
-1282	123286.0	123547.0
-1281	124198.0	123356.0
-1280	123760.0	122895.0
-1279	123495.0	123442.0
-1278	124410.0	123282.0
-1277	123562.0	123326.0
-1276	123599.0	123321.0
-1275	123700.0	122940.0
-1274	123332.0	123254.0
-1273	123155.0	123595.0
-1272	123459.0	122573.0
-1271	123171.0	123190.0
-1270	124057.0	122802.0
-1269	123691.0	122693.0
-1268	123139.0	123071.0
-1267	123311.0	123786.0
-1266	123240.0	123595.0
-1265	123195.0	123312.0
-1264	123003.0	123895.0
-1263	123515.0	123595.0
-1262	122707.0	123238.0
-1261	123375.0	123628.0
-1260	123561.0	123468.0
-1259	123499.0	123154.0
-1258	123475.0	123647.0
-1257	124350.0	123474.0
-1256	123659.0	123382.0
-1255	123894.0	123901.0
-1254	123841.0	123530.0
-1253	123903.0	123516.0
-1252	123643.0	123269.0
-1251	123893.0	123738.0
-1250	124048.0	123674.0
-1249	123191.0	123106.0
-1248	123652.0	123724.0
-1247	123880.0	122867.0
-1246	124035.0	123702.0
-1245	124048.0	123573.0
-1244	123340.0	123640.0
-1243	123268.0	123950.0
-1242	124123.0	123590.0
-1241	123441.0	123016.0
-1240	123685.0	123746.0
-1239	123989.0	123811.0
-1238	123677.0	123374.0
-1237	124090.0	123204.0
-1236	123983.0	123888.0
-1235	123376.0	123626.0
-1234	123267.0	123489.0
-1233	123931.0	123596.0
-1232	123497.0	123750.0
-1231	124015.0	124075.0
-1230	123660.0	123801.0
-1229	122788.0	123581.0
-1228	123701.0	123729.0
-1227	123830.0	123989.0
-1226	123923.0	123469.0
-1225	123992.0	124321.0
-1224	124575.0	124049.0
-1223	123484.0	123381.0
-1222	123880.0	124022.0
-1221	123685.0	123458.0
-1220	123941.0	123808.0
-1219	123869.0	123773.0
-1218	123826.0	123966.0
-1217	123939.0	123305.0
-1216	123917.0	123647.0
-1215	124220.0	123708.0
-1214	123455.0	123495.0
-1213	124231.0	123994.0
-1212	123679.0	123706.0
-1211	123946.0	123816.0
-1210	123736.0	123697.0
-1209	124309.0	123786.0
-1208	123629.0	123632.0
-1207	124110.0	124455.0
-1206	124359.0	124440.0
-1205	124336.0	123693.0
-1204	124052.0	123929.0
-1203	123707.0	123656.0
-1202	123808.0	124061.0
-1201	124058.0	123962.0
-1200	123658.0	124575.0
-1199	124156.0	124706.0
-1198	123870.0	123465.0
-1197	124278.0	123599.0
-1196	124441.0	123798.0
-1195	124536.0	124088.0
-1194	124443.0	124035.0
-1193	124739.0	124053.0
-1192	124286.0	124008.0
-1191	124612.0	124300.0
-1190	124278.0	123941.0
-1189	124233.0	124233.0
-1188	124730.0	123368.0
-1187	124036.0	123746.0
-1186	124415.0	124365.0
-1185	124099.0	123928.0
-1184	124291.0	123634.0
-1183	124401.0	123520.0
-1182	124149.0	123883.0
-1181	124491.0	123605.0
-1180	124634.0	123579.0
-1179	124541.0	123421.0
-1178	124818.0	123837.0
-1177	124413.0	123872.0
-1176	124726.0	124150.0
-1175	124658.0	123800.0
-1174	124654.0	123948.0
-1173	124426.0	124339.0
-1172	124138.0	124572.0
-1171	124308.0	124341.0
-1170	124821.0	123634.0
-1169	124783.0	123557.0
-1168	124172.0	123718.0
-1167	124584.0	123933.0
-1166	124029.0	124094.0
-1165	124428.0	124193.0
-1164	123876.0	123969.0
-1163	124456.0	124151.0
-1162	124213.0	123913.0
-1161	124647.0	123616.0
-1160	124593.0	123412.0
-1159	124396.0	123931.0
-1158	124145.0	123925.0
-1157	124981.0	123181.0
-1156	124656.0	123594.0
-1155	123794.0	123972.0
-1154	124374.0	123338.0
-1153	124745.0	124008.0
-1152	124384.0	123639.0
-1151	124563.0	123433.0
-1150	124007.0	123774.0
-1149	124657.0	123792.0
-1148	123753.0	123662.0
-1147	123874.0	123893.0
-1146	124823.0	123800.0
-1145	123877.0	123391.0
-1144	124369.0	124009.0
-1143	125023.0	123499.0
-1142	124057.0	123064.0
-1141	124536.0	123429.0
-1140	124151.0	124355.0
-1139	124406.0	123638.0
-1138	124646.0	123717.0
-1137	124472.0	123904.0
-1136	123924.0	123678.0
-1135	124663.0	123353.0
-1134	124567.0	123666.0
-1133	124384.0	123558.0
-1132	125402.0	123533.0
-1131	124378.0	123536.0
-1130	124012.0	122901.0
-1129	124297.0	123602.0
-1128	123923.0	123495.0
-1127	123405.0	123335.0
-1126	124517.0	123584.0
-1125	124262.0	124009.0
-1124	124144.0	123211.0
-1123	124040.0	123089.0
-1122	124377.0	123552.0
-1121	123721.0	123114.0
-1120	124142.0	123792.0
-1119	124486.0	123509.0
-1118	123924.0	123278.0
-1117	124332.0	123713.0
-1116	123692.0	123994.0
-1115	124223.0	123274.0
-1114	124263.0	123946.0
-1113	124260.0	123910.0
-1112	123999.0	123450.0
-1111	123801.0	124045.0
-1110	124012.0	123042.0
-1109	123862.0	123912.0
-1108	124110.0	123722.0
-1107	124403.0	123918.0
-1106	123641.0	123284.0
-1105	124248.0	124423.0
-1104	124100.0	124086.0
-1103	123975.0	123658.0
-1102	123562.0	123520.0
-1101	123944.0	123570.0
-1100	123671.0	123439.0
-1099	123888.0	123979.0
-1098	124409.0	124082.0
-1097	123828.0	123787.0
-1096	124036.0	124593.0
-1095	124099.0	123761.0
-1094	123436.0	123926.0
-1093	124274.0	123892.0
-1092	124153.0	123631.0
-1091	123827.0	123139.0
-1090	124467.0	123620.0
-1089	123896.0	124578.0
-1088	123523.0	123988.0
-1087	124295.0	123631.0
-1086	124066.0	123982.0
-1085	123970.0	123355.0
-1084	123700.0	123816.0
-1083	123762.0	123916.0
-1082	123258.0	123717.0
-1081	123642.0	124143.0
-1080	124180.0	123533.0
-1079	123775.0	123527.0
-1078	124633.0	124241.0
-1077	124529.0	123976.0
-1076	124314.0	123361.0
-1075	124384.0	124502.0
-1074	124554.0	123807.0
-1073	124241.0	123080.0
-1072	123778.0	123934.0
-1071	124401.0	124146.0
-1070	123840.0	123541.0
-1069	123928.0	124032.0
-1068	124297.0	123855.0
-1067	123930.0	123545.0
-1066	124454.0	123810.0
-1065	123786.0	124253.0
-1064	123508.0	123901.0
-1063	123942.0	124447.0
-1062	124703.0	124027.0
-1061	123679.0	123931.0
-1060	124159.0	124717.0
-1059	123917.0	123857.0
-1058	124507.0	123829.0
-1057	124343.0	124593.0
-1056	124408.0	124219.0
-1055	123967.0	124135.0
-1054	124849.0	123644.0
-1053	124658.0	123816.0
-1052	124768.0	123659.0
-1051	124634.0	124121.0
-1050	124657.0	123692.0
-1049	124468.0	124186.0
-1048	124617.0	124290.0
-1047	124302.0	124004.0
-1046	123913.0	124164.0
-1045	124628.0	124593.0
-1044	124303.0	124259.0
-1043	124239.0	123770.0
-1042	124447.0	123945.0
-1041	124045.0	123850.0
-1040	124556.0	123495.0
-1039	124519.0	123902.0
-1038	125044.0	124019.0
-1037	124358.0	124067.0
-1036	124246.0	124568.0
-1035	124859.0	124826.0
-1034	124308.0	124113.0
-1033	124278.0	124721.0
-1032	124286.0	124755.0
-1031	124071.0	124225.0
-1030	124373.0	124361.0
-1029	124911.0	124610.0
-1028	124770.0	124294.0
-1027	124690.0	124088.0
-1026	124869.0	123699.0
-1025	123842.0	124347.0
-1024	124738.0	124595.0
-1023	125043.0	124442.0
-1022	123898.0	124088.0
-1021	124700.0	124936.0
-1020	124860.0	124640.0
-1019	124467.0	124185.0
-1018	124428.0	124288.0
-1017	125303.0	124763.0
-1016	124949.0	124054.0
-1015	124101.0	124702.0
-1014	125222.0	124858.0
-1013	124990.0	124299.0
-1012	125151.0	124377.0
-1011	124914.0	124327.0
-1010	123830.0	123888.0
-1009	124553.0	124550.0
-1008	124917.0	124695.0
-1007	124417.0	124888.0
-1006	124846.0	124490.0
-1005	124783.0	124253.0
-1004	125016.0	124297.0
-1003	125019.0	124391.0
-1002	124822.0	124362.0
-1001	124576.0	123922.0
-1000	124725.0	124507.0
-999	124625.0	124123.0
-998	123904.0	124205.0
-997	124249.0	124205.0
-996	125295.0	125073.0
-995	124147.0	124094.0
-994	124912.0	124216.0
-993	124848.0	124101.0
-992	124549.0	123397.0
-991	124913.0	124406.0
-990	125292.0	124707.0
-989	124924.0	124327.0
-988	124410.0	124692.0
-987	124815.0	124115.0
-986	124528.0	123754.0
-985	124007.0	124999.0
-984	124575.0	124658.0
-983	124603.0	124790.0
-982	124432.0	123976.0
-981	124927.0	123720.0
-980	124397.0	124232.0
-979	125386.0	124497.0
-978	124865.0	124143.0
-977	123890.0	123815.0
-976	124512.0	124832.0
-975	124519.0	124651.0
-974	124170.0	124455.0
-973	124727.0	124144.0
-972	124909.0	124646.0
-971	124311.0	123986.0
-970	124479.0	123955.0
-969	124758.0	124723.0
-968	124417.0	124077.0
-967	124151.0	124672.0
-966	124912.0	124415.0
-965	124592.0	123481.0
-964	124736.0	124470.0
-963	124791.0	124542.0
-962	124428.0	123426.0
-961	123843.0	124388.0
-960	124178.0	124456.0
-959	124294.0	123515.0
-958	124036.0	124669.0
-957	124980.0	124431.0
-956	124042.0	124132.0
-955	125002.0	124129.0
-954	124597.0	123977.0
-953	124138.0	123750.0
-952	124034.0	124382.0
-951	124981.0	123609.0
-950	124125.0	124451.0
-949	124218.0	124284.0
-948	124970.0	124156.0
-947	124760.0	124035.0
-946	124347.0	124513.0
-945	124514.0	124147.0
-944	123934.0	123430.0
-943	124452.0	124371.0
-942	124603.0	124253.0
-941	124301.0	124122.0
-940	124387.0	124193.0
-939	125098.0	124356.0
-938	124429.0	123946.0
-937	124847.0	124469.0
-936	124624.0	123862.0
-935	124608.0	123820.0
-934	124638.0	124278.0
-933	124999.0	124463.0
-932	124581.0	123350.0
-931	124268.0	124856.0
-930	125113.0	124674.0
-929	124193.0	124103.0
-928	124502.0	124655.0
-927	124692.0	123994.0
-926	124195.0	124411.0
-925	124147.0	124832.0
-924	124884.0	124800.0
-923	124379.0	124474.0
-922	124654.0	124362.0
-921	124673.0	123859.0
-920	124475.0	124402.0
-919	124134.0	124690.0
-918	124193.0	124732.0
-917	124725.0	124819.0
-916	124930.0	124922.0
-915	125311.0	124775.0
-914	125449.0	124497.0
-913	124953.0	124375.0
-912	125003.0	124489.0
-911	125143.0	124446.0
-910	125013.0	125587.0
-909	124849.0	124848.0
-908	124675.0	124164.0
-907	124509.0	124292.0
-906	125071.0	124685.0
-905	123922.0	123995.0
-904	124777.0	124944.0
-903	125150.0	124815.0
-902	124393.0	124465.0
-901	124560.0	124385.0
-900	124995.0	124618.0
-899	124837.0	123985.0
-898	125248.0	124153.0
-897	125715.0	125002.0
-896	124815.0	124397.0
-895	124845.0	125306.0
-894	124973.0	125233.0
-893	124186.0	124893.0
-892	124396.0	125213.0
-891	125023.0	124987.0
-890	124917.0	124024.0
-889	124876.0	124738.0
-888	124713.0	124751.0
-887	124786.0	124120.0
-886	125008.0	124985.0
-885	125778.0	124623.0
-884	124536.0	124241.0
-883	125038.0	125019.0
-882	124794.0	125145.0
-881	124630.0	124235.0
-880	124560.0	124559.0
-879	125308.0	124780.0
-878	125029.0	124430.0
-877	124987.0	124392.0
-876	125818.0	124743.0
-875	124965.0	124196.0
-874	124961.0	125108.0
-873	125158.0	124518.0
-872	124823.0	124304.0
-871	125428.0	124771.0
-870	125241.0	124661.0
-869	124748.0	124222.0
-868	125084.0	125093.0
-867	125981.0	125147.0
-866	125319.0	124447.0
-865	125440.0	124533.0
-864	125094.0	125281.0
-863	125109.0	124859.0
-862	124813.0	124485.0
-861	125298.0	125484.0
-860	125008.0	124020.0
-859	125120.0	124683.0
-858	125370.0	124828.0
-857	124993.0	123805.0
-856	124859.0	124840.0
-855	125469.0	124674.0
-854	125692.0	124423.0
-853	125355.0	124442.0
-852	125458.0	124768.0
-851	124778.0	123591.0
-850	124571.0	124796.0
-849	125551.0	124907.0
-848	125143.0	123980.0
-847	124937.0	125073.0
-846	125507.0	124728.0
-845	124886.0	124629.0
-844	125099.0	124784.0
-843	125244.0	124644.0
-842	124942.0	124654.0
-841	124997.0	125431.0
-840	125711.0	124536.0
-839	125030.0	124312.0
-838	125296.0	124658.0
-837	125559.0	124407.0
-836	124865.0	124301.0
-835	124890.0	124594.0
-834	124584.0	124420.0
-833	124869.0	124337.0
-832	124985.0	124798.0
-831	125165.0	124817.0
-830	124687.0	124592.0
-829	124310.0	124384.0
-828	125187.0	124735.0
-827	124905.0	124258.0
-826	125047.0	124722.0
-825	125281.0	124389.0
-824	124636.0	124316.0
-823	124385.0	124887.0
-822	125049.0	124493.0
-821	124269.0	124136.0
-820	124481.0	125228.0
-819	124979.0	124836.0
-818	124870.0	124266.0
-817	124749.0	124326.0
-816	125197.0	124286.0
-815	124530.0	124380.0
-814	124353.0	124372.0
-813	124913.0	124654.0
-812	124434.0	124353.0
-811	124379.0	124584.0
-810	124988.0	124721.0
-809	124246.0	124416.0
-808	124405.0	125066.0
-807	124837.0	124500.0
-806	124741.0	124133.0
-805	124541.0	124733.0
-804	124494.0	124903.0
-803	125211.0	124275.0
-802	124843.0	124671.0
-801	124685.0	124593.0
-800	124748.0	123938.0
-799	124383.0	124541.0
-798	124647.0	125070.0
-797	124593.0	124277.0
-796	124290.0	124920.0
-795	124763.0	124458.0
-794	124407.0	124490.0
-793	124113.0	124759.0
-792	124756.0	125034.0
-791	124544.0	124314.0
-790	124322.0	124556.0
-789	125332.0	125337.0
-788	124604.0	124196.0
-787	123912.0	124663.0
-786	124426.0	124173.0
-785	124408.0	124511.0
-784	124980.0	125437.0
-783	124582.0	124418.0
-782	124452.0	124666.0
-781	124158.0	124590.0
-780	124726.0	124899.0
-779	124300.0	124017.0
-778	124222.0	124459.0
-777	125131.0	124397.0
-776	123869.0	124830.0
-775	124679.0	124674.0
-774	125364.0	124951.0
-773	124745.0	124388.0
-772	124370.0	125571.0
-771	124832.0	125828.0
-770	124669.0	124421.0
-769	124614.0	124853.0
-768	124974.0	124574.0
-767	124937.0	124914.0
-766	124378.0	125145.0
-765	124537.0	124393.0
-764	124715.0	124098.0
-763	124616.0	125444.0
-762	124821.0	125657.0
-761	124996.0	125009.0
-760	125428.0	125221.0
-759	125396.0	125818.0
-758	124734.0	124683.0
-757	124424.0	125684.0
-756	125277.0	125551.0
-755	124751.0	125046.0
-754	124924.0	125478.0
-753	125346.0	125601.0
-752	125245.0	124804.0
-751	124725.0	125659.0
-750	125560.0	124983.0
-749	124559.0	124893.0
-748	124955.0	124903.0
-747	125365.0	124938.0
-746	124936.0	124881.0
-745	125431.0	125929.0
-744	125366.0	125495.0
-743	125525.0	125215.0
-742	125682.0	125717.0
-741	125783.0	125471.0
-740	125388.0	125418.0
-739	125916.0	125434.0
-738	125560.0	125745.0
-737	125310.0	125068.0
-736	125906.0	125166.0
-735	125498.0	125582.0
-734	125526.0	125311.0
-733	125110.0	125842.0
-732	125348.0	125694.0
-731	125119.0	125077.0
-730	125585.0	125059.0
-729	126054.0	125657.0
-728	125459.0	124616.0
-727	125984.0	125643.0
-726	126291.0	124971.0
-725	125342.0	124983.0
-724	125389.0	125581.0
-723	126159.0	126074.0
-722	125426.0	125433.0
-721	125384.0	125540.0
-720	125614.0	125395.0
-719	125654.0	124899.0
-718	125356.0	126066.0
-717	126195.0	125351.0
-716	125681.0	125409.0
-715	125878.0	125714.0
-714	126441.0	125697.0
-713	126381.0	125326.0
-712	125947.0	125641.0
-711	126924.0	124945.0
-710	125700.0	125010.0
-709	125942.0	125549.0
-708	126746.0	125876.0
-707	125428.0	125612.0
-706	125926.0	125388.0
-705	126500.0	125609.0
-704	125857.0	124611.0
-703	125674.0	125154.0
-702	126511.0	124525.0
-701	126147.0	124435.0
-700	125707.0	125339.0
-699	126751.0	125066.0
-698	125826.0	125001.0
-697	125679.0	125145.0
-696	125910.0	125169.0
-695	125890.0	124160.0
-694	125711.0	125102.0
-693	126216.0	125244.0
-692	126821.0	124499.0
-691	126649.0	124924.0
-690	126119.0	125073.0
-689	125920.0	124659.0
-688	125521.0	125813.0
-687	126405.0	125471.0
-686	126536.0	124623.0
-685	125566.0	124576.0
-684	126381.0	124874.0
-683	125815.0	124140.0
-682	126226.0	124966.0
-681	125431.0	125116.0
-680	125939.0	124633.0
-679	125828.0	125615.0
-678	126186.0	125204.0
-677	125451.0	124533.0
-676	125355.0	124590.0
-675	126499.0	124856.0
-674	125938.0	124205.0
-673	125562.0	125110.0
-672	125588.0	124506.0
-671	125482.0	123919.0
-670	125110.0	124871.0
-669	125928.0	124804.0
-668	125143.0	123862.0
-667	125202.0	124872.0
-666	125814.0	124466.0
-665	125090.0	124070.0
-664	125541.0	123899.0
-663	125846.0	124220.0
-662	124936.0	123416.0
-661	124656.0	124374.0
-660	125413.0	124429.0
-659	124808.0	124230.0
-658	125081.0	124044.0
-657	125153.0	124437.0
-656	124567.0	123329.0
-655	124988.0	124672.0
-654	124917.0	124136.0
-653	125004.0	123568.0
-652	124649.0	124412.0
-651	124743.0	123792.0
-650	124763.0	123644.0
-649	124357.0	124610.0
-648	125565.0	124554.0
-647	124178.0	123574.0
-646	124664.0	124349.0
-645	125287.0	124316.0
-644	125103.0	123994.0
-643	123915.0	124709.0
-642	125082.0	125120.0
-641	124399.0	123530.0
-640	124383.0	124211.0
-639	124786.0	124643.0
-638	123853.0	123793.0
-637	124470.0	124143.0
-636	124509.0	124052.0
-635	124145.0	123882.0
-634	123986.0	124546.0
-633	124611.0	124227.0
-632	123849.0	124014.0
-631	123681.0	124335.0
-630	124593.0	124806.0
-629	123290.0	123996.0
-628	123913.0	124862.0
-627	124728.0	124627.0
-626	123460.0	124389.0
-625	123491.0	125165.0
-624	124360.0	124389.0
-623	123670.0	124183.0
-622	123531.0	124826.0
-621	124114.0	124726.0
-620	123773.0	124544.0
-619	123750.0	124493.0
-618	124712.0	125256.0
-617	123722.0	125192.0
-616	122822.0	125904.0
-615	124070.0	125101.0
-614	123262.0	124904.0
-613	123789.0	125974.0
-612	123616.0	125249.0
-611	123629.0	124898.0
-610	123746.0	124993.0
-609	124200.0	124606.0
-608	124167.0	124434.0
-607	123786.0	125597.0
-606	124226.0	125521.0
-605	123840.0	124806.0
-604	123788.0	125478.0
-603	124478.0	125602.0
-602	123376.0	125576.0
-601	123960.0	125642.0
-600	124445.0	125490.0
-599	123591.0	124995.0
-598	124581.0	125932.0
-597	124657.0	125741.0
-596	123879.0	125448.0
-595	124085.0	125480.0
-594	124661.0	126204.0
-593	123329.0	125803.0
-592	124260.0	126188.0
-591	124857.0	125697.0
-590	124110.0	125673.0
-589	124444.0	126270.0
-588	125510.0	126525.0
-587	124536.0	125768.0
-586	124419.0	125889.0
-585	124531.0	126386.0
-584	124126.0	125962.0
-583	124269.0	126797.0
-582	125236.0	127279.0
-581	125205.0	126057.0
-580	124829.0	126397.0
-579	125849.0	126369.0
-578	124911.0	126201.0
-577	125379.0	126698.0
-576	125703.0	126706.0
-575	124955.0	125812.0
-574	125392.0	127160.0
-573	125744.0	126146.0
-572	125578.0	125396.0
-571	125446.0	126282.0
-570	125769.0	126648.0
-569	124901.0	125970.0
-568	125836.0	126868.0
-567	127050.0	126136.0
-566	125844.0	126069.0
-565	126102.0	127224.0
-564	126718.0	126089.0
-563	126053.0	126415.0
-562	126099.0	126659.0
-561	126693.0	126906.0
-560	126142.0	125833.0
-559	126321.0	127297.0
-558	127062.0	126630.0
-557	126130.0	125712.0
-556	125915.0	126977.0
-555	126789.0	126678.0
-554	126632.0	126650.0
-553	126266.0	126678.0
-552	127652.0	126893.0
-551	125889.0	126681.0
-550	126396.0	126900.0
-549	127000.0	127187.0
-548	126770.0	125772.0
-547	127330.0	126986.0
-546	127386.0	126771.0
-545	126703.0	125843.0
-544	127231.0	126642.0
-543	127501.0	127228.0
-542	126883.0	126370.0
-541	126523.0	126456.0
-540	128341.0	126642.0
-539	127333.0	125462.0
-538	126659.0	126696.0
-537	127601.0	126892.0
-536	127147.0	126776.0
-535	126779.0	126357.0
-534	127393.0	125912.0
-533	127536.0	125499.0
-532	126686.0	126406.0
-531	127870.0	126848.0
-530	126820.0	125669.0
-529	126857.0	126133.0
-528	128071.0	126415.0
-527	127200.0	126119.0
-526	126879.0	126186.0
-525	127432.0	125554.0
-524	126816.0	125882.0
-523	127084.0	126155.0
-522	127246.0	126335.0
-521	127375.0	125170.0
-520	126933.0	125563.0
-519	128026.0	125250.0
-518	127295.0	124462.0
-517	126506.0	124532.0
-516	127699.0	124726.0
-515	126903.0	124451.0
-514	127294.0	125535.0
-513	127561.0	125477.0
-512	126617.0	124397.0
-511	126827.0	125184.0
-510	127298.0	124877.0
-509	126523.0	124151.0
-508	126582.0	125273.0
-507	127608.0	126011.0
-506	127588.0	124261.0
-505	126410.0	125154.0
-504	127308.0	125009.0
-503	127050.0	124025.0
-502	126660.0	123990.0
-501	127456.0	124261.0
-500	126559.0	123733.0
-499	126877.0	124570.0
-498	127464.0	124062.0
-497	126409.0	123888.0
-496	125495.0	124548.0
-495	126710.0	123861.0
-494	125895.0	122848.0
-493	125554.0	124496.0
-492	127086.0	124302.0
-491	125577.0	123383.0
-490	126053.0	123958.0
-489	126377.0	124023.0
-488	126115.0	122466.0
-487	125590.0	123722.0
-486	126506.0	123281.0
-485	125337.0	122998.0
-484	124994.0	124116.0
-483	126329.0	124099.0
-482	125157.0	123356.0
-481	124770.0	124305.0
-480	125677.0	123711.0
-479	124981.0	122890.0
-478	124707.0	123617.0
-477	124801.0	122707.0
-476	124471.0	123123.0
-475	124393.0	123640.0
-474	125749.0	123163.0
-473	124323.0	122707.0
-472	124529.0	123221.0
-471	124779.0	122849.0
-470	123321.0	122814.0
-469	123141.0	123354.0
-468	124943.0	123338.0
-467	124409.0	123316.0
-466	124021.0	123383.0
-465	124931.0	122840.0
-464	123599.0	122972.0
-463	123208.0	123110.0
-462	124595.0	123115.0
-461	123188.0	123145.0
-460	123119.0	123283.0
-459	123826.0	123785.0
-458	122269.0	122765.0
-457	123507.0	123659.0
-456	123788.0	123975.0
-455	123266.0	123110.0
-454	123080.0	123873.0
-453	123261.0	124574.0
-452	122832.0	123160.0
-451	122596.0	124350.0
-450	123707.0	124853.0
-449	122839.0	123402.0
-448	122038.0	124779.0
-447	123488.0	124800.0
-446	122194.0	123674.0
-445	122119.0	124849.0
-444	123354.0	125066.0
-443	122556.0	124031.0
-442	122429.0	125363.0
-441	123192.0	125081.0
-440	121627.0	124081.0
-439	122622.0	125065.0
-438	123573.0	125294.0
-437	122544.0	124186.0
-436	122466.0	124983.0
-435	123380.0	125314.0
-434	122270.0	124612.0
-433	122951.0	125809.0
-432	123075.0	125443.0
-431	122210.0	125062.0
-430	122579.0	126431.0
-429	123322.0	125805.0
-428	122415.0	124908.0
-427	123307.0	126030.0
-426	123847.0	125991.0
-425	122588.0	125602.0
-424	123024.0	126729.0
-423	123919.0	126162.0
-422	123287.0	125604.0
-421	122772.0	126093.0
-420	123914.0	127030.0
-419	123175.0	126496.0
-418	122632.0	127673.0
-417	124107.0	127017.0
-416	123577.0	126731.0
-415	123499.0	127444.0
-414	124676.0	127669.0
-413	123974.0	126679.0
-412	123052.0	126867.0
-411	124569.0	127736.0
-410	124030.0	126924.0
-409	124021.0	127884.0
-408	125845.0	127290.0
-407	124272.0	126365.0
-406	124300.0	127720.0
-405	125424.0	127586.0
-404	124689.0	126496.0
-403	125303.0	128234.0
-402	125675.0	128083.0
-401	124666.0	127338.0
-400	125301.0	127932.0
-399	125975.0	127986.0
-398	125344.0	128225.0
-397	126083.0	128794.0
-396	126733.0	128278.0
-395	126086.0	127688.0
-394	126447.0	128693.0
-393	127454.0	129135.0
-392	125630.0	127890.0
-391	126734.0	129025.0
-390	128138.0	128779.0
-389	126759.0	127259.0
-388	126733.0	128693.0
-387	127395.0	129009.0
-386	126938.0	127863.0
-385	127394.0	129120.0
-384	128555.0	128888.0
-383	127458.0	128198.0
-382	127394.0	128653.0
-381	128553.0	129453.0
-380	127512.0	128110.0
-379	127829.0	128921.0
-378	129118.0	128885.0
-377	127486.0	128125.0
-376	128415.0	128368.0
-375	129318.0	128736.0
-374	129010.0	127794.0
-373	128838.0	128438.0
-372	129803.0	128078.0
-371	128898.0	127178.0
-370	129059.0	128646.0
-369	130422.0	128097.0
-368	129800.0	127287.0
-367	129673.0	128038.0
-366	130762.0	128129.0
-365	129139.0	127206.0
-364	129692.0	128445.0
-363	130594.0	127769.0
-362	129553.0	126974.0
-361	129798.0	128194.0
-360	130450.0	127740.0
-359	129962.0	127072.0
-358	129746.0	127979.0
-357	130624.0	127734.0
-356	130262.0	126653.0
-355	130551.0	127137.0
-354	131566.0	126796.0
-353	129696.0	125461.0
-352	129837.0	126996.0
-351	131242.0	126792.0
-350	129949.0	126033.0
-349	129591.0	127407.0
-348	131383.0	126928.0
-347	129914.0	125358.0
-346	129562.0	126342.0
-345	131135.0	126348.0
-344	129228.0	125009.0
-343	129612.0	126002.0
-342	131431.0	125963.0
-341	129623.0	125323.0
-340	129714.0	126284.0
-339	131078.0	125272.0
-338	129277.0	124212.0
-337	128765.0	125186.0
-336	130313.0	125532.0
-335	129244.0	124086.0
-334	129224.0	125439.0
-333	130669.0	124506.0
-332	128781.0	123646.0
-331	129318.0	125088.0
-330	130321.0	124184.0
-329	128795.0	122752.0
-328	128761.0	124696.0
-327	129591.0	124421.0
-326	128054.0	123165.0
-325	128410.0	124512.0
-324	129099.0	124113.0
-323	127536.0	122855.0
-322	127719.0	123585.0
-321	128900.0	124020.0
-320	128011.0	121890.0
-319	127473.0	123176.0
-318	129059.0	123372.0
-317	127356.0	121980.0
-316	126948.0	123811.0
-315	127750.0	123182.0
-314	126505.0	122264.0
-313	126654.0	123101.0
-312	127116.0	123393.0
-311	126195.0	121818.0
-310	125474.0	122598.0
-309	127446.0	122630.0
-308	125584.0	121376.0
-307	125324.0	122769.0
-306	126948.0	122657.0
-305	125489.0	121328.0
-304	125421.0	122715.0
-303	126900.0	122573.0
-302	125214.0	120786.0
-301	124967.0	122331.0
-300	126117.0	122669.0
-299	124057.0	121244.0
-298	124549.0	122260.0
-297	125333.0	122840.0
-296	123866.0	121176.0
-295	124107.0	122516.0
-294	124898.0	122673.0
-293	123602.0	121398.0
-292	123300.0	123052.0
-291	124634.0	122836.0
-290	123487.0	121267.0
-289	122789.0	122211.0
-288	124589.0	121970.0
-287	122821.0	121208.0
-286	122473.0	122904.0
-285	123593.0	122451.0
-284	122333.0	121246.0
-283	122248.0	123344.0
-282	123628.0	122664.0
-281	122697.0	121938.0
-280	121994.0	122771.0
-279	123200.0	123002.0
-278	122145.0	121813.0
-277	121600.0	122755.0
-276	122591.0	122999.0
-275	121554.0	122020.0
-274	121746.0	123303.0
-273	123329.0	123432.0
-272	121434.0	122803.0
-271	121335.0	123884.0
-270	122521.0	123981.0
-269	121137.0	122997.0
-268	121743.0	124198.0
-267	122489.0	124641.0
-266	121239.0	122909.0
-265	121801.0	124023.0
-264	123034.0	124027.0
-263	121353.0	123727.0
-262	120954.0	125222.0
-261	122243.0	123987.0
-260	121711.0	124196.0
-259	121326.0	125863.0
-258	122715.0	125445.0
-257	121379.0	124076.0
-256	121460.0	125602.0
-255	122175.0	126017.0
-254	121622.0	124649.0
-253	121287.0	125703.0
-252	123120.0	126492.0
-251	121685.0	125900.0
-250	121530.0	127064.0
-249	122952.0	127174.0
-248	121695.0	126345.0
-247	122461.0	127145.0
-246	123445.0	127791.0
-245	122284.0	126258.0
-244	122616.0	128431.0
-243	123987.0	128200.0
-242	122616.0	126716.0
-241	122857.0	128449.0
-240	124044.0	128428.0
-239	123032.0	127134.0
-238	122947.0	129142.0
-237	124974.0	129472.0
-236	123284.0	127792.0
-235	123671.0	129531.0
-234	124710.0	129635.0
-233	124271.0	128420.0
-232	124483.0	129920.0
-231	125943.0	129996.0
-230	124476.0	128602.0
-229	124604.0	130182.0
-228	126207.0	130020.0
-227	125248.0	128824.0
-226	126143.0	130384.0
-225	127544.0	130767.0
-224	125503.0	129185.0
-223	126603.0	130735.0
-222	127990.0	131077.0
-221	126880.0	129776.0
-220	127165.0	131766.0
-219	128611.0	131646.0
-218	126718.0	130451.0
-217	127393.0	131921.0
-216	129783.0	131413.0
-215	128299.0	129991.0
-214	128761.0	132086.0
-213	130604.0	132100.0
-212	129227.0	130466.0
-211	129595.0	131649.0
-210	131468.0	132290.0
-209	129882.0	130831.0
-208	129746.0	132221.0
-207	132492.0	131863.0
-206	130436.0	129901.0
-205	131084.0	131460.0
-204	132278.0	131730.0
-203	131224.0	129632.0
-202	132021.0	132179.0
-201	133596.0	132093.0
-200	131933.0	130673.0
-199	132520.0	131891.0
-198	134657.0	131603.0
-197	132724.0	129537.0
-196	132611.0	131567.0
-195	134606.0	131805.0
-194	132323.0	129824.0
-193	133118.0	131386.0
-192	135194.0	131646.0
-191	133674.0	129516.0
-190	134593.0	131122.0
-189	136071.0	131093.0
-188	134542.0	129259.0
-187	134537.0	130819.0
-186	135824.0	130437.0
-185	134322.0	128319.0
-184	134472.0	130246.0
-183	136240.0	130001.0
-182	135092.0	128058.0
-181	134603.0	129900.0
-180	136595.0	129618.0
-179	134609.0	127338.0
-178	134213.0	128392.0
-177	137460.0	128726.0
-176	134826.0	127287.0
-175	134215.0	128313.0
-174	136166.0	128461.0
-173	135101.0	126374.0
-172	134567.0	128317.0
-171	136551.0	127914.0
-170	134656.0	125892.0
-169	134047.0	127424.0
-168	136303.0	127254.0
-167	134312.0	125615.0
-166	134193.0	126928.0
-165	135805.0	126487.0
-164	133604.0	124628.0
-163	134009.0	126493.0
-162	136218.0	126282.0
-161	132985.0	124648.0
-160	133458.0	126361.0
-159	134620.0	126749.0
-158	132106.0	124315.0
-157	131612.0	125584.0
-156	134678.0	125619.0
-155	132476.0	122578.0
-154	132054.0	125019.0
-153	134263.0	124478.0
-152	132063.0	122727.0
-151	132043.0	124044.0
-150	133600.0	123538.0
-149	131307.0	121746.0
-148	130094.0	123706.0
-147	132191.0	124012.0
-146	129894.0	122101.0
-145	129329.0	123226.0
-144	132298.0	124323.0
-143	130192.0	121690.0
-142	129652.0	123120.0
-141	131644.0	122782.0
-140	128099.0	121131.0
-139	127638.0	123484.0
-138	129586.0	122585.0
-137	126671.0	120276.0
-136	126176.0	123221.0
-135	128517.0	122728.0
-134	126229.0	120633.0
-133	126700.0	121810.0
-132	129182.0	122492.0
-131	127452.0	120553.0
-130	125656.0	122230.0
-129	127503.0	122179.0
-128	124738.0	120649.0
-127	124070.0	122529.0
-126	126127.0	122313.0
-125	123799.0	120545.0
-124	124367.0	121761.0
-123	127533.0	121729.0
-122	125851.0	119406.0
-121	125090.0	121513.0
-120	126890.0	122042.0
-119	123820.0	119927.0
-118	122731.0	122615.0
-117	124378.0	122839.0
-116	122415.0	120995.0
-115	122690.0	122369.0
-114	125658.0	122161.0
-113	123518.0	120287.0
-112	124166.0	121901.0
-111	126600.0	121698.0
-110	124004.0	120275.0
-109	123714.0	122175.0
-108	125301.0	122894.0
-107	122255.0	120678.0
-106	121922.0	123221.0
-105	124217.0	123274.0
-104	122257.0	121179.0
-103	122919.0	123428.0
-102	126183.0	122847.0
-101	123819.0	120893.0
-100	124274.0	123571.0
-99	126413.0	123166.0
-98	123533.0	120977.0
-97	122834.0	123653.0
-96	124711.0	124064.0
-95	122537.0	122343.0
-94	122803.0	124651.0
-93	125533.0	124190.0
-92	124349.0	122048.0
-91	124016.0	124391.0
-90	126441.0	124659.0
-89	124314.0	122242.0
-88	123666.0	124958.0
-87	126137.0	125638.0
-86	123736.0	123827.0
-85	122566.0	126323.0
-84	125522.0	126128.0
-83	123166.0	123757.0
-82	123784.0	126143.0
-81	125856.0	126259.0
-80	122972.0	124237.0
-79	123714.0	126867.0
-78	126746.0	127247.0
-77	124413.0	125118.0
-76	124576.0	128190.0
-75	127375.0	128174.0
-74	124437.0	125452.0
-73	124712.0	128988.0
-72	127354.0	128722.0
-71	125175.0	126071.0
-70	125940.0	128581.0
-69	128726.0	129670.0
-68	126369.0	126860.0
-67	125805.0	130554.0
-66	128282.0	130952.0
-65	126295.0	128798.0
-64	126338.0	131623.0
-63	129296.0	131765.0
-62	126662.0	129363.0
-61	127026.0	132313.0
-60	130213.0	133332.0
-59	127775.0	130002.0
-58	127332.0	133263.0
-57	130688.0	133680.0
-56	127173.0	131358.0
-55	127607.0	134213.0
-54	131106.0	134560.0
-53	129748.0	131547.0
-52	130261.0	135245.0
-51	133407.0	134898.0
-50	130820.0	132407.0
-49	131054.0	136080.0
-48	133982.0	135814.0
-47	131517.0	133261.0
-46	131356.0	137021.0
-45	134423.0	137095.0
-44	131212.0	134113.0
-43	131965.0	137058.0
-42	136990.0	137030.0
-41	134401.0	134409.0
-40	135614.0	137840.0
-39	139599.0	137813.0
-38	135727.0	135108.0
-37	136702.0	138502.0
-36	139355.0	139059.0
-35	136113.0	135623.0
-34	136170.0	138832.0
-33	140161.0	138597.0
-32	137996.0	135393.0
-31	139742.0	139365.0
-30	145154.0	139158.0
-29	141697.0	135682.0
-28	141936.0	138911.0
-27	145089.0	139592.0
-26	141303.0	136622.0
-25	140902.0	139763.0
-24	144201.0	140257.0
-23	140487.0	136058.0
-22	140771.0	140675.0
-21	146145.0	141373.0
-20	143792.0	137830.0
-19	145705.0	142078.0
-18	148992.0	142664.0
-17	145472.0	138913.0
-16	144800.0	142693.0
-15	147569.0	142739.0
-14	144013.0	139930.0
-13	145000.0	143968.0
-12	151455.0	144614.0
-11	147736.0	140124.0
-10	147914.0	145047.0
-9	154130.0	147583.0
-8	149885.0	146758.0
-7	146845.0	155011.0
-6	148090.0	156939.0
-5	138899.0	152812.0
-4	136325.0	155798.0
-3	153969.0	163820.0
-2	169193.0	152128.0
-1	256478.0	146632.0
0	2236.0	104397.0
1	257206.0	27959.0
2	168340.0	60834.0
3	153456.0	86105.0
4	135824.0	115374.0
5	138455.0	131666.0
6	146794.0	126184.0
7	147012.0	113029.0
8	149082.0	114921.0
9	153570.0	113927.0
10	148512.0	111489.0
11	147918.0	115909.0
12	150525.0	119164.0
13	143915.0	116225.0
14	143514.0	121517.0
15	147544.0	122604.0
16	144637.0	119929.0
17	144884.0	122132.0
18	149183.0	122580.0
19	144296.0	118511.0
20	143374.0	122269.0
21	145505.0	123961.0
22	140281.0	123499.0
23	140707.0	128194.0
24	144184.0	129247.0
25	139993.0	125373.0
26	141472.0	126544.0
27	145313.0	125631.0
28	141667.0	121488.0
29	141620.0	123935.0
30	144168.0	123805.0
31	139830.0	120806.0
32	138149.0	125699.0
33	140381.0	126931.0
34	136314.0	124771.0
35	135416.0	128851.0
36	139090.0	128673.0
37	135866.0	124874.0
38	136797.0	126293.0
39	139793.0	125251.0
40	135902.0	122055.0
41	134599.0	125228.0
42	136465.0	126304.0
43	131883.0	125563.0
44	131464.0	129536.0
45	133421.0	130056.0
46	131262.0	126887.0
47	131715.0	128615.0
48	133834.0	128360.0
49	130723.0	124879.0
50	130282.0	127850.0
51	133592.0	127940.0
52	130039.0	125799.0
53	129171.0	128485.0
54	130384.0	128473.0
55	126697.0	126833.0
56	126808.0	130955.0
57	129547.0	130332.0
58	127192.0	126788.0
59	127640.0	128601.0
60	129672.0	128162.0
61	126063.0	124878.0
62	126032.0	128674.0
63	129151.0	128554.0
64	126563.0	126189.0
65	125535.0	128241.0
66	127961.0	127753.0
67	125502.0	125748.0
68	125571.0	128301.0
69	128430.0	127682.0
70	125803.0	124414.0
71	125194.0	127346.0
72	127275.0	128369.0
73	124022.0	127083.0
74	124808.0	129030.0
75	126884.0	128979.0
76	124437.0	126221.0
77	124351.0	127973.0
78	126303.0	127633.0
79	122989.0	126456.0
80	123592.0	129777.0
81	125953.0	129814.0
82	123521.0	127201.0
83	123124.0	130791.0
84	125186.0	130911.0
85	123022.0	129213.0
86	123464.0	131633.0
87	125870.0	129621.0
88	123512.0	126603.0
89	123736.0	128454.0
90	126625.0	128278.0
91	123731.0	126472.0
92	123335.0	130641.0
93	124906.0	132026.0
94	122256.0	131318.0
95	122134.0	134522.0
96	124925.0	134582.0
97	123000.0	131731.0
98	123258.0	133853.0
99	125953.0	133586.0
100	123918.0	129946.0
101	123716.0	131940.0
102	125636.0	132186.0
103	122545.0	132010.0
104	121966.0	135495.0
105	123783.0	137474.0
106	121461.0	137319.0
107	122478.0	139386.0
108	124610.0	138925.0
109	123841.0	135038.0
110	124342.0	136833.0
111	126107.0	137006.0
112	123897.0	135203.0
113	123260.0	138560.0
114	125468.0	141202.0
115	122005.0	139368.0
116	122120.0	144321.0
117	124658.0	145575.0
118	123241.0	143280.0
119	124021.0	145203.0
120	127031.0	144503.0
121	125659.0	141340.0
122	125149.0	143818.0
123	126954.0	144295.0
124	124354.0	143409.0
125	124012.0	147459.0
126	126126.0	149728.0
127	123864.0	147914.0
128	124520.0	151110.0
129	127963.0	149586.0
130	126361.0	146198.0
131	126559.0	147988.0
132	129302.0	147555.0
133	126252.0	146930.0
134	126421.0	150544.0
135	128373.0	152323.0
136	126060.0	150710.0
137	126440.0	153832.0
138	128780.0	154785.0
139	127048.0	151207.0
140	128517.0	153279.0
141	131183.0	151687.0
142	128895.0	149887.0
143	129787.0	152292.0
144	132167.0	152911.0
145	130252.0	150797.0
146	130519.0	153349.0
147	132631.0	152734.0
148	130874.0	149749.0
149	130622.0	152141.0
150	133603.0	152287.0
151	131523.0	149815.0
152	132045.0	151013.0
153	134148.0	150880.0
154	131837.0	148439.0
155	132636.0	150827.0
156	134845.0	150001.0
157	132767.0	146831.0
158	132917.0	149120.0
159	134700.0	148698.0
160	132998.0	145771.0
161	133701.0	147076.0
162	135728.0	147037.0
163	134087.0	145106.0
164	133919.0	146344.0
165	136416.0	146172.0
166	133348.0	142722.0
167	134732.0	145331.0
168	136321.0	143815.0
169	134207.0	142103.0
170	134831.0	143507.0
171	136481.0	143249.0
172	134685.0	140632.0
173	134649.0	142208.0
174	136523.0	141634.0
175	134172.0	139842.0
176	134448.0	140162.0
177	137178.0	140533.0
178	134204.0	137902.0
179	134512.0	139243.0
180	137128.0	138664.0
181	134702.0	136194.0
182	134358.0	137745.0
183	136501.0	137142.0
184	134973.0	135154.0
185	134129.0	137455.0
186	136402.0	136158.0
187	134081.0	134219.0
188	133940.0	135984.0
189	135881.0	135278.0
190	133719.0	132690.0
191	134180.0	134163.0
192	134687.0	133449.0
193	133524.0	131479.0
194	133398.0	132327.0
195	135299.0	132558.0
196	132120.0	130487.0
197	132764.0	131560.0
198	134635.0	131053.0
199	131935.0	128928.0
200	132313.0	130398.0
201	133469.0	130359.0
202	131711.0	128594.0
203	131238.0	129962.0
204	132908.0	129058.0
205	131001.0	127866.0
206	130712.0	129042.0
207	131716.0	128928.0
208	129883.0	126978.0
209	129973.0	128373.0
210	130912.0	127598.0
211	129092.0	125848.0
212	128904.0	127479.0
213	130059.0	127585.0
214	128311.0	126165.0
215	127474.0	127399.0
216	129689.0	126734.0
217	127358.0	124840.0
218	127362.0	126622.0
219	128896.0	125829.0
220	127196.0	124187.0
221	126714.0	126177.0
222	128106.0	126116.0
223	126327.0	125088.0
224	126105.0	125984.0
225	126900.0	125400.0
226	125426.0	124580.0
227	125514.0	125924.0
228	126817.0	125403.0
229	125782.0	124180.0
230	124336.0	125591.0
231	125519.0	125957.0
232	124214.0	124443.0
233	123121.0	125342.0
234	124698.0	125611.0
235	123560.0	124275.0
236	123136.0	125664.0
237	124755.0	125260.0
238	123332.0	124868.0
239	122852.0	126284.0
240	123661.0	125824.0
241	121653.0	124275.0
242	122433.0	126008.0
243	123818.0	126204.0
244	122229.0	125018.0
245	121901.0	126495.0
246	123207.0	126392.0
247	122048.0	125446.0
248	121570.0	126348.0
249	123145.0	126767.0
250	121277.0	125247.0
251	121137.0	126733.0
252	123233.0	126545.0
253	121184.0	126156.0
254	121019.0	127647.0
255	123049.0	127617.0
256	120623.0	126785.0
257	121162.0	127880.0
258	122421.0	127489.0
259	121627.0	126119.0
260	121764.0	127941.0
261	122987.0	127924.0
262	120897.0	127322.0
263	121351.0	128260.0
264	122230.0	128380.0
265	121119.0	127688.0
266	121009.0	128788.0
267	122672.0	129227.0
268	121928.0	128111.0
269	121462.0	129713.0
270	123004.0	129671.0
271	121919.0	128343.0
272	121542.0	129471.0
273	122661.0	130738.0
274	121438.0	128951.0
275	121295.0	130518.0
276	123285.0	131072.0
277	121603.0	129378.0
278	122124.0	131057.0
279	123193.0	131155.0
280	121395.0	130258.0
281	122095.0	131844.0
282	123464.0	131218.0
283	122254.0	130429.0
284	122177.0	131887.0
285	123973.0	132523.0
286	122297.0	131049.0
287	123341.0	133254.0
288	124417.0	132433.0
289	123087.0	131342.0
290	122477.0	133248.0
291	124313.0	133465.0
292	123458.0	132720.0
293	123427.0	133658.0
294	124954.0	134044.0
295	123178.0	132632.0
296	123604.0	134407.0
297	125263.0	133806.0
298	124578.0	133402.0
299	124820.0	134449.0
300	125780.0	134064.0
301	124250.0	133289.0
302	124927.0	134312.0
303	126179.0	134303.0
304	124467.0	133257.0
305	126022.0	135290.0
306	126657.0	135132.0
307	125315.0	134058.0
308	125184.0	135876.0
309	126842.0	135196.0
310	126283.0	133609.0
311	126322.0	135470.0
312	127925.0	135801.0
313	126988.0	134886.0
314	126921.0	135611.0
315	128158.0	135269.0
316	127139.0	134159.0
317	127125.0	135070.0
318	128453.0	135284.0
319	127113.0	134261.0
320	127322.0	135939.0
321	128761.0	135524.0
322	127289.0	134075.0
323	128043.0	135720.0
324	129297.0	135505.0
325	127919.0	134271.0
326	128223.0	135815.0
327	129892.0	135676.0
328	128641.0	134385.0
329	128857.0	134740.0
330	130486.0	135341.0
331	128790.0	133222.0
332	128749.0	134864.0
333	131031.0	134295.0
334	129965.0	133204.0
335	129662.0	134132.0
336	130355.0	134166.0
337	128725.0	132612.0
338	129777.0	133805.0
339	130362.0	134014.0
340	129800.0	132283.0
341	129864.0	132472.0
342	130419.0	133026.0
343	130219.0	131811.0
344	130193.0	132702.0
345	131082.0	132878.0
346	129723.0	131896.0
347	130086.0	132872.0
348	131408.0	132120.0
349	130643.0	130483.0
350	130081.0	130986.0
351	131102.0	131095.0
352	130131.0	129515.0
353	130406.0	130414.0
354	131689.0	130269.0
355	130062.0	129306.0
356	129729.0	129978.0
357	130813.0	129728.0
358	129550.0	128377.0
359	129468.0	129241.0
360	130964.0	128841.0
361	129155.0	127849.0
362	130454.0	128627.0
363	130562.0	128230.0
364	129271.0	127122.0
365	129366.0	127517.0
366	130272.0	127968.0
367	128940.0	126664.0
368	129276.0	127335.0
369	130389.0	126690.0
370	128821.0	125242.0
371	128853.0	125819.0
372	129851.0	126458.0
373	128868.0	124764.0
374	128914.0	125841.0
375	129471.0	125572.0
376	128071.0	124727.0
377	128777.0	124850.0
378	129748.0	125214.0
379	128183.0	124313.0
380	127927.0	125071.0
381	129372.0	124845.0
382	127496.0	123578.0
383	127555.0	124030.0
384	128638.0	123965.0
385	126718.0	122901.0
386	126934.0	124094.0
387	127644.0	123406.0
388	127257.0	122877.0
389	126100.0	123392.0
390	127715.0	123161.0
391	126266.0	122053.0
392	125981.0	124066.0
393	127182.0	122714.0
394	126029.0	122035.0
395	125763.0	122691.0
396	126894.0	123066.0
397	125790.0	121679.0
398	125103.0	123260.0
399	126403.0	123310.0
400	125404.0	121942.0
401	125459.0	122978.0
402	125735.0	122842.0
403	124617.0	122655.0
404	124732.0	122929.0
405	125420.0	122805.0
406	124937.0	121573.0
407	124246.0	122387.0
408	125302.0	122608.0
409	124475.0	121887.0
410	124524.0	122733.0
411	124775.0	122450.0
412	123493.0	122051.0
413	123331.0	123244.0
414	124063.0	122994.0
415	123130.0	122207.0
416	123082.0	122409.0
417	123928.0	122677.0
418	123312.0	122901.0
419	122756.0	123641.0
420	123524.0	122818.0
421	122540.0	121883.0
422	123131.0	122948.0
423	123888.0	123072.0
424	122683.0	122445.0
425	122884.0	123694.0
426	123302.0	123760.0
427	122710.0	122783.0
428	122563.0	123543.0
429	123322.0	123720.0
430	122502.0	123002.0
431	122619.0	123607.0
432	122972.0	123864.0
433	122664.0	124251.0
434	122556.0	124049.0
435	123365.0	124656.0
436	122078.0	123768.0
437	122464.0	124858.0
438	123141.0	124399.0
439	122128.0	124129.0
440	122457.0	125158.0
441	123289.0	125369.0
442	121931.0	124712.0
443	122471.0	126003.0
444	123092.0	125424.0
445	121999.0	125250.0
446	122086.0	126460.0
447	123005.0	125960.0
448	122360.0	125606.0
449	122000.0	126218.0
450	122739.0	126441.0
451	122620.0	125624.0
452	122351.0	126327.0
453	123537.0	126470.0
454	122218.0	125878.0
455	122374.0	126749.0
456	123428.0	127033.0
457	122771.0	126421.0
458	123026.0	127598.0
459	123945.0	127796.0
460	123206.0	127099.0
461	123209.0	127662.0
462	123703.0	127949.0
463	123279.0	126810.0
464	123904.0	128350.0
465	124107.0	128466.0
466	124070.0	127738.0
467	123591.0	129114.0
468	124380.0	128660.0
469	123958.0	127829.0
470	124118.0	128120.0
471	125117.0	128691.0
472	124365.0	128403.0
473	124310.0	128531.0
474	124927.0	128874.0
475	123658.0	128150.0
476	123992.0	129563.0
477	125265.0	129643.0
478	124171.0	128548.0
479	124741.0	129250.0
480	125182.0	129737.0
481	125004.0	128971.0
482	125503.0	129785.0
483	125960.0	129252.0
484	125237.0	128282.0
485	125454.0	129069.0
486	126293.0	129229.0
487	125779.0	128896.0
488	125535.0	130142.0
489	126922.0	129248.0
490	125622.0	129364.0
491	126097.0	129584.0
492	126688.0	130084.0
493	125415.0	129040.0
494	126107.0	129396.0
495	126741.0	129890.0
496	126303.0	129149.0
497	126781.0	129613.0
498	127070.0	129503.0
499	126171.0	129096.0
500	126760.0	130204.0
501	127297.0	129089.0
502	126299.0	128946.0
503	126542.0	129382.0
504	127425.0	128802.0
505	127080.0	128289.0
506	126511.0	129281.0
507	127328.0	129234.0
508	126698.0	127994.0
509	126205.0	129100.0
510	128404.0	128708.0
511	127392.0	127412.0
512	126536.0	128937.0
513	127137.0	128537.0
514	127085.0	128310.0
515	126471.0	128610.0
516	127594.0	129038.0
517	127574.0	127801.0
518	127373.0	129264.0
519	128342.0	128604.0
520	127581.0	127305.0
521	127345.0	128364.0
522	127252.0	128180.0
523	126824.0	127373.0
524	126572.0	128104.0
525	127325.0	128218.0
526	126705.0	127112.0
527	126462.0	127311.0
528	127482.0	127602.0
529	126569.0	126557.0
530	126801.0	127307.0
531	127894.0	127547.0
532	126910.0	126831.0
533	127559.0	127117.0
534	127474.0	126896.0
535	126460.0	126181.0
536	126826.0	126410.0
537	127807.0	126005.0
538	126568.0	125574.0
539	126677.0	126297.0
540	127651.0	126451.0
541	127213.0	126144.0
542	126480.0	126525.0
543	127664.0	126066.0
544	126712.0	124903.0
545	126342.0	125770.0
546	127512.0	126191.0
547	126118.0	124922.0
548	126574.0	124881.0
549	126874.0	124906.0
550	126608.0	124758.0
551	126213.0	125542.0
552	127125.0	124686.0
553	125845.0	124038.0
554	126026.0	124660.0
555	126473.0	124757.0
556	126075.0	124015.0
557	125958.0	124689.0
558	126251.0	124606.0
559	126272.0	122574.0
560	125370.0	124669.0
561	126474.0	124736.0
562	126305.0	123590.0
563	124968.0	124211.0
564	126442.0	123583.0
565	125631.0	123081.0
566	125401.0	124146.0
567	125932.0	124288.0
568	125094.0	122479.0
569	124943.0	123880.0
570	125088.0	122868.0
571	125196.0	123178.0
572	125100.0	123368.0
573	125844.0	123322.0
574	125466.0	123029.0
575	124931.0	123589.0
576	125640.0	123779.0
577	124951.0	122835.0
578	125112.0	123914.0
579	125421.0	123518.0
580	124649.0	122734.0
581	124383.0	123034.0
582	125322.0	123253.0
583	124482.0	122810.0
584	124629.0	123546.0
585	125241.0	122803.0
586	124902.0	122473.0
587	124706.0	123190.0
588	124842.0	123765.0
589	124176.0	122724.0
590	123925.0	123406.0
591	124668.0	123458.0
592	124363.0	123173.0
593	124796.0	123492.0
594	124881.0	123523.0
595	123810.0	122697.0
596	124098.0	123392.0
597	124104.0	123564.0
598	123844.0	123418.0
599	123638.0	123914.0
600	124394.0	124326.0
601	123305.0	123677.0
602	123583.0	124036.0
603	124741.0	123339.0
604	124025.0	123318.0
605	123652.0	124359.0
606	124545.0	123860.0
607	123677.0	123977.0
608	122998.0	124148.0
609	124164.0	124090.0
610	123471.0	123327.0
611	123808.0	124870.0
612	124783.0	123567.0
613	123678.0	124124.0
614	123174.0	124329.0
615	124069.0	124937.0
616	122777.0	124732.0
617	123165.0	124935.0
618	123798.0	124351.0
619	123517.0	124553.0
620	123395.0	124851.0
621	124430.0	125034.0
622	124142.0	124650.0
623	123172.0	125057.0
624	124499.0	124813.0
625	123552.0	124511.0
626	123431.0	125747.0
627	124244.0	125731.0
628	123414.0	124990.0
629	123527.0	125486.0
630	124774.0	125574.0
631	123856.0	125461.0
632	123622.0	125534.0
633	124649.0	126141.0
634	123533.0	125749.0
635	124030.0	126129.0
636	124763.0	126366.0
637	123925.0	125583.0
638	123961.0	126683.0
639	124726.0	126056.0
640	124034.0	125910.0
641	124172.0	126518.0
642	125141.0	125789.0
643	124657.0	126014.0
644	124435.0	126508.0
645	124720.0	126611.0
646	124616.0	125759.0
647	124062.0	126985.0
648	125194.0	126703.0
649	124104.0	126145.0
650	124426.0	126157.0
651	124789.0	126409.0
652	124877.0	126238.0
653	124388.0	127645.0
654	125657.0	126892.0
655	124618.0	126394.0
656	125561.0	127296.0
657	125431.0	126615.0
658	124915.0	126248.0
659	124585.0	126714.0
660	125193.0	126761.0
661	125225.0	126426.0
662	125281.0	127206.0
663	125330.0	126570.0
664	125445.0	126231.0
665	125570.0	126671.0
666	125794.0	126301.0
667	125184.0	125993.0
668	124946.0	127392.0
669	126386.0	126368.0
670	126049.0	125974.0
671	125642.0	127032.0
672	126420.0	126175.0
673	125154.0	126356.0
674	125997.0	126625.0
675	126213.0	126633.0
676	125746.0	126298.0
677	125779.0	126889.0
678	125825.0	126751.0
679	125744.0	125971.0
680	125867.0	126975.0
681	126536.0	126322.0
682	125542.0	125637.0
683	125485.0	126227.0
684	125950.0	125990.0
685	125456.0	126255.0
686	125668.0	126651.0
687	126008.0	126929.0
688	125971.0	125620.0
689	125739.0	126388.0
690	125988.0	126248.0
691	125740.0	125644.0
692	125902.0	125986.0
693	126337.0	125735.0
694	125789.0	125410.0
695	125718.0	126078.0
696	126373.0	126664.0
697	125736.0	126268.0
698	125632.0	126361.0
699	126675.0	126173.0
700	125823.0	125633.0
701	125205.0	125709.0
702	126521.0	125310.0
703	125393.0	125309.0
704	125621.0	125710.0
705	126827.0	125797.0
706	126140.0	125495.0
707	126058.0	126043.0
708	125393.0	126111.0
709	125793.0	125688.0
710	125639.0	125627.0
711	126501.0	125785.0
712	125888.0	124756.0
713	125958.0	126024.0
714	126100.0	125398.0
715	125583.0	124602.0
716	125037.0	125045.0
717	126045.0	125957.0
718	125429.0	124964.0
719	125495.0	125058.0
720	125498.0	125068.0
721	125429.0	124577.0
722	125456.0	125199.0
723	126057.0	125517.0
724	125644.0	124822.0
725	125397.0	124698.0
726	125931.0	124646.0
727	125769.0	123934.0
728	125780.0	125372.0
729	125407.0	124908.0
730	125333.0	124465.0
731	125243.0	125128.0
732	125817.0	125171.0
733	124934.0	124527.0
734	125251.0	124220.0
735	125103.0	124713.0
736	125105.0	123691.0
737	124833.0	124805.0
738	125342.0	124344.0
739	124329.0	123689.0
740	124755.0	123773.0
741	125946.0	124298.0
742	124983.0	123083.0
743	124245.0	124903.0
744	125025.0	125066.0
745	124244.0	124163.0
746	124068.0	125273.0
747	125544.0	124482.0
748	125031.0	124018.0
749	124757.0	124629.0
750	125437.0	124626.0
751	125118.0	123476.0
752	125129.0	124274.0
753	125227.0	123960.0
754	124524.0	123844.0
755	124610.0	124662.0
756	124972.0	124228.0
757	124252.0	123574.0
758	125066.0	124065.0
759	125079.0	124525.0
760	123814.0	123792.0
761	124277.0	123910.0
762	124878.0	124296.0
763	124258.0	123944.0
764	124391.0	123928.0
765	125033.0	123831.0
766	124307.0	123224.0
767	123903.0	123402.0
768	125052.0	124333.0
769	124360.0	123325.0
770	124108.0	124750.0
771	124802.0	124232.0
772	124388.0	124011.0
773	123652.0	124827.0
774	125214.0	124423.0
775	124158.0	124341.0
776	124398.0	124459.0
777	125229.0	124420.0
778	124233.0	124156.0
779	124236.0	124351.0
780	124986.0	124158.0
781	124461.0	124223.0
782	124637.0	124640.0
783	124694.0	124931.0
784	124101.0	124463.0
785	124261.0	124670.0
786	125160.0	124961.0
787	124113.0	124594.0
788	123421.0	124670.0
789	124967.0	124776.0
790	124574.0	124097.0
791	124000.0	124188.0
792	124682.0	124530.0
793	124252.0	124575.0
794	123898.0	125078.0
795	124494.0	125241.0
796	124840.0	124546.0
797	123794.0	125034.0
798	124454.0	124652.0
799	124164.0	123893.0
800	124194.0	124619.0
801	124595.0	124857.0
802	124524.0	124644.0
803	124240.0	125200.0
804	124603.0	125160.0
805	124566.0	124996.0
806	123971.0	125177.0
807	125109.0	125109.0
808	123888.0	124571.0
809	124380.0	125118.0
810	124729.0	125093.0
811	124932.0	124929.0
812	124315.0	125382.0
813	124411.0	125154.0
814	124796.0	124367.0
815	124226.0	125321.0
816	124495.0	125436.0
817	124579.0	124660.0
818	124278.0	124843.0
819	125255.0	125488.0
820	124737.0	124629.0
821	124798.0	126084.0
822	124773.0	125848.0
823	124521.0	125773.0
824	124967.0	125621.0
825	125298.0	125983.0
826	124589.0	124791.0
827	124849.0	125108.0
828	125041.0	125468.0
829	124763.0	125251.0
830	124482.0	125525.0
831	125107.0	125527.0
832	124169.0	125459.0
833	124685.0	125897.0
834	125261.0	125336.0
835	125163.0	125170.0
836	124409.0	125399.0
837	124329.0	126179.0
838	124463.0	124954.0
839	124367.0	125701.0
840	124830.0	126145.0
841	125044.0	125374.0
842	124527.0	125900.0
843	125772.0	125673.0
844	125018.0	125763.0
845	124801.0	125255.0
846	125179.0	126067.0
847	124605.0	125586.0
848	124936.0	125640.0
849	125053.0	125552.0
850	125261.0	125326.0
851	124896.0	125879.0
852	124952.0	125351.0
853	125004.0	124925.0
854	124970.0	126036.0
855	125377.0	125505.0
856	124931.0	124880.0
857	125056.0	125850.0
858	124983.0	125162.0
859	124503.0	125055.0
860	125155.0	125297.0
861	125326.0	125043.0
862	124380.0	124615.0
863	124998.0	125260.0
864	124751.0	125198.0
865	124742.0	125257.0
866	124628.0	125392.0
867	125253.0	125872.0
868	124778.0	125127.0
869	124633.0	125556.0
870	125216.0	125221.0
871	125058.0	125254.0
872	125037.0	125539.0
873	125163.0	125314.0
874	124581.0	124681.0
875	124610.0	124451.0
876	125180.0	126025.0
877	125143.0	124553.0
878	125144.0	124842.0
879	124772.0	124983.0
880	124968.0	124712.0
881	124602.0	125668.0
882	124942.0	125595.0
883	124443.0	125052.0
884	124553.0	125403.0
885	125436.0	124039.0
886	125422.0	124363.0
887	125383.0	124617.0
888	125369.0	124792.0
889	125033.0	124398.0
890	124842.0	124863.0
891	124573.0	125434.0
892	124649.0	124749.0
893	125084.0	124747.0
894	124679.0	124748.0
895	123953.0	124352.0
896	124521.0	124511.0
897	124953.0	124344.0
898	123992.0	124730.0
899	124894.0	124604.0
900	124483.0	124966.0
901	125136.0	123917.0
902	124414.0	125297.0
903	125032.0	124948.0
904	124158.0	124034.0
905	124804.0	124397.0
906	124149.0	125008.0
907	124536.0	124099.0
908	124498.0	125169.0
909	124683.0	124765.0
910	124866.0	124973.0
911	124606.0	124420.0
912	123858.0	124883.0
913	124861.0	124691.0
914	124360.0	124453.0
915	124943.0	124396.0
916	123496.0	124208.0
917	124462.0	124347.0
918	124642.0	124816.0
919	124177.0	124778.0
920	124461.0	124616.0
921	124467.0	124464.0
922	124060.0	123911.0
923	124147.0	124766.0
924	124856.0	123946.0
925	124327.0	124419.0
926	124127.0	125161.0
927	124778.0	124512.0
928	124337.0	123924.0
929	123968.0	125182.0
930	124780.0	124965.0
931	123657.0	124036.0
932	123477.0	124374.0
933	124721.0	124948.0
934	124206.0	124228.0
935	123933.0	124339.0
936	124676.0	124486.0
937	123681.0	124512.0
938	124105.0	124923.0
939	124693.0	124320.0
940	124417.0	124227.0
941	123991.0	125029.0
942	124338.0	124303.0
943	124515.0	124646.0
944	123504.0	124477.0
945	124531.0	124915.0
946	124158.0	124722.0
947	123965.0	124817.0
948	124041.0	124710.0
949	123897.0	124491.0
950	124518.0	125022.0
951	124968.0	124821.0
952	124630.0	124370.0
953	124126.0	124466.0
954	124798.0	124980.0
955	124024.0	124477.0
956	123680.0	124512.0
957	124067.0	124376.0
958	124375.0	124539.0
959	123743.0	124929.0
960	124007.0	124675.0
961	123709.0	124692.0
962	124392.0	124809.0
963	124572.0	124610.0
964	124212.0	124168.0
965	123856.0	124828.0
966	124531.0	124950.0
967	124226.0	124002.0
968	124461.0	124632.0
969	124551.0	124656.0
970	124085.0	124620.0
971	123951.0	125139.0
972	124239.0	124906.0
973	124265.0	125105.0
974	124558.0	124824.0
975	124674.0	125570.0
976	124449.0	124014.0
977	123499.0	124313.0
978	124619.0	125321.0
979	124048.0	124842.0
980	125292.0	124541.0
981	125087.0	124452.0
982	123828.0	125146.0
983	124246.0	124720.0
984	124869.0	124726.0
985	124500.0	124846.0
986	123979.0	124785.0
987	124610.0	124791.0
988	124204.0	124476.0
989	124250.0	124797.0
990	124609.0	124804.0
991	124149.0	124373.0
992	124096.0	125207.0
993	124660.0	124497.0
994	124206.0	124224.0
995	124349.0	124734.0
996	125053.0	124718.0
997	124627.0	124804.0
998	124345.0	124097.0
999	124579.0	125037.0
1000	124467.0	124652.0
1001	124023.0	125082.0
1002	124459.0	124919.0
1003	124378.0	124599.0
1004	124022.0	125084.0
1005	124116.0	125270.0
1006	124113.0	124419.0
1007	123976.0	125258.0
1008	124537.0	124997.0
1009	124175.0	124605.0
1010	124296.0	124886.0
1011	124674.0	124905.0
1012	124043.0	124607.0
1013	124508.0	125057.0
1014	124562.0	125440.0
1015	124137.0	124605.0
1016	124828.0	125189.0
1017	124645.0	124647.0
1018	124086.0	124668.0
1019	124045.0	124346.0
1020	124743.0	124641.0
1021	124142.0	124423.0
1022	124788.0	125064.0
1023	124421.0	124902.0
1024	124542.0	124634.0
1025	124528.0	124434.0
1026	124849.0	125204.0
1027	124020.0	124611.0
1028	124492.0	125186.0
1029	124680.0	125037.0
1030	124899.0	124344.0
1031	124421.0	125084.0
1032	125358.0	125057.0
1033	124892.0	124106.0
1034	124424.0	124652.0
1035	124159.0	124197.0
1036	123962.0	124587.0
1037	123874.0	124105.0
1038	124598.0	124390.0
1039	124656.0	124530.0
1040	124553.0	124876.0
1041	124675.0	124514.0
1042	124247.0	124504.0
1043	124372.0	124923.0
1044	124191.0	124416.0
1045	124189.0	124417.0
1046	124443.0	124659.0
1047	124677.0	124659.0
1048	124262.0	124412.0
1049	123782.0	123911.0
1050	123987.0	124559.0
1051	124045.0	124370.0
1052	123911.0	124384.0
1053	124366.0	124496.0
1054	123517.0	124527.0
1055	124201.0	124767.0
1056	124370.0	124794.0
1057	124051.0	124171.0
1058	124130.0	124508.0
1059	124066.0	124762.0
1060	124056.0	124245.0
1061	123883.0	124161.0
1062	124595.0	124526.0
1063	124314.0	124051.0
1064	123771.0	124075.0
1065	123925.0	124735.0
1066	123945.0	123679.0
1067	123791.0	125195.0
1068	123797.0	124106.0
1069	124062.0	124231.0
1070	124418.0	124271.0
1071	124342.0	124711.0
1072	124119.0	124067.0
1073	124230.0	124433.0
1074	123615.0	125161.0
1075	123056.0	124187.0
1076	123690.0	124914.0
1077	124534.0	124144.0
1078	123911.0	124187.0
1079	123734.0	124190.0
1080	124126.0	124416.0
1081	123484.0	124222.0
1082	123198.0	123916.0
1083	123695.0	123869.0
1084	123484.0	124530.0
1085	123605.0	124511.0
1086	124024.0	124678.0
1087	124066.0	123954.0
1088	123390.0	124102.0
1089	123766.0	124922.0
1090	124102.0	123871.0
1091	124406.0	124365.0
1092	124230.0	124879.0
1093	123492.0	123606.0
1094	124175.0	124218.0
1095	124558.0	124110.0
1096	123930.0	124434.0
1097	124226.0	125033.0
1098	123894.0	124507.0
1099	123458.0	124729.0
1100	124184.0	124011.0
1101	123351.0	124210.0
1102	123588.0	124143.0
1103	124146.0	124284.0
1104	124087.0	124484.0
1105	123214.0	124067.0
1106	124071.0	123928.0
1107	123643.0	123731.0
1108	123568.0	124020.0
1109	123929.0	124503.0
1110	124067.0	124733.0
1111	124029.0	124392.0
1112	124224.0	124147.0
1113	123860.0	124172.0
1114	123409.0	124197.0
1115	124012.0	124311.0
1116	123972.0	124407.0
1117	123558.0	123556.0
1118	123676.0	124163.0
1119	123678.0	124375.0
1120	123366.0	124609.0
1121	124552.0	123702.0
1122	125005.0	124305.0
1123	124442.0	124358.0
1124	124139.0	124617.0
1125	124213.0	123968.0
1126	124485.0	124362.0
1127	124047.0	124753.0
1128	123916.0	123534.0
1129	123889.0	124066.0
1130	124211.0	125052.0
1131	124483.0	124745.0
1132	124537.0	124344.0
1133	124323.0	124539.0
1134	123993.0	125032.0
1135	124392.0	124264.0
1136	123763.0	124425.0
1137	124208.0	124777.0
1138	124206.0	124036.0
1139	124092.0	123798.0
1140	124430.0	124909.0
1141	124227.0	123857.0
1142	124367.0	124648.0
1143	124537.0	124378.0
1144	124181.0	123804.0
1145	123642.0	124526.0
1146	123953.0	124312.0
1147	124128.0	124182.0
1148	123415.0	124694.0
1149	124296.0	124693.0
1150	123632.0	124883.0
1151	124203.0	124449.0
1152	124360.0	124945.0
1153	124380.0	124272.0
1154	123842.0	124880.0
1155	124013.0	124550.0
1156	123529.0	123840.0
1157	124557.0	124152.0
1158	123962.0	124578.0
1159	124506.0	123705.0
1160	124113.0	124623.0
1161	124239.0	124804.0
1162	124164.0	124492.0
1163	124111.0	124316.0
1164	124359.0	124165.0
1165	124368.0	124071.0
1166	123940.0	124452.0
1167	124531.0	125088.0
1168	123979.0	124347.0
1169	124482.0	123878.0
1170	124307.0	124201.0
1171	124399.0	124143.0
1172	124639.0	124691.0
1173	124184.0	124077.0
1174	123035.0	124035.0
1175	123716.0	123935.0
1176	123874.0	123929.0
1177	124080.0	124360.0
1178	124349.0	123832.0
1179	124094.0	124217.0
1180	123597.0	123982.0
1181	123865.0	124774.0
1182	124282.0	124166.0
1183	123911.0	124036.0
1184	124609.0	124737.0
1185	124565.0	124769.0
1186	124023.0	124587.0
1187	124178.0	124105.0
1188	124073.0	123865.0
1189	124611.0	124096.0
1190	124247.0	123830.0
1191	123862.0	123637.0
1192	123968.0	123706.0
1193	123714.0	123535.0
1194	124104.0	124126.0
1195	123644.0	124280.0
1196	123579.0	123801.0
1197	123858.0	124398.0
1198	123943.0	124195.0
1199	124141.0	124312.0
1200	123864.0	124289.0
1201	124554.0	124470.0
1202	124405.0	123658.0
1203	123515.0	123425.0
1204	124081.0	124180.0
1205	123581.0	123805.0
1206	123694.0	123751.0
1207	123327.0	124137.0
1208	123483.0	123778.0
1209	123816.0	124120.0
1210	123704.0	124564.0
1211	124075.0	123754.0
1212	124465.0	124421.0
1213	124015.0	123741.0
1214	123554.0	124164.0
1215	124289.0	123765.0
1216	124009.0	123340.0
1217	123804.0	123584.0
1218	123719.0	123744.0
1219	123645.0	123647.0
1220	123602.0	123726.0
1221	124057.0	123792.0
1222	124095.0	122885.0
1223	123719.0	123891.0
1224	124161.0	123315.0
1225	123878.0	123170.0
1226	123997.0	123816.0
1227	124198.0	123164.0
1228	123020.0	123871.0
1229	123260.0	123290.0
1230	123880.0	124274.0
1231	123274.0	123423.0
1232	123316.0	123639.0
1233	124241.0	123820.0
1234	123277.0	123318.0
1235	124020.0	123463.0
1236	123578.0	124485.0
1237	123678.0	123799.0
1238	123527.0	124247.0
1239	123769.0	123923.0
1240	123610.0	123306.0
1241	123251.0	123315.0
1242	123173.0	123341.0
1243	123724.0	123575.0
1244	123580.0	123753.0
1245	123325.0	123750.0
1246	123397.0	123634.0
1247	123214.0	123650.0
1248	124196.0	123388.0
1249	124117.0	123372.0
1250	123515.0	123905.0
1251	123378.0	123521.0
1252	123334.0	123513.0
1253	123744.0	124294.0
1254	123894.0	123979.0
1255	123150.0	123818.0
1256	122764.0	123740.0
1257	123016.0	123930.0
1258	122890.0	123857.0
1259	123325.0	123627.0
1260	124389.0	123502.0
1261	123892.0	123842.0
1262	123324.0	123707.0
1263	122980.0	123914.0
1264	123287.0	123493.0
1265	123813.0	123642.0
1266	123447.0	124246.0
1267	123143.0	122922.0
1268	122915.0	123482.0
1269	123755.0	124305.0
1270	123315.0	123743.0
1271	123028.0	124162.0
1272	123215.0	124351.0
1273	123032.0	124743.0
1274	123076.0	124620.0
1275	123056.0	123772.0
1276	123272.0	123341.0
1277	123601.0	124430.0
1278	123884.0	123608.0
1279	123653.0	124704.0
1280	123182.0	124482.0
1281	123324.0	124721.0
1282	123362.0	123715.0
1283	123534.0	123753.0
1284	122830.0	123709.0
1285	123188.0	123707.0
1286	123775.0	123608.0
1287	123745.0	123444.0
1288	123525.0	123582.0
1289	123268.0	123783.0
1290	124143.0	124619.0
1291	123469.0	123384.0
1292	123234.0	124017.0
1293	123541.0	123978.0
1294	124120.0	123492.0
1295	123431.0	123457.0
1296	123320.0	124134.0
1297	123590.0	124700.0
1298	123141.0	124605.0
1299	123629.0	123903.0
1300	123341.0	123825.0
1301	123772.0	124169.0
1302	123830.0	123790.0
1303	124457.0	123839.0
1304	123210.0	123960.0
1305	123981.0	124374.0
1306	123107.0	123911.0
1307	123144.0	124087.0
1308	123271.0	124465.0
1309	123401.0	124732.0
1310	123762.0	124111.0
1311	123557.0	124218.0
1312	123880.0	123966.0
1313	123617.0	124264.0
1314	123505.0	124884.0
1315	123818.0	123670.0
1316	123511.0	123730.0
1317	123322.0	123808.0
1318	123034.0	123976.0
1319	123558.0	123709.0
1320	123739.0	124199.0
1321	123682.0	124434.0
1322	124312.0	124164.0
1323	124496.0	124021.0
1324	124481.0	124303.0
1325	123964.0	123814.0
1326	124100.0	124562.0
1327	123419.0	124144.0
1328	123142.0	124398.0
1329	123642.0	124291.0
1330	123471.0	124018.0
1331	123297.0	123712.0
1332	123507.0	123909.0
1333	123707.0	123529.0
1334	123576.0	123358.0
1335	123369.0	123642.0
1336	123815.0	123786.0
1337	123514.0	123903.0
1338	124027.0	123838.0
1339	123036.0	123617.0
1340	123378.0	123684.0
1341	123497.0	123369.0
1342	123764.0	124081.0
1343	122924.0	124576.0
1344	123438.0	124335.0
1345	122367.0	124070.0
1346	123229.0	124013.0
1347	123357.0	124602.0
1348	123463.0	124360.0
1349	123595.0	124347.0
1350	123825.0	123674.0
1351	123707.0	123546.0
1352	123373.0	123387.0
1353	123994.0	123980.0
1354	123531.0	123751.0
1355	123995.0	123653.0
1356	123385.0	124028.0
1357	123822.0	124249.0
1358	124478.0	123981.0
1359	123676.0	124103.0
1360	123263.0	123923.0
1361	123778.0	123962.0
1362	123515.0	123973.0
1363	122998.0	123913.0
1364	123730.0	124411.0
1365	123241.0	124251.0
1366	123654.0	124357.0
1367	123202.0	123792.0
1368	123075.0	123843.0
1369	123623.0	123795.0
1370	124204.0	123302.0
1371	123766.0	124175.0
1372	123262.0	123903.0
1373	123246.0	123737.0
1374	123642.0	123522.0
1375	123493.0	123851.0
1376	123106.0	123636.0
1377	123700.0	123705.0
1378	123267.0	124264.0
1379	123095.0	123525.0
1380	123619.0	123328.0
1381	123117.0	123293.0
1382	123887.0	123743.0
1383	123596.0	123395.0
1384	123966.0	123168.0
1385	123157.0	122846.0
1386	123292.0	123388.0
1387	123017.0	123146.0
1388	122806.0	122944.0
1389	122933.0	123352.0
1390	123017.0	123865.0
1391	123404.0	123615.0
1392	124079.0	123634.0
1393	123974.0	123308.0
1394	123998.0	123003.0
1395	123311.0	123202.0
1396	123372.0	123304.0
1397	123802.0	123664.0
1398	123446.0	123642.0
1399	122760.0	122995.0
1400	123153.0	123314.0
1401	123524.0	123175.0
1402	123360.0	123085.0
1403	122658.0	123133.0
1404	123204.0	122845.0
1405	122348.0	123276.0
1406	123213.0	123086.0
1407	122751.0	123588.0
1408	123568.0	123349.0
1409	123374.0	123895.0
1410	123068.0	123395.0
1411	122727.0	123811.0
1412	123235.0	123883.0
1413	122683.0	122895.0
1414	122779.0	123612.0
1415	122464.0	123430.0
1416	123134.0	123004.0
1417	122831.0	123162.0
1418	122586.0	123830.0
1419	123102.0	123258.0
1420	122801.0	123693.0
1421	123071.0	123192.0
1422	122940.0	123297.0
1423	123459.0	123256.0
1424	123198.0	122903.0
1425	122677.0	123138.0
1426	123034.0	123719.0
1427	123112.0	123634.0
1428	123368.0	123321.0
1429	122978.0	124182.0
1430	122921.0	123312.0
1431	122426.0	123308.0
1432	122912.0	123565.0
1433	123109.0	123321.0
1434	122322.0	123727.0
1435	122742.0	124216.0
1436	122283.0	123441.0
1437	122624.0	123844.0
1438	122288.0	123609.0
1439	122999.0	123686.0
1440	122800.0	123693.0
1441	123161.0	123021.0
1442	122615.0	123588.0
1443	122340.0	123780.0
1444	122646.0	124089.0
1445	122489.0	123661.0
1446	122997.0	123097.0
1447	123575.0	123898.0
1448	123393.0	123443.0
1449	123379.0	123961.0
1450	122793.0	123233.0
1451	123034.0	123759.0
1452	122637.0	123334.0
1453	122804.0	123904.0
1454	122787.0	123313.0
1455	122879.0	123340.0
1456	122808.0	123794.0
1457	123294.0	123405.0
1458	123066.0	123462.0
1459	122607.0	123759.0
1460	123506.0	123753.0
1461	123144.0	123113.0
1462	123056.0	124098.0
1463	123137.0	123820.0
1464	123364.0	123575.0
1465	122645.0	123688.0
1466	122950.0	124415.0
1467	123124.0	123839.0
1468	123155.0	123729.0
1469	122627.0	123779.0
1470	123337.0	124287.0
1471	123141.0	123922.0
1472	123421.0	123310.0
1473	123429.0	122548.0
1474	123557.0	123198.0
1475	122865.0	123080.0
1476	123396.0	123784.0
1477	123347.0	123519.0
1478	123115.0	123936.0
1479	122865.0	123604.0
1480	123302.0	124253.0
1481	122704.0	123147.0
1482	123565.0	123513.0
1483	123460.0	123218.0
1484	123024.0	123334.0
1485	123715.0	123745.0
1486	123165.0	124381.0
1487	122915.0	123809.0
1488	122998.0	123110.0
1489	123345.0	123895.0
1490	123572.0	124044.0
1491	123488.0	123974.0
1492	122686.0	123498.0
1493	122721.0	123544.0
1494	122941.0	123758.0
1495	122895.0	123734.0
1496	123106.0	124176.0
1497	123051.0	123819.0
1498	122904.0	123635.0
1499	122779.0	122862.0
1500	123604.0	123626.0
1501	122965.0	123048.0
1502	122516.0	123034.0
1503	122719.0	123831.0
1504	122638.0	123465.0
1505	123527.0	123960.0
1506	123278.0	124018.0
1507	123649.0	123749.0
1508	122549.0	123314.0
1509	123630.0	123831.0
1510	123236.0	123459.0
1511	123468.0	123417.0
1512	122545.0	123273.0
1513	122879.0	123105.0
1514	122792.0	123228.0
1515	123009.0	123533.0
1516	122902.0	122905.0
1517	122908.0	123969.0
1518	123183.0	123427.0
1519	122903.0	123580.0
1520	123535.0	122732.0
1521	122950.0	123207.0
1522	123676.0	123644.0
1523	123260.0	123304.0
1524	123450.0	122877.0
1525	122975.0	122957.0
1526	123116.0	123113.0
1527	123205.0	123734.0
1528	122584.0	122809.0
1529	122558.0	123985.0
1530	123249.0	123445.0
1531	122576.0	123389.0
1532	123011.0	122920.0
1533	123347.0	123703.0
1534	123166.0	122821.0
1535	123112.0	123449.0
1536	123124.0	123655.0
1537	123189.0	123326.0
1538	123168.0	123163.0
1539	123010.0	123633.0
1540	123050.0	123488.0
1541	122928.0	123393.0
1542	122963.0	123757.0
1543	123618.0	123784.0
1544	122838.0	123520.0
1545	122751.0	122946.0
1546	122556.0	123248.0
1547	123039.0	123357.0
1548	122471.0	123057.0
1549	122934.0	123065.0
1550	123191.0	123426.0
1551	122748.0	123240.0
1552	122598.0	122755.0
1553	122965.0	122800.0
1554	122448.0	123208.0
1555	122892.0	123122.0
1556	122340.0	122843.0
1557	122981.0	122462.0
1558	123014.0	123441.0
1559	122918.0	123619.0
1560	122965.0	123309.0
1561	122979.0	123394.0
1562	123355.0	123464.0
1563	122838.0	123079.0
1564	122616.0	123162.0
1565	122564.0	122406.0
1566	122531.0	122640.0
1567	122853.0	123249.0
1568	122499.0	123689.0
1569	122893.0	122631.0
1570	122054.0	122825.0
1571	122250.0	122684.0
1572	122309.0	122938.0
1573	122195.0	123449.0
1574	122606.0	123275.0
1575	122965.0	122808.0
1576	122982.0	122804.0
1577	123150.0	123056.0
1578	122734.0	123609.0
1579	122364.0	122917.0
1580	122643.0	123628.0
1581	122190.0	122596.0
1582	122828.0	123113.0
1583	122866.0	122896.0
1584	122673.0	122761.0
1585	122479.0	122156.0
1586	122598.0	123005.0
1587	123177.0	123341.0
1588	122902.0	123234.0
1589	122787.0	122950.0
1590	122527.0	122846.0
1591	122687.0	122546.0
1592	122486.0	122606.0
1593	123338.0	124160.0
1594	122501.0	123089.0
1595	122242.0	123575.0
1596	122723.0	123711.0
1597	123690.0	123148.0
1598	122547.0	123203.0
1599	122429.0	123467.0
1600	123107.0	123125.0
1601	122906.0	123196.0
1602	123251.0	123049.0
1603	122735.0	122625.0
1604	123187.0	122705.0
1605	122822.0	123295.0
1606	122392.0	123163.0
1607	122312.0	122742.0
1608	123030.0	123040.0
1609	122220.0	122675.0
1610	122531.0	123394.0
1611	122449.0	122423.0
1612	122232.0	123106.0
1613	122236.0	122655.0
1614	122722.0	122944.0
1615	122239.0	123013.0
1616	122627.0	123508.0
1617	122185.0	122901.0
1618	122228.0	122471.0
1619	122332.0	123373.0
1620	122008.0	123674.0
1621	122663.0	123213.0
1622	122665.0	123377.0
1623	122708.0	123618.0
1624	122372.0	123635.0
1625	122619.0	123367.0
1626	122314.0	123104.0
1627	122461.0	123183.0
1628	122751.0	123014.0
1629	122429.0	122680.0
1630	122509.0	123487.0
1631	122592.0	122808.0
1632	122703.0	123280.0
1633	122443.0	123065.0
1634	122886.0	122806.0
1635	123097.0	123166.0
1636	122884.0	123082.0
1637	123196.0	123347.0
1638	122135.0	123050.0
1639	122524.0	122863.0
1640	122415.0	123606.0
1641	123179.0	123747.0
1642	122180.0	122961.0
1643	121783.0	123288.0
1644	122276.0	122355.0
1645	122153.0	123049.0
1646	122711.0	123184.0
1647	122720.0	122967.0
1648	122088.0	123554.0
1649	122849.0	123993.0
1650	122862.0	123298.0
1651	122580.0	122553.0
1652	122206.0	122966.0
1653	122315.0	123203.0
1654	122315.0	122696.0
1655	122365.0	122806.0
1656	122647.0	123007.0
1657	122631.0	123703.0
1658	121906.0	123166.0
1659	122837.0	122503.0
1660	122774.0	122504.0
1661	122775.0	123101.0
1662	122338.0	123501.0
1663	123000.0	123486.0
1664	122244.0	123428.0
1665	122752.0	123521.0
1666	122451.0	123364.0
1667	122703.0	123885.0
1668	123000.0	122268.0
1669	122388.0	122977.0
1670	122612.0	122846.0
1671	122428.0	123253.0
1672	122593.0	122540.0
1673	123065.0	123054.0
1674	122561.0	122600.0
1675	122589.0	122870.0
1676	122394.0	122786.0
1677	122449.0	123041.0
1678	122464.0	123250.0
1679	121982.0	123656.0
1680	123219.0	123054.0
1681	122552.0	122454.0
1682	122079.0	123151.0
1683	122766.0	122845.0
1684	122834.0	122826.0
1685	122387.0	123593.0
1686	122510.0	122962.0
1687	123217.0	122543.0
1688	122984.0	123028.0
1689	122844.0	122434.0
1690	122544.0	122244.0
1691	121905.0	122948.0
1692	122417.0	122812.0
1693	122491.0	123471.0
1694	122716.0	123034.0
1695	122842.0	123289.0
1696	122623.0	123273.0
1697	122216.0	123124.0
1698	122450.0	122706.0
1699	122906.0	122599.0
1700	122402.0	123193.0
1701	122857.0	122962.0
1702	122918.0	122959.0
1703	122634.0	122673.0
1704	122465.0	123177.0
1705	122271.0	123282.0
1706	122990.0	122938.0
1707	122611.0	122728.0
1708	122569.0	122985.0
1709	122309.0	123121.0
1710	122084.0	122485.0
1711	122170.0	123207.0
1712	122232.0	123131.0
1713	122338.0	122196.0
1714	122671.0	122544.0
1715	122644.0	122973.0
1716	122724.0	122368.0
1717	122953.0	122989.0
1718	122549.0	122615.0
1719	122783.0	122283.0
1720	121883.0	122404.0
1721	122207.0	123174.0
1722	122553.0	122995.0
1723	122222.0	122648.0
1724	122360.0	122992.0
1725	122553.0	122871.0
1726	122598.0	123128.0
1727	122473.0	122701.0
1728	122540.0	122282.0
1729	122407.0	122673.0
1730	122391.0	123087.0
1731	122338.0	122555.0
1732	122758.0	122341.0
1733	122514.0	122783.0
1734	122601.0	122667.0
1735	122322.0	122695.0
1736	122195.0	122830.0
1737	123066.0	123314.0
1738	122620.0	123065.0
1739	122443.0	122762.0
1740	122855.0	122634.0
1741	122368.0	122370.0
1742	122305.0	122963.0
1743	121854.0	122923.0
1744	121763.0	123024.0
1745	122413.0	122331.0
1746	122367.0	122937.0
1747	122157.0	122583.0
1748	121996.0	122794.0
1749	121903.0	122935.0
1750	122280.0	122343.0
1751	122394.0	123040.0
1752	122338.0	122621.0
1753	122365.0	122771.0
1754	122326.0	122581.0
1755	122565.0	122937.0
1756	122363.0	122771.0
1757	122234.0	122783.0
1758	122100.0	123164.0
1759	121951.0	122756.0
1760	121771.0	122882.0
1761	122187.0	122306.0
1762	122507.0	122727.0
1763	122506.0	122134.0
1764	122770.0	122897.0
1765	122067.0	122675.0
1766	122239.0	122398.0
1767	122109.0	122367.0
1768	122614.0	122829.0
1769	122846.0	123163.0
1770	122592.0	122161.0
1771	121844.0	121873.0
1772	122625.0	122530.0
1773	122277.0	122984.0
1774	121323.0	123131.0
1775	121360.0	122367.0
1776	122256.0	123338.0
1777	122091.0	122816.0
1778	122066.0	123022.0
1779	121981.0	123519.0
1780	122276.0	122449.0
1781	121556.0	122969.0
1782	122024.0	122789.0
1783	122227.0	122532.0
1784	121610.0	123321.0
1785	122324.0	122237.0
1786	122246.0	122589.0
1787	122465.0	122580.0
1788	122318.0	122219.0
1789	122310.0	122987.0
1790	121917.0	122832.0
1791	122626.0	122587.0
1792	122366.0	122379.0
1793	122264.0	122603.0
1794	122542.0	122338.0
1795	122109.0	122794.0
1796	122078.0	122548.0
1797	122048.0	123106.0
1798	122081.0	123029.0
1799	122238.0	122463.0
1800	121792.0	122548.0
1801	121880.0	123016.0
1802	122377.0	122982.0
1803	122336.0	122998.0
1804	121961.0	122233.0
1805	121738.0	122729.0
1806	121852.0	122863.0
1807	121964.0	122860.0
1808	122017.0	123178.0
1809	122290.0	122874.0
1810	121956.0	122885.0
1811	121727.0	122699.0
1812	122497.0	123379.0
1813	121703.0	122891.0
1814	121531.0	123419.0
1815	122339.0	123018.0
1816	122824.0	122345.0
1817	122358.0	122628.0
1818	121697.0	121940.0
1819	122081.0	122212.0
1820	122463.0	122509.0
1821	121885.0	122482.0
1822	122247.0	122159.0
1823	122280.0	122332.0
1824	122475.0	122828.0
1825	121669.0	122524.0
1826	121699.0	122964.0
1827	122333.0	122278.0
1828	122434.0	122129.0
1829	121818.0	122944.0
1830	122641.0	123109.0
1831	121985.0	122221.0
1832	122071.0	122162.0
1833	121922.0	122524.0
1834	121919.0	122955.0
1835	122599.0	122644.0
1836	122111.0	122826.0
1837	121940.0	123399.0
1838	121194.0	122595.0
1839	122163.0	123163.0
1840	122060.0	123256.0
1841	121292.0	122586.0
1842	122586.0	122545.0
1843	122184.0	122582.0
1844	122329.0	122419.0
1845	122086.0	122698.0
1846	121465.0	122321.0
1847	122690.0	122694.0
1848	122376.0	122703.0
1849	122280.0	122637.0
1850	122139.0	123190.0
1851	121983.0	122565.0
1852	121862.0	122949.0
1853	121553.0	122542.0
1854	122391.0	122758.0
1855	121998.0	122291.0
1856	122018.0	122548.0
1857	122781.0	122735.0
1858	122173.0	122727.0
1859	122568.0	122195.0
1860	122059.0	123174.0
1861	122140.0	122335.0
1862	122153.0	122576.0
1863	121896.0	123029.0
1864	122164.0	121966.0
1865	121853.0	122903.0
1866	122498.0	122492.0
1867	122390.0	122810.0
1868	122175.0	122910.0
1869	122522.0	122297.0
1870	122135.0	122737.0
1871	122185.0	122038.0
1872	122179.0	122751.0
1873	121779.0	122345.0
1874	122042.0	122038.0
1875	121674.0	122576.0
1876	121966.0	122468.0
1877	122006.0	122262.0
1878	122081.0	122211.0
1879	122176.0	122529.0
1880	121872.0	122466.0
1881	122289.0	122707.0
1882	122051.0	122541.0
1883	122783.0	122648.0
1884	122579.0	122560.0
1885	122782.0	122392.0
1886	122256.0	122837.0
1887	122648.0	121990.0
1888	122329.0	122795.0
1889	122099.0	122847.0
1890	122411.0	122553.0
1891	121936.0	122116.0
1892	122812.0	122199.0
1893	122238.0	122810.0
1894	122397.0	122299.0
1895	121464.0	122200.0
1896	122309.0	122218.0
1897	122033.0	122891.0
1898	122076.0	122172.0
1899	122139.0	121794.0
1900	122180.0	122790.0
1901	121965.0	122576.0
1902	122285.0	121628.0
1903	121960.0	121992.0
1904	122021.0	122015.0
1905	121719.0	121940.0
1906	121652.0	122361.0
1907	121558.0	122254.0
1908	122040.0	121977.0
1909	122168.0	122155.0
1910	122303.0	122694.0
1911	122201.0	122339.0
1912	121823.0	121841.0
1913	121119.0	122124.0
1914	121987.0	122442.0
1915	122977.0	121912.0
1916	122073.0	122511.0
1917	122144.0	122149.0
1918	122031.0	121919.0
1919	122068.0	122667.0
1920	122715.0	122412.0
1921	122454.0	122154.0
1922	122026.0	122256.0
1923	121574.0	122686.0
1924	122538.0	122155.0
1925	122899.0	122236.0
1926	122223.0	122277.0
1927	121837.0	121757.0
1928	122050.0	121846.0
1929	122354.0	122522.0
1930	121826.0	122831.0
1931	122214.0	122118.0
1932	121777.0	122373.0
1933	121626.0	122276.0
1934	122158.0	122293.0
1935	121688.0	122587.0
1936	121442.0	122172.0
1937	121332.0	122460.0
1938	121823.0	123056.0
1939	121912.0	122585.0
1940	121453.0	122209.0
1941	122401.0	122038.0
1942	121378.0	122000.0
1943	121575.0	122491.0
1944	121802.0	122641.0
1945	121874.0	122344.0
1946	121928.0	122348.0
1947	121799.0	122707.0
1948	121619.0	122544.0
1949	122762.0	122149.0
1950	122427.0	122653.0
1951	121647.0	122042.0
1952	121858.0	122101.0
1953	122069.0	121926.0
1954	121698.0	122569.0
1955	121442.0	122639.0
1956	121674.0	122498.0
1957	121421.0	122259.0
1958	121619.0	122988.0
1959	122075.0	122598.0
1960	122186.0	122548.0
1961	121593.0	122552.0
1962	121523.0	122485.0
1963	121469.0	122369.0
1964	122076.0	122176.0
1965	122022.0	122638.0
1966	122329.0	121989.0
1967	122115.0	122929.0
1968	121666.0	122397.0
1969	121466.0	122500.0
1970	121789.0	122292.0
1971	122174.0	122157.0
1972	121136.0	121684.0
1973	122486.0	122641.0
1974	122272.0	122197.0
1975	121244.0	122627.0
1976	121802.0	122686.0
1977	121605.0	122218.0
1978	121774.0	121820.0
1979	122204.0	122771.0
1980	121675.0	122213.0
1981	121243.0	122479.0
1982	121779.0	122213.0
1983	122171.0	122591.0
1984	121591.0	122130.0
1985	121934.0	122170.0
1986	122308.0	122485.0
1987	122005.0	121881.0
1988	121946.0	122704.0
1989	122112.0	122543.0
1990	121516.0	122256.0
1991	121672.0	121634.0
1992	121814.0	122293.0
1993	121396.0	122459.0
1994	120575.0	122234.0
1995	121094.0	122194.0
1996	121627.0	122156.0
1997	121957.0	122420.0
1998	121955.0	122626.0
1999	121796.0	122059.0
