Distance in bp(Fragment Length Estimate: 144)(Peak Width Estimate: 144)	Same Strand (+ for Watson strand, - for Crick)	Opposite Strand
-2000	123429.0	122979.0
-1999	123195.0	122907.0
-1998	123239.0	122527.0
-1997	124120.0	122710.0
-1996	123485.0	123435.0
-1995	123458.0	123058.0
-1994	123120.0	122766.0
-1993	123270.0	122919.0
-1992	122799.0	122929.0
-1991	123374.0	123674.0
-1990	123602.0	123057.0
-1989	123197.0	122581.0
-1988	123105.0	122524.0
-1987	123463.0	123203.0
-1986	123491.0	123026.0
-1985	123307.0	122419.0
-1984	123506.0	122838.0
-1983	123029.0	122715.0
-1982	123517.0	123137.0
-1981	123637.0	122739.0
-1980	123319.0	123233.0
-1979	123075.0	122868.0
-1978	123583.0	122859.0
-1977	123209.0	123087.0
-1976	123275.0	123163.0
-1975	123018.0	122837.0
-1974	123571.0	123074.0
-1973	123143.0	123346.0
-1972	122240.0	123769.0
-1971	123205.0	122794.0
-1970	123093.0	122668.0
-1969	123023.0	123384.0
-1968	123252.0	122435.0
-1967	123717.0	122797.0
-1966	122844.0	123103.0
-1965	122835.0	122742.0
-1964	123144.0	123035.0
-1963	122916.0	122942.0
-1962	122909.0	123537.0
-1961	123686.0	122563.0
-1960	123371.0	122553.0
-1959	123418.0	123144.0
-1958	123071.0	123453.0
-1957	122675.0	123215.0
-1956	123415.0	123661.0
-1955	122605.0	122853.0
-1954	123289.0	123089.0
-1953	123630.0	123475.0
-1952	123403.0	123469.0
-1951	122431.0	122887.0
-1950	123525.0	123647.0
-1949	123209.0	123002.0
-1948	122975.0	122829.0
-1947	123293.0	122778.0
-1946	122969.0	122860.0
-1945	123319.0	122893.0
-1944	122657.0	122571.0
-1943	123279.0	122981.0
-1942	123317.0	123404.0
-1941	123514.0	123692.0
-1940	123237.0	123164.0
-1939	123193.0	123029.0
-1938	123525.0	123648.0
-1937	123470.0	122892.0
-1936	122842.0	123000.0
-1935	123464.0	123112.0
-1934	123306.0	122971.0
-1933	123648.0	123457.0
-1932	123194.0	123127.0
-1931	123286.0	123205.0
-1930	123539.0	123374.0
-1929	123923.0	123204.0
-1928	123363.0	122771.0
-1927	123617.0	122853.0
-1926	124069.0	123185.0
-1925	123287.0	123254.0
-1924	123516.0	123121.0
-1923	123462.0	123127.0
-1922	123322.0	122889.0
-1921	123396.0	123229.0
-1920	123300.0	123300.0
-1919	122916.0	123755.0
-1918	123760.0	122885.0
-1917	123531.0	123465.0
-1916	122906.0	123660.0
-1915	122864.0	123588.0
-1914	123820.0	123406.0
-1913	122962.0	122481.0
-1912	123650.0	122980.0
-1911	123083.0	122513.0
-1910	123766.0	123432.0
-1909	123526.0	122796.0
-1908	123508.0	122882.0
-1907	123013.0	122896.0
-1906	123166.0	122603.0
-1905	123464.0	123762.0
-1904	123444.0	123575.0
-1903	122885.0	123272.0
-1902	123254.0	123360.0
-1901	123482.0	122779.0
-1900	123022.0	122960.0
-1899	123136.0	123650.0
-1898	123421.0	123089.0
-1897	123588.0	123280.0
-1896	122903.0	124092.0
-1895	123743.0	122998.0
-1894	123726.0	122905.0
-1893	123180.0	123579.0
-1892	123798.0	122856.0
-1891	123556.0	123123.0
-1890	123145.0	122417.0
-1889	123124.0	123016.0
-1888	123114.0	123336.0
-1887	123669.0	123075.0
-1886	123527.0	122683.0
-1885	123554.0	123214.0
-1884	123383.0	122645.0
-1883	123208.0	123382.0
-1882	123836.0	123248.0
-1881	123302.0	123244.0
-1880	123307.0	123050.0
-1879	124018.0	123560.0
-1878	123310.0	123936.0
-1877	123588.0	123231.0
-1876	123405.0	123163.0
-1875	123450.0	123256.0
-1874	123681.0	123850.0
-1873	123643.0	123663.0
-1872	123623.0	123106.0
-1871	122964.0	123111.0
-1870	122825.0	122500.0
-1869	123032.0	123107.0
-1868	123350.0	123014.0
-1867	123050.0	123201.0
-1866	124008.0	123375.0
-1865	123577.0	123307.0
-1864	123382.0	122851.0
-1863	123446.0	123366.0
-1862	123656.0	123116.0
-1861	123093.0	123567.0
-1860	123825.0	123161.0
-1859	123600.0	123640.0
-1858	122996.0	123889.0
-1857	123300.0	123551.0
-1856	123044.0	123473.0
-1855	123535.0	123764.0
-1854	123775.0	123513.0
-1853	123358.0	122769.0
-1852	123271.0	122920.0
-1851	123362.0	123079.0
-1850	123717.0	122515.0
-1849	123486.0	123536.0
-1848	123490.0	123353.0
-1847	124158.0	123053.0
-1846	122729.0	123301.0
-1845	123235.0	123151.0
-1844	123836.0	123200.0
-1843	123116.0	123290.0
-1842	123414.0	122800.0
-1841	123202.0	123289.0
-1840	123873.0	123122.0
-1839	123947.0	122921.0
-1838	123558.0	123362.0
-1837	123482.0	123377.0
-1836	122689.0	123742.0
-1835	123168.0	123509.0
-1834	123739.0	122542.0
-1833	123786.0	123299.0
-1832	123030.0	123076.0
-1831	123674.0	123676.0
-1830	123936.0	123465.0
-1829	123495.0	123595.0
-1828	123234.0	123207.0
-1827	123487.0	123621.0
-1826	123278.0	123190.0
-1825	123591.0	123074.0
-1824	123710.0	122983.0
-1823	123246.0	123162.0
-1822	123283.0	123684.0
-1821	123177.0	123580.0
-1820	123567.0	123142.0
-1819	123524.0	123213.0
-1818	123084.0	123090.0
-1817	122755.0	123094.0
-1816	122974.0	123219.0
-1815	122769.0	123207.0
-1814	123268.0	123570.0
-1813	123608.0	122504.0
-1812	123438.0	123104.0
-1811	123216.0	123873.0
-1810	123662.0	123127.0
-1809	123269.0	123414.0
-1808	123363.0	122861.0
-1807	123273.0	122768.0
-1806	123264.0	123595.0
-1805	123636.0	123606.0
-1804	123396.0	122661.0
-1803	123559.0	123381.0
-1802	122661.0	123734.0
-1801	122663.0	123084.0
-1800	123989.0	123777.0
-1799	123006.0	123604.0
-1798	122579.0	123372.0
-1797	123198.0	123336.0
-1796	123069.0	123490.0
-1795	122986.0	123098.0
-1794	123241.0	123769.0
-1793	123839.0	122998.0
-1792	123843.0	123235.0
-1791	123609.0	123631.0
-1790	123786.0	122630.0
-1789	123296.0	122924.0
-1788	123504.0	123094.0
-1787	123401.0	123729.0
-1786	123341.0	123192.0
-1785	124041.0	123872.0
-1784	123588.0	122926.0
-1783	123483.0	123202.0
-1782	123018.0	123098.0
-1781	123482.0	123303.0
-1780	123031.0	123670.0
-1779	123022.0	124254.0
-1778	123144.0	123195.0
-1777	123220.0	122928.0
-1776	123740.0	123493.0
-1775	123721.0	123582.0
-1774	123741.0	123399.0
-1773	123320.0	122604.0
-1772	123683.0	123573.0
-1771	123757.0	122811.0
-1770	123872.0	122899.0
-1769	123634.0	122865.0
-1768	123807.0	123380.0
-1767	123316.0	123603.0
-1766	123452.0	123108.0
-1765	123401.0	123577.0
-1764	123566.0	123179.0
-1763	123283.0	123181.0
-1762	122785.0	123277.0
-1761	123392.0	122440.0
-1760	123245.0	123216.0
-1759	123717.0	123210.0
-1758	123590.0	123017.0
-1757	123394.0	123211.0
-1756	123390.0	123380.0
-1755	124003.0	123606.0
-1754	123644.0	123275.0
-1753	123378.0	123225.0
-1752	124115.0	124060.0
-1751	123518.0	123338.0
-1750	123285.0	122955.0
-1749	123275.0	122977.0
-1748	123424.0	122966.0
-1747	123935.0	123516.0
-1746	124094.0	123301.0
-1745	123273.0	123667.0
-1744	123806.0	123559.0
-1743	123569.0	123657.0
-1742	123806.0	123469.0
-1741	123428.0	123494.0
-1740	123799.0	123457.0
-1739	123330.0	122890.0
-1738	123607.0	123537.0
-1737	124156.0	123278.0
-1736	123488.0	123214.0
-1735	124103.0	123393.0
-1734	123775.0	123338.0
-1733	123890.0	122982.0
-1732	123624.0	123240.0
-1731	123597.0	123234.0
-1730	123031.0	123461.0
-1729	123710.0	123766.0
-1728	123377.0	123673.0
-1727	123943.0	123413.0
-1726	124171.0	123681.0
-1725	123858.0	123819.0
-1724	123648.0	123198.0
-1723	123267.0	123217.0
-1722	123649.0	123650.0
-1721	123664.0	122930.0
-1720	123398.0	123262.0
-1719	123680.0	123693.0
-1718	123749.0	123263.0
-1717	123999.0	122947.0
-1716	123791.0	123595.0
-1715	123416.0	123060.0
-1714	123630.0	123294.0
-1713	123971.0	123449.0
-1712	123256.0	123729.0
-1711	123604.0	123746.0
-1710	124568.0	123983.0
-1709	123372.0	122994.0
-1708	123580.0	123181.0
-1707	123551.0	123590.0
-1706	123078.0	123622.0
-1705	124068.0	124446.0
-1704	124354.0	123400.0
-1703	123434.0	123701.0
-1702	123171.0	123387.0
-1701	123048.0	123518.0
-1700	123073.0	123514.0
-1699	123482.0	123449.0
-1698	123481.0	123521.0
-1697	123352.0	123255.0
-1696	123382.0	123589.0
-1695	123895.0	123626.0
-1694	122986.0	123893.0
-1693	124755.0	123276.0
-1692	124559.0	122800.0
-1691	123245.0	123597.0
-1690	123566.0	123713.0
-1689	124040.0	123043.0
-1688	123819.0	123501.0
-1687	124159.0	123742.0
-1686	123519.0	124272.0
-1685	123549.0	122985.0
-1684	123186.0	123657.0
-1683	124293.0	123635.0
-1682	123619.0	123835.0
-1681	123828.0	122295.0
-1680	124095.0	122833.0
-1679	123908.0	123810.0
-1678	123387.0	123512.0
-1677	123804.0	123686.0
-1676	123276.0	123453.0
-1675	123225.0	123409.0
-1674	124141.0	123181.0
-1673	124063.0	123176.0
-1672	123585.0	123261.0
-1671	123852.0	123315.0
-1670	123676.0	123339.0
-1669	123525.0	123780.0
-1668	123596.0	123109.0
-1667	123706.0	123362.0
-1666	123489.0	122601.0
-1665	123775.0	123639.0
-1664	123550.0	123372.0
-1663	123650.0	122925.0
-1662	123273.0	123833.0
-1661	123848.0	124234.0
-1660	123952.0	124358.0
-1659	123664.0	123427.0
-1658	123579.0	123740.0
-1657	123097.0	123706.0
-1656	123772.0	123160.0
-1655	123910.0	123541.0
-1654	123499.0	123632.0
-1653	123944.0	123286.0
-1652	123962.0	122949.0
-1651	123443.0	123544.0
-1650	123845.0	123229.0
-1649	123541.0	122625.0
-1648	123426.0	123255.0
-1647	123996.0	123660.0
-1646	123535.0	123382.0
-1645	123962.0	123549.0
-1644	123949.0	123442.0
-1643	123519.0	122914.0
-1642	122682.0	122983.0
-1641	123253.0	123607.0
-1640	123617.0	123298.0
-1639	123351.0	123198.0
-1638	123764.0	122893.0
-1637	122950.0	123202.0
-1636	123540.0	123467.0
-1635	123696.0	123144.0
-1634	123884.0	123262.0
-1633	123520.0	122978.0
-1632	123419.0	123262.0
-1631	123950.0	123499.0
-1630	123592.0	123156.0
-1629	123169.0	123437.0
-1628	123797.0	123605.0
-1627	122726.0	122994.0
-1626	123671.0	123397.0
-1625	122805.0	122988.0
-1624	123250.0	123269.0
-1623	123661.0	123120.0
-1622	123138.0	123115.0
-1621	122912.0	123407.0
-1620	123849.0	123807.0
-1619	123422.0	123743.0
-1618	123077.0	123624.0
-1617	123659.0	123619.0
-1616	123999.0	123520.0
-1615	123330.0	123982.0
-1614	123990.0	123583.0
-1613	123683.0	123439.0
-1612	123513.0	123929.0
-1611	123646.0	123325.0
-1610	123612.0	124224.0
-1609	123464.0	123389.0
-1608	123242.0	123851.0
-1607	123149.0	123709.0
-1606	123193.0	123737.0
-1605	123643.0	123778.0
-1604	122778.0	123462.0
-1603	122970.0	123853.0
-1602	124439.0	123486.0
-1601	122821.0	123264.0
-1600	123953.0	123350.0
-1599	123789.0	123439.0
-1598	122951.0	123303.0
-1597	124011.0	123430.0
-1596	123577.0	123386.0
-1595	123172.0	123550.0
-1594	123005.0	123722.0
-1593	123648.0	123090.0
-1592	123376.0	123686.0
-1591	123476.0	123950.0
-1590	123969.0	123559.0
-1589	123925.0	123217.0
-1588	124170.0	123547.0
-1587	124069.0	123401.0
-1586	123499.0	123044.0
-1585	124152.0	123922.0
-1584	124067.0	123990.0
-1583	123370.0	123527.0
-1582	123703.0	123319.0
-1581	123906.0	123606.0
-1580	123700.0	123064.0
-1579	124008.0	124098.0
-1578	124011.0	123034.0
-1577	123668.0	123541.0
-1576	123396.0	123960.0
-1575	124132.0	123848.0
-1574	123414.0	123747.0
-1573	123591.0	123505.0
-1572	123404.0	123402.0
-1571	123432.0	123616.0
-1570	123408.0	123564.0
-1569	123729.0	123082.0
-1568	123713.0	123385.0
-1567	123633.0	123539.0
-1566	123597.0	123550.0
-1565	124043.0	123633.0
-1564	123734.0	123367.0
-1563	124399.0	122905.0
-1562	123643.0	123509.0
-1561	123586.0	123808.0
-1560	123749.0	123480.0
-1559	123932.0	124095.0
-1558	123909.0	123047.0
-1557	123925.0	123703.0
-1556	124388.0	123574.0
-1555	123600.0	123744.0
-1554	123780.0	123774.0
-1553	123564.0	123628.0
-1552	123886.0	123763.0
-1551	123867.0	124118.0
-1550	123673.0	123623.0
-1549	123438.0	123657.0
-1548	123618.0	123560.0
-1547	124161.0	123194.0
-1546	123974.0	123026.0
-1545	124617.0	122875.0
-1544	123914.0	124075.0
-1543	123967.0	123806.0
-1542	123792.0	123759.0
-1541	123890.0	124480.0
-1540	123626.0	124087.0
-1539	124013.0	124107.0
-1538	124161.0	123374.0
-1537	123853.0	123533.0
-1536	123590.0	124442.0
-1535	123808.0	123201.0
-1534	124197.0	123689.0
-1533	124587.0	123173.0
-1532	123605.0	123415.0
-1531	124045.0	123387.0
-1530	124309.0	123894.0
-1529	123967.0	123796.0
-1528	124022.0	123771.0
-1527	124111.0	123815.0
-1526	124466.0	123688.0
-1525	123990.0	123874.0
-1524	124055.0	123647.0
-1523	123940.0	123060.0
-1522	123691.0	123167.0
-1521	124464.0	123392.0
-1520	123315.0	123731.0
-1519	124021.0	124029.0
-1518	123824.0	123473.0
-1517	123959.0	122688.0
-1516	123752.0	123510.0
-1515	124204.0	123828.0
-1514	124486.0	123364.0
-1513	123406.0	123866.0
-1512	124703.0	124046.0
-1511	123735.0	123985.0
-1510	124025.0	123162.0
-1509	124099.0	124317.0
-1508	124480.0	123217.0
-1507	124127.0	123362.0
-1506	123682.0	123766.0
-1505	123866.0	124357.0
-1504	124056.0	123978.0
-1503	124135.0	123684.0
-1502	124233.0	123573.0
-1501	123844.0	123654.0
-1500	124675.0	124049.0
-1499	124509.0	123182.0
-1498	123934.0	123119.0
-1497	124882.0	123442.0
-1496	123814.0	124180.0
-1495	123656.0	123774.0
-1494	123536.0	123587.0
-1493	123855.0	123675.0
-1492	123907.0	123693.0
-1491	124135.0	123512.0
-1490	123814.0	123464.0
-1489	124013.0	123779.0
-1488	123791.0	123366.0
-1487	123602.0	123367.0
-1486	123999.0	123506.0
-1485	123495.0	123360.0
-1484	123865.0	122978.0
-1483	124199.0	123079.0
-1482	123496.0	123757.0
-1481	123845.0	123730.0
-1480	123384.0	123471.0
-1479	124102.0	123933.0
-1478	124262.0	123861.0
-1477	123775.0	123508.0
-1476	124405.0	123327.0
-1475	123690.0	123892.0
-1474	124354.0	123184.0
-1473	123742.0	123511.0
-1472	124098.0	122409.0
-1471	124413.0	123602.0
-1470	123587.0	123221.0
-1469	124078.0	123056.0
-1468	123958.0	123406.0
-1467	124004.0	123185.0
-1466	124204.0	123360.0
-1465	123983.0	123943.0
-1464	124435.0	123947.0
-1463	123559.0	123748.0
-1462	123927.0	123675.0
-1461	124043.0	122933.0
-1460	123923.0	123736.0
-1459	123389.0	123873.0
-1458	123881.0	123731.0
-1457	123943.0	123424.0
-1456	122783.0	123822.0
-1455	123243.0	123403.0
-1454	123423.0	123394.0
-1453	124052.0	123513.0
-1452	123974.0	122822.0
-1451	123835.0	123477.0
-1450	123608.0	123741.0
-1449	124049.0	123684.0
-1448	123654.0	123166.0
-1447	123614.0	123954.0
-1446	124033.0	123449.0
-1445	123028.0	122773.0
-1444	123679.0	123566.0
-1443	123828.0	122853.0
-1442	124073.0	123578.0
-1441	123425.0	123123.0
-1440	123845.0	124124.0
-1439	124153.0	124062.0
-1438	123421.0	123860.0
-1437	123585.0	123715.0
-1436	124148.0	123873.0
-1435	123909.0	123809.0
-1434	124655.0	124111.0
-1433	123953.0	123345.0
-1432	124098.0	123510.0
-1431	123576.0	123495.0
-1430	123606.0	123959.0
-1429	123491.0	124073.0
-1428	123489.0	123736.0
-1427	123490.0	122693.0
-1426	123384.0	123814.0
-1425	124371.0	123728.0
-1424	124309.0	123026.0
-1423	123611.0	123255.0
-1422	123898.0	123293.0
-1421	123306.0	124063.0
-1420	123188.0	123620.0
-1419	124079.0	123780.0
-1418	123832.0	123870.0
-1417	123449.0	124046.0
-1416	123568.0	123618.0
-1415	124328.0	123924.0
-1414	123572.0	123391.0
-1413	123779.0	123486.0
-1412	123539.0	123863.0
-1411	123542.0	123533.0
-1410	124113.0	123765.0
-1409	123589.0	123775.0
-1408	123616.0	123951.0
-1407	123366.0	123941.0
-1406	123177.0	123720.0
-1405	123578.0	123683.0
-1404	123768.0	123778.0
-1403	123982.0	123285.0
-1402	123895.0	123935.0
-1401	124184.0	124099.0
-1400	123780.0	123222.0
-1399	124313.0	123813.0
-1398	124253.0	123592.0
-1397	123549.0	123625.0
-1396	124440.0	123683.0
-1395	124055.0	123834.0
-1394	123983.0	124130.0
-1393	123899.0	124372.0
-1392	123444.0	123989.0
-1391	124356.0	124648.0
-1390	124133.0	123965.0
-1389	123676.0	123366.0
-1388	124155.0	123603.0
-1387	123939.0	123719.0
-1386	124389.0	123444.0
-1385	123632.0	123605.0
-1384	124115.0	123616.0
-1383	124396.0	124550.0
-1382	124108.0	123568.0
-1381	124026.0	123883.0
-1380	123935.0	124477.0
-1379	123503.0	124056.0
-1378	123927.0	123875.0
-1377	124125.0	123400.0
-1376	124355.0	123503.0
-1375	124085.0	123847.0
-1374	123541.0	123958.0
-1373	124289.0	123929.0
-1372	124421.0	123905.0
-1371	123446.0	124116.0
-1370	124065.0	124055.0
-1369	124233.0	124050.0
-1368	124193.0	124529.0
-1367	124199.0	123913.0
-1366	123819.0	123827.0
-1365	125016.0	123811.0
-1364	124048.0	124140.0
-1363	124889.0	123894.0
-1362	124377.0	123467.0
-1361	124597.0	123859.0
-1360	123930.0	123776.0
-1359	124270.0	124134.0
-1358	124334.0	124292.0
-1357	123757.0	124012.0
-1356	124614.0	124733.0
-1355	124272.0	123688.0
-1354	124662.0	123762.0
-1353	124035.0	123675.0
-1352	124295.0	123829.0
-1351	124054.0	124126.0
-1350	124326.0	123983.0
-1349	124331.0	124231.0
-1348	123925.0	124776.0
-1347	124090.0	124228.0
-1346	124081.0	123834.0
-1345	123963.0	124010.0
-1344	124504.0	124481.0
-1343	124420.0	123353.0
-1342	124168.0	124444.0
-1341	123859.0	123961.0
-1340	123942.0	124160.0
-1339	123529.0	124501.0
-1338	124052.0	123832.0
-1337	124297.0	123661.0
-1336	124270.0	124195.0
-1335	123806.0	124503.0
-1334	124350.0	124104.0
-1333	124090.0	123897.0
-1332	123514.0	124642.0
-1331	124132.0	124293.0
-1330	124463.0	124550.0
-1329	123871.0	123870.0
-1328	124595.0	123981.0
-1327	123916.0	124069.0
-1326	124686.0	124262.0
-1325	123784.0	123903.0
-1324	123907.0	123955.0
-1323	124442.0	124197.0
-1322	124713.0	123444.0
-1321	123576.0	124380.0
-1320	124943.0	124074.0
-1319	124387.0	123861.0
-1318	123834.0	123348.0
-1317	124351.0	124280.0
-1316	124341.0	123545.0
-1315	123837.0	123589.0
-1314	124584.0	124003.0
-1313	123762.0	123674.0
-1312	124551.0	123653.0
-1311	124459.0	124098.0
-1310	124195.0	124371.0
-1309	124049.0	124237.0
-1308	124000.0	124147.0
-1307	123966.0	123761.0
-1306	123915.0	123929.0
-1305	124170.0	123820.0
-1304	123590.0	123987.0
-1303	123581.0	123941.0
-1302	124276.0	124074.0
-1301	123778.0	123689.0
-1300	124657.0	123857.0
-1299	125054.0	123819.0
-1298	124212.0	123412.0
-1297	124327.0	124248.0
-1296	123996.0	123435.0
-1295	123748.0	123858.0
-1294	124210.0	123779.0
-1293	124726.0	123699.0
-1292	123801.0	123680.0
-1291	124443.0	123831.0
-1290	124868.0	123761.0
-1289	123779.0	124063.0
-1288	123748.0	123820.0
-1287	124168.0	123577.0
-1286	124134.0	124238.0
-1285	124524.0	123590.0
-1284	124530.0	123929.0
-1283	124439.0	123313.0
-1282	123508.0	124469.0
-1281	124251.0	123328.0
-1280	123613.0	123418.0
-1279	124813.0	124458.0
-1278	124832.0	123861.0
-1277	123914.0	123514.0
-1276	123627.0	123998.0
-1275	124312.0	124143.0
-1274	124452.0	123386.0
-1273	123727.0	123196.0
-1272	124547.0	123821.0
-1271	123571.0	123392.0
-1270	124406.0	123691.0
-1269	124361.0	123465.0
-1268	123420.0	123936.0
-1267	123916.0	123674.0
-1266	123638.0	123434.0
-1265	123843.0	123461.0
-1264	123559.0	123368.0
-1263	123666.0	123892.0
-1262	124158.0	123649.0
-1261	123491.0	123724.0
-1260	123442.0	123930.0
-1259	124394.0	123862.0
-1258	123864.0	124002.0
-1257	124618.0	125188.0
-1256	124134.0	124026.0
-1255	123914.0	123715.0
-1254	124046.0	123727.0
-1253	124424.0	123378.0
-1252	124549.0	123139.0
-1251	123974.0	123467.0
-1250	123928.0	123510.0
-1249	124155.0	124356.0
-1248	124175.0	123781.0
-1247	123446.0	123197.0
-1246	123721.0	124361.0
-1245	124337.0	124282.0
-1244	124436.0	123971.0
-1243	123889.0	123638.0
-1242	124820.0	123226.0
-1241	123741.0	124483.0
-1240	124040.0	124308.0
-1239	123566.0	124157.0
-1238	123963.0	123949.0
-1237	124274.0	123928.0
-1236	123889.0	124362.0
-1235	124334.0	123440.0
-1234	124446.0	123977.0
-1233	124365.0	123571.0
-1232	124317.0	123144.0
-1231	123970.0	124329.0
-1230	124259.0	124025.0
-1229	123517.0	123727.0
-1228	124426.0	124573.0
-1227	123789.0	124138.0
-1226	123935.0	124577.0
-1225	123482.0	124342.0
-1224	124458.0	124593.0
-1223	123894.0	123761.0
-1222	124095.0	124217.0
-1221	123983.0	123768.0
-1220	123916.0	124381.0
-1219	123807.0	124473.0
-1218	124458.0	124113.0
-1217	124015.0	123435.0
-1216	124116.0	123728.0
-1215	124039.0	124329.0
-1214	123884.0	123619.0
-1213	123995.0	124230.0
-1212	123666.0	124185.0
-1211	123845.0	123294.0
-1210	123958.0	124168.0
-1209	123901.0	124036.0
-1208	124017.0	123370.0
-1207	123929.0	124332.0
-1206	124243.0	124386.0
-1205	124206.0	124378.0
-1204	124223.0	123973.0
-1203	124447.0	123546.0
-1202	123914.0	124103.0
-1201	124087.0	123857.0
-1200	123845.0	123979.0
-1199	124760.0	123645.0
-1198	124232.0	123717.0
-1197	124440.0	124342.0
-1196	123886.0	124523.0
-1195	123932.0	123427.0
-1194	124841.0	124364.0
-1193	124500.0	124496.0
-1192	123713.0	124533.0
-1191	124175.0	124590.0
-1190	124002.0	123698.0
-1189	125011.0	124381.0
-1188	124540.0	124240.0
-1187	124349.0	124012.0
-1186	124003.0	124780.0
-1185	124763.0	123774.0
-1184	124101.0	124366.0
-1183	123955.0	123930.0
-1182	124466.0	124435.0
-1181	124556.0	123738.0
-1180	124286.0	124252.0
-1179	124467.0	123805.0
-1178	124468.0	123262.0
-1177	124275.0	124327.0
-1176	124407.0	124302.0
-1175	123985.0	124383.0
-1174	124264.0	124537.0
-1173	124170.0	124389.0
-1172	124239.0	124264.0
-1171	124669.0	124671.0
-1170	124736.0	123823.0
-1169	124446.0	124067.0
-1168	124668.0	124454.0
-1167	124518.0	124029.0
-1166	124766.0	124410.0
-1165	124761.0	124979.0
-1164	124874.0	124475.0
-1163	124039.0	124052.0
-1162	124153.0	124257.0
-1161	125178.0	124190.0
-1160	124820.0	124419.0
-1159	124712.0	124473.0
-1158	125026.0	124690.0
-1157	124110.0	124188.0
-1156	124803.0	123719.0
-1155	124884.0	124467.0
-1154	124102.0	124404.0
-1153	124131.0	124703.0
-1152	124722.0	123918.0
-1151	124574.0	124239.0
-1150	124820.0	124577.0
-1149	124972.0	123982.0
-1148	124289.0	123708.0
-1147	124609.0	124428.0
-1146	125142.0	124968.0
-1145	124453.0	124397.0
-1144	124306.0	124340.0
-1143	124770.0	124081.0
-1142	124761.0	124431.0
-1141	124373.0	124147.0
-1140	124408.0	124215.0
-1139	124089.0	124270.0
-1138	124259.0	124229.0
-1137	124650.0	124404.0
-1136	123797.0	124473.0
-1135	123793.0	123885.0
-1134	124807.0	124215.0
-1133	125447.0	124136.0
-1132	124963.0	124122.0
-1131	125129.0	124007.0
-1130	125138.0	123905.0
-1129	124415.0	123886.0
-1128	125174.0	124441.0
-1127	124626.0	124229.0
-1126	124291.0	123747.0
-1125	125179.0	124361.0
-1124	125167.0	123897.0
-1123	124110.0	124933.0
-1122	125438.0	123911.0
-1121	124742.0	123831.0
-1120	124483.0	124405.0
-1119	124667.0	124196.0
-1118	124755.0	123552.0
-1117	124157.0	124208.0
-1116	124519.0	123970.0
-1115	124298.0	123920.0
-1114	124501.0	124388.0
-1113	124794.0	124198.0
-1112	124648.0	123802.0
-1111	124775.0	124318.0
-1110	125022.0	124079.0
-1109	124948.0	124602.0
-1108	124884.0	124227.0
-1107	125078.0	124357.0
-1106	124513.0	123380.0
-1105	124664.0	123925.0
-1104	125537.0	124459.0
-1103	124822.0	124050.0
-1102	124672.0	123920.0
-1101	124959.0	124205.0
-1100	124407.0	124520.0
-1099	124644.0	124007.0
-1098	124719.0	124012.0
-1097	124646.0	123903.0
-1096	124358.0	123951.0
-1095	125329.0	123387.0
-1094	125045.0	123936.0
-1093	124604.0	124206.0
-1092	125455.0	123755.0
-1091	125184.0	123641.0
-1090	124722.0	123858.0
-1089	125069.0	123994.0
-1088	124874.0	123803.0
-1087	124747.0	123846.0
-1086	124592.0	123949.0
-1085	124024.0	123833.0
-1084	124621.0	124648.0
-1083	124127.0	123918.0
-1082	124327.0	123794.0
-1081	124210.0	123973.0
-1080	125226.0	123332.0
-1079	124470.0	124480.0
-1078	124345.0	124234.0
-1077	124367.0	124722.0
-1076	124718.0	124007.0
-1075	123945.0	123899.0
-1074	124655.0	124474.0
-1073	124255.0	124167.0
-1072	124223.0	123975.0
-1071	124182.0	123209.0
-1070	125008.0	123692.0
-1069	124689.0	124380.0
-1068	124519.0	123413.0
-1067	124312.0	123635.0
-1066	124665.0	124110.0
-1065	124480.0	124688.0
-1064	123714.0	124064.0
-1063	124389.0	124724.0
-1062	124110.0	124157.0
-1061	124241.0	123667.0
-1060	124409.0	124574.0
-1059	124361.0	124052.0
-1058	124051.0	124180.0
-1057	124364.0	124342.0
-1056	124737.0	124837.0
-1055	123799.0	124320.0
-1054	124652.0	124460.0
-1053	124490.0	124223.0
-1052	124195.0	123748.0
-1051	124792.0	123987.0
-1050	124413.0	124076.0
-1049	124530.0	124184.0
-1048	124150.0	124543.0
-1047	124019.0	123812.0
-1046	124424.0	123423.0
-1045	124761.0	123822.0
-1044	124178.0	124775.0
-1043	124163.0	123929.0
-1042	124731.0	123941.0
-1041	124447.0	124626.0
-1040	124108.0	123636.0
-1039	124187.0	124335.0
-1038	124634.0	124841.0
-1037	124110.0	124614.0
-1036	124584.0	124863.0
-1035	124566.0	124766.0
-1034	124989.0	124160.0
-1033	124383.0	124644.0
-1032	124293.0	124344.0
-1031	124682.0	124016.0
-1030	124295.0	124549.0
-1029	125228.0	124148.0
-1028	124683.0	123941.0
-1027	124200.0	124170.0
-1026	123808.0	124813.0
-1025	123677.0	124230.0
-1024	124039.0	124012.0
-1023	124035.0	124733.0
-1022	123927.0	125098.0
-1021	124166.0	124534.0
-1020	124359.0	124973.0
-1019	124769.0	124350.0
-1018	124631.0	124202.0
-1017	124075.0	124663.0
-1016	125141.0	123865.0
-1015	124326.0	124269.0
-1014	124330.0	124721.0
-1013	123535.0	124079.0
-1012	124309.0	124680.0
-1011	124887.0	124606.0
-1010	124221.0	124091.0
-1009	124020.0	124383.0
-1008	124644.0	125394.0
-1007	124402.0	124482.0
-1006	124581.0	124589.0
-1005	124771.0	124524.0
-1004	124713.0	124631.0
-1003	124159.0	124532.0
-1002	124041.0	124829.0
-1001	124891.0	124712.0
-1000	125013.0	124429.0
-999	124532.0	124838.0
-998	124304.0	124213.0
-997	124087.0	125094.0
-996	124365.0	124484.0
-995	124675.0	124655.0
-994	124479.0	124884.0
-993	124798.0	124421.0
-992	124501.0	124441.0
-991	124983.0	124976.0
-990	124936.0	124447.0
-989	125000.0	124107.0
-988	124351.0	124505.0
-987	125185.0	124638.0
-986	124502.0	124139.0
-985	124900.0	124681.0
-984	125044.0	124470.0
-983	124174.0	124309.0
-982	124564.0	124377.0
-981	125012.0	124284.0
-980	125034.0	124325.0
-979	125114.0	124373.0
-978	124767.0	125028.0
-977	124527.0	125390.0
-976	124526.0	124352.0
-975	124326.0	124403.0
-974	124534.0	125031.0
-973	124635.0	124459.0
-972	125448.0	125296.0
-971	125059.0	124658.0
-970	124401.0	124720.0
-969	124510.0	124743.0
-968	125089.0	124711.0
-967	124933.0	124594.0
-966	125061.0	124619.0
-965	125071.0	124979.0
-964	124403.0	124874.0
-963	125377.0	124278.0
-962	124740.0	124352.0
-961	124755.0	124408.0
-960	124859.0	125210.0
-959	124849.0	124469.0
-958	125296.0	124693.0
-957	125152.0	124668.0
-956	125427.0	124528.0
-955	125031.0	124527.0
-954	125188.0	124534.0
-953	125116.0	125412.0
-952	125203.0	125566.0
-951	126209.0	124907.0
-950	125054.0	124565.0
-949	124437.0	124624.0
-948	124773.0	124718.0
-947	124318.0	124560.0
-946	124985.0	124425.0
-945	124742.0	124747.0
-944	125323.0	124262.0
-943	124360.0	124210.0
-942	125273.0	125532.0
-941	125100.0	124857.0
-940	124937.0	124501.0
-939	125696.0	124761.0
-938	124904.0	124604.0
-937	125009.0	124800.0
-936	125891.0	124615.0
-935	125136.0	124641.0
-934	125324.0	123872.0
-933	125952.0	124247.0
-932	124813.0	124439.0
-931	125285.0	125224.0
-930	125840.0	124681.0
-929	124911.0	124083.0
-928	125434.0	124058.0
-927	125819.0	124067.0
-926	125214.0	124415.0
-925	125447.0	124498.0
-924	125422.0	124175.0
-923	125443.0	124320.0
-922	125343.0	124322.0
-921	126000.0	124440.0
-920	125576.0	124082.0
-919	125399.0	124116.0
-918	125344.0	124282.0
-917	124786.0	124017.0
-916	124857.0	124586.0
-915	125388.0	124450.0
-914	125015.0	123944.0
-913	125532.0	124572.0
-912	126113.0	124714.0
-911	124928.0	124854.0
-910	124893.0	124623.0
-909	125468.0	124750.0
-908	125448.0	124246.0
-907	125094.0	124307.0
-906	125362.0	123673.0
-905	124911.0	123881.0
-904	125436.0	123666.0
-903	125725.0	125056.0
-902	125312.0	124247.0
-901	125244.0	125480.0
-900	125201.0	124595.0
-899	125502.0	124877.0
-898	125000.0	124446.0
-897	125879.0	124795.0
-896	125222.0	123583.0
-895	124980.0	123624.0
-894	125818.0	124395.0
-893	124670.0	124104.0
-892	125060.0	123694.0
-891	126238.0	123862.0
-890	124818.0	124472.0
-889	124928.0	124479.0
-888	125202.0	124052.0
-887	125345.0	124295.0
-886	124743.0	124286.0
-885	125315.0	124343.0
-884	124543.0	124656.0
-883	124558.0	123978.0
-882	125476.0	124544.0
-881	125245.0	123795.0
-880	124595.0	124277.0
-879	125088.0	124673.0
-878	124366.0	124796.0
-877	125011.0	124375.0
-876	125128.0	124121.0
-875	124436.0	124216.0
-874	123813.0	124929.0
-873	124724.0	124090.0
-872	125023.0	124090.0
-871	124472.0	124551.0
-870	124863.0	124387.0
-869	124664.0	124171.0
-868	124269.0	124038.0
-867	124788.0	124165.0
-866	125027.0	123745.0
-865	124422.0	124211.0
-864	124426.0	123978.0
-863	124185.0	124001.0
-862	124480.0	124826.0
-861	124516.0	124328.0
-860	124637.0	123853.0
-859	125371.0	123673.0
-858	124968.0	124114.0
-857	124671.0	123831.0
-856	124271.0	124327.0
-855	125242.0	124555.0
-854	125034.0	124128.0
-853	124524.0	124058.0
-852	124712.0	124143.0
-851	124384.0	124630.0
-850	123928.0	124835.0
-849	124367.0	124917.0
-848	124093.0	124728.0
-847	124330.0	124579.0
-846	124137.0	124377.0
-845	124459.0	124068.0
-844	123965.0	124998.0
-843	124125.0	124656.0
-842	124260.0	124419.0
-841	124320.0	125164.0
-840	124979.0	124924.0
-839	123948.0	124663.0
-838	124149.0	124344.0
-837	124909.0	124276.0
-836	123876.0	124099.0
-835	124137.0	124784.0
-834	124743.0	123741.0
-833	124310.0	124535.0
-832	124269.0	124580.0
-831	124986.0	124759.0
-830	123808.0	125110.0
-829	124837.0	124858.0
-828	124329.0	124821.0
-827	124399.0	124617.0
-826	124212.0	124362.0
-825	124654.0	125131.0
-824	123780.0	124554.0
-823	123675.0	125004.0
-822	124557.0	124156.0
-821	123855.0	124269.0
-820	124809.0	124853.0
-819	125020.0	124709.0
-818	123440.0	124623.0
-817	124228.0	124833.0
-816	124672.0	125459.0
-815	124118.0	124569.0
-814	124269.0	125099.0
-813	124359.0	125045.0
-812	124242.0	124703.0
-811	124548.0	125002.0
-810	124909.0	124933.0
-809	124174.0	124802.0
-808	124778.0	125464.0
-807	125269.0	124163.0
-806	125036.0	124589.0
-805	124758.0	124587.0
-804	124800.0	124705.0
-803	124076.0	124260.0
-802	123800.0	124985.0
-801	125110.0	125301.0
-800	124539.0	124958.0
-799	125366.0	125027.0
-798	124808.0	125318.0
-797	124169.0	124478.0
-796	124631.0	125313.0
-795	125007.0	125881.0
-794	124880.0	125004.0
-793	124435.0	124611.0
-792	125080.0	125744.0
-791	124333.0	124916.0
-790	125040.0	125362.0
-789	125668.0	125555.0
-788	125100.0	125164.0
-787	124668.0	125200.0
-786	125530.0	125643.0
-785	125270.0	124872.0
-784	124417.0	125620.0
-783	125162.0	125252.0
-782	125225.0	125229.0
-781	124261.0	125434.0
-780	124723.0	125186.0
-779	125049.0	124630.0
-778	125062.0	125239.0
-777	125163.0	125719.0
-776	124762.0	125053.0
-775	125091.0	125451.0
-774	125811.0	125518.0
-773	125455.0	125308.0
-772	125427.0	125670.0
-771	125337.0	125709.0
-770	125789.0	125301.0
-769	125658.0	125164.0
-768	126073.0	125319.0
-767	126060.0	125487.0
-766	126191.0	125156.0
-765	125531.0	124966.0
-764	125020.0	124809.0
-763	125251.0	125465.0
-762	125761.0	125132.0
-761	125713.0	125196.0
-760	126395.0	125433.0
-759	126558.0	125804.0
-758	125619.0	124970.0
-757	125281.0	125058.0
-756	126220.0	125157.0
-755	125908.0	124586.0
-754	125994.0	125994.0
-753	126462.0	125204.0
-752	126376.0	124839.0
-751	126171.0	125570.0
-750	126183.0	125390.0
-749	125815.0	125092.0
-748	126195.0	125193.0
-747	126294.0	125656.0
-746	125774.0	124685.0
-745	125707.0	124607.0
-744	125941.0	125776.0
-743	126070.0	124892.0
-742	125368.0	125318.0
-741	126446.0	125371.0
-740	126179.0	125182.0
-739	126503.0	125698.0
-738	126523.0	125241.0
-737	126018.0	125110.0
-736	126311.0	125333.0
-735	126653.0	125511.0
-734	126132.0	125155.0
-733	126164.0	125621.0
-732	127057.0	125347.0
-731	126219.0	125067.0
-730	125510.0	124884.0
-729	127071.0	125373.0
-728	125981.0	124249.0
-727	125736.0	125623.0
-726	126565.0	124709.0
-725	126333.0	124626.0
-724	125865.0	124761.0
-723	126959.0	125344.0
-722	125352.0	124590.0
-721	126404.0	124620.0
-720	126843.0	124453.0
-719	126489.0	124225.0
-718	125842.0	125014.0
-717	126663.0	124533.0
-716	126545.0	124498.0
-715	125798.0	124489.0
-714	126222.0	125598.0
-713	125658.0	124119.0
-712	125553.0	125030.0
-711	126189.0	124356.0
-710	125898.0	124648.0
-709	126076.0	124040.0
-708	126200.0	124994.0
-707	125560.0	124170.0
-706	125263.0	124593.0
-705	126694.0	124311.0
-704	125876.0	124095.0
-703	125718.0	125172.0
-702	125904.0	124376.0
-701	125258.0	124224.0
-700	125452.0	124222.0
-699	125852.0	124176.0
-698	125370.0	124362.0
-697	125698.0	124196.0
-696	126147.0	124909.0
-695	125546.0	124290.0
-694	124755.0	124597.0
-693	125880.0	124902.0
-692	125305.0	123865.0
-691	125501.0	124475.0
-690	125839.0	124225.0
-689	124848.0	124121.0
-688	124947.0	124731.0
-687	125655.0	124487.0
-686	125015.0	124108.0
-685	124523.0	124501.0
-684	125885.0	124134.0
-683	125219.0	124245.0
-682	124836.0	124658.0
-681	126001.0	124561.0
-680	125274.0	124092.0
-679	124936.0	124501.0
-678	125172.0	123970.0
-677	124840.0	123713.0
-676	124256.0	124970.0
-675	125112.0	124179.0
-674	124542.0	123908.0
-673	124596.0	123788.0
-672	125480.0	124116.0
-671	124989.0	124234.0
-670	124847.0	124546.0
-669	124386.0	124236.0
-668	124168.0	123512.0
-667	124891.0	123651.0
-666	125003.0	124411.0
-665	123832.0	124065.0
-664	124417.0	124281.0
-663	125416.0	124701.0
-662	123686.0	124022.0
-661	124160.0	124501.0
-660	124875.0	124539.0
-659	124518.0	124418.0
-658	123903.0	124585.0
-657	125056.0	124397.0
-656	123858.0	124482.0
-655	125073.0	124521.0
-654	125062.0	124930.0
-653	124240.0	124470.0
-652	124223.0	124583.0
-651	124107.0	125113.0
-650	124197.0	124679.0
-649	124039.0	124933.0
-648	124442.0	125323.0
-647	124173.0	125085.0
-646	123987.0	124754.0
-645	124017.0	125050.0
-644	123810.0	124047.0
-643	123795.0	125196.0
-642	125134.0	124079.0
-641	123955.0	124234.0
-640	124152.0	124607.0
-639	124285.0	125236.0
-638	123362.0	125103.0
-637	123851.0	124953.0
-636	124014.0	125392.0
-635	124176.0	125045.0
-634	123985.0	125130.0
-633	124985.0	125074.0
-632	123947.0	124461.0
-631	124156.0	125035.0
-630	124580.0	125468.0
-629	123808.0	124799.0
-628	123705.0	125640.0
-627	124577.0	125768.0
-626	124004.0	124367.0
-625	123892.0	125805.0
-624	124741.0	125028.0
-623	124360.0	125354.0
-622	123955.0	126165.0
-621	124978.0	126067.0
-620	123870.0	125724.0
-619	124027.0	125703.0
-618	124504.0	125713.0
-617	124018.0	125449.0
-616	124222.0	125939.0
-615	124556.0	126513.0
-614	125246.0	125488.0
-613	124132.0	126395.0
-612	124664.0	125753.0
-611	123997.0	125803.0
-610	124299.0	125845.0
-609	124897.0	125705.0
-608	124478.0	125664.0
-607	124763.0	125882.0
-606	125379.0	126393.0
-605	125076.0	125909.0
-604	124701.0	126533.0
-603	125413.0	126253.0
-602	124564.0	126176.0
-601	124636.0	126052.0
-600	125183.0	126984.0
-599	125436.0	125883.0
-598	125268.0	126323.0
-597	126043.0	126445.0
-596	125663.0	125716.0
-595	125406.0	126294.0
-594	125817.0	126163.0
-593	125485.0	126154.0
-592	125944.0	126117.0
-591	126186.0	126361.0
-590	125775.0	125953.0
-589	125596.0	126684.0
-588	127010.0	127024.0
-587	126139.0	125911.0
-586	126164.0	126912.0
-585	126410.0	126486.0
-584	126343.0	125578.0
-583	125962.0	126519.0
-582	126537.0	126439.0
-581	126596.0	126474.0
-580	126369.0	126740.0
-579	126891.0	126532.0
-578	126474.0	126278.0
-577	125677.0	126754.0
-576	127151.0	126168.0
-575	126856.0	126113.0
-574	126994.0	126571.0
-573	127443.0	126584.0
-572	126826.0	126340.0
-571	126922.0	126925.0
-570	127441.0	126496.0
-569	127062.0	125541.0
-568	126962.0	126755.0
-567	127161.0	125675.0
-566	127030.0	125593.0
-565	127671.0	126835.0
-564	127335.0	126656.0
-563	126871.0	126565.0
-562	127455.0	126573.0
-561	128288.0	126212.0
-560	127172.0	125436.0
-559	126970.0	126169.0
-558	127307.0	125783.0
-557	126651.0	126047.0
-556	127113.0	126692.0
-555	127634.0	126492.0
-554	127551.0	126004.0
-553	127301.0	126076.0
-552	127938.0	126162.0
-551	126970.0	125505.0
-550	127453.0	125983.0
-549	127965.0	125739.0
-548	127371.0	125299.0
-547	127647.0	125229.0
-546	128350.0	125442.0
-545	127140.0	125071.0
-544	127912.0	125847.0
-543	128019.0	125840.0
-542	126922.0	125436.0
-541	126667.0	125808.0
-540	127689.0	125946.0
-539	127498.0	125052.0
-538	127655.0	126135.0
-537	128502.0	125906.0
-536	127265.0	125301.0
-535	127341.0	125595.0
-534	127247.0	125488.0
-533	126775.0	124757.0
-532	126789.0	125612.0
-531	127866.0	125533.0
-530	127637.0	124131.0
-529	127207.0	125767.0
-528	128062.0	125130.0
-527	127126.0	124485.0
-526	126745.0	124934.0
-525	127298.0	124952.0
-524	126810.0	124694.0
-523	126984.0	125311.0
-522	127114.0	124910.0
-521	126832.0	124022.0
-520	126670.0	125131.0
-519	127179.0	124563.0
-518	126697.0	123737.0
-517	126212.0	124511.0
-516	127468.0	123937.0
-515	126776.0	124078.0
-514	126409.0	125004.0
-513	127502.0	124553.0
-512	126273.0	124601.0
-511	125947.0	125005.0
-510	126281.0	124423.0
-509	125927.0	123904.0
-508	125974.0	124007.0
-507	126869.0	124618.0
-506	125850.0	123844.0
-505	126100.0	124816.0
-504	126676.0	124723.0
-503	126301.0	124351.0
-502	125703.0	124493.0
-501	126671.0	124357.0
-500	125509.0	122790.0
-499	125191.0	123569.0
-498	126438.0	123638.0
-497	125816.0	123359.0
-496	125495.0	124216.0
-495	126270.0	124109.0
-494	125075.0	123201.0
-493	125052.0	124575.0
-492	125654.0	124084.0
-491	125459.0	123013.0
-490	125068.0	123723.0
-489	125791.0	123997.0
-488	125208.0	123260.0
-487	125066.0	123808.0
-486	124748.0	124067.0
-485	124248.0	123415.0
-484	124659.0	124386.0
-483	125604.0	124113.0
-482	124193.0	123175.0
-481	124221.0	124037.0
-480	124681.0	124465.0
-479	124434.0	123357.0
-478	124362.0	124192.0
-477	124841.0	124347.0
-476	124327.0	123592.0
-475	124100.0	124339.0
-474	125148.0	124060.0
-473	123636.0	123157.0
-472	123939.0	124072.0
-471	125203.0	123969.0
-470	123659.0	123297.0
-469	123639.0	123880.0
-468	124301.0	125012.0
-467	123759.0	124014.0
-466	123778.0	124281.0
-465	124634.0	124629.0
-464	123468.0	123521.0
-463	123469.0	124417.0
-462	124584.0	124803.0
-461	123300.0	123618.0
-460	123478.0	124456.0
-459	123888.0	125280.0
-458	123051.0	124129.0
-457	123340.0	125164.0
-456	124040.0	125395.0
-455	123242.0	124704.0
-454	123393.0	125498.0
-453	124062.0	125133.0
-452	123478.0	124795.0
-451	122950.0	125242.0
-450	124032.0	125455.0
-449	123468.0	124835.0
-448	123850.0	125424.0
-447	124447.0	126236.0
-446	123777.0	124860.0
-445	123229.0	125826.0
-444	123351.0	125687.0
-443	123561.0	125706.0
-442	122880.0	126171.0
-441	123358.0	125742.0
-440	123799.0	125003.0
-439	123965.0	125783.0
-438	124437.0	126116.0
-437	122776.0	126272.0
-436	123516.0	126491.0
-435	124179.0	125874.0
-434	123911.0	125014.0
-433	123858.0	126703.0
-432	124890.0	126597.0
-431	123459.0	125887.0
-430	123967.0	126791.0
-429	124624.0	126734.0
-428	123924.0	126261.0
-427	123740.0	127002.0
-426	125117.0	126783.0
-425	124637.0	126677.0
-424	123663.0	127435.0
-423	125432.0	127848.0
-422	124275.0	126728.0
-421	124091.0	127084.0
-420	125333.0	126871.0
-419	124415.0	127551.0
-418	124474.0	128065.0
-417	125700.0	127620.0
-416	125407.0	127299.0
-415	124981.0	127460.0
-414	125789.0	127384.0
-413	125174.0	127237.0
-412	125120.0	127758.0
-411	126220.0	127823.0
-410	124815.0	126813.0
-409	125744.0	127207.0
-408	127357.0	127870.0
-407	125714.0	127158.0
-406	125809.0	127798.0
-405	126645.0	127916.0
-404	126186.0	127390.0
-403	126389.0	128062.0
-402	127020.0	128119.0
-401	126384.0	126847.0
-400	126302.0	128297.0
-399	127838.0	128059.0
-398	126720.0	127243.0
-397	126672.0	127695.0
-396	127463.0	128177.0
-395	126260.0	127294.0
-394	127291.0	127684.0
-393	128224.0	128711.0
-392	127253.0	127327.0
-391	126647.0	127822.0
-390	128117.0	128066.0
-389	127955.0	127765.0
-388	127896.0	128093.0
-387	128436.0	128330.0
-386	128433.0	127152.0
-385	128454.0	127944.0
-384	128907.0	127948.0
-383	128609.0	127862.0
-382	127696.0	128070.0
-381	129468.0	128154.0
-380	128478.0	127443.0
-379	128298.0	128177.0
-378	129459.0	128405.0
-377	128766.0	127303.0
-376	129067.0	127239.0
-375	130313.0	127326.0
-374	129111.0	126915.0
-373	129632.0	128208.0
-372	130446.0	127121.0
-371	128755.0	126735.0
-370	129042.0	127928.0
-369	130339.0	127260.0
-368	129652.0	126337.0
-367	129003.0	127638.0
-366	130167.0	127211.0
-365	129237.0	125796.0
-364	129144.0	127199.0
-363	130641.0	126495.0
-362	128800.0	126066.0
-361	129675.0	127183.0
-360	129818.0	127085.0
-359	129222.0	126456.0
-358	129222.0	126945.0
-357	129807.0	126949.0
-356	129513.0	125628.0
-355	128884.0	126352.0
-354	130564.0	126650.0
-353	129093.0	125208.0
-352	129418.0	126306.0
-351	129588.0	125835.0
-350	129108.0	125270.0
-349	128740.0	126336.0
-348	129700.0	126369.0
-347	128810.0	124694.0
-346	128792.0	125600.0
-345	129668.0	126000.0
-344	128987.0	124748.0
-343	128716.0	125511.0
-342	129462.0	124928.0
-341	128586.0	124395.0
-340	128498.0	125499.0
-339	129119.0	125351.0
-338	128299.0	123801.0
-337	128406.0	125001.0
-336	128390.0	125245.0
-335	127685.0	124576.0
-334	127998.0	125504.0
-333	128647.0	124412.0
-332	127429.0	123077.0
-331	127809.0	125054.0
-330	128038.0	124522.0
-329	127639.0	123454.0
-328	126742.0	124154.0
-327	127806.0	124704.0
-326	126918.0	123404.0
-325	126384.0	124141.0
-324	127508.0	124145.0
-323	127309.0	122942.0
-322	126386.0	123939.0
-321	126966.0	124110.0
-320	125736.0	122894.0
-319	125266.0	123732.0
-318	126846.0	123848.0
-317	125713.0	123203.0
-316	125834.0	123554.0
-315	126523.0	123554.0
-314	124835.0	122353.0
-313	125039.0	123481.0
-312	126056.0	123727.0
-311	124743.0	122269.0
-310	125633.0	124155.0
-309	125716.0	123648.0
-308	124634.0	122996.0
-307	124063.0	123396.0
-306	125759.0	123689.0
-305	124127.0	122183.0
-304	123453.0	124013.0
-303	124655.0	123658.0
-302	123625.0	122502.0
-301	124219.0	124097.0
-300	124998.0	123622.0
-299	123844.0	122441.0
-298	124199.0	123286.0
-297	124659.0	123404.0
-296	122950.0	122748.0
-295	123322.0	123448.0
-294	124574.0	123733.0
-293	123520.0	122598.0
-292	123055.0	123414.0
-291	124452.0	123279.0
-290	123287.0	122524.0
-289	123009.0	124450.0
-288	124132.0	124075.0
-287	122629.0	123428.0
-286	122646.0	124043.0
-285	123822.0	123998.0
-284	122903.0	123854.0
-283	122878.0	123778.0
-282	123650.0	124127.0
-281	122515.0	122921.0
-280	122304.0	124191.0
-279	123648.0	124005.0
-278	122914.0	122516.0
-277	122772.0	124733.0
-276	122864.0	124550.0
-275	122421.0	123297.0
-274	122355.0	124420.0
-273	123222.0	124575.0
-272	121851.0	123957.0
-271	122807.0	125227.0
-270	123460.0	124976.0
-269	122103.0	124247.0
-268	122516.0	124959.0
-267	123662.0	125041.0
-266	122323.0	124391.0
-265	122144.0	125333.0
-264	122648.0	125581.0
-263	122009.0	125480.0
-262	122181.0	125718.0
-261	123450.0	125796.0
-260	122908.0	125072.0
-259	122468.0	126353.0
-258	123730.0	126616.0
-257	122598.0	125816.0
-256	122870.0	126585.0
-255	123784.0	126726.0
-254	122618.0	125799.0
-253	123422.0	127265.0
-252	124075.0	127354.0
-251	122971.0	126362.0
-250	122374.0	127182.0
-249	124450.0	127619.0
-248	122592.0	126329.0
-247	122714.0	128070.0
-246	124194.0	128612.0
-245	122264.0	127197.0
-244	123242.0	128411.0
-243	124882.0	128601.0
-242	123696.0	127971.0
-241	123815.0	128597.0
-240	125431.0	128546.0
-239	123819.0	128275.0
-238	123899.0	128907.0
-237	125266.0	128979.0
-236	124070.0	128765.0
-235	124639.0	129000.0
-234	125042.0	128755.0
-233	124622.0	128376.0
-232	124811.0	130092.0
-231	126146.0	129909.0
-230	124768.0	129028.0
-229	125184.0	130434.0
-228	126223.0	130540.0
-227	125709.0	129104.0
-226	126514.0	130152.0
-225	127993.0	130255.0
-224	126131.0	129071.0
-223	126840.0	130475.0
-222	127859.0	130471.0
-221	126572.0	128961.0
-220	126584.0	130457.0
-219	127797.0	131201.0
-218	126779.0	130117.0
-217	127048.0	130752.0
-216	128675.0	130738.0
-215	128038.0	128957.0
-214	128004.0	130882.0
-213	129401.0	130975.0
-212	128306.0	130149.0
-211	128674.0	131086.0
-210	130293.0	130707.0
-209	128655.0	129781.0
-208	128984.0	130640.0
-207	130892.0	131006.0
-206	130052.0	129282.0
-205	129679.0	130937.0
-204	131370.0	130844.0
-203	129544.0	129516.0
-202	130115.0	130946.0
-201	132207.0	130372.0
-200	130987.0	129388.0
-199	131100.0	129999.0
-198	133195.0	130161.0
-197	131494.0	128162.0
-196	131216.0	130146.0
-195	133174.0	130306.0
-194	132270.0	128861.0
-193	132573.0	129630.0
-192	134009.0	129413.0
-191	133040.0	128047.0
-190	132593.0	129664.0
-189	134016.0	129024.0
-188	132518.0	127694.0
-187	132356.0	128697.0
-186	134080.0	129110.0
-185	132914.0	127905.0
-184	132870.0	128811.0
-183	134181.0	128305.0
-182	133354.0	127818.0
-181	132831.0	128357.0
-180	134896.0	127693.0
-179	133020.0	126606.0
-178	132846.0	127379.0
-177	134267.0	127722.0
-176	132786.0	126497.0
-175	132374.0	127323.0
-174	134630.0	127699.0
-173	132210.0	125844.0
-172	132400.0	126870.0
-171	133728.0	126678.0
-170	132226.0	125368.0
-169	132723.0	126492.0
-168	134323.0	126360.0
-167	131892.0	125302.0
-166	131790.0	126087.0
-165	133740.0	126132.0
-164	131514.0	124710.0
-163	130964.0	125467.0
-162	132780.0	126208.0
-161	130650.0	124503.0
-160	130890.0	125881.0
-159	132424.0	125824.0
-158	130446.0	123773.0
-157	130918.0	125249.0
-156	131422.0	124623.0
-155	129735.0	123126.0
-154	129286.0	124387.0
-153	131070.0	124194.0
-152	129660.0	123067.0
-151	128429.0	124041.0
-150	129715.0	124115.0
-149	127555.0	122432.0
-148	127587.0	124413.0
-147	129059.0	124719.0
-146	127331.0	123066.0
-145	126800.0	123534.0
-144	128614.0	123587.0
-143	126831.0	122456.0
-142	126150.0	123102.0
-141	126644.0	123498.0
-140	124824.0	122126.0
-139	124410.0	124007.0
-138	125180.0	123273.0
-137	123551.0	121598.0
-136	123416.0	123379.0
-135	125389.0	123601.0
-134	123889.0	121379.0
-133	124091.0	123232.0
-132	126299.0	123086.0
-131	125077.0	121953.0
-130	123365.0	122370.0
-129	124567.0	122924.0
-128	122474.0	122378.0
-127	121651.0	123223.0
-126	123477.0	123174.0
-125	122438.0	122012.0
-124	122942.0	123184.0
-123	125723.0	123207.0
-122	124544.0	121525.0
-121	124944.0	123040.0
-120	125499.0	122795.0
-119	123000.0	121557.0
-118	121473.0	123851.0
-117	122169.0	123720.0
-116	120984.0	122553.0
-115	121604.0	123880.0
-114	123621.0	123121.0
-113	123385.0	121386.0
-112	123510.0	123205.0
-111	125511.0	123218.0
-110	123962.0	121710.0
-109	123267.0	123348.0
-108	123618.0	123840.0
-107	121506.0	121868.0
-106	121282.0	123774.0
-105	122771.0	123674.0
-104	122155.0	121758.0
-103	123349.0	123245.0
-102	126579.0	123371.0
-101	124811.0	122213.0
-100	125015.0	124251.0
-99	125803.0	124044.0
-98	122873.0	122276.0
-97	122942.0	124842.0
-96	124259.0	124822.0
-95	122272.0	122571.0
-94	122649.0	124411.0
-93	125189.0	123298.0
-92	123447.0	122520.0
-91	125113.0	124468.0
-90	126393.0	124275.0
-89	124420.0	123146.0
-88	124132.0	125204.0
-87	125787.0	125514.0
-86	123095.0	123513.0
-85	122190.0	125458.0
-84	124617.0	125036.0
-83	123075.0	123577.0
-82	124136.0	125478.0
-81	126431.0	125388.0
-80	123722.0	124770.0
-79	123720.0	126135.0
-78	125808.0	125493.0
-77	123981.0	125097.0
-76	124021.0	127394.0
-75	126242.0	127056.0
-74	123734.0	125419.0
-73	123380.0	127564.0
-72	126247.0	128124.0
-71	125047.0	126332.0
-70	124610.0	127612.0
-69	126685.0	127847.0
-68	124840.0	126710.0
-67	124569.0	129077.0
-66	125841.0	128684.0
-65	124730.0	127688.0
-64	124387.0	129881.0
-63	126749.0	129400.0
-62	124437.0	128179.0
-61	124812.0	130268.0
-60	127516.0	130747.0
-59	124863.0	128557.0
-58	124620.0	130748.0
-57	125709.0	130692.0
-56	123907.0	129982.0
-55	123774.0	131652.0
-54	126739.0	132364.0
-53	125799.0	130168.0
-52	126020.0	132151.0
-51	128881.0	132479.0
-50	126554.0	131149.0
-49	126769.0	133041.0
-48	128905.0	134276.0
-47	126281.0	131304.0
-46	126473.0	134428.0
-45	128577.0	133960.0
-44	125874.0	132270.0
-43	127036.0	134154.0
-42	130442.0	135234.0
-41	128818.0	133008.0
-40	130271.0	135693.0
-39	132861.0	135726.0
-38	130528.0	133623.0
-37	130387.0	135986.0
-36	131523.0	135992.0
-35	128784.0	133454.0
-34	129507.0	136231.0
-33	133285.0	135614.0
-32	132016.0	134296.0
-31	133788.0	136636.0
-30	137472.0	136805.0
-29	133687.0	134537.0
-28	133924.0	137246.0
-27	136233.0	137425.0
-26	133259.0	135765.0
-25	132198.0	137971.0
-24	135132.0	137940.0
-23	132289.0	135150.0
-22	133548.0	138456.0
-21	136893.0	138486.0
-20	136116.0	136638.0
-19	136106.0	140022.0
-18	140007.0	140051.0
-17	136688.0	137984.0
-16	135517.0	141006.0
-15	137808.0	140559.0
-14	135495.0	137661.0
-13	136176.0	141352.0
-12	142378.0	140939.0
-11	140611.0	138114.0
-10	140258.0	142301.0
-9	144238.0	144874.0
-8	141371.0	144984.0
-7	138235.0	151064.0
-6	136623.0	152956.0
-5	127942.0	148897.0
-4	125011.0	150829.0
-3	140946.0	158092.0
-2	155175.0	145248.0
-1	243384.0	140395.0
0	2335.0	97641.0
1	242958.0	27727.0
2	154668.0	61564.0
3	140335.0	88893.0
4	124369.0	121646.0
5	127357.0	136175.0
6	136699.0	129052.0
7	137760.0	114668.0
8	140726.0	114344.0
9	144253.0	112136.0
10	140424.0	110632.0
11	139637.0	114789.0
12	141774.0	119898.0
13	135857.0	116690.0
14	134745.0	122517.0
15	137698.0	123398.0
16	135197.0	121517.0
17	135603.0	122259.0
18	139381.0	122724.0
19	136093.0	120450.0
20	135028.0	123593.0
21	136481.0	124299.0
22	132673.0	125282.0
23	131884.0	130877.0
24	134501.0	130899.0
25	132147.0	128656.0
26	132945.0	128715.0
27	135778.0	126822.0
28	133782.0	123795.0
29	134011.0	125208.0
30	135974.0	125171.0
31	132572.0	123489.0
32	131430.0	127177.0
33	132572.0	129182.0
34	128950.0	128109.0
35	128207.0	131792.0
36	131727.0	131916.0
37	129966.0	128480.0
38	129865.0	128429.0
39	133046.0	126336.0
40	129562.0	124840.0
41	128961.0	127053.0
42	129802.0	128210.0
43	126094.0	128254.0
44	126356.0	132569.0
45	128238.0	132725.0
46	126093.0	130750.0
47	126190.0	131577.0
48	128882.0	130275.0
49	126974.0	127453.0
50	127318.0	128980.0
51	129733.0	129062.0
52	126471.0	127706.0
53	125749.0	130282.0
54	126131.0	131397.0
55	123618.0	130564.0
56	122894.0	132990.0
57	126160.0	132563.0
58	123737.0	129220.0
59	125021.0	129931.0
60	126859.0	128481.0
61	124454.0	126616.0
62	124561.0	129387.0
63	126532.0	129646.0
64	124544.0	127342.0
65	124163.0	128020.0
66	126044.0	127608.0
67	124248.0	126569.0
68	123787.0	127817.0
69	126698.0	127356.0
70	125219.0	124584.0
71	124673.0	126517.0
72	126417.0	127593.0
73	123603.0	126486.0
74	123464.0	127858.0
75	125364.0	127417.0
76	123806.0	124710.0
77	124687.0	125836.0
78	126254.0	125920.0
79	123504.0	124104.0
80	123363.0	127269.0
81	124885.0	126983.0
82	122767.0	125924.0
83	122741.0	128437.0
84	124349.0	129078.0
85	122335.0	127401.0
86	122480.0	128547.0
87	125293.0	126709.0
88	123585.0	123209.0
89	123932.0	124059.0
90	126481.0	122991.0
91	123383.0	123485.0
92	123134.0	125758.0
93	124397.0	126863.0
94	122642.0	126876.0
95	121797.0	128936.0
96	124611.0	128434.0
97	122709.0	127272.0
98	123305.0	127626.0
99	125091.0	125855.0
100	124390.0	123489.0
101	124534.0	124616.0
102	125457.0	125152.0
103	122819.0	125233.0
104	121670.0	128507.0
105	122730.0	129956.0
106	121195.0	130118.0
107	121265.0	131491.0
108	123542.0	130671.0
109	122766.0	127230.0
110	123653.0	127647.0
111	125220.0	127890.0
112	122957.0	126041.0
113	122396.0	131341.0
114	122985.0	133201.0
115	121148.0	132613.0
116	120529.0	135786.0
117	123046.0	136196.0
118	121006.0	134753.0
119	121949.0	136251.0
120	124925.0	134592.0
121	124076.0	132466.0
122	123743.0	133543.0
123	125301.0	135283.0
124	122639.0	135174.0
125	121786.0	138372.0
126	123132.0	140393.0
127	121192.0	140752.0
128	121945.0	141716.0
129	124990.0	140772.0
130	124173.0	137957.0
131	124158.0	139469.0
132	126138.0	138450.0
133	123890.0	137849.0
134	123470.0	141174.0
135	124735.0	143640.0
136	122328.0	143902.0
137	122745.0	146395.0
138	124947.0	147187.0
139	123706.0	144258.0
140	124770.0	145621.0
141	127053.0	144424.0
142	126222.0	142788.0
143	126760.0	145637.0
144	128530.0	146288.0
145	127140.0	145028.0
146	126769.0	147524.0
147	128396.0	147353.0
148	127680.0	145724.0
149	127442.0	146720.0
150	129521.0	146562.0
151	129297.0	144505.0
152	129081.0	145826.0
153	130596.0	145896.0
154	129943.0	143352.0
155	129707.0	144814.0
156	131176.0	144773.0
157	130564.0	141883.0
158	130135.0	143247.0
159	131481.0	142312.0
160	130152.0	140136.0
161	130798.0	141265.0
162	132710.0	140293.0
163	131132.0	139771.0
164	131236.0	140475.0
165	133021.0	139669.0
166	131670.0	138178.0
167	131973.0	139451.0
168	133558.0	138567.0
169	132036.0	136401.0
170	131791.0	136743.0
171	133232.0	137147.0
172	131870.0	135571.0
173	132741.0	136308.0
174	134057.0	135245.0
175	132053.0	134770.0
176	132300.0	135543.0
177	133926.0	134368.0
178	132938.0	133156.0
179	133245.0	134364.0
180	134121.0	133310.0
181	132704.0	131106.0
182	133216.0	132355.0
183	134172.0	131803.0
184	132465.0	130080.0
185	132224.0	131277.0
186	133707.0	131307.0
187	131758.0	129940.0
188	132285.0	130857.0
189	133519.0	130247.0
190	132298.0	128349.0
191	132636.0	129102.0
192	133544.0	128155.0
193	132182.0	127260.0
194	131934.0	127997.0
195	132649.0	128564.0
196	131143.0	127028.0
197	130927.0	128491.0
198	132771.0	127678.0
199	130973.0	125866.0
200	131363.0	127634.0
201	131898.0	126636.0
202	130474.0	125730.0
203	130241.0	126665.0
204	130737.0	126366.0
205	129560.0	125375.0
206	129296.0	126361.0
207	130576.0	126330.0
208	129199.0	124141.0
209	128955.0	125869.0
210	129423.0	125500.0
211	128496.0	123606.0
212	128008.0	124663.0
213	128876.0	124500.0
214	127974.0	123619.0
215	127627.0	124281.0
216	128411.0	125318.0
217	126383.0	124193.0
218	127154.0	124549.0
219	128208.0	125413.0
220	126723.0	122825.0
221	126609.0	124590.0
222	128068.0	124031.0
223	126259.0	123045.0
224	126019.0	123755.0
225	126710.0	123854.0
226	125087.0	122887.0
227	124642.0	124593.0
228	125786.0	124129.0
229	124685.0	122944.0
230	124534.0	124174.0
231	125620.0	123671.0
232	124530.0	122383.0
233	124361.0	123970.0
234	125323.0	123932.0
235	123893.0	122920.0
236	123889.0	123735.0
237	124529.0	123811.0
238	122989.0	123077.0
239	123474.0	123777.0
240	124977.0	123650.0
241	123292.0	121830.0
242	122935.0	123895.0
243	124003.0	123356.0
244	123099.0	122713.0
245	123209.0	123938.0
246	123253.0	123907.0
247	122732.0	122896.0
248	122292.0	124355.0
249	123695.0	123699.0
250	123175.0	122637.0
251	122334.0	123607.0
252	123716.0	123626.0
253	122935.0	122421.0
254	122693.0	123234.0
255	123563.0	123262.0
256	122040.0	122778.0
257	122148.0	123969.0
258	123401.0	124242.0
259	121567.0	123445.0
260	122773.0	124749.0
261	123879.0	124012.0
262	122084.0	123741.0
263	122484.0	123925.0
264	122836.0	123598.0
265	121766.0	123768.0
266	121905.0	124848.0
267	123236.0	124309.0
268	122122.0	122988.0
269	122553.0	125093.0
270	122884.0	124592.0
271	121956.0	124332.0
272	121539.0	125095.0
273	123101.0	124626.0
274	122519.0	123773.0
275	122173.0	124593.0
276	123165.0	125606.0
277	122163.0	124615.0
278	122708.0	126210.0
279	123466.0	125377.0
280	122131.0	124260.0
281	122112.0	126495.0
282	123248.0	126286.0
283	122672.0	125489.0
284	122289.0	126456.0
285	124152.0	126064.0
286	122244.0	125841.0
287	121957.0	126718.0
288	123374.0	127708.0
289	122477.0	126705.0
290	122967.0	127662.0
291	123558.0	127574.0
292	122427.0	126734.0
293	123512.0	127517.0
294	124401.0	127980.0
295	123269.0	127081.0
296	123803.0	128577.0
297	124882.0	129074.0
298	123483.0	128407.0
299	123552.0	128854.0
300	124255.0	129317.0
301	123611.0	128033.0
302	124249.0	129539.0
303	124786.0	129578.0
304	123586.0	128292.0
305	124260.0	130090.0
306	126144.0	129973.0
307	124326.0	128973.0
308	124606.0	131065.0
309	125333.0	130477.0
310	124734.0	130121.0
311	124654.0	131234.0
312	125505.0	131186.0
313	125519.0	130210.0
314	125427.0	131574.0
315	126349.0	131862.0
316	125036.0	130419.0
317	125296.0	131595.0
318	126673.0	131704.0
319	125519.0	130306.0
320	125862.0	132054.0
321	127115.0	132121.0
322	125809.0	131517.0
323	126269.0	132476.0
324	127242.0	131919.0
325	126166.0	131156.0
326	126285.0	132048.0
327	127474.0	132340.0
328	127011.0	132275.0
329	126816.0	132567.0
330	127641.0	132362.0
331	126694.0	131507.0
332	127361.0	132573.0
333	128583.0	132624.0
334	127416.0	131334.0
335	127195.0	132684.0
336	128709.0	132416.0
337	128137.0	131024.0
338	128080.0	132215.0
339	129277.0	131369.0
340	128694.0	131124.0
341	129007.0	132204.0
342	128794.0	131576.0
343	127934.0	130843.0
344	127812.0	131729.0
345	129917.0	131101.0
346	128627.0	130009.0
347	128951.0	130782.0
348	130198.0	130991.0
349	128857.0	129841.0
350	128600.0	130946.0
351	130285.0	130738.0
352	128072.0	129467.0
353	128367.0	129443.0
354	129782.0	129615.0
355	129793.0	127936.0
356	129266.0	129039.0
357	130307.0	129351.0
358	129073.0	128683.0
359	129381.0	128811.0
360	130498.0	128623.0
361	128788.0	127899.0
362	129402.0	129034.0
363	129662.0	128376.0
364	128877.0	127286.0
365	129267.0	127786.0
366	130162.0	128409.0
367	129031.0	126934.0
368	129452.0	126961.0
369	129875.0	126998.0
370	129276.0	126224.0
371	128516.0	126825.0
372	129703.0	126328.0
373	128783.0	125388.0
374	128993.0	126630.0
375	129314.0	126200.0
376	128578.0	125286.0
377	128716.0	125345.0
378	129660.0	125759.0
379	128438.0	124600.0
380	128714.0	124793.0
381	129358.0	124469.0
382	128882.0	124029.0
383	127765.0	124754.0
384	129076.0	124238.0
385	128333.0	123938.0
386	127899.0	124940.0
387	128357.0	124189.0
388	128206.0	124004.0
389	127544.0	124492.0
390	128235.0	123686.0
391	127696.0	123116.0
392	127462.0	124293.0
393	126824.0	123618.0
394	126569.0	123369.0
395	126828.0	123978.0
396	127707.0	124004.0
397	127340.0	122960.0
398	126016.0	123853.0
399	126764.0	123879.0
400	126634.0	122420.0
401	125740.0	123447.0
402	127657.0	123507.0
403	126688.0	122369.0
404	125842.0	122889.0
405	126605.0	123154.0
406	125680.0	122261.0
407	125676.0	123152.0
408	126100.0	122661.0
409	125060.0	122031.0
410	124696.0	122542.0
411	125785.0	122445.0
412	124817.0	121882.0
413	124966.0	123383.0
414	125765.0	123187.0
415	124779.0	122234.0
416	125548.0	122468.0
417	125460.0	122927.0
418	124570.0	122189.0
419	124511.0	122687.0
420	125152.0	123000.0
421	124814.0	121904.0
422	124273.0	123123.0
423	124464.0	122770.0
424	124058.0	121518.0
425	123889.0	122466.0
426	124908.0	122940.0
427	123314.0	122063.0
428	123422.0	123760.0
429	124238.0	122803.0
430	123980.0	122613.0
431	123096.0	123164.0
432	123925.0	123228.0
433	122906.0	123171.0
434	123798.0	123444.0
435	123658.0	123096.0
436	123157.0	121937.0
437	124015.0	123547.0
438	124309.0	124063.0
439	123398.0	123828.0
440	123119.0	123375.0
441	123619.0	123704.0
442	123304.0	123512.0
443	122484.0	123961.0
444	123130.0	123847.0
445	123273.0	123531.0
446	122867.0	124691.0
447	123679.0	123729.0
448	122408.0	123417.0
449	122780.0	124502.0
450	123729.0	124631.0
451	122931.0	124187.0
452	123114.0	124284.0
453	123805.0	125046.0
454	122660.0	124266.0
455	123084.0	125265.0
456	123615.0	124430.0
457	123359.0	124641.0
458	122391.0	125485.0
459	123595.0	126201.0
460	122967.0	124761.0
461	123469.0	126215.0
462	123784.0	124855.0
463	123324.0	124778.0
464	122935.0	125879.0
465	124315.0	125772.0
466	123279.0	125925.0
467	123607.0	126325.0
468	124460.0	126442.0
469	123444.0	125568.0
470	123814.0	126812.0
471	124463.0	125832.0
472	123426.0	126236.0
473	123802.0	126414.0
474	124337.0	126543.0
475	123157.0	126242.0
476	123692.0	127367.0
477	124000.0	126494.0
478	124565.0	126393.0
479	124424.0	127110.0
480	124655.0	126785.0
481	124026.0	126344.0
482	123742.0	127865.0
483	124876.0	127879.0
484	124132.0	127553.0
485	124451.0	128257.0
486	124962.0	127845.0
487	124538.0	127309.0
488	124451.0	128724.0
489	125437.0	128459.0
490	124438.0	127763.0
491	124575.0	128504.0
492	125453.0	128072.0
493	124176.0	128099.0
494	125479.0	128624.0
495	125870.0	128452.0
496	124797.0	128019.0
497	125638.0	129265.0
498	125538.0	128800.0
499	125657.0	128321.0
500	125044.0	128854.0
501	126115.0	129730.0
502	125126.0	128461.0
503	125182.0	128213.0
504	126400.0	129328.0
505	125437.0	127795.0
506	126166.0	129128.0
507	126088.0	129288.0
508	125888.0	127985.0
509	125633.0	129085.0
510	126466.0	129377.0
511	125989.0	128290.0
512	125541.0	129288.0
513	125918.0	128504.0
514	126076.0	127258.0
515	126189.0	129546.0
516	126558.0	129001.0
517	126905.0	128030.0
518	126675.0	128708.0
519	127292.0	128843.0
520	126276.0	127789.0
521	126797.0	128944.0
522	127165.0	128974.0
523	126844.0	127987.0
524	126411.0	128326.0
525	127340.0	128747.0
526	126452.0	127826.0
527	126657.0	128581.0
528	127283.0	129128.0
529	126712.0	128176.0
530	126677.0	128299.0
531	127541.0	127803.0
532	126565.0	127711.0
533	127364.0	127931.0
534	127733.0	128126.0
535	126991.0	127686.0
536	126802.0	128027.0
537	127969.0	128006.0
538	127109.0	127278.0
539	126727.0	127311.0
540	127433.0	127440.0
541	127210.0	127439.0
542	127077.0	127616.0
543	127746.0	127069.0
544	126936.0	126389.0
545	127345.0	127462.0
546	127553.0	126483.0
547	126599.0	126321.0
548	127499.0	126631.0
549	127249.0	126221.0
550	127226.0	125607.0
551	127066.0	126807.0
552	126997.0	126592.0
553	127253.0	125238.0
554	126960.0	125735.0
555	127109.0	125987.0
556	126693.0	125504.0
557	127200.0	126047.0
558	127934.0	125355.0
559	127275.0	124734.0
560	127043.0	126114.0
561	127786.0	125744.0
562	126524.0	124623.0
563	126984.0	125600.0
564	126890.0	125094.0
565	127224.0	124856.0
566	126678.0	124864.0
567	127272.0	125141.0
568	126269.0	124973.0
569	126055.0	125072.0
570	126902.0	125004.0
571	126844.0	123685.0
572	126299.0	124491.0
573	127222.0	124005.0
574	125898.0	123975.0
575	126563.0	124385.0
576	126915.0	124027.0
577	125851.0	124289.0
578	126008.0	124445.0
579	126311.0	124555.0
580	126422.0	123845.0
581	126235.0	124010.0
582	126275.0	124077.0
583	125604.0	123758.0
584	125582.0	123729.0
585	126527.0	123350.0
586	125005.0	123351.0
587	125658.0	123965.0
588	125963.0	123379.0
589	125324.0	123325.0
590	125458.0	123800.0
591	126157.0	123456.0
592	126087.0	123141.0
593	124882.0	123365.0
594	126023.0	123776.0
595	124835.0	122935.0
596	124815.0	122785.0
597	125668.0	123253.0
598	124930.0	123238.0
599	124806.0	123952.0
600	125491.0	123529.0
601	124380.0	122739.0
602	123982.0	123583.0
603	125419.0	123991.0
604	124302.0	123442.0
605	123936.0	123718.0
606	124989.0	123851.0
607	124590.0	123464.0
608	124236.0	124319.0
609	124311.0	123672.0
610	123994.0	123526.0
611	123994.0	123917.0
612	124478.0	123834.0
613	123743.0	123323.0
614	124253.0	124267.0
615	124600.0	124337.0
616	123351.0	123295.0
617	124018.0	123727.0
618	124706.0	124010.0
619	123531.0	124182.0
620	123679.0	124549.0
621	124389.0	124032.0
622	123953.0	123378.0
623	123552.0	124380.0
624	124508.0	124028.0
625	123571.0	123412.0
626	123507.0	124463.0
627	123544.0	124097.0
628	123753.0	123705.0
629	123545.0	124669.0
630	124394.0	124418.0
631	124024.0	124525.0
632	123392.0	125018.0
633	124104.0	124857.0
634	123840.0	124725.0
635	123999.0	125070.0
636	124489.0	125042.0
637	123696.0	124102.0
638	124049.0	124646.0
639	124446.0	125116.0
640	123296.0	124624.0
641	124039.0	124910.0
642	124356.0	124670.0
643	123401.0	124454.0
644	123666.0	125635.0
645	124222.0	124658.0
646	123967.0	125002.0
647	123865.0	125413.0
648	123742.0	125986.0
649	123277.0	125128.0
650	123681.0	125680.0
651	124631.0	125926.0
652	123897.0	124981.0
653	124110.0	125966.0
654	124549.0	125491.0
655	123579.0	124951.0
656	124067.0	126093.0
657	124528.0	125874.0
658	123458.0	125364.0
659	124217.0	126141.0
660	124354.0	125761.0
661	124177.0	125805.0
662	124499.0	125956.0
663	124696.0	126055.0
664	124008.0	126364.0
665	124450.0	126115.0
666	124575.0	126919.0
667	123804.0	126578.0
668	124524.0	127038.0
669	124933.0	126596.0
670	124571.0	126624.0
671	123972.0	126856.0
672	125216.0	126548.0
673	124857.0	126195.0
674	124961.0	125932.0
675	124876.0	126959.0
676	124792.0	126030.0
677	124576.0	127333.0
678	125410.0	126589.0
679	125296.0	126356.0
680	124649.0	127228.0
681	124991.0	127098.0
682	124614.0	126863.0
683	125155.0	127275.0
684	124918.0	126186.0
685	124157.0	126844.0
686	124636.0	127023.0
687	125575.0	126949.0
688	125019.0	126985.0
689	124901.0	127252.0
690	125249.0	126925.0
691	125280.0	126652.0
692	125372.0	126830.0
693	125388.0	127079.0
694	125634.0	127018.0
695	125362.0	126693.0
696	126028.0	127421.0
697	125599.0	127258.0
698	125584.0	126994.0
699	125388.0	126788.0
700	125388.0	126363.0
701	125269.0	126955.0
702	125941.0	127379.0
703	125093.0	126737.0
704	125429.0	126719.0
705	126091.0	126549.0
706	125283.0	126407.0
707	126003.0	127243.0
708	126041.0	127636.0
709	125458.0	127033.0
710	125311.0	126818.0
711	125875.0	126736.0
712	125923.0	126851.0
713	125442.0	126919.0
714	126467.0	127185.0
715	125349.0	126054.0
716	125573.0	126698.0
717	126355.0	126742.0
718	126035.0	125329.0
719	125696.0	126591.0
720	126196.0	126278.0
721	125441.0	125685.0
722	126111.0	126717.0
723	126436.0	127055.0
724	125815.0	126449.0
725	125413.0	126574.0
726	126539.0	126814.0
727	126524.0	125495.0
728	125848.0	126460.0
729	126278.0	126299.0
730	125808.0	125714.0
731	126433.0	126152.0
732	126057.0	126342.0
733	126040.0	125023.0
734	124828.0	126151.0
735	125767.0	125527.0
736	125741.0	125445.0
737	125280.0	125625.0
738	126214.0	126312.0
739	125978.0	125473.0
740	126045.0	124770.0
741	125837.0	125304.0
742	126381.0	124914.0
743	125087.0	125240.0
744	125847.0	125612.0
745	125410.0	125030.0
746	125724.0	125608.0
747	125821.0	125513.0
748	125141.0	124927.0
749	125334.0	125410.0
750	126310.0	124562.0
751	125463.0	124317.0
752	125588.0	125006.0
753	125714.0	125024.0
754	126048.0	124252.0
755	125357.0	124853.0
756	126236.0	124734.0
757	125210.0	124145.0
758	125484.0	124762.0
759	125860.0	124788.0
760	125252.0	124192.0
761	125292.0	124676.0
762	125949.0	124587.0
763	124930.0	124081.0
764	125348.0	124628.0
765	125355.0	124373.0
766	124639.0	124308.0
767	125064.0	124313.0
768	126012.0	124280.0
769	124809.0	123419.0
770	124996.0	124354.0
771	125491.0	124439.0
772	125307.0	124225.0
773	124855.0	124889.0
774	125615.0	123829.0
775	124624.0	123916.0
776	124915.0	124551.0
777	125207.0	124600.0
778	124564.0	124082.0
779	124682.0	123866.0
780	125177.0	124184.0
781	125262.0	123712.0
782	125087.0	124541.0
783	125330.0	123944.0
784	125190.0	123564.0
785	124517.0	124108.0
786	125089.0	125020.0
787	124621.0	123199.0
788	125177.0	123294.0
789	124624.0	124314.0
790	124353.0	123243.0
791	124668.0	123507.0
792	124458.0	124122.0
793	124545.0	123530.0
794	125199.0	123871.0
795	124936.0	124132.0
796	124483.0	124025.0
797	124705.0	124401.0
798	124751.0	124531.0
799	124121.0	124324.0
800	124182.0	124119.0
801	124776.0	124429.0
802	124164.0	124061.0
803	123893.0	124119.0
804	123986.0	124617.0
805	124138.0	123725.0
806	124149.0	124340.0
807	124458.0	124371.0
808	124745.0	123895.0
809	124124.0	124483.0
810	124312.0	124290.0
811	124323.0	123966.0
812	124383.0	124540.0
813	124693.0	124361.0
814	123835.0	124030.0
815	123540.0	124313.0
816	124074.0	124815.0
817	123886.0	124174.0
818	123917.0	124669.0
819	124649.0	124383.0
820	123759.0	123941.0
821	123817.0	124695.0
822	123362.0	124564.0
823	124018.0	124341.0
824	124247.0	125069.0
825	124750.0	124504.0
826	124986.0	124723.0
827	123760.0	124439.0
828	124200.0	124753.0
829	123788.0	124741.0
830	123886.0	125497.0
831	123824.0	125132.0
832	124442.0	124266.0
833	123773.0	125131.0
834	124108.0	124336.0
835	124465.0	124539.0
836	123774.0	125394.0
837	124442.0	124874.0
838	125193.0	124962.0
839	123987.0	125013.0
840	124322.0	125084.0
841	124374.0	124392.0
842	124542.0	125273.0
843	124480.0	125901.0
844	124164.0	124885.0
845	123284.0	124544.0
846	124091.0	125147.0
847	124675.0	124870.0
848	124344.0	125586.0
849	124637.0	125228.0
850	124298.0	125346.0
851	124431.0	126177.0
852	124659.0	126013.0
853	124259.0	125978.0
854	124066.0	125777.0
855	124286.0	125781.0
856	124166.0	125450.0
857	124330.0	125243.0
858	124758.0	124653.0
859	124632.0	125027.0
860	124100.0	125384.0
861	124879.0	125874.0
862	123823.0	125295.0
863	124155.0	125465.0
864	124846.0	126058.0
865	124113.0	124909.0
866	124229.0	126100.0
867	124759.0	125852.0
868	123943.0	125303.0
869	124337.0	125756.0
870	124546.0	125494.0
871	124254.0	125907.0
872	124580.0	126231.0
873	125015.0	126378.0
874	123739.0	125539.0
875	124136.0	126301.0
876	125010.0	125613.0
877	124748.0	125437.0
878	124277.0	125612.0
879	124003.0	125852.0
880	124845.0	125642.0
881	124561.0	126133.0
882	125257.0	126141.0
883	124600.0	126026.0
884	124222.0	126116.0
885	124937.0	125883.0
886	124696.0	125153.0
887	124667.0	126076.0
888	125225.0	126108.0
889	124445.0	125566.0
890	124787.0	126362.0
891	124807.0	125478.0
892	124905.0	125390.0
893	124461.0	125891.0
894	125183.0	125954.0
895	125598.0	125836.0
896	124278.0	126196.0
897	125269.0	125618.0
898	125276.0	126039.0
899	125139.0	125422.0
900	125350.0	125640.0
901	125519.0	124992.0
902	125063.0	125678.0
903	125566.0	125848.0
904	124866.0	125131.0
905	125241.0	125819.0
906	124746.0	125559.0
907	124930.0	125394.0
908	124906.0	125562.0
909	124794.0	125705.0
910	124889.0	125110.0
911	124474.0	124845.0
912	125623.0	125647.0
913	124780.0	125045.0
914	124638.0	125423.0
915	125360.0	125313.0
916	124935.0	125593.0
917	124766.0	125960.0
918	125865.0	125071.0
919	124736.0	124794.0
920	124972.0	125560.0
921	124547.0	125402.0
922	124639.0	125099.0
923	124963.0	124489.0
924	125298.0	125462.0
925	124878.0	125106.0
926	124637.0	125181.0
927	125109.0	125262.0
928	125539.0	125140.0
929	125119.0	125256.0
930	124435.0	125440.0
931	125252.0	124946.0
932	124918.0	124891.0
933	125519.0	124729.0
934	124951.0	124620.0
935	124352.0	124493.0
936	124900.0	125057.0
937	124818.0	124645.0
938	125187.0	124027.0
939	125467.0	124373.0
940	124496.0	124450.0
941	125252.0	124120.0
942	125231.0	124844.0
943	125241.0	123822.0
944	125339.0	124874.0
945	124965.0	124352.0
946	124841.0	124249.0
947	125092.0	124216.0
948	124585.0	124782.0
949	124741.0	124177.0
950	124607.0	125490.0
951	125108.0	125031.0
952	124382.0	124049.0
953	124802.0	124933.0
954	124671.0	124213.0
955	124519.0	124597.0
956	125030.0	124710.0
957	124822.0	124793.0
958	124697.0	123955.0
959	124573.0	124399.0
960	124593.0	124093.0
961	124270.0	124281.0
962	125091.0	124860.0
963	125144.0	124524.0
964	124621.0	124612.0
965	124413.0	124598.0
966	124472.0	123710.0
967	124671.0	123430.0
968	124738.0	124781.0
969	125490.0	123499.0
970	124422.0	123937.0
971	124791.0	124035.0
972	124599.0	124344.0
973	124046.0	123604.0
974	124495.0	124040.0
975	124058.0	124101.0
976	124424.0	123378.0
977	124278.0	124250.0
978	124119.0	123927.0
979	123927.0	123710.0
980	124372.0	124442.0
981	124430.0	123983.0
982	124233.0	124191.0
983	124474.0	124318.0
984	124468.0	124660.0
985	124203.0	123770.0
986	124025.0	124125.0
987	124199.0	123740.0
988	123686.0	124101.0
989	124271.0	123818.0
990	124114.0	124488.0
991	123869.0	123963.0
992	124253.0	124211.0
993	124896.0	124648.0
994	124005.0	124060.0
995	123678.0	124077.0
996	124516.0	125125.0
997	124327.0	124357.0
998	124331.0	124577.0
999	124365.0	124777.0
1000	123823.0	124260.0
1001	124207.0	124285.0
1002	123693.0	124287.0
1003	123659.0	123688.0
1004	123340.0	123898.0
1005	124129.0	124477.0
1006	123755.0	124800.0
1007	123813.0	124767.0
1008	124092.0	124064.0
1009	123698.0	124659.0
1010	124296.0	124364.0
1011	124333.0	124185.0
1012	124232.0	123940.0
1013	123849.0	124315.0
1014	124497.0	124435.0
1015	123611.0	123929.0
1016	124172.0	124613.0
1017	123942.0	124207.0
1018	123570.0	124245.0
1019	123810.0	124621.0
1020	124526.0	124888.0
1021	124420.0	124238.0
1022	123609.0	124269.0
1023	123952.0	124870.0
1024	123852.0	125075.0
1025	124227.0	124937.0
1026	124744.0	125233.0
1027	124178.0	124480.0
1028	124281.0	124551.0
1029	124475.0	124617.0
1030	124156.0	124163.0
1031	124096.0	124695.0
1032	124415.0	124617.0
1033	123922.0	124609.0
1034	124524.0	124767.0
1035	124334.0	124251.0
1036	124230.0	124438.0
1037	123814.0	124992.0
1038	123975.0	124780.0
1039	124446.0	124373.0
1040	124041.0	125097.0
1041	123920.0	124622.0
1042	123708.0	124765.0
1043	123611.0	124704.0
1044	123866.0	124838.0
1045	123793.0	125269.0
1046	124215.0	124482.0
1047	124309.0	124804.0
1048	123813.0	124720.0
1049	123968.0	125950.0
1050	124687.0	125318.0
1051	124189.0	125610.0
1052	124228.0	125089.0
1053	124556.0	125082.0
1054	124009.0	125053.0
1055	124422.0	124819.0
1056	124339.0	124555.0
1057	124299.0	124046.0
1058	123811.0	124754.0
1059	124398.0	124706.0
1060	123923.0	124817.0
1061	123588.0	125299.0
1062	124576.0	125414.0
1063	124694.0	124651.0
1064	124255.0	124975.0
1065	124479.0	125236.0
1066	124084.0	124889.0
1067	124291.0	124971.0
1068	124452.0	125334.0
1069	123891.0	125222.0
1070	124596.0	125031.0
1071	124298.0	124876.0
1072	123976.0	124776.0
1073	123803.0	125364.0
1074	124145.0	124472.0
1075	124055.0	125031.0
1076	124566.0	125191.0
1077	124036.0	124918.0
1078	124425.0	124550.0
1079	124073.0	125130.0
1080	124836.0	125355.0
1081	124047.0	124838.0
1082	123892.0	125103.0
1083	124580.0	124694.0
1084	124480.0	124695.0
1085	124075.0	124915.0
1086	124426.0	125110.0
1087	124440.0	124615.0
1088	123820.0	125387.0
1089	124947.0	125083.0
1090	124077.0	125399.0
1091	124210.0	125489.0
1092	124521.0	124788.0
1093	123854.0	124676.0
1094	124436.0	125574.0
1095	124429.0	124608.0
1096	124369.0	125048.0
1097	124438.0	125156.0
1098	125063.0	125062.0
1099	124665.0	124632.0
1100	124300.0	124663.0
1101	124424.0	125008.0
1102	124085.0	124239.0
1103	124281.0	124850.0
1104	124583.0	124745.0
1105	123819.0	124103.0
1106	123980.0	125046.0
1107	124558.0	124158.0
1108	124206.0	124491.0
1109	123882.0	125129.0
1110	124355.0	124551.0
1111	124371.0	124431.0
1112	124809.0	124832.0
1113	124310.0	124890.0
1114	124491.0	124295.0
1115	123896.0	124480.0
1116	123998.0	124663.0
1117	124292.0	124574.0
1118	124375.0	124566.0
1119	124590.0	124432.0
1120	124313.0	124100.0
1121	124133.0	123827.0
1122	124779.0	124455.0
1123	124079.0	124500.0
1124	124763.0	124435.0
1125	124451.0	125047.0
1126	124450.0	123992.0
1127	124413.0	124915.0
1128	124040.0	124737.0
1129	124183.0	124413.0
1130	123944.0	124529.0
1131	124255.0	124545.0
1132	124465.0	124385.0
1133	124253.0	124554.0
1134	124482.0	124133.0
1135	123708.0	124156.0
1136	124421.0	124654.0
1137	124170.0	124604.0
1138	124284.0	124416.0
1139	123629.0	124167.0
1140	124434.0	124132.0
1141	123903.0	124068.0
1142	124361.0	124896.0
1143	124720.0	124137.0
1144	124174.0	124219.0
1145	124686.0	124020.0
1146	124852.0	124626.0
1147	124949.0	124246.0
1148	124395.0	124471.0
1149	124342.0	124187.0
1150	124333.0	123959.0
1151	123817.0	124150.0
1152	124289.0	124315.0
1153	124173.0	123640.0
1154	123901.0	123750.0
1155	125118.0	124086.0
1156	123659.0	123994.0
1157	123749.0	124104.0
1158	124769.0	123685.0
1159	125052.0	123642.0
1160	123734.0	123982.0
1161	123778.0	124269.0
1162	124141.0	124031.0
1163	124746.0	124457.0
1164	124375.0	124242.0
1165	123948.0	123877.0
1166	124567.0	124094.0
1167	124826.0	123808.0
1168	123953.0	123809.0
1169	123579.0	124178.0
1170	124613.0	124323.0
1171	124130.0	123643.0
1172	123992.0	123786.0
1173	124235.0	124415.0
1174	124230.0	123968.0
1175	124332.0	124266.0
1176	123776.0	124028.0
1177	123964.0	124386.0
1178	123774.0	123829.0
1179	123667.0	123727.0
1180	123485.0	124394.0
1181	123769.0	124157.0
1182	124330.0	124105.0
1183	123881.0	123553.0
1184	123735.0	124108.0
1185	124334.0	123982.0
1186	124051.0	123532.0
1187	124109.0	123981.0
1188	123711.0	124095.0
1189	123653.0	123566.0
1190	123986.0	123790.0
1191	124110.0	124390.0
1192	123857.0	123865.0
1193	123727.0	124188.0
1194	124030.0	123912.0
1195	123634.0	123828.0
1196	123800.0	124238.0
1197	123605.0	123394.0
1198	123631.0	123886.0
1199	123807.0	124060.0
1200	124191.0	124337.0
1201	124146.0	124328.0
1202	124384.0	123874.0
1203	124203.0	123559.0
1204	124168.0	124059.0
1205	124256.0	124008.0
1206	123479.0	123849.0
1207	123849.0	123612.0
1208	123106.0	124376.0
1209	123730.0	124814.0
1210	123713.0	124229.0
1211	123148.0	124739.0
1212	124293.0	124708.0
1213	123349.0	124069.0
1214	123613.0	124796.0
1215	124188.0	124361.0
1216	124004.0	124602.0
1217	123916.0	124230.0
1218	124052.0	124263.0
1219	123749.0	123809.0
1220	123630.0	124025.0
1221	123636.0	123945.0
1222	123961.0	123759.0
1223	123906.0	124323.0
1224	123975.0	124118.0
1225	123062.0	124124.0
1226	124020.0	124613.0
1227	124342.0	124266.0
1228	123337.0	123684.0
1229	123796.0	124484.0
1230	124018.0	124227.0
1231	123547.0	123827.0
1232	122961.0	124178.0
1233	124741.0	124158.0
1234	123296.0	123747.0
1235	123531.0	124358.0
1236	124186.0	124293.0
1237	123868.0	124430.0
1238	123583.0	124459.0
1239	123633.0	124003.0
1240	123486.0	123786.0
1241	123500.0	124015.0
1242	124009.0	124528.0
1243	123988.0	124613.0
1244	123200.0	124502.0
1245	124138.0	124585.0
1246	123363.0	124918.0
1247	123322.0	124928.0
1248	124079.0	124020.0
1249	123913.0	124500.0
1250	123138.0	124525.0
1251	123912.0	124697.0
1252	124031.0	124347.0
1253	123774.0	124224.0
1254	124554.0	124486.0
1255	123979.0	124254.0
1256	123876.0	124668.0
1257	123791.0	124254.0
1258	123017.0	123890.0
1259	123533.0	124608.0
1260	123789.0	124168.0
1261	123927.0	124509.0
1262	123965.0	124652.0
1263	124179.0	124088.0
1264	123640.0	124666.0
1265	123794.0	124332.0
1266	124157.0	124034.0
1267	123849.0	123856.0
1268	123217.0	124563.0
1269	124066.0	124296.0
1270	123661.0	123631.0
1271	123834.0	123907.0
1272	124116.0	124322.0
1273	123656.0	124089.0
1274	123482.0	124345.0
1275	124489.0	124844.0
1276	123881.0	124544.0
1277	124089.0	124555.0
1278	124471.0	125294.0
1279	123707.0	124394.0
1280	123961.0	124319.0
1281	123917.0	124358.0
1282	123700.0	124006.0
1283	124452.0	123446.0
1284	124414.0	124583.0
1285	124145.0	123728.0
1286	124114.0	123917.0
1287	124234.0	124872.0
1288	123530.0	124017.0
1289	123826.0	123844.0
1290	124388.0	124242.0
1291	124005.0	123542.0
1292	124122.0	124818.0
1293	124370.0	124357.0
1294	124495.0	123805.0
1295	124156.0	124636.0
1296	123919.0	124640.0
1297	123487.0	123730.0
1298	123506.0	124260.0
1299	124049.0	124562.0
1300	124565.0	124399.0
1301	124205.0	124283.0
1302	124770.0	123947.0
1303	123710.0	124066.0
1304	124067.0	125061.0
1305	124132.0	124099.0
1306	124379.0	124282.0
1307	123910.0	124342.0
1308	124226.0	123868.0
1309	123219.0	124291.0
1310	124282.0	124713.0
1311	124179.0	124941.0
1312	124331.0	124367.0
1313	124746.0	124214.0
1314	124289.0	123996.0
1315	123492.0	124009.0
1316	124256.0	123516.0
1317	124232.0	123978.0
1318	124454.0	123848.0
1319	124034.0	124002.0
1320	124389.0	124209.0
1321	124446.0	124460.0
1322	123955.0	124267.0
1323	124665.0	124453.0
1324	123759.0	123622.0
1325	124125.0	124437.0
1326	123918.0	123899.0
1327	123841.0	124090.0
1328	123931.0	124053.0
1329	124001.0	124027.0
1330	124069.0	123954.0
1331	123590.0	123544.0
1332	124497.0	124254.0
1333	124090.0	124100.0
1334	123908.0	123755.0
1335	124582.0	123694.0
1336	124430.0	124287.0
1337	123701.0	124294.0
1338	124487.0	124156.0
1339	123701.0	123916.0
1340	122964.0	124400.0
1341	123976.0	123553.0
1342	123890.0	124164.0
1343	124254.0	123607.0
1344	124527.0	123711.0
1345	123504.0	123454.0
1346	123813.0	123908.0
1347	123427.0	123870.0
1348	123417.0	123541.0
1349	123880.0	124317.0
1350	123759.0	123606.0
1351	123299.0	123635.0
1352	123478.0	123909.0
1353	124453.0	124229.0
1354	123796.0	124035.0
1355	123834.0	124021.0
1356	124072.0	124046.0
1357	124064.0	124509.0
1358	124326.0	124744.0
1359	123092.0	123844.0
1360	123150.0	124151.0
1361	123138.0	124125.0
1362	124233.0	123622.0
1363	124010.0	124271.0
1364	123274.0	124287.0
1365	124532.0	124517.0
1366	123729.0	124368.0
1367	123874.0	123718.0
1368	123928.0	123378.0
1369	123616.0	123473.0
1370	123867.0	123503.0
1371	123612.0	123771.0
1372	123641.0	124474.0
1373	123933.0	123981.0
1374	123998.0	124064.0
1375	122976.0	123243.0
1376	123181.0	124160.0
1377	124063.0	124316.0
1378	123842.0	124099.0
1379	123136.0	124297.0
1380	124035.0	123458.0
1381	123173.0	123489.0
1382	123804.0	124253.0
1383	123931.0	123948.0
1384	123505.0	123265.0
1385	123690.0	123957.0
1386	123672.0	123718.0
1387	124090.0	123653.0
1388	123242.0	123973.0
1389	123815.0	123935.0
1390	124209.0	123144.0
1391	124056.0	123821.0
1392	124186.0	123330.0
1393	123381.0	124785.0
1394	123246.0	124029.0
1395	123291.0	123933.0
1396	123995.0	123649.0
1397	124314.0	124216.0
1398	124234.0	124338.0
1399	123503.0	123657.0
1400	123289.0	124315.0
1401	124004.0	124008.0
1402	123566.0	123569.0
1403	123506.0	124029.0
1404	123330.0	123865.0
1405	122994.0	122942.0
1406	123359.0	123720.0
1407	123646.0	123596.0
1408	123735.0	123784.0
1409	123896.0	123607.0
1410	123818.0	124416.0
1411	123579.0	123564.0
1412	123647.0	123641.0
1413	124251.0	124354.0
1414	123596.0	123785.0
1415	122959.0	124044.0
1416	123491.0	123879.0
1417	123718.0	123396.0
1418	123126.0	123681.0
1419	123283.0	124035.0
1420	123136.0	123350.0
1421	123758.0	123991.0
1422	123827.0	123757.0
1423	123383.0	123708.0
1424	123883.0	123649.0
1425	123849.0	123646.0
1426	123855.0	124219.0
1427	123101.0	124579.0
1428	123570.0	124579.0
1429	123869.0	124034.0
1430	123140.0	123789.0
1431	123641.0	124110.0
1432	124221.0	124033.0
1433	123842.0	124312.0
1434	124256.0	124315.0
1435	124124.0	123653.0
1436	123501.0	124098.0
1437	123749.0	124126.0
1438	123268.0	123600.0
1439	123158.0	124152.0
1440	123294.0	124288.0
1441	123682.0	123541.0
1442	123289.0	124551.0
1443	123780.0	124233.0
1444	123891.0	124156.0
1445	123176.0	124218.0
1446	123893.0	124152.0
1447	123634.0	123706.0
1448	123107.0	123686.0
1449	123682.0	124080.0
1450	123314.0	123751.0
1451	123565.0	123723.0
1452	124123.0	124479.0
1453	123915.0	123990.0
1454	123532.0	124386.0
1455	123294.0	123953.0
1456	123092.0	123418.0
1457	123121.0	123995.0
1458	123791.0	124769.0
1459	123305.0	124011.0
1460	123152.0	124988.0
1461	123448.0	124089.0
1462	123806.0	123855.0
1463	124379.0	124199.0
1464	123535.0	124444.0
1465	123356.0	124006.0
1466	123681.0	123437.0
1467	124298.0	124347.0
1468	123561.0	124101.0
1469	123247.0	123706.0
1470	123741.0	123231.0
1471	123574.0	124210.0
1472	123766.0	124071.0
1473	123847.0	123989.0
1474	123519.0	123918.0
1475	123437.0	124277.0
1476	123476.0	123977.0
1477	123821.0	123334.0
1478	124224.0	124612.0
1479	123421.0	123317.0
1480	123498.0	123943.0
1481	123496.0	123595.0
1482	124517.0	123505.0
1483	124193.0	123419.0
1484	123224.0	123675.0
1485	123791.0	123847.0
1486	123816.0	123686.0
1487	123716.0	124005.0
1488	124026.0	124150.0
1489	124379.0	124268.0
1490	123809.0	123826.0
1491	124076.0	124147.0
1492	123984.0	123173.0
1493	123909.0	123517.0
1494	123272.0	123667.0
1495	122555.0	122836.0
1496	123881.0	124151.0
1497	123611.0	124178.0
1498	123684.0	124212.0
1499	123333.0	124109.0
1500	124284.0	124154.0
1501	123826.0	123686.0
1502	123248.0	123385.0
1503	123893.0	123354.0
1504	124233.0	123772.0
1505	123755.0	123440.0
1506	123327.0	123769.0
1507	123217.0	123614.0
1508	123611.0	123347.0
1509	123991.0	124560.0
1510	124195.0	123354.0
1511	123961.0	122925.0
1512	123753.0	123359.0
1513	123412.0	123422.0
1514	123724.0	123248.0
1515	124030.0	124081.0
1516	123755.0	124222.0
1517	123621.0	123414.0
1518	123962.0	124185.0
1519	124396.0	123614.0
1520	123540.0	124009.0
1521	123781.0	124351.0
1522	123223.0	123662.0
1523	123681.0	123676.0
1524	124236.0	123784.0
1525	123394.0	123727.0
1526	123408.0	123458.0
1527	123618.0	124097.0
1528	123774.0	123276.0
1529	123543.0	123770.0
1530	123309.0	123711.0
1531	123613.0	123852.0
1532	123359.0	124185.0
1533	123941.0	123654.0
1534	123681.0	123486.0
1535	123134.0	123684.0
1536	123953.0	123739.0
1537	123918.0	123816.0
1538	123517.0	123798.0
1539	123867.0	123518.0
1540	123937.0	123831.0
1541	122767.0	123950.0
1542	124328.0	123543.0
1543	123477.0	124249.0
1544	123733.0	123687.0
1545	123818.0	123865.0
1546	123989.0	123416.0
1547	123566.0	123659.0
1548	123347.0	123810.0
1549	123675.0	122901.0
1550	123645.0	123653.0
1551	123961.0	123758.0
1552	123354.0	123421.0
1553	123698.0	123734.0
1554	123650.0	124046.0
1555	123448.0	123790.0
1556	123773.0	123522.0
1557	123250.0	123742.0
1558	123152.0	123333.0
1559	122806.0	123907.0
1560	123782.0	123462.0
1561	123449.0	123399.0
1562	122838.0	123900.0
1563	123777.0	123910.0
1564	123393.0	123148.0
1565	123545.0	122825.0
1566	123250.0	123593.0
1567	123717.0	123598.0
1568	123084.0	123333.0
1569	123041.0	124153.0
1570	123231.0	123930.0
1571	122973.0	123638.0
1572	122986.0	122987.0
1573	123322.0	123413.0
1574	123176.0	123362.0
1575	123638.0	122534.0
1576	123731.0	122913.0
1577	123914.0	123925.0
1578	123971.0	123299.0
1579	124026.0	123792.0
1580	123100.0	123745.0
1581	123421.0	123833.0
1582	123014.0	123689.0
1583	122636.0	123980.0
1584	123657.0	124009.0
1585	123067.0	123299.0
1586	123615.0	123606.0
1587	123746.0	123776.0
1588	123348.0	123238.0
1589	123586.0	123405.0
1590	123458.0	123662.0
1591	123570.0	123066.0
1592	123590.0	123454.0
1593	123848.0	123532.0
1594	123330.0	123538.0
1595	123798.0	123600.0
1596	123882.0	123149.0
1597	123009.0	122883.0
1598	123317.0	123421.0
1599	122989.0	123504.0
1600	123006.0	123461.0
1601	123249.0	123936.0
1602	123663.0	123211.0
1603	122991.0	122824.0
1604	123169.0	123119.0
1605	124058.0	123579.0
1606	123421.0	123782.0
1607	123484.0	124443.0
1608	124302.0	123671.0
1609	123955.0	123742.0
1610	123370.0	122923.0
1611	123238.0	123646.0
1612	123225.0	123839.0
1613	123078.0	123872.0
1614	123024.0	123789.0
1615	123241.0	123735.0
1616	123493.0	124331.0
1617	123552.0	124117.0
1618	123030.0	123687.0
1619	123406.0	123184.0
1620	123556.0	123814.0
1621	123101.0	123152.0
1622	123636.0	123260.0
1623	123466.0	123841.0
1624	122588.0	123548.0
1625	122754.0	123646.0
1626	123301.0	123503.0
1627	123539.0	123932.0
1628	123724.0	123091.0
1629	123303.0	123160.0
1630	123406.0	123191.0
1631	123095.0	123756.0
1632	122574.0	123815.0
1633	122867.0	123584.0
1634	123289.0	124170.0
1635	123270.0	124085.0
1636	123187.0	123612.0
1637	123224.0	123447.0
1638	123031.0	124365.0
1639	123206.0	124254.0
1640	123642.0	124308.0
1641	123253.0	124004.0
1642	123702.0	123958.0
1643	123403.0	123827.0
1644	123365.0	123656.0
1645	123713.0	123250.0
1646	122635.0	123700.0
1647	123764.0	124302.0
1648	123927.0	123500.0
1649	123180.0	123414.0
1650	123590.0	124024.0
1651	122973.0	123210.0
1652	123675.0	124027.0
1653	123297.0	123759.0
1654	122995.0	123612.0
1655	124108.0	123604.0
1656	123888.0	123768.0
1657	123337.0	123588.0
1658	122897.0	123857.0
1659	123794.0	124322.0
1660	123538.0	123402.0
1661	123225.0	124029.0
1662	123795.0	123655.0
1663	124043.0	123270.0
1664	123562.0	123823.0
1665	123534.0	124110.0
1666	123271.0	123426.0
1667	123054.0	123415.0
1668	122941.0	123679.0
1669	123421.0	123224.0
1670	122790.0	123159.0
1671	123602.0	123933.0
1672	123417.0	124280.0
1673	123273.0	123941.0
1674	123254.0	123478.0
1675	123254.0	124004.0
1676	122805.0	124320.0
1677	123744.0	124264.0
1678	122929.0	123218.0
1679	123504.0	124159.0
1680	123860.0	123161.0
1681	122965.0	123700.0
1682	123911.0	123677.0
1683	123488.0	123514.0
1684	123765.0	123907.0
1685	123436.0	123870.0
1686	123677.0	123603.0
1687	123043.0	123932.0
1688	123093.0	124339.0
1689	123547.0	123820.0
1690	123650.0	123010.0
1691	123325.0	123222.0
1692	123296.0	123286.0
1693	123626.0	123622.0
1694	124100.0	123414.0
1695	123497.0	123436.0
1696	123487.0	122621.0
1697	123152.0	123674.0
1698	123414.0	123403.0
1699	123292.0	123776.0
1700	123202.0	123909.0
1701	123370.0	123521.0
1702	123738.0	123675.0
1703	123432.0	123284.0
1704	123730.0	123177.0
1705	123899.0	123000.0
1706	122865.0	123964.0
1707	123319.0	123811.0
1708	123980.0	124522.0
1709	123286.0	123426.0
1710	123475.0	122952.0
1711	123229.0	123169.0
1712	123410.0	123186.0
1713	122796.0	123067.0
1714	123636.0	123588.0
1715	123063.0	123580.0
1716	123195.0	123756.0
1717	122798.0	123456.0
1718	123207.0	123474.0
1719	123628.0	123078.0
1720	122994.0	122950.0
1721	123825.0	123259.0
1722	123466.0	123507.0
1723	123278.0	122480.0
1724	123776.0	123943.0
1725	123440.0	123561.0
1726	123195.0	123680.0
1727	123231.0	123531.0
1728	123535.0	123459.0
1729	123278.0	123567.0
1730	123651.0	123683.0
1731	123102.0	122799.0
1732	122778.0	123489.0
1733	123332.0	123081.0
1734	123216.0	123272.0
1735	123427.0	123042.0
1736	123680.0	123475.0
1737	123952.0	123386.0
1738	123477.0	123692.0
1739	123140.0	123241.0
1740	123604.0	123343.0
1741	123531.0	123738.0
1742	123137.0	123418.0
1743	123597.0	123604.0
1744	123405.0	123012.0
1745	122375.0	123298.0
1746	123369.0	123165.0
1747	123192.0	123392.0
1748	123287.0	123567.0
1749	123367.0	123429.0
1750	123053.0	123639.0
1751	122954.0	123150.0
1752	123259.0	123404.0
1753	122908.0	123442.0
1754	123133.0	123253.0
1755	122997.0	123806.0
1756	122956.0	123234.0
1757	123630.0	123490.0
1758	122984.0	122912.0
1759	123283.0	123499.0
1760	123266.0	123209.0
1761	123281.0	123377.0
1762	123103.0	123351.0
1763	123628.0	123631.0
1764	123457.0	123417.0
1765	123217.0	123543.0
1766	122879.0	123635.0
1767	123072.0	122625.0
1768	122409.0	122889.0
1769	123087.0	123229.0
1770	123573.0	123598.0
1771	123187.0	123699.0
1772	123522.0	123346.0
1773	122631.0	123508.0
1774	123069.0	123388.0
1775	123223.0	123906.0
1776	123063.0	123135.0
1777	123148.0	123612.0
1778	122919.0	123445.0
1779	123687.0	123108.0
1780	123420.0	123701.0
1781	123504.0	123820.0
1782	123237.0	122756.0
1783	123346.0	123163.0
1784	123511.0	123298.0
1785	122481.0	123537.0
1786	123517.0	122947.0
1787	123559.0	123316.0
1788	123181.0	123122.0
1789	123234.0	123389.0
1790	123723.0	123225.0
1791	123475.0	123721.0
1792	123142.0	123363.0
1793	122625.0	122831.0
1794	123093.0	123712.0
1795	123214.0	123516.0
1796	123034.0	124024.0
1797	123342.0	123261.0
1798	122962.0	123836.0
1799	123642.0	123905.0
1800	123722.0	123622.0
1801	122968.0	123713.0
1802	122800.0	123337.0
1803	123504.0	124017.0
1804	123262.0	123832.0
1805	123336.0	123603.0
1806	123169.0	123747.0
1807	123053.0	123507.0
1808	122914.0	123620.0
1809	123684.0	123406.0
1810	123470.0	123224.0
1811	123458.0	122875.0
1812	123611.0	123693.0
1813	122672.0	123508.0
1814	122782.0	123415.0
1815	123052.0	123295.0
1816	122542.0	123032.0
1817	123098.0	123121.0
1818	122608.0	122584.0
1819	123027.0	123510.0
1820	123297.0	123757.0
1821	123375.0	124093.0
1822	123050.0	123301.0
1823	122920.0	123488.0
1824	123730.0	123400.0
1825	123232.0	122848.0
1826	123367.0	122948.0
1827	123606.0	123475.0
1828	123218.0	123628.0
1829	123638.0	123965.0
1830	123253.0	123113.0
1831	122583.0	123414.0
1832	123188.0	122970.0
1833	122889.0	123071.0
1834	122793.0	123227.0
1835	123453.0	123333.0
1836	123342.0	123758.0
1837	122785.0	123467.0
1838	123680.0	123519.0
1839	123346.0	123284.0
1840	123025.0	123200.0
1841	122728.0	123348.0
1842	124125.0	123700.0
1843	123592.0	123063.0
1844	123374.0	123729.0
1845	123593.0	123789.0
1846	123272.0	123220.0
1847	123053.0	123231.0
1848	123275.0	123516.0
1849	122981.0	123245.0
1850	123009.0	123296.0
1851	123481.0	123338.0
1852	122997.0	122653.0
1853	123599.0	123617.0
1854	122880.0	123153.0
1855	123210.0	123701.0
1856	122998.0	123330.0
1857	123516.0	123175.0
1858	123349.0	123119.0
1859	122984.0	124037.0
1860	123548.0	123292.0
1861	123381.0	124083.0
1862	123189.0	123184.0
1863	123356.0	123685.0
1864	123308.0	123675.0
1865	122968.0	123230.0
1866	122861.0	123548.0
1867	123088.0	123214.0
1868	123077.0	124155.0
1869	122980.0	123243.0
1870	123329.0	123148.0
1871	122975.0	123520.0
1872	123090.0	123604.0
1873	123505.0	123262.0
1874	123133.0	123839.0
1875	123075.0	123137.0
1876	123098.0	123399.0
1877	122941.0	123207.0
1878	123329.0	123024.0
1879	122757.0	123022.0
1880	123578.0	123319.0
1881	123166.0	123245.0
1882	123508.0	123185.0
1883	123227.0	122833.0
1884	123304.0	123790.0
1885	123327.0	123771.0
1886	123248.0	124085.0
1887	123647.0	123412.0
1888	124022.0	123601.0
1889	123541.0	122987.0
1890	123064.0	123199.0
1891	123030.0	122805.0
1892	122833.0	123130.0
1893	122771.0	123125.0
1894	122628.0	122529.0
1895	123286.0	122870.0
1896	123197.0	122996.0
1897	123166.0	123281.0
1898	122645.0	122812.0
1899	122788.0	122622.0
1900	122800.0	122739.0
1901	122753.0	123428.0
1902	122958.0	123143.0
1903	123181.0	122732.0
1904	123229.0	122963.0
1905	123022.0	122704.0
1906	123260.0	122813.0
1907	123162.0	123204.0
1908	122812.0	123370.0
1909	123260.0	123125.0
1910	123123.0	122990.0
1911	122928.0	123526.0
1912	123266.0	122970.0
1913	122529.0	122893.0
1914	123254.0	122942.0
1915	122977.0	123355.0
1916	122604.0	123586.0
1917	123451.0	123157.0
1918	123143.0	122740.0
1919	123255.0	123480.0
1920	123463.0	122593.0
1921	123294.0	122881.0
1922	123290.0	123341.0
1923	123180.0	123476.0
1924	123322.0	123301.0
1925	123375.0	123596.0
1926	123303.0	123417.0
1927	123320.0	123588.0
1928	123067.0	122930.0
1929	123073.0	123409.0
1930	122955.0	122990.0
1931	122709.0	122955.0
1932	123423.0	122762.0
1933	122746.0	123471.0
1934	122934.0	123512.0
1935	124067.0	123535.0
1936	123255.0	123101.0
1937	123109.0	123443.0
1938	123246.0	123132.0
1939	123389.0	123073.0
1940	123034.0	123135.0
1941	122598.0	123192.0
1942	122993.0	123259.0
1943	122994.0	123532.0
1944	123192.0	123077.0
1945	122791.0	123151.0
1946	122688.0	123345.0
1947	122962.0	122461.0
1948	123111.0	122964.0
1949	123044.0	123224.0
1950	123183.0	123024.0
1951	122579.0	123194.0
1952	123366.0	123431.0
1953	122890.0	123132.0
1954	123168.0	122995.0
1955	123636.0	123304.0
1956	123506.0	123453.0
1957	122573.0	123046.0
1958	123274.0	123464.0
1959	123553.0	123194.0
1960	123068.0	122647.0
1961	122965.0	122969.0
1962	122363.0	122790.0
1963	123091.0	123827.0
1964	122612.0	123301.0
1965	122844.0	123188.0
1966	122555.0	123249.0
1967	122772.0	123166.0
1968	122919.0	122900.0
1969	122983.0	122764.0
1970	123202.0	123100.0
1971	123008.0	122642.0
1972	123096.0	121964.0
1973	122517.0	123741.0
1974	122915.0	123149.0
1975	123858.0	123142.0
1976	123105.0	123616.0
1977	123360.0	123492.0
1978	122643.0	123088.0
1979	122444.0	123268.0
1980	122658.0	123020.0
1981	122660.0	122384.0
1982	122936.0	123532.0
1983	122585.0	122790.0
1984	122988.0	123958.0
1985	123014.0	123440.0
1986	122395.0	122961.0
1987	122217.0	122826.0
1988	122822.0	123396.0
1989	122958.0	123328.0
1990	123287.0	122746.0
1991	122812.0	123105.0
1992	123251.0	122983.0
1993	123387.0	122426.0
1994	123181.0	123587.0
1995	122574.0	123199.0
1996	122966.0	123399.0
1997	123659.0	122877.0
1998	123449.0	122903.0
1999	122803.0	122953.0
