Distance in bp(Fragment Length Estimate: 132)(Peak Width Estimate: 132)	Same Strand (+ for Watson strand, - for Crick)	Opposite Strand
-2000	122665.0	122101.0
-1999	122947.0	123019.0
-1998	122792.0	122902.0
-1997	123035.0	123329.0
-1996	123107.0	122595.0
-1995	122739.0	122248.0
-1994	122840.0	122369.0
-1993	123029.0	122530.0
-1992	122249.0	122787.0
-1991	123216.0	123011.0
-1990	123486.0	122574.0
-1989	122857.0	122197.0
-1988	122957.0	122608.0
-1987	122564.0	123010.0
-1986	123102.0	123566.0
-1985	123313.0	122185.0
-1984	123397.0	122541.0
-1983	122509.0	123283.0
-1982	122710.0	123190.0
-1981	123374.0	123409.0
-1980	123211.0	122967.0
-1979	122802.0	122620.0
-1978	122997.0	122704.0
-1977	123459.0	122776.0
-1976	122794.0	122781.0
-1975	122544.0	122734.0
-1974	122591.0	123010.0
-1973	122651.0	122404.0
-1972	122490.0	122981.0
-1971	122685.0	122766.0
-1970	122946.0	122934.0
-1969	122425.0	123073.0
-1968	123011.0	123964.0
-1967	122274.0	122556.0
-1966	122728.0	123136.0
-1965	122781.0	122777.0
-1964	122782.0	122286.0
-1963	123121.0	123481.0
-1962	123368.0	122669.0
-1961	122821.0	122543.0
-1960	122669.0	122840.0
-1959	122839.0	122705.0
-1958	122575.0	122993.0
-1957	122720.0	122743.0
-1956	123097.0	122463.0
-1955	122844.0	122825.0
-1954	123145.0	122650.0
-1953	122931.0	122973.0
-1952	122238.0	122432.0
-1951	122774.0	123041.0
-1950	122947.0	123352.0
-1949	122462.0	123113.0
-1948	123263.0	122045.0
-1947	123194.0	122533.0
-1946	123077.0	122981.0
-1945	122757.0	123349.0
-1944	123182.0	123079.0
-1943	122774.0	122437.0
-1942	122800.0	122785.0
-1941	122695.0	123602.0
-1940	122745.0	122981.0
-1939	122629.0	123617.0
-1938	122434.0	123015.0
-1937	122715.0	122910.0
-1936	123094.0	122691.0
-1935	122687.0	122804.0
-1934	122577.0	123993.0
-1933	123570.0	122986.0
-1932	123137.0	123076.0
-1931	123540.0	123148.0
-1930	122932.0	122590.0
-1929	123218.0	122719.0
-1928	122612.0	122250.0
-1927	122821.0	122766.0
-1926	123139.0	122988.0
-1925	122665.0	123333.0
-1924	123180.0	122669.0
-1923	123189.0	123855.0
-1922	123159.0	122805.0
-1921	122499.0	123009.0
-1920	122956.0	122636.0
-1919	123760.0	122630.0
-1918	123133.0	122663.0
-1917	123155.0	122899.0
-1916	123357.0	123179.0
-1915	123072.0	123253.0
-1914	123009.0	122743.0
-1913	122797.0	122657.0
-1912	123583.0	123352.0
-1911	123471.0	123533.0
-1910	123227.0	123223.0
-1909	122950.0	122820.0
-1908	123481.0	123201.0
-1907	123221.0	122945.0
-1906	123154.0	122879.0
-1905	122992.0	122992.0
-1904	123596.0	123500.0
-1903	122834.0	122906.0
-1902	123323.0	122852.0
-1901	123522.0	122312.0
-1900	122766.0	123399.0
-1899	123337.0	123052.0
-1898	123539.0	122983.0
-1897	123601.0	122292.0
-1896	123704.0	123053.0
-1895	123212.0	122259.0
-1894	122913.0	122240.0
-1893	123737.0	123096.0
-1892	123080.0	122874.0
-1891	123624.0	123352.0
-1890	122689.0	123097.0
-1889	123467.0	123473.0
-1888	123367.0	123287.0
-1887	122826.0	123146.0
-1886	122881.0	123877.0
-1885	123368.0	123424.0
-1884	123353.0	122822.0
-1883	123034.0	122686.0
-1882	123169.0	122684.0
-1881	122910.0	123669.0
-1880	123386.0	122583.0
-1879	123256.0	122561.0
-1878	122709.0	123314.0
-1877	123703.0	123172.0
-1876	123418.0	122747.0
-1875	123934.0	123012.0
-1874	123003.0	122873.0
-1873	123691.0	123141.0
-1872	123404.0	122830.0
-1871	123296.0	122704.0
-1870	122804.0	122782.0
-1869	123206.0	123346.0
-1868	123287.0	122926.0
-1867	123117.0	122982.0
-1866	123867.0	122935.0
-1865	123570.0	123049.0
-1864	123740.0	123298.0
-1863	123096.0	122237.0
-1862	123445.0	123263.0
-1861	122942.0	122806.0
-1860	123172.0	122770.0
-1859	123107.0	122201.0
-1858	123232.0	122405.0
-1857	123184.0	122704.0
-1856	122937.0	123091.0
-1855	123218.0	122782.0
-1854	123835.0	123197.0
-1853	123131.0	122360.0
-1852	123430.0	122250.0
-1851	123137.0	122876.0
-1850	123419.0	122449.0
-1849	123458.0	122494.0
-1848	123711.0	123460.0
-1847	123258.0	123349.0
-1846	122996.0	123304.0
-1845	123078.0	123142.0
-1844	123472.0	122740.0
-1843	123035.0	122603.0
-1842	123086.0	122544.0
-1841	123200.0	123053.0
-1840	123123.0	123290.0
-1839	123306.0	122615.0
-1838	122917.0	123631.0
-1837	123384.0	122709.0
-1836	122737.0	122956.0
-1835	123692.0	122976.0
-1834	124000.0	123289.0
-1833	123061.0	123235.0
-1832	122928.0	123081.0
-1831	122829.0	123306.0
-1830	123350.0	123171.0
-1829	123383.0	123126.0
-1828	123478.0	123438.0
-1827	123458.0	123701.0
-1826	123751.0	123039.0
-1825	123785.0	122920.0
-1824	123525.0	123126.0
-1823	123639.0	122870.0
-1822	123406.0	123029.0
-1821	123022.0	123303.0
-1820	122837.0	123390.0
-1819	123052.0	122685.0
-1818	122844.0	122583.0
-1817	123440.0	122682.0
-1816	122978.0	123235.0
-1815	123481.0	123260.0
-1814	123355.0	122441.0
-1813	123674.0	123758.0
-1812	123120.0	123333.0
-1811	123167.0	122666.0
-1810	122968.0	123040.0
-1809	123514.0	123019.0
-1808	122862.0	123040.0
-1807	122789.0	123238.0
-1806	123212.0	123239.0
-1805	122928.0	123145.0
-1804	123121.0	123609.0
-1803	122800.0	123287.0
-1802	123605.0	123350.0
-1801	122945.0	123152.0
-1800	123398.0	123299.0
-1799	123001.0	123829.0
-1798	123133.0	123482.0
-1797	123160.0	123277.0
-1796	123500.0	123564.0
-1795	123260.0	123192.0
-1794	123239.0	122821.0
-1793	123245.0	123063.0
-1792	123890.0	123422.0
-1791	123105.0	123225.0
-1790	123489.0	123444.0
-1789	122727.0	122614.0
-1788	123349.0	123499.0
-1787	123153.0	122916.0
-1786	122739.0	123002.0
-1785	122782.0	122486.0
-1784	122738.0	122743.0
-1783	122728.0	123317.0
-1782	122887.0	122812.0
-1781	123508.0	123420.0
-1780	123019.0	123046.0
-1779	123778.0	123141.0
-1778	123221.0	123661.0
-1777	122568.0	123479.0
-1776	123028.0	123067.0
-1775	122893.0	123324.0
-1774	123236.0	123554.0
-1773	123449.0	123776.0
-1772	123346.0	122476.0
-1771	123184.0	123069.0
-1770	123150.0	123380.0
-1769	123114.0	123346.0
-1768	122864.0	124056.0
-1767	123205.0	123149.0
-1766	123033.0	123783.0
-1765	122960.0	123583.0
-1764	123764.0	123787.0
-1763	123501.0	122866.0
-1762	123280.0	122687.0
-1761	123186.0	123200.0
-1760	123451.0	123016.0
-1759	123281.0	123748.0
-1758	123285.0	123049.0
-1757	123415.0	123674.0
-1756	123536.0	123355.0
-1755	122690.0	123288.0
-1754	123136.0	123544.0
-1753	123692.0	123174.0
-1752	123439.0	123557.0
-1751	123393.0	122094.0
-1750	123267.0	123187.0
-1749	123266.0	123100.0
-1748	123168.0	123347.0
-1747	123276.0	123663.0
-1746	123200.0	123506.0
-1745	123373.0	123084.0
-1744	123762.0	122908.0
-1743	123736.0	123729.0
-1742	123114.0	123136.0
-1741	123037.0	123756.0
-1740	123263.0	123572.0
-1739	123368.0	123316.0
-1738	123459.0	122824.0
-1737	123234.0	122669.0
-1736	123866.0	122482.0
-1735	124386.0	122868.0
-1734	123626.0	124063.0
-1733	123220.0	122892.0
-1732	123490.0	123564.0
-1731	123263.0	123393.0
-1730	123524.0	123049.0
-1729	123289.0	123239.0
-1728	123359.0	123398.0
-1727	123217.0	123019.0
-1726	123777.0	123406.0
-1725	123760.0	123431.0
-1724	123697.0	123219.0
-1723	123724.0	123722.0
-1722	123741.0	122483.0
-1721	123236.0	122973.0
-1720	123281.0	123287.0
-1719	123719.0	123670.0
-1718	123686.0	123911.0
-1717	123518.0	123215.0
-1716	123489.0	123198.0
-1715	122994.0	123091.0
-1714	123275.0	123206.0
-1713	123494.0	123675.0
-1712	124333.0	123464.0
-1711	123971.0	123031.0
-1710	123716.0	123940.0
-1709	123878.0	123561.0
-1708	123712.0	123734.0
-1707	123379.0	123274.0
-1706	123770.0	123384.0
-1705	123807.0	123212.0
-1704	124005.0	123559.0
-1703	123160.0	123193.0
-1702	123154.0	122616.0
-1701	123448.0	123201.0
-1700	123467.0	123305.0
-1699	123269.0	123557.0
-1698	123810.0	123490.0
-1697	123656.0	123761.0
-1696	123741.0	122857.0
-1695	123131.0	123158.0
-1694	123699.0	123235.0
-1693	124485.0	123600.0
-1692	123548.0	123321.0
-1691	123072.0	123307.0
-1690	123219.0	123392.0
-1689	123721.0	123272.0
-1688	123529.0	122608.0
-1687	124011.0	122300.0
-1686	123348.0	122957.0
-1685	123922.0	123396.0
-1684	123512.0	122923.0
-1683	123598.0	122905.0
-1682	123150.0	123002.0
-1681	123418.0	122976.0
-1680	124108.0	123376.0
-1679	123712.0	123471.0
-1678	124049.0	123056.0
-1677	123521.0	123381.0
-1676	124062.0	123201.0
-1675	123437.0	123065.0
-1674	123328.0	123189.0
-1673	124100.0	123001.0
-1672	123154.0	123109.0
-1671	123971.0	123111.0
-1670	123304.0	123689.0
-1669	123680.0	123669.0
-1668	124041.0	123225.0
-1667	122870.0	122666.0
-1666	124314.0	123162.0
-1665	124496.0	123460.0
-1664	123675.0	123148.0
-1663	123382.0	122774.0
-1662	123755.0	123480.0
-1661	123194.0	123612.0
-1660	123130.0	122875.0
-1659	123399.0	123133.0
-1658	123298.0	123270.0
-1657	123132.0	123284.0
-1656	123996.0	122993.0
-1655	123586.0	123046.0
-1654	122880.0	123296.0
-1653	123182.0	123517.0
-1652	123103.0	122544.0
-1651	123286.0	123356.0
-1650	124363.0	124060.0
-1649	123344.0	123098.0
-1648	123597.0	123435.0
-1647	123688.0	123575.0
-1646	123447.0	123267.0
-1645	123681.0	123281.0
-1644	123283.0	123349.0
-1643	123588.0	122361.0
-1642	123463.0	123300.0
-1641	123472.0	122831.0
-1640	122874.0	123278.0
-1639	123455.0	123155.0
-1638	123552.0	123217.0
-1637	123402.0	123086.0
-1636	123848.0	122762.0
-1635	123812.0	123369.0
-1634	123833.0	122687.0
-1633	123577.0	122817.0
-1632	123811.0	123164.0
-1631	123556.0	123385.0
-1630	122781.0	122433.0
-1629	123582.0	123227.0
-1628	123614.0	123097.0
-1627	123221.0	123431.0
-1626	123648.0	123320.0
-1625	123689.0	123463.0
-1624	123328.0	123212.0
-1623	124037.0	123367.0
-1622	123218.0	122863.0
-1621	122784.0	123521.0
-1620	123811.0	123398.0
-1619	124053.0	122772.0
-1618	123741.0	123359.0
-1617	123835.0	123333.0
-1616	123057.0	123337.0
-1615	123414.0	123627.0
-1614	123732.0	122623.0
-1613	123694.0	123306.0
-1612	123066.0	123386.0
-1611	123434.0	123397.0
-1610	123284.0	123078.0
-1609	123606.0	123511.0
-1608	123183.0	123255.0
-1607	123101.0	124220.0
-1606	123302.0	123983.0
-1605	124237.0	123692.0
-1604	123071.0	123387.0
-1603	123276.0	123247.0
-1602	123846.0	123622.0
-1601	123763.0	123267.0
-1600	123847.0	123606.0
-1599	123576.0	124257.0
-1598	123041.0	123384.0
-1597	123494.0	123190.0
-1596	123578.0	123374.0
-1595	122591.0	123825.0
-1594	123515.0	123330.0
-1593	123816.0	123597.0
-1592	123585.0	123925.0
-1591	123499.0	124313.0
-1590	123347.0	123374.0
-1589	123586.0	122964.0
-1588	123441.0	123715.0
-1587	123679.0	123785.0
-1586	122924.0	123566.0
-1585	123342.0	123376.0
-1584	123326.0	123422.0
-1583	123647.0	123379.0
-1582	123497.0	123354.0
-1581	123384.0	124117.0
-1580	123482.0	123626.0
-1579	123717.0	123434.0
-1578	123257.0	123332.0
-1577	123666.0	123606.0
-1576	123231.0	123213.0
-1575	123792.0	123334.0
-1574	123143.0	123604.0
-1573	123915.0	123494.0
-1572	123254.0	123482.0
-1571	123282.0	123331.0
-1570	123321.0	123718.0
-1569	123582.0	124267.0
-1568	123605.0	123553.0
-1567	123774.0	123833.0
-1566	123094.0	123698.0
-1565	123911.0	123582.0
-1564	123393.0	123619.0
-1563	123942.0	123995.0
-1562	123539.0	123836.0
-1561	123578.0	123551.0
-1560	123528.0	124172.0
-1559	123515.0	123897.0
-1558	122960.0	124166.0
-1557	123496.0	123337.0
-1556	123945.0	123325.0
-1555	124106.0	123505.0
-1554	123945.0	123605.0
-1553	123498.0	123001.0
-1552	123288.0	123730.0
-1551	124255.0	123503.0
-1550	123507.0	123631.0
-1549	123569.0	123889.0
-1548	123927.0	124206.0
-1547	123439.0	123887.0
-1546	123918.0	123719.0
-1545	123985.0	123581.0
-1544	122920.0	123631.0
-1543	123514.0	123853.0
-1542	123498.0	123264.0
-1541	123577.0	123981.0
-1540	123894.0	123239.0
-1539	123551.0	123352.0
-1538	123650.0	123526.0
-1537	123825.0	123279.0
-1536	123789.0	124336.0
-1535	123922.0	123632.0
-1534	123861.0	123663.0
-1533	123390.0	123427.0
-1532	123356.0	123827.0
-1531	123919.0	123365.0
-1530	123934.0	123413.0
-1529	124200.0	123289.0
-1528	123629.0	123503.0
-1527	123599.0	123231.0
-1526	123563.0	123280.0
-1525	124264.0	124286.0
-1524	123802.0	123645.0
-1523	123703.0	123495.0
-1522	124003.0	123296.0
-1521	123966.0	123873.0
-1520	123914.0	123363.0
-1519	124134.0	123671.0
-1518	123126.0	123447.0
-1517	124226.0	123261.0
-1516	123762.0	122816.0
-1515	124726.0	123959.0
-1514	123727.0	124016.0
-1513	123290.0	123457.0
-1512	123872.0	123249.0
-1511	123592.0	123428.0
-1510	123551.0	122944.0
-1509	124541.0	123077.0
-1508	123882.0	123948.0
-1507	123598.0	123436.0
-1506	124072.0	123673.0
-1505	123851.0	123547.0
-1504	123626.0	122770.0
-1503	123586.0	123630.0
-1502	123226.0	123072.0
-1501	123787.0	123699.0
-1500	124475.0	123597.0
-1499	124104.0	123639.0
-1498	124362.0	122749.0
-1497	124003.0	123687.0
-1496	123917.0	123363.0
-1495	123524.0	123558.0
-1494	124296.0	123344.0
-1493	124400.0	123613.0
-1492	124466.0	123111.0
-1491	124183.0	123224.0
-1490	123766.0	123102.0
-1489	123883.0	123204.0
-1488	123622.0	123982.0
-1487	123487.0	123432.0
-1486	123789.0	123500.0
-1485	124370.0	123858.0
-1484	123867.0	123883.0
-1483	123569.0	123184.0
-1482	123869.0	123258.0
-1481	124162.0	123362.0
-1480	123872.0	123323.0
-1479	124185.0	123405.0
-1478	123738.0	123338.0
-1477	124407.0	123318.0
-1476	124061.0	123065.0
-1475	123737.0	123313.0
-1474	123634.0	123209.0
-1473	124110.0	123548.0
-1472	123568.0	123236.0
-1471	124003.0	123223.0
-1470	124050.0	123221.0
-1469	124300.0	123679.0
-1468	124113.0	122936.0
-1467	123451.0	123462.0
-1466	123794.0	123208.0
-1465	123685.0	123789.0
-1464	123458.0	123847.0
-1463	124029.0	123678.0
-1462	123554.0	123874.0
-1461	123534.0	123795.0
-1460	123614.0	123493.0
-1459	123352.0	123505.0
-1458	123876.0	123550.0
-1457	123344.0	123646.0
-1456	123558.0	123184.0
-1455	122840.0	123143.0
-1454	123306.0	123270.0
-1453	123803.0	123324.0
-1452	123730.0	123122.0
-1451	124298.0	122714.0
-1450	124058.0	122977.0
-1449	124074.0	123622.0
-1448	123693.0	123232.0
-1447	123862.0	123154.0
-1446	124057.0	122848.0
-1445	122888.0	122602.0
-1444	123415.0	123480.0
-1443	123326.0	123387.0
-1442	123595.0	123455.0
-1441	123392.0	123743.0
-1440	123475.0	123059.0
-1439	123650.0	123952.0
-1438	123773.0	123236.0
-1437	123737.0	123618.0
-1436	123755.0	124354.0
-1435	123679.0	123374.0
-1434	123734.0	124054.0
-1433	123751.0	122726.0
-1432	123481.0	123576.0
-1431	123769.0	123502.0
-1430	123081.0	123456.0
-1429	123680.0	123695.0
-1428	124023.0	123635.0
-1427	123670.0	123811.0
-1426	122795.0	124270.0
-1425	123218.0	123796.0
-1424	123460.0	123092.0
-1423	123471.0	124135.0
-1422	123786.0	123563.0
-1421	123457.0	123550.0
-1420	124137.0	123646.0
-1419	123597.0	123984.0
-1418	122821.0	123220.0
-1417	123195.0	123550.0
-1416	123334.0	123899.0
-1415	123242.0	123463.0
-1414	123036.0	124382.0
-1413	123837.0	123311.0
-1412	123558.0	123656.0
-1411	123585.0	123878.0
-1410	124135.0	123297.0
-1409	123268.0	123885.0
-1408	123208.0	123535.0
-1407	123732.0	123859.0
-1406	123900.0	123911.0
-1405	123826.0	124092.0
-1404	124026.0	124260.0
-1403	124327.0	124180.0
-1402	124077.0	123429.0
-1401	124522.0	123956.0
-1400	123379.0	123622.0
-1399	124064.0	123372.0
-1398	123711.0	123910.0
-1397	123998.0	123585.0
-1396	123361.0	123643.0
-1395	123882.0	123721.0
-1394	123809.0	123225.0
-1393	123458.0	123782.0
-1392	123543.0	124353.0
-1391	123767.0	123688.0
-1390	123794.0	124058.0
-1389	123425.0	124198.0
-1388	123482.0	123755.0
-1387	123390.0	124377.0
-1386	123469.0	123779.0
-1385	123760.0	123590.0
-1384	124111.0	124337.0
-1383	124349.0	123896.0
-1382	123717.0	123886.0
-1381	123848.0	123494.0
-1380	123620.0	123833.0
-1379	123931.0	123475.0
-1378	123852.0	123830.0
-1377	123862.0	123507.0
-1376	123978.0	123394.0
-1375	124331.0	123642.0
-1374	124106.0	123291.0
-1373	124046.0	123735.0
-1372	124298.0	124177.0
-1371	123604.0	123532.0
-1370	123782.0	124307.0
-1369	123651.0	124328.0
-1368	124234.0	123940.0
-1367	123547.0	124245.0
-1366	124175.0	123767.0
-1365	123904.0	124193.0
-1364	123659.0	123769.0
-1363	123566.0	124242.0
-1362	124618.0	123944.0
-1361	123777.0	123734.0
-1360	124530.0	123345.0
-1359	123823.0	123573.0
-1358	123590.0	123831.0
-1357	123604.0	124032.0
-1356	123804.0	123888.0
-1355	124197.0	123748.0
-1354	124035.0	123934.0
-1353	124353.0	124224.0
-1352	124465.0	123637.0
-1351	123948.0	123894.0
-1350	123542.0	123503.0
-1349	123711.0	123692.0
-1348	123379.0	124015.0
-1347	124271.0	124028.0
-1346	124223.0	124006.0
-1345	123793.0	123956.0
-1344	124089.0	124553.0
-1343	124361.0	123914.0
-1342	123354.0	123815.0
-1341	124112.0	124055.0
-1340	124036.0	123057.0
-1339	123779.0	123798.0
-1338	124797.0	123957.0
-1337	124270.0	124034.0
-1336	124127.0	124065.0
-1335	124177.0	123480.0
-1334	124710.0	123876.0
-1333	124135.0	123381.0
-1332	124402.0	124181.0
-1331	124221.0	123501.0
-1330	123849.0	123469.0
-1329	123869.0	123537.0
-1328	124117.0	124033.0
-1327	123657.0	123725.0
-1326	124067.0	123476.0
-1325	124522.0	123463.0
-1324	124353.0	123329.0
-1323	124620.0	123493.0
-1322	123860.0	123591.0
-1321	124034.0	123527.0
-1320	124458.0	123799.0
-1319	124304.0	123343.0
-1318	123799.0	123850.0
-1317	124267.0	123649.0
-1316	124370.0	123691.0
-1315	124082.0	122952.0
-1314	123525.0	123680.0
-1313	124099.0	123621.0
-1312	123699.0	122846.0
-1311	123945.0	123742.0
-1310	124395.0	123729.0
-1309	123832.0	123785.0
-1308	124177.0	123422.0
-1307	124018.0	123312.0
-1306	124144.0	123757.0
-1305	123957.0	123498.0
-1304	124305.0	123334.0
-1303	124147.0	123813.0
-1302	124212.0	124105.0
-1301	124344.0	123804.0
-1300	123970.0	123486.0
-1299	124498.0	123119.0
-1298	124244.0	123705.0
-1297	123983.0	123012.0
-1296	124805.0	124115.0
-1295	124416.0	123798.0
-1294	124376.0	123684.0
-1293	124600.0	123701.0
-1292	124394.0	123605.0
-1291	123821.0	123469.0
-1290	124499.0	123466.0
-1289	123701.0	123097.0
-1288	123904.0	123967.0
-1287	124501.0	123758.0
-1286	124446.0	123349.0
-1285	123939.0	123597.0
-1284	123644.0	123394.0
-1283	124275.0	123500.0
-1282	124089.0	123692.0
-1281	123341.0	123444.0
-1280	123731.0	123881.0
-1279	123623.0	123572.0
-1278	124227.0	123802.0
-1277	123937.0	123495.0
-1276	124368.0	124073.0
-1275	124330.0	123694.0
-1274	123664.0	123527.0
-1273	124115.0	123209.0
-1272	124861.0	123860.0
-1271	123496.0	124028.0
-1270	123812.0	123013.0
-1269	123491.0	123350.0
-1268	122979.0	123711.0
-1267	123780.0	124652.0
-1266	123549.0	124126.0
-1265	123326.0	123480.0
-1264	123675.0	123249.0
-1263	124648.0	123323.0
-1262	123917.0	123248.0
-1261	124165.0	123135.0
-1260	124168.0	124354.0
-1259	123983.0	123648.0
-1258	123375.0	124178.0
-1257	123402.0	123579.0
-1256	123101.0	123415.0
-1255	124034.0	123733.0
-1254	123727.0	123771.0
-1253	123682.0	123482.0
-1252	124194.0	123538.0
-1251	124190.0	123567.0
-1250	124212.0	123506.0
-1249	123756.0	123114.0
-1248	124350.0	124489.0
-1247	123392.0	124049.0
-1246	122908.0	124592.0
-1245	123831.0	124089.0
-1244	123674.0	124136.0
-1243	123837.0	124177.0
-1242	124156.0	123823.0
-1241	123914.0	124182.0
-1240	123807.0	124541.0
-1239	123481.0	123644.0
-1238	123754.0	124178.0
-1237	123448.0	123644.0
-1236	123739.0	123727.0
-1235	123250.0	123519.0
-1234	123681.0	124107.0
-1233	124269.0	124379.0
-1232	123729.0	123709.0
-1231	123595.0	124192.0
-1230	123616.0	124362.0
-1229	123993.0	123688.0
-1228	124230.0	123830.0
-1227	124582.0	124011.0
-1226	123536.0	123218.0
-1225	123802.0	124281.0
-1224	124364.0	124362.0
-1223	124171.0	123939.0
-1222	123939.0	124257.0
-1221	123588.0	124048.0
-1220	124009.0	124124.0
-1219	124048.0	123651.0
-1218	124179.0	124031.0
-1217	123623.0	123889.0
-1216	123521.0	124731.0
-1215	124269.0	123771.0
-1214	123907.0	123654.0
-1213	123621.0	124458.0
-1212	124346.0	124260.0
-1211	124188.0	123898.0
-1210	124330.0	123554.0
-1209	124438.0	124304.0
-1208	123512.0	124048.0
-1207	122990.0	123939.0
-1206	124092.0	124045.0
-1205	123985.0	123830.0
-1204	123747.0	124560.0
-1203	123649.0	124392.0
-1202	124046.0	123873.0
-1201	123864.0	124332.0
-1200	124243.0	124016.0
-1199	124347.0	124006.0
-1198	124184.0	124463.0
-1197	123840.0	124375.0
-1196	124189.0	124150.0
-1195	123522.0	124376.0
-1194	124182.0	124132.0
-1193	123540.0	124066.0
-1192	124285.0	124272.0
-1191	124435.0	124447.0
-1190	124156.0	124008.0
-1189	124127.0	124579.0
-1188	124302.0	123881.0
-1187	124809.0	123971.0
-1186	124857.0	124131.0
-1185	124768.0	124210.0
-1184	123799.0	124153.0
-1183	123937.0	124892.0
-1182	124477.0	124163.0
-1181	124119.0	124042.0
-1180	124343.0	124620.0
-1179	125061.0	124124.0
-1178	124638.0	123997.0
-1177	124484.0	124823.0
-1176	124519.0	123938.0
-1175	124157.0	123994.0
-1174	124636.0	124062.0
-1173	124333.0	124707.0
-1172	124005.0	124044.0
-1171	124100.0	124189.0
-1170	124787.0	123753.0
-1169	124700.0	124457.0
-1168	124690.0	123719.0
-1167	124657.0	124565.0
-1166	124560.0	124040.0
-1165	125085.0	124126.0
-1164	125002.0	124863.0
-1163	124523.0	123917.0
-1162	124367.0	124558.0
-1161	124866.0	124368.0
-1160	124786.0	124040.0
-1159	124525.0	124139.0
-1158	124691.0	124445.0
-1157	124491.0	123789.0
-1156	124102.0	124193.0
-1155	124510.0	124406.0
-1154	123796.0	124283.0
-1153	124274.0	123751.0
-1152	124581.0	124313.0
-1151	124186.0	123479.0
-1150	124835.0	124255.0
-1149	124783.0	123854.0
-1148	124015.0	124284.0
-1147	124571.0	124314.0
-1146	124583.0	124108.0
-1145	125044.0	123180.0
-1144	123958.0	123856.0
-1143	124493.0	124193.0
-1142	124744.0	123892.0
-1141	124677.0	123961.0
-1140	125332.0	124284.0
-1139	124999.0	124057.0
-1138	124813.0	124358.0
-1137	124734.0	124321.0
-1136	124934.0	124804.0
-1135	124108.0	124436.0
-1134	124573.0	123775.0
-1133	124492.0	123584.0
-1132	124520.0	123968.0
-1131	125368.0	123854.0
-1130	124355.0	124063.0
-1129	125163.0	124180.0
-1128	124623.0	124231.0
-1127	125058.0	123976.0
-1126	124547.0	124016.0
-1125	124829.0	124054.0
-1124	125166.0	123901.0
-1123	123941.0	124094.0
-1122	123974.0	123518.0
-1121	124882.0	123320.0
-1120	125243.0	123768.0
-1119	125745.0	124041.0
-1118	124861.0	124055.0
-1117	124514.0	124513.0
-1116	125014.0	123932.0
-1115	124142.0	123885.0
-1114	124423.0	123913.0
-1113	124525.0	123323.0
-1112	124664.0	123733.0
-1111	124610.0	123829.0
-1110	124927.0	123512.0
-1109	124862.0	123470.0
-1108	123991.0	123674.0
-1107	124621.0	124250.0
-1106	124678.0	123391.0
-1105	124610.0	124390.0
-1104	124361.0	123985.0
-1103	124709.0	123537.0
-1102	124418.0	123300.0
-1101	124092.0	123587.0
-1100	125068.0	123562.0
-1099	124703.0	123850.0
-1098	124397.0	123959.0
-1097	124069.0	123585.0
-1096	124281.0	123889.0
-1095	124844.0	123704.0
-1094	124659.0	123224.0
-1093	124146.0	123793.0
-1092	124477.0	123562.0
-1091	124637.0	123385.0
-1090	124509.0	124418.0
-1089	124032.0	124515.0
-1088	124368.0	123924.0
-1087	124926.0	123797.0
-1086	124240.0	123700.0
-1085	124325.0	123329.0
-1084	124281.0	123619.0
-1083	123847.0	123739.0
-1082	124524.0	124142.0
-1081	124524.0	124249.0
-1080	124374.0	124361.0
-1079	124229.0	124114.0
-1078	124084.0	123779.0
-1077	124033.0	123594.0
-1076	124232.0	123732.0
-1075	124556.0	123961.0
-1074	124266.0	124062.0
-1073	124073.0	124143.0
-1072	124558.0	123954.0
-1071	124652.0	123585.0
-1070	124446.0	123743.0
-1069	124670.0	124161.0
-1068	124322.0	124384.0
-1067	124128.0	124301.0
-1066	124127.0	124202.0
-1065	124650.0	124220.0
-1064	124000.0	123918.0
-1063	123941.0	124266.0
-1062	124497.0	124386.0
-1061	124100.0	124152.0
-1060	123964.0	124232.0
-1059	124074.0	124272.0
-1058	123790.0	123875.0
-1057	124150.0	124241.0
-1056	124564.0	124078.0
-1055	124187.0	125001.0
-1054	124041.0	123903.0
-1053	124327.0	124890.0
-1052	124884.0	123831.0
-1051	124132.0	123775.0
-1050	124144.0	123863.0
-1049	124481.0	123767.0
-1048	124204.0	123899.0
-1047	124208.0	124956.0
-1046	124609.0	124552.0
-1045	124711.0	124086.0
-1044	124449.0	124573.0
-1043	123929.0	124438.0
-1042	124080.0	124217.0
-1041	124234.0	125106.0
-1040	124419.0	124420.0
-1039	123624.0	124342.0
-1038	124189.0	124503.0
-1037	124581.0	124653.0
-1036	124133.0	123640.0
-1035	124193.0	124037.0
-1034	124313.0	124460.0
-1033	124167.0	124946.0
-1032	124725.0	124442.0
-1031	124507.0	123690.0
-1030	123857.0	124650.0
-1029	124341.0	124776.0
-1028	124638.0	124205.0
-1027	123932.0	124377.0
-1026	123888.0	125066.0
-1025	124682.0	124184.0
-1024	124282.0	124606.0
-1023	124114.0	124732.0
-1022	124211.0	124262.0
-1021	124386.0	124390.0
-1020	123823.0	124907.0
-1019	123980.0	124769.0
-1018	124410.0	124099.0
-1017	124126.0	124656.0
-1016	124093.0	123955.0
-1015	124403.0	124344.0
-1014	124810.0	124566.0
-1013	124431.0	124584.0
-1012	124763.0	124623.0
-1011	124781.0	124155.0
-1010	124391.0	124205.0
-1009	124124.0	124838.0
-1008	124674.0	124658.0
-1007	124036.0	124186.0
-1006	124299.0	125432.0
-1005	125264.0	124545.0
-1004	124913.0	124329.0
-1003	123734.0	124891.0
-1002	124290.0	125380.0
-1001	124618.0	124245.0
-1000	124214.0	124726.0
-999	124576.0	124942.0
-998	124260.0	124440.0
-997	123937.0	124346.0
-996	124671.0	125255.0
-995	124810.0	124417.0
-994	124659.0	125647.0
-993	124896.0	124982.0
-992	124925.0	124499.0
-991	124681.0	125302.0
-990	124431.0	125302.0
-989	124447.0	124873.0
-988	124314.0	124276.0
-987	124607.0	124341.0
-986	125106.0	124393.0
-985	124947.0	125228.0
-984	125062.0	125163.0
-983	124746.0	123828.0
-982	124044.0	124994.0
-981	124747.0	124501.0
-980	124553.0	124430.0
-979	124709.0	124844.0
-978	124925.0	124670.0
-977	124780.0	124294.0
-976	123836.0	124488.0
-975	124774.0	124686.0
-974	124770.0	124842.0
-973	124693.0	124506.0
-972	125177.0	124810.0
-971	124966.0	124761.0
-970	124744.0	125193.0
-969	125125.0	124464.0
-968	124667.0	124556.0
-967	124686.0	124509.0
-966	125182.0	124908.0
-965	125119.0	124561.0
-964	125067.0	124778.0
-963	125164.0	124468.0
-962	124911.0	124229.0
-961	125736.0	125013.0
-960	125136.0	124844.0
-959	125149.0	124520.0
-958	125120.0	124718.0
-957	124884.0	124729.0
-956	125160.0	124253.0
-955	124545.0	124349.0
-954	125232.0	125260.0
-953	125317.0	124522.0
-952	124923.0	125015.0
-951	125188.0	125196.0
-950	124744.0	124679.0
-949	125111.0	124424.0
-948	125424.0	124817.0
-947	125140.0	124423.0
-946	125063.0	124534.0
-945	124827.0	124872.0
-944	125385.0	124200.0
-943	125723.0	124596.0
-942	125414.0	124727.0
-941	124758.0	124238.0
-940	125388.0	124433.0
-939	125106.0	124554.0
-938	124928.0	124272.0
-937	125263.0	124187.0
-936	126269.0	123775.0
-935	124875.0	123573.0
-934	124931.0	124013.0
-933	125614.0	124191.0
-932	124953.0	123736.0
-931	125183.0	123879.0
-930	124389.0	124464.0
-929	124703.0	124535.0
-928	125084.0	124126.0
-927	125289.0	124389.0
-926	124655.0	124219.0
-925	125016.0	124659.0
-924	124549.0	124582.0
-923	124841.0	124401.0
-922	125185.0	123921.0
-921	125874.0	124475.0
-920	124302.0	123775.0
-919	124828.0	124303.0
-918	124979.0	124362.0
-917	124292.0	123916.0
-916	125608.0	124005.0
-915	125940.0	123947.0
-914	125567.0	123901.0
-913	124723.0	124525.0
-912	125528.0	124345.0
-911	124624.0	124127.0
-910	124905.0	124842.0
-909	125269.0	124732.0
-908	125171.0	123904.0
-907	125006.0	124283.0
-906	125007.0	124615.0
-905	125013.0	123745.0
-904	124877.0	124119.0
-903	125191.0	124279.0
-902	124809.0	124040.0
-901	124580.0	124342.0
-900	125631.0	123337.0
-899	124559.0	123625.0
-898	124926.0	124204.0
-897	125027.0	124257.0
-896	124629.0	123958.0
-895	124394.0	124392.0
-894	125351.0	123999.0
-893	124284.0	124147.0
-892	125046.0	124770.0
-891	125284.0	124122.0
-890	124877.0	124215.0
-889	124395.0	124028.0
-888	125434.0	123716.0
-887	125288.0	124011.0
-886	124896.0	124816.0
-885	125191.0	124070.0
-884	125389.0	123810.0
-883	124639.0	124287.0
-882	124954.0	124380.0
-881	124803.0	124081.0
-880	124808.0	124664.0
-879	125046.0	124843.0
-878	124816.0	124070.0
-877	124561.0	124603.0
-876	124589.0	124036.0
-875	124471.0	124183.0
-874	124763.0	123895.0
-873	125125.0	124642.0
-872	124777.0	123658.0
-871	124330.0	124388.0
-870	124613.0	124436.0
-869	124656.0	123986.0
-868	124450.0	124333.0
-867	124480.0	124561.0
-866	124704.0	123500.0
-865	124280.0	124374.0
-864	124475.0	124434.0
-863	124636.0	124768.0
-862	124363.0	124554.0
-861	124032.0	124621.0
-860	124300.0	124650.0
-859	124098.0	124388.0
-858	125295.0	124842.0
-857	124143.0	124685.0
-856	124320.0	124635.0
-855	125125.0	124459.0
-854	124240.0	124338.0
-853	124463.0	124854.0
-852	124409.0	124793.0
-851	124299.0	124865.0
-850	123547.0	125031.0
-849	124524.0	124638.0
-848	124381.0	124583.0
-847	123705.0	124616.0
-846	124014.0	124813.0
-845	124534.0	124384.0
-844	123950.0	124843.0
-843	124138.0	124824.0
-842	124534.0	124580.0
-841	124313.0	124815.0
-840	124328.0	124152.0
-839	124631.0	124305.0
-838	124327.0	125142.0
-837	124671.0	125073.0
-836	123911.0	124657.0
-835	124100.0	125125.0
-834	124897.0	124845.0
-833	124452.0	123744.0
-832	124087.0	124935.0
-831	124389.0	125567.0
-830	124225.0	124717.0
-829	123995.0	125185.0
-828	123467.0	124944.0
-827	124464.0	124460.0
-826	124836.0	124899.0
-825	124535.0	124783.0
-824	124208.0	124946.0
-823	123773.0	124408.0
-822	124736.0	124837.0
-821	124459.0	124957.0
-820	124009.0	124656.0
-819	124667.0	125028.0
-818	124516.0	125210.0
-817	124649.0	125306.0
-816	124790.0	124718.0
-815	124093.0	124467.0
-814	123678.0	125110.0
-813	124250.0	125639.0
-812	124601.0	125153.0
-811	124829.0	125824.0
-810	125167.0	125264.0
-809	124227.0	124936.0
-808	124320.0	125311.0
-807	124710.0	125302.0
-806	124296.0	124253.0
-805	124698.0	124903.0
-804	125121.0	125214.0
-803	125161.0	124764.0
-802	125021.0	125003.0
-801	125096.0	124896.0
-800	124841.0	125276.0
-799	124450.0	125367.0
-798	125967.0	125820.0
-797	124506.0	124369.0
-796	124756.0	125528.0
-795	125592.0	125195.0
-794	124874.0	124946.0
-793	125208.0	125131.0
-792	125790.0	125026.0
-791	124696.0	125329.0
-790	124784.0	124976.0
-789	125549.0	124829.0
-788	124915.0	125342.0
-787	125297.0	125080.0
-786	125406.0	125514.0
-785	125168.0	124992.0
-784	125171.0	124882.0
-783	125588.0	125161.0
-782	125555.0	124714.0
-781	124770.0	125171.0
-780	125446.0	125080.0
-779	125394.0	124997.0
-778	125277.0	125600.0
-777	125340.0	125060.0
-776	125374.0	124638.0
-775	125712.0	125241.0
-774	125798.0	125402.0
-773	125950.0	125024.0
-772	124772.0	125801.0
-771	125823.0	124897.0
-770	125028.0	125403.0
-769	125735.0	125361.0
-768	125538.0	125079.0
-767	125465.0	124894.0
-766	125834.0	125349.0
-765	125973.0	125269.0
-764	125388.0	124567.0
-763	125103.0	125029.0
-762	126248.0	125223.0
-761	125961.0	125102.0
-760	126001.0	124741.0
-759	125641.0	125542.0
-758	125815.0	125341.0
-757	125861.0	124793.0
-756	126079.0	125097.0
-755	125466.0	123937.0
-754	125886.0	124764.0
-753	125996.0	125522.0
-752	125678.0	124958.0
-751	125167.0	125420.0
-750	126357.0	125153.0
-749	125960.0	124270.0
-748	126503.0	125236.0
-747	126395.0	124817.0
-746	126186.0	124998.0
-745	126099.0	125447.0
-744	126307.0	124993.0
-743	126189.0	124547.0
-742	125589.0	125073.0
-741	126233.0	125051.0
-740	125977.0	124548.0
-739	126408.0	124568.0
-738	126318.0	124889.0
-737	125458.0	124364.0
-736	126445.0	124082.0
-735	125922.0	124826.0
-734	126523.0	124320.0
-733	126167.0	125366.0
-732	126345.0	125395.0
-731	126030.0	124267.0
-730	125951.0	124631.0
-729	126847.0	124992.0
-728	126696.0	124875.0
-727	126100.0	124995.0
-726	125968.0	125282.0
-725	126696.0	124702.0
-724	126050.0	125069.0
-723	126109.0	124305.0
-722	126210.0	124106.0
-721	125495.0	124964.0
-720	126246.0	124271.0
-719	125887.0	124911.0
-718	125953.0	125097.0
-717	126038.0	124448.0
-716	126034.0	125070.0
-715	125805.0	124584.0
-714	126494.0	124688.0
-713	126030.0	123959.0
-712	126450.0	124308.0
-711	126981.0	124609.0
-710	126022.0	123505.0
-709	126174.0	124118.0
-708	126354.0	125130.0
-707	125889.0	124599.0
-706	125794.0	124756.0
-705	126416.0	124448.0
-704	126058.0	124196.0
-703	126196.0	124616.0
-702	126560.0	124918.0
-701	125724.0	123762.0
-700	124987.0	124447.0
-699	126220.0	124708.0
-698	125585.0	123716.0
-697	126009.0	124083.0
-696	125768.0	124472.0
-695	125026.0	124117.0
-694	124651.0	124268.0
-693	125527.0	124611.0
-692	125195.0	123888.0
-691	125492.0	124739.0
-690	125987.0	124514.0
-689	125540.0	123522.0
-688	125333.0	124326.0
-687	125639.0	124275.0
-686	125062.0	123721.0
-685	124793.0	124191.0
-684	125456.0	124031.0
-683	124726.0	123918.0
-682	124608.0	123632.0
-681	125000.0	124550.0
-680	125199.0	123957.0
-679	124980.0	124434.0
-678	125587.0	124810.0
-677	125261.0	124068.0
-676	124935.0	124931.0
-675	125864.0	123953.0
-674	124736.0	123823.0
-673	124846.0	124245.0
-672	125296.0	124770.0
-671	125081.0	124586.0
-670	124181.0	124842.0
-669	125017.0	125049.0
-668	124271.0	124250.0
-667	124030.0	123963.0
-666	124459.0	124188.0
-665	123930.0	124373.0
-664	123904.0	124551.0
-663	124879.0	124523.0
-662	124328.0	124445.0
-661	124405.0	124530.0
-660	124458.0	124336.0
-659	124240.0	124174.0
-658	123857.0	125055.0
-657	124684.0	125621.0
-656	124124.0	125157.0
-655	123966.0	125613.0
-654	124303.0	125153.0
-653	124185.0	124533.0
-652	123987.0	124883.0
-651	124988.0	125029.0
-650	124051.0	124923.0
-649	123890.0	125243.0
-648	125125.0	125270.0
-647	123869.0	124825.0
-646	124491.0	125194.0
-645	124543.0	125297.0
-644	124451.0	124882.0
-643	124006.0	125266.0
-642	124341.0	125477.0
-641	124308.0	124527.0
-640	124334.0	125124.0
-639	124159.0	125124.0
-638	124059.0	124994.0
-637	123748.0	125065.0
-636	124239.0	125999.0
-635	123651.0	125241.0
-634	123820.0	125749.0
-633	124871.0	125302.0
-632	124108.0	124903.0
-631	123960.0	126148.0
-630	124488.0	125382.0
-629	123824.0	125226.0
-628	124030.0	125734.0
-627	125450.0	125569.0
-626	124586.0	125605.0
-625	124125.0	125988.0
-624	124919.0	126185.0
-623	124257.0	125326.0
-622	124063.0	125763.0
-621	124739.0	126085.0
-620	123923.0	126103.0
-619	124701.0	126259.0
-618	125587.0	126980.0
-617	124881.0	125922.0
-616	124303.0	126254.0
-615	124403.0	126581.0
-614	124518.0	126059.0
-613	124763.0	125974.0
-612	125064.0	126815.0
-611	124780.0	126689.0
-610	124269.0	126568.0
-609	125278.0	126663.0
-608	124610.0	125867.0
-607	125055.0	126286.0
-606	124870.0	126677.0
-605	125179.0	125663.0
-604	125273.0	126324.0
-603	125990.0	126224.0
-602	125184.0	125959.0
-601	125160.0	126201.0
-600	125488.0	126403.0
-599	125402.0	126125.0
-598	125739.0	126483.0
-597	126057.0	126842.0
-596	125711.0	125915.0
-595	125535.0	126459.0
-594	125714.0	126331.0
-593	124798.0	126224.0
-592	125495.0	126682.0
-591	125950.0	126473.0
-590	125877.0	126234.0
-589	125473.0	126726.0
-588	126061.0	126957.0
-587	125520.0	126259.0
-586	125575.0	126965.0
-585	126440.0	126501.0
-584	126731.0	126655.0
-583	126504.0	126818.0
-582	126137.0	126400.0
-581	125865.0	126535.0
-580	126773.0	126353.0
-579	127418.0	126246.0
-578	126291.0	126310.0
-577	126579.0	126074.0
-576	127534.0	126715.0
-575	126297.0	126416.0
-574	127094.0	126194.0
-573	127299.0	125801.0
-572	126868.0	125789.0
-571	126992.0	126714.0
-570	127439.0	126014.0
-569	126670.0	125354.0
-568	127120.0	125759.0
-567	127975.0	126866.0
-566	126718.0	125915.0
-565	127362.0	125848.0
-564	127858.0	125534.0
-563	127181.0	125567.0
-562	127262.0	125934.0
-561	127531.0	126685.0
-560	127819.0	125686.0
-559	127268.0	126439.0
-558	128264.0	126304.0
-557	126843.0	125669.0
-556	127477.0	126139.0
-555	127330.0	125922.0
-554	127667.0	125329.0
-553	127092.0	125671.0
-552	127184.0	126241.0
-551	127389.0	124898.0
-550	127736.0	125661.0
-549	127967.0	125416.0
-548	127822.0	125204.0
-547	127507.0	125538.0
-546	128651.0	125967.0
-545	126955.0	124657.0
-544	128268.0	125957.0
-543	127936.0	125088.0
-542	127329.0	125294.0
-541	127083.0	124918.0
-540	128326.0	125511.0
-539	127324.0	124650.0
-538	127443.0	125538.0
-537	128006.0	125054.0
-536	127097.0	124148.0
-535	127610.0	125166.0
-534	127751.0	124738.0
-533	127872.0	124073.0
-532	126875.0	124984.0
-531	127561.0	125043.0
-530	127670.0	124125.0
-529	127431.0	125040.0
-528	127223.0	124419.0
-527	127065.0	124927.0
-526	126642.0	125034.0
-525	128227.0	124780.0
-524	127652.0	124671.0
-523	127098.0	124260.0
-522	127284.0	124690.0
-521	126620.0	123699.0
-520	127174.0	124507.0
-519	127005.0	124418.0
-518	126438.0	124052.0
-517	126437.0	124510.0
-516	126961.0	124741.0
-515	126226.0	123389.0
-514	126310.0	124413.0
-513	126768.0	124619.0
-512	125956.0	124116.0
-511	125936.0	124470.0
-510	126029.0	124593.0
-509	125981.0	124001.0
-508	125838.0	124177.0
-507	126426.0	124604.0
-506	125949.0	124085.0
-505	125941.0	124242.0
-504	126628.0	125107.0
-503	126117.0	123646.0
-502	126290.0	123803.0
-501	126233.0	124248.0
-500	125595.0	124205.0
-499	125389.0	124189.0
-498	125986.0	124492.0
-497	125151.0	123770.0
-496	125034.0	123600.0
-495	125786.0	123858.0
-494	125347.0	123789.0
-493	124789.0	123966.0
-492	125422.0	124137.0
-491	124462.0	123880.0
-490	124906.0	125095.0
-489	125022.0	124226.0
-488	124928.0	123768.0
-487	124562.0	124182.0
-486	125450.0	124782.0
-485	123859.0	124086.0
-484	124092.0	124939.0
-483	125233.0	124748.0
-482	124470.0	123772.0
-481	124264.0	124794.0
-480	124551.0	124430.0
-479	123988.0	123947.0
-478	123258.0	124744.0
-477	124508.0	124637.0
-476	124358.0	124513.0
-475	124174.0	125035.0
-474	124610.0	125169.0
-473	123352.0	124402.0
-472	123204.0	124726.0
-471	123795.0	124312.0
-470	123882.0	124115.0
-469	123481.0	124969.0
-468	123773.0	125010.0
-467	122981.0	124776.0
-466	123458.0	124771.0
-465	123909.0	125035.0
-464	123253.0	124437.0
-463	123046.0	125536.0
-462	124254.0	125224.0
-461	123104.0	124485.0
-460	123309.0	125940.0
-459	123726.0	126036.0
-458	122654.0	125586.0
-457	123242.0	125795.0
-456	123874.0	125413.0
-455	123339.0	125232.0
-454	123001.0	125376.0
-453	123664.0	126113.0
-452	123575.0	124841.0
-451	123826.0	126025.0
-450	124179.0	126208.0
-449	123115.0	125690.0
-448	123002.0	126008.0
-447	123529.0	126022.0
-446	123193.0	125886.0
-445	123485.0	126868.0
-444	124421.0	126223.0
-443	123421.0	126384.0
-442	123701.0	126648.0
-441	124175.0	127319.0
-440	123380.0	126737.0
-439	123176.0	127013.0
-438	124201.0	127213.0
-437	123382.0	126311.0
-436	123536.0	126987.0
-435	124458.0	127175.0
-434	123777.0	126053.0
-433	123922.0	126765.0
-432	124272.0	127936.0
-431	124395.0	126705.0
-430	124238.0	127548.0
-429	124471.0	127027.0
-428	123611.0	126750.0
-427	123880.0	127903.0
-426	124386.0	127674.0
-425	123811.0	127822.0
-424	124303.0	128005.0
-423	125224.0	128375.0
-422	124571.0	126877.0
-421	124480.0	128432.0
-420	125246.0	128837.0
-419	124645.0	127389.0
-418	124965.0	128520.0
-417	125561.0	128218.0
-416	125322.0	127292.0
-415	125898.0	128062.0
-414	126279.0	128068.0
-413	125571.0	127580.0
-412	125321.0	127975.0
-411	126052.0	128264.0
-410	125068.0	127052.0
-409	125933.0	127975.0
-408	126802.0	128121.0
-407	126221.0	127475.0
-406	126131.0	127639.0
-405	126541.0	128670.0
-404	126648.0	127461.0
-403	126138.0	128266.0
-402	127179.0	128162.0
-401	126883.0	127181.0
-400	126495.0	128156.0
-399	127403.0	128645.0
-398	127477.0	128061.0
-397	127475.0	128520.0
-396	128205.0	128328.0
-395	127625.0	127103.0
-394	126969.0	127881.0
-393	128305.0	128022.0
-392	127327.0	127267.0
-391	127632.0	127768.0
-390	128942.0	128501.0
-389	127916.0	127159.0
-388	128084.0	127682.0
-387	128666.0	128569.0
-386	127617.0	127350.0
-385	128287.0	127937.0
-384	128984.0	127772.0
-383	129316.0	127147.0
-382	129054.0	127727.0
-381	129404.0	128255.0
-380	128534.0	126742.0
-379	128536.0	127638.0
-378	129772.0	127124.0
-377	128853.0	126703.0
-376	129598.0	127457.0
-375	129780.0	127385.0
-374	129040.0	126430.0
-373	129990.0	126549.0
-372	129853.0	127524.0
-371	129113.0	126465.0
-370	129160.0	126789.0
-369	130148.0	126871.0
-368	130047.0	126309.0
-367	129687.0	126433.0
-366	130757.0	125794.0
-365	129696.0	125945.0
-364	129464.0	126684.0
-363	130584.0	125905.0
-362	129902.0	125504.0
-361	129512.0	126098.0
-360	130306.0	126381.0
-359	129980.0	124950.0
-358	129728.0	126349.0
-357	130581.0	126420.0
-356	129000.0	124970.0
-355	129610.0	125705.0
-354	130409.0	125998.0
-353	130141.0	124613.0
-352	130016.0	125140.0
-351	129777.0	125275.0
-350	129190.0	124664.0
-349	128432.0	125310.0
-348	129679.0	125641.0
-347	129216.0	124783.0
-346	128487.0	124842.0
-345	129842.0	124967.0
-344	128675.0	123778.0
-343	129668.0	124506.0
-342	129862.0	124786.0
-341	129052.0	123554.0
-340	128668.0	124224.0
-339	130103.0	124488.0
-338	128402.0	123062.0
-337	127948.0	124367.0
-336	129246.0	124155.0
-335	128730.0	123156.0
-334	128974.0	123757.0
-333	129820.0	124705.0
-332	127964.0	122775.0
-331	127334.0	123775.0
-330	128797.0	123331.0
-329	127479.0	123584.0
-328	127041.0	123797.0
-327	128131.0	123474.0
-326	127284.0	122649.0
-325	127030.0	123798.0
-324	128090.0	123758.0
-323	126935.0	123279.0
-322	126958.0	122972.0
-321	128072.0	123816.0
-320	125607.0	122821.0
-319	126408.0	123866.0
-318	127294.0	123241.0
-317	126068.0	122860.0
-316	126189.0	123151.0
-315	126563.0	123671.0
-314	125487.0	122067.0
-313	126026.0	123278.0
-312	126747.0	123562.0
-311	124759.0	122621.0
-310	125461.0	123780.0
-309	126178.0	123747.0
-308	125577.0	123071.0
-307	124551.0	123478.0
-306	125646.0	122985.0
-305	124292.0	123191.0
-304	124143.0	123934.0
-303	124367.0	123151.0
-302	123860.0	122572.0
-301	123650.0	124065.0
-300	124599.0	123411.0
-299	124003.0	123706.0
-298	123921.0	123840.0
-297	124735.0	124310.0
-296	123551.0	123557.0
-295	123069.0	124416.0
-294	123607.0	124458.0
-293	123720.0	122966.0
-292	123737.0	124106.0
-291	124374.0	124415.0
-290	123535.0	123232.0
-289	123421.0	124685.0
-288	124306.0	124645.0
-287	123189.0	124357.0
-286	123082.0	124639.0
-285	123145.0	124124.0
-284	122631.0	124005.0
-283	122452.0	125019.0
-282	123489.0	125899.0
-281	122868.0	124191.0
-280	122614.0	125294.0
-279	123515.0	125170.0
-278	122358.0	124856.0
-277	122058.0	125171.0
-276	123875.0	126339.0
-275	121850.0	125296.0
-274	122653.0	125263.0
-273	123561.0	126378.0
-272	122229.0	125401.0
-271	122385.0	126705.0
-270	122865.0	126415.0
-269	122169.0	125740.0
-268	121893.0	126489.0
-267	123429.0	127366.0
-266	122175.0	126000.0
-265	122743.0	127644.0
-264	123209.0	126741.0
-263	121984.0	126802.0
-262	122525.0	127308.0
-261	122884.0	127591.0
-260	122390.0	127734.0
-259	122387.0	128183.0
-258	123629.0	127838.0
-257	122995.0	128292.0
-256	122799.0	128071.0
-255	123619.0	128115.0
-254	122742.0	127430.0
-253	122271.0	129072.0
-252	123874.0	128726.0
-251	123011.0	128366.0
-250	122889.0	129251.0
-249	124366.0	129425.0
-248	122996.0	128567.0
-247	123667.0	129252.0
-246	124315.0	129662.0
-245	123279.0	128684.0
-244	123997.0	129654.0
-243	124990.0	129683.0
-242	123658.0	129182.0
-241	124364.0	130510.0
-240	125134.0	130029.0
-239	123974.0	128825.0
-238	123876.0	130138.0
-237	125581.0	130877.0
-236	124647.0	129799.0
-235	124276.0	130400.0
-234	125927.0	130678.0
-233	124628.0	129601.0
-232	125700.0	130404.0
-231	126162.0	130749.0
-230	125798.0	129944.0
-229	125919.0	130841.0
-228	126919.0	130905.0
-227	126080.0	129838.0
-226	125773.0	130576.0
-225	127282.0	131537.0
-224	127062.0	130041.0
-223	126772.0	130621.0
-222	128692.0	130704.0
-221	127075.0	129781.0
-220	126774.0	131178.0
-219	127874.0	130771.0
-218	127876.0	130091.0
-217	127904.0	130792.0
-216	129709.0	130633.0
-215	128584.0	129649.0
-214	128885.0	130213.0
-213	129457.0	131030.0
-212	129019.0	129182.0
-211	129248.0	130980.0
-210	130647.0	130910.0
-209	129572.0	129802.0
-208	130178.0	130745.0
-207	131964.0	130617.0
-206	130482.0	129116.0
-205	130205.0	130118.0
-204	131398.0	130170.0
-203	130797.0	129317.0
-202	131719.0	129934.0
-201	131890.0	130412.0
-200	131514.0	128679.0
-199	131615.0	130308.0
-198	132869.0	130071.0
-197	131555.0	128042.0
-196	131419.0	129841.0
-195	133305.0	129053.0
-194	132560.0	127448.0
-193	132530.0	128876.0
-192	134021.0	128622.0
-191	132437.0	127587.0
-190	132771.0	128437.0
-189	133642.0	128834.0
-188	133186.0	126605.0
-187	132808.0	128169.0
-186	133681.0	128219.0
-185	133251.0	127232.0
-184	133140.0	127858.0
-183	133812.0	126752.0
-182	133406.0	126335.0
-181	133404.0	127305.0
-180	133981.0	126899.0
-179	133050.0	125082.0
-178	132782.0	127029.0
-177	134521.0	126766.0
-176	132646.0	125410.0
-175	133170.0	126371.0
-174	134545.0	126719.0
-173	132444.0	124919.0
-172	132357.0	125349.0
-171	134459.0	125634.0
-170	132515.0	124973.0
-169	133320.0	125449.0
-168	134428.0	125440.0
-167	132273.0	124090.0
-166	132913.0	125073.0
-165	134174.0	124799.0
-164	132264.0	123094.0
-163	131959.0	124907.0
-162	133582.0	124771.0
-161	131818.0	123699.0
-160	131547.0	124801.0
-159	133129.0	124608.0
-158	131924.0	122967.0
-157	131724.0	124186.0
-156	132506.0	124337.0
-155	130988.0	122695.0
-154	131008.0	123732.0
-153	132902.0	123861.0
-152	130641.0	122475.0
-151	130503.0	124118.0
-150	131576.0	124106.0
-149	129697.0	122556.0
-148	129748.0	123308.0
-147	130876.0	123493.0
-146	129315.0	122186.0
-145	128992.0	123005.0
-144	130227.0	123209.0
-143	128531.0	122105.0
-142	128674.0	122682.0
-141	129907.0	123352.0
-140	126892.0	122348.0
-139	126404.0	123511.0
-138	126495.0	123080.0
-137	125413.0	121735.0
-136	125379.0	122970.0
-135	126995.0	123469.0
-134	126026.0	122397.0
-133	126031.0	123255.0
-132	127792.0	123060.0
-131	126184.0	121832.0
-130	125412.0	122912.0
-129	125579.0	122995.0
-128	123657.0	122337.0
-127	122888.0	123013.0
-126	124137.0	123599.0
-125	122723.0	121780.0
-124	122864.0	123031.0
-123	125124.0	122601.0
-122	124054.0	121634.0
-121	123845.0	123391.0
-120	124293.0	123202.0
-119	122477.0	121847.0
-118	121403.0	123652.0
-117	122526.0	124632.0
-116	119647.0	122710.0
-115	120393.0	123907.0
-114	123224.0	124143.0
-113	121893.0	122211.0
-112	122487.0	123856.0
-111	124003.0	123581.0
-110	122373.0	122562.0
-109	122211.0	124649.0
-108	122838.0	124873.0
-107	120683.0	123651.0
-106	119668.0	124809.0
-105	121699.0	124972.0
-104	120679.0	124072.0
-103	121404.0	124918.0
-102	123797.0	124642.0
-101	121807.0	124020.0
-100	122598.0	125611.0
-99	123987.0	125905.0
-98	121709.0	123805.0
-97	121075.0	126138.0
-96	121952.0	126357.0
-95	120933.0	124875.0
-94	121320.0	125723.0
-93	123070.0	125781.0
-92	121946.0	124701.0
-91	122618.0	125947.0
-90	124565.0	126834.0
-89	122216.0	125487.0
-88	122584.0	127046.0
-87	123496.0	127113.0
-86	121666.0	125851.0
-85	121113.0	127326.0
-84	122256.0	127832.0
-83	121046.0	126073.0
-82	121868.0	127829.0
-81	124081.0	127969.0
-80	122328.0	126283.0
-79	122422.0	128008.0
-78	123936.0	128979.0
-77	123257.0	127607.0
-76	122972.0	129166.0
-75	125093.0	129815.0
-74	122874.0	128292.0
-73	122991.0	129500.0
-72	124810.0	129862.0
-71	123514.0	128073.0
-70	124652.0	130405.0
-69	126154.0	130348.0
-68	124181.0	129431.0
-67	122858.0	132219.0
-66	125024.0	131823.0
-65	123761.0	130372.0
-64	124052.0	131666.0
-63	125684.0	132055.0
-62	124411.0	130281.0
-61	124698.0	132167.0
-60	126918.0	132900.0
-59	125212.0	131965.0
-58	124670.0	133519.0
-57	125043.0	133726.0
-56	123406.0	131903.0
-55	123593.0	133844.0
-54	126527.0	134014.0
-53	125804.0	132154.0
-52	126596.0	134780.0
-51	129346.0	135009.0
-50	127349.0	132760.0
-49	127433.0	135334.0
-48	129232.0	135164.0
-47	127227.0	133248.0
-46	127307.0	135748.0
-45	128848.0	135253.0
-44	126008.0	133295.0
-43	127059.0	135351.0
-42	130301.0	135819.0
-41	129651.0	133427.0
-40	130735.0	136318.0
-39	134269.0	136211.0
-38	131704.0	134377.0
-37	130459.0	136598.0
-36	131874.0	136130.0
-35	129350.0	133985.0
-34	129677.0	136086.0
-33	133537.0	136123.0
-32	132123.0	133789.0
-31	133868.0	136259.0
-30	137557.0	136459.0
-29	135050.0	134196.0
-28	134827.0	137473.0
-27	137256.0	137104.0
-26	133912.0	135494.0
-25	132931.0	137070.0
-24	134980.0	137637.0
-23	132342.0	134978.0
-22	134215.0	137762.0
-21	137211.0	138171.0
-20	136654.0	136957.0
-19	138030.0	139104.0
-18	140565.0	139775.0
-17	138454.0	137470.0
-16	137790.0	139252.0
-15	138902.0	139423.0
-14	136541.0	136474.0
-13	136791.0	139289.0
-12	142270.0	140820.0
-11	141470.0	136604.0
-10	141609.0	141135.0
-9	145866.0	143015.0
-8	144119.0	143056.0
-7	140258.0	148377.0
-6	138000.0	149554.0
-5	130121.0	145576.0
-4	128097.0	146415.0
-3	144235.0	152249.0
-2	157751.0	138136.0
-1	237003.0	136843.0
0	2331.0	98847.0
1	236326.0	28320.0
2	156704.0	64271.0
3	144479.0	92930.0
4	128160.0	124808.0
5	130439.0	138657.0
6	137505.0	130084.0
7	140376.0	115647.0
8	143515.0	113977.0
9	146070.0	111743.0
10	141860.0	109897.0
11	140639.0	114321.0
12	141941.0	117944.0
13	136500.0	117750.0
14	136524.0	121394.0
15	138456.0	122724.0
16	136550.0	119831.0
17	137373.0	120790.0
18	140720.0	120573.0
19	137053.0	117613.0
20	136127.0	120601.0
21	136841.0	123158.0
22	133408.0	124142.0
23	132097.0	128630.0
24	134721.0	129339.0
25	132879.0	126726.0
26	133690.0	126423.0
27	137062.0	124406.0
28	134980.0	121612.0
29	135484.0	122482.0
30	137147.0	123451.0
31	132867.0	122225.0
32	131913.0	125956.0
33	132854.0	127264.0
34	129798.0	127178.0
35	128932.0	129763.0
36	132485.0	129285.0
37	130606.0	125799.0
38	131001.0	126030.0
39	133394.0	124143.0
40	130443.0	122547.0
41	129518.0	124830.0
42	130931.0	127316.0
43	127219.0	127570.0
44	126711.0	131270.0
45	128696.0	131732.0
46	127174.0	129384.0
47	127749.0	129343.0
48	129420.0	127998.0
49	127933.0	126254.0
50	127691.0	127401.0
51	129629.0	127703.0
52	126405.0	126460.0
53	125769.0	129412.0
54	126522.0	130047.0
55	123901.0	128443.0
56	124040.0	131844.0
57	125938.0	131534.0
58	124976.0	128073.0
59	125021.0	127832.0
60	126791.0	127298.0
61	124129.0	125538.0
62	123912.0	129021.0
63	125597.0	129605.0
64	123830.0	126885.0
65	123370.0	127716.0
66	125335.0	127298.0
67	123103.0	125625.0
68	123956.0	127015.0
69	125570.0	126672.0
70	124516.0	125332.0
71	123508.0	126548.0
72	125083.0	127864.0
73	121822.0	128160.0
74	122351.0	129589.0
75	124319.0	128954.0
76	122781.0	126097.0
77	123100.0	126232.0
78	124195.0	125929.0
79	122380.0	125576.0
80	122750.0	128022.0
81	123866.0	129329.0
82	121748.0	128169.0
83	121395.0	130478.0
84	121989.0	131686.0
85	120712.0	129533.0
86	121211.0	130966.0
87	123538.0	128356.0
88	122886.0	125324.0
89	122773.0	126985.0
90	124871.0	126915.0
91	123278.0	126295.0
92	122083.0	130290.0
93	123195.0	131641.0
94	120707.0	131516.0
95	120628.0	133589.0
96	122196.0	133706.0
97	120756.0	132134.0
98	121703.0	131749.0
99	123471.0	130692.0
100	122626.0	129620.0
101	122713.0	130642.0
102	123011.0	132100.0
103	121518.0	132852.0
104	121160.0	135585.0
105	121330.0	137047.0
106	119905.0	136756.0
107	120669.0	138444.0
108	123424.0	136960.0
109	122076.0	133125.0
110	122963.0	133669.0
111	123963.0	134326.0
112	122811.0	134671.0
113	122261.0	137639.0
114	122606.0	139392.0
115	120603.0	139275.0
116	120425.0	141932.0
117	122480.0	142552.0
118	121765.0	140599.0
119	122615.0	141039.0
120	124501.0	140175.0
121	123822.0	138984.0
122	124655.0	140776.0
123	125833.0	141017.0
124	123008.0	141840.0
125	123202.0	144260.0
126	124295.0	146869.0
127	122624.0	144463.0
128	123362.0	145732.0
129	126098.0	143896.0
130	125172.0	140401.0
131	126300.0	141705.0
132	127480.0	141475.0
133	125645.0	141106.0
134	124959.0	143807.0
135	125699.0	144951.0
136	124311.0	144623.0
137	124456.0	147205.0
138	127636.0	146023.0
139	125594.0	143367.0
140	126366.0	144505.0
141	129261.0	144031.0
142	127987.0	141266.0
143	128501.0	143458.0
144	130208.0	143951.0
145	128670.0	141998.0
146	128745.0	144058.0
147	130508.0	143229.0
148	129951.0	140808.0
149	129779.0	141286.0
150	131077.0	141644.0
151	130500.0	138826.0
152	130282.0	140919.0
153	132584.0	140563.0
154	130645.0	138477.0
155	130462.0	139366.0
156	131491.0	139187.0
157	130520.0	136695.0
158	130936.0	136803.0
159	133019.0	136712.0
160	131598.0	134853.0
161	131537.0	135497.0
162	133282.0	135758.0
163	131619.0	133763.0
164	132199.0	135020.0
165	134095.0	134733.0
166	132198.0	132875.0
167	132844.0	133937.0
168	133852.0	133127.0
169	132258.0	132166.0
170	132154.0	132714.0
171	134128.0	132360.0
172	132329.0	130723.0
173	132735.0	131681.0
174	134127.0	131785.0
175	133129.0	130871.0
176	132834.0	131518.0
177	134219.0	131087.0
178	132552.0	128980.0
179	133300.0	130094.0
180	134022.0	129830.0
181	132493.0	127978.0
182	133390.0	128699.0
183	134037.0	128423.0
184	132990.0	127433.0
185	132957.0	129172.0
186	134621.0	128258.0
187	132156.0	126633.0
188	132595.0	127442.0
189	133539.0	127109.0
190	132533.0	125504.0
191	132018.0	126629.0
192	133794.0	126013.0
193	132185.0	124885.0
194	131487.0	126141.0
195	132786.0	126625.0
196	132259.0	125025.0
197	130901.0	126134.0
198	132900.0	125759.0
199	131269.0	124162.0
200	131193.0	124001.0
201	132551.0	124479.0
202	131657.0	123259.0
203	131024.0	124652.0
204	131079.0	123745.0
205	129820.0	122531.0
206	129530.0	124480.0
207	130382.0	124464.0
208	129050.0	122925.0
209	129425.0	123078.0
210	130647.0	123016.0
211	129140.0	122016.0
212	129103.0	122834.0
213	129927.0	123134.0
214	127823.0	122638.0
215	128176.0	123153.0
216	128914.0	123255.0
217	127020.0	122611.0
218	127081.0	123037.0
219	128353.0	123302.0
220	127452.0	121316.0
221	127293.0	122774.0
222	127943.0	122478.0
223	126661.0	121963.0
224	125906.0	122554.0
225	127332.0	122417.0
226	125556.0	121818.0
227	126682.0	123020.0
228	127189.0	123305.0
229	125781.0	122095.0
230	125406.0	122847.0
231	126602.0	122698.0
232	124478.0	120934.0
233	125343.0	122375.0
234	126044.0	122573.0
235	124837.0	121491.0
236	124497.0	123278.0
237	124819.0	123155.0
238	123975.0	121904.0
239	124420.0	122839.0
240	125096.0	122435.0
241	123566.0	121759.0
242	123765.0	122458.0
243	124750.0	123351.0
244	123432.0	122618.0
245	122978.0	123749.0
246	124214.0	123609.0
247	123505.0	123029.0
248	122750.0	124142.0
249	123683.0	123787.0
250	123274.0	123400.0
251	122563.0	123554.0
252	124225.0	123457.0
253	123004.0	122305.0
254	122521.0	123616.0
255	123539.0	124341.0
256	123193.0	124123.0
257	122781.0	124860.0
258	123072.0	124595.0
259	122062.0	123499.0
260	121955.0	125240.0
261	123841.0	124746.0
262	122526.0	124505.0
263	122307.0	125050.0
264	123790.0	124743.0
265	121628.0	125499.0
266	122254.0	125649.0
267	122923.0	126388.0
268	121692.0	125229.0
269	121765.0	126573.0
270	123146.0	126727.0
271	122429.0	125959.0
272	121657.0	127214.0
273	123188.0	127775.0
274	121861.0	126148.0
275	122160.0	127907.0
276	124112.0	127557.0
277	122106.0	127867.0
278	122719.0	127872.0
279	123193.0	128369.0
280	122370.0	126837.0
281	121914.0	128261.0
282	122812.0	128123.0
283	122393.0	127767.0
284	123034.0	128523.0
285	123957.0	128940.0
286	122717.0	128215.0
287	122431.0	129512.0
288	123617.0	130007.0
289	122633.0	129216.0
290	122991.0	129078.0
291	124141.0	130227.0
292	122851.0	128981.0
293	122854.0	129937.0
294	123918.0	130643.0
295	123083.0	129548.0
296	123399.0	131156.0
297	124831.0	131080.0
298	123818.0	129971.0
299	123691.0	131393.0
300	124410.0	131535.0
301	123382.0	130339.0
302	124014.0	131141.0
303	124928.0	131806.0
304	123526.0	131136.0
305	124025.0	132581.0
306	125243.0	132264.0
307	123837.0	131593.0
308	124371.0	132356.0
309	125650.0	132708.0
310	124955.0	131394.0
311	125065.0	132647.0
312	126120.0	132642.0
313	125517.0	131711.0
314	125738.0	132748.0
315	126926.0	132731.0
316	124868.0	131505.0
317	125273.0	132604.0
318	127024.0	132691.0
319	126087.0	131822.0
320	125780.0	133219.0
321	127506.0	133350.0
322	125835.0	132190.0
323	126241.0	132247.0
324	127489.0	132840.0
325	126395.0	131723.0
326	126657.0	132196.0
327	128548.0	132476.0
328	127522.0	131431.0
329	127171.0	132453.0
330	128533.0	132311.0
331	127553.0	131285.0
332	127712.0	132704.0
333	128090.0	132641.0
334	127467.0	130762.0
335	127724.0	131525.0
336	129587.0	131470.0
337	128274.0	130875.0
338	128291.0	131317.0
339	128916.0	131363.0
340	128289.0	130289.0
341	128127.0	131388.0
342	129670.0	130233.0
343	128990.0	129906.0
344	128970.0	130713.0
345	129607.0	130106.0
346	128933.0	130009.0
347	128424.0	130289.0
348	129957.0	130092.0
349	128750.0	128458.0
350	128776.0	129352.0
351	129779.0	129830.0
352	129018.0	128724.0
353	128905.0	129193.0
354	130143.0	128642.0
355	129790.0	127986.0
356	129275.0	128435.0
357	130585.0	127877.0
358	129942.0	128054.0
359	129088.0	127753.0
360	130545.0	127851.0
361	129087.0	126728.0
362	129132.0	127632.0
363	129806.0	127296.0
364	129064.0	126250.0
365	129671.0	127361.0
366	129576.0	127157.0
367	129119.0	125586.0
368	129848.0	126268.0
369	130324.0	125349.0
370	129570.0	125179.0
371	129147.0	125572.0
372	129840.0	125824.0
373	130133.0	124962.0
374	129262.0	124870.0
375	129782.0	124686.0
376	129003.0	125017.0
377	128907.0	125390.0
378	129824.0	124893.0
379	128874.0	124025.0
380	128984.0	124868.0
381	129366.0	124150.0
382	128783.0	122709.0
383	128387.0	124027.0
384	128726.0	124206.0
385	127854.0	123182.0
386	128163.0	123890.0
387	128734.0	124002.0
388	127903.0	123266.0
389	128055.0	123937.0
390	128438.0	123715.0
391	127922.0	122634.0
392	127479.0	123386.0
393	128435.0	123476.0
394	127168.0	123102.0
395	127347.0	123328.0
396	127989.0	122914.0
397	126659.0	122730.0
398	126894.0	123314.0
399	127299.0	123085.0
400	126815.0	122287.0
401	125977.0	123005.0
402	127762.0	122894.0
403	126089.0	122527.0
404	126702.0	123002.0
405	126644.0	122848.0
406	125152.0	122549.0
407	125606.0	123553.0
408	126791.0	123273.0
409	125503.0	122077.0
410	125756.0	122775.0
411	126110.0	122586.0
412	125967.0	121920.0
413	125789.0	122476.0
414	125870.0	122870.0
415	124951.0	122198.0
416	124846.0	123044.0
417	126437.0	122125.0
418	124738.0	122168.0
419	124578.0	123495.0
420	125090.0	123285.0
421	124781.0	122493.0
422	124431.0	123058.0
423	124540.0	123741.0
424	124290.0	122649.0
425	124092.0	122907.0
426	124638.0	123587.0
427	123606.0	123202.0
428	124371.0	123756.0
429	125032.0	123208.0
430	123397.0	122998.0
431	124026.0	124474.0
432	124073.0	124555.0
433	123605.0	123706.0
434	122995.0	124332.0
435	124074.0	124146.0
436	123189.0	123752.0
437	122866.0	125040.0
438	124480.0	124605.0
439	122701.0	123881.0
440	123134.0	124567.0
441	124055.0	124496.0
442	122829.0	123966.0
443	123200.0	125131.0
444	123729.0	124432.0
445	122911.0	124819.0
446	123020.0	125617.0
447	123970.0	125127.0
448	123064.0	125454.0
449	123045.0	125838.0
450	123293.0	126140.0
451	123465.0	125162.0
452	123332.0	125807.0
453	124022.0	125353.0
454	123145.0	125378.0
455	123643.0	126163.0
456	124221.0	126722.0
457	122372.0	125626.0
458	122980.0	126885.0
459	123628.0	126954.0
460	123385.0	126091.0
461	123406.0	126581.0
462	124177.0	126891.0
463	123392.0	126484.0
464	123092.0	126950.0
465	123760.0	127151.0
466	122609.0	127094.0
467	122915.0	127545.0
468	124259.0	127534.0
469	123647.0	126815.0
470	123435.0	127747.0
471	123840.0	127776.0
472	123680.0	127671.0
473	123367.0	127759.0
474	123690.0	128098.0
475	123358.0	127244.0
476	123508.0	127879.0
477	124015.0	128121.0
478	123555.0	127560.0
479	124137.0	129311.0
480	124986.0	128499.0
481	124481.0	127852.0
482	124243.0	128920.0
483	124703.0	128757.0
484	123632.0	127887.0
485	123980.0	129033.0
486	124507.0	129112.0
487	124433.0	128450.0
488	125187.0	129033.0
489	124861.0	128619.0
490	124134.0	128497.0
491	124776.0	129494.0
492	125368.0	129588.0
493	124670.0	128465.0
494	125095.0	129364.0
495	126147.0	128888.0
496	125627.0	128589.0
497	125316.0	129540.0
498	125962.0	129144.0
499	125539.0	129109.0
500	125259.0	129167.0
501	125855.0	129076.0
502	124872.0	128816.0
503	125433.0	129434.0
504	126614.0	128660.0
505	125172.0	127931.0
506	126290.0	129046.0
507	125751.0	128775.0
508	125894.0	128823.0
509	125846.0	128966.0
510	126874.0	129248.0
511	125982.0	128626.0
512	126308.0	129596.0
513	127512.0	129197.0
514	126328.0	128334.0
515	126667.0	128841.0
516	126664.0	128834.0
517	126857.0	128415.0
518	126116.0	129447.0
519	127124.0	128606.0
520	126741.0	127965.0
521	126383.0	128745.0
522	126987.0	128947.0
523	126804.0	128077.0
524	126658.0	127905.0
525	127012.0	128923.0
526	126887.0	127344.0
527	126477.0	128140.0
528	127806.0	128169.0
529	126625.0	127430.0
530	126856.0	128148.0
531	128009.0	127885.0
532	127361.0	127045.0
533	126618.0	127270.0
534	127105.0	127832.0
535	126008.0	127084.0
536	126842.0	127269.0
537	127902.0	127563.0
538	127179.0	126798.0
539	127247.0	127633.0
540	127554.0	126756.0
541	126711.0	126548.0
542	126822.0	126672.0
543	128025.0	126530.0
544	127274.0	126084.0
545	127427.0	127003.0
546	127554.0	126300.0
547	127145.0	125853.0
548	127127.0	126196.0
549	127992.0	125674.0
550	127306.0	125530.0
551	127280.0	126080.0
552	127510.0	125669.0
553	127279.0	125123.0
554	127212.0	125795.0
555	127966.0	125356.0
556	127219.0	124924.0
557	126625.0	125191.0
558	127828.0	124907.0
559	127144.0	124630.0
560	126704.0	124976.0
561	127678.0	124620.0
562	126549.0	123882.0
563	126042.0	124289.0
564	127237.0	124813.0
565	126439.0	124252.0
566	126399.0	124533.0
567	127502.0	124814.0
568	126975.0	123753.0
569	126158.0	124522.0
570	127630.0	124027.0
571	126294.0	123512.0
572	126451.0	124173.0
573	126536.0	124278.0
574	127062.0	123711.0
575	126378.0	124163.0
576	127150.0	123802.0
577	126546.0	123160.0
578	126351.0	124415.0
579	127012.0	123918.0
580	126194.0	123251.0
581	126149.0	123650.0
582	126612.0	124258.0
583	126445.0	122834.0
584	125750.0	123963.0
585	126568.0	123478.0
586	126298.0	123349.0
587	125454.0	123623.0
588	126551.0	123395.0
589	125607.0	122503.0
590	125432.0	122981.0
591	126402.0	123672.0
592	125981.0	123078.0
593	125800.0	123293.0
594	125921.0	123842.0
595	125270.0	122997.0
596	125241.0	123515.0
597	125569.0	123313.0
598	124083.0	123443.0
599	124667.0	123686.0
600	125556.0	123894.0
601	124867.0	122943.0
602	124988.0	123490.0
603	125410.0	123416.0
604	124842.0	124108.0
605	124878.0	124289.0
606	124988.0	123996.0
607	124814.0	122936.0
608	124605.0	123529.0
609	125200.0	123900.0
610	124617.0	123208.0
611	124427.0	123608.0
612	125176.0	123952.0
613	123068.0	124207.0
614	124366.0	123877.0
615	124918.0	123933.0
616	123731.0	123706.0
617	124747.0	124103.0
618	124296.0	124246.0
619	124500.0	124380.0
620	123851.0	124930.0
621	124232.0	124544.0
622	124006.0	124370.0
623	124073.0	123938.0
624	124438.0	124666.0
625	123741.0	124043.0
626	123767.0	124733.0
627	124669.0	125417.0
628	123097.0	124390.0
629	124088.0	124852.0
630	124032.0	124686.0
631	123593.0	124666.0
632	123631.0	125081.0
633	124319.0	126029.0
634	123703.0	124197.0
635	123776.0	125291.0
636	124095.0	124839.0
637	123179.0	125091.0
638	123977.0	125488.0
639	123954.0	125805.0
640	123500.0	124832.0
641	124145.0	125798.0
642	124624.0	125254.0
643	124810.0	126023.0
644	123799.0	125825.0
645	124432.0	125456.0
646	124012.0	125741.0
647	123640.0	126265.0
648	124560.0	125900.0
649	123393.0	125555.0
650	124114.0	125805.0
651	124086.0	126706.0
652	123624.0	125711.0
653	124070.0	125901.0
654	124397.0	126756.0
655	124146.0	126262.0
656	124130.0	126717.0
657	124558.0	125998.0
658	123832.0	126772.0
659	123772.0	126846.0
660	123985.0	126353.0
661	123978.0	125963.0
662	124207.0	126787.0
663	124143.0	126719.0
664	123959.0	126547.0
665	124379.0	126992.0
666	124445.0	126935.0
667	123404.0	126685.0
668	124459.0	126804.0
669	124908.0	127027.0
670	123948.0	126523.0
671	124385.0	126052.0
672	124646.0	126419.0
673	123850.0	126383.0
674	124442.0	127253.0
675	125079.0	127225.0
676	124426.0	127177.0
677	125160.0	127678.0
678	125449.0	127270.0
679	125034.0	126538.0
680	124885.0	126278.0
681	125678.0	127089.0
682	124237.0	126314.0
683	124451.0	127545.0
684	125215.0	127512.0
685	124797.0	126710.0
686	124749.0	127227.0
687	125442.0	127144.0
688	124678.0	126243.0
689	125048.0	127483.0
690	125112.0	127576.0
691	124976.0	126835.0
692	125402.0	126949.0
693	125597.0	126904.0
694	125176.0	127209.0
695	125361.0	126828.0
696	125794.0	126852.0
697	125425.0	126621.0
698	124802.0	126683.0
699	125985.0	127644.0
700	125676.0	126746.0
701	126050.0	127555.0
702	125510.0	126809.0
703	125274.0	127040.0
704	125365.0	127033.0
705	125876.0	126650.0
706	125069.0	126991.0
707	124611.0	126598.0
708	125695.0	126696.0
709	125310.0	126369.0
710	125434.0	126947.0
711	125705.0	127041.0
712	125571.0	126216.0
713	125555.0	126841.0
714	125830.0	126871.0
715	126114.0	125869.0
716	125495.0	126356.0
717	125916.0	126157.0
718	125637.0	125776.0
719	125498.0	126041.0
720	126244.0	126566.0
721	126369.0	125879.0
722	126246.0	126592.0
723	125782.0	125718.0
724	125536.0	125644.0
725	125677.0	125830.0
726	126042.0	126231.0
727	125742.0	124996.0
728	125706.0	125455.0
729	126371.0	125983.0
730	125483.0	124994.0
731	126113.0	125657.0
732	126099.0	126509.0
733	125186.0	124983.0
734	126038.0	125450.0
735	126465.0	125816.0
736	126081.0	125386.0
737	126008.0	125490.0
738	125774.0	125306.0
739	125381.0	124909.0
740	126078.0	125037.0
741	126088.0	125385.0
742	125556.0	124704.0
743	126128.0	124987.0
744	126275.0	125212.0
745	125946.0	124549.0
746	125942.0	125196.0
747	126242.0	124668.0
748	125846.0	124711.0
749	126709.0	124922.0
750	126368.0	125399.0
751	125797.0	124188.0
752	125279.0	124976.0
753	126090.0	124807.0
754	125272.0	124554.0
755	125096.0	124666.0
756	126058.0	124294.0
757	124689.0	124238.0
758	125135.0	124325.0
759	125349.0	124302.0
760	125728.0	124146.0
761	125223.0	124245.0
762	125808.0	124764.0
763	125761.0	123988.0
764	125519.0	125144.0
765	125888.0	123871.0
766	124735.0	123738.0
767	125143.0	124279.0
768	125895.0	124257.0
769	124927.0	123779.0
770	124920.0	124340.0
771	125537.0	124503.0
772	124989.0	123728.0
773	125216.0	124072.0
774	125428.0	123920.0
775	125618.0	123752.0
776	124758.0	124805.0
777	124521.0	124259.0
778	124702.0	123489.0
779	125055.0	124050.0
780	125081.0	124351.0
781	125094.0	124142.0
782	124941.0	124705.0
783	125528.0	124090.0
784	124781.0	123258.0
785	124385.0	123859.0
786	124877.0	123948.0
787	124366.0	124294.0
788	124087.0	124133.0
789	124677.0	123538.0
790	124370.0	124049.0
791	124214.0	124038.0
792	124680.0	124141.0
793	124603.0	124081.0
794	125239.0	124285.0
795	125456.0	123844.0
796	124329.0	123178.0
797	123744.0	124200.0
798	124818.0	124117.0
799	124514.0	123734.0
800	124727.0	124398.0
801	124250.0	124126.0
802	124256.0	124307.0
803	124268.0	124744.0
804	124395.0	124060.0
805	124690.0	124373.0
806	124445.0	124054.0
807	123974.0	124058.0
808	124498.0	124821.0
809	124167.0	124845.0
810	124358.0	124807.0
811	124000.0	124083.0
812	124338.0	124266.0
813	124204.0	124647.0
814	124607.0	124022.0
815	124421.0	124940.0
816	124411.0	124537.0
817	123800.0	124460.0
818	123113.0	124692.0
819	124770.0	125465.0
820	124134.0	124883.0
821	124479.0	125046.0
822	124557.0	125068.0
823	124279.0	124659.0
824	124724.0	125231.0
825	124201.0	124597.0
826	124391.0	124453.0
827	123993.0	125163.0
828	123368.0	125284.0
829	124061.0	124879.0
830	124388.0	125203.0
831	124100.0	125271.0
832	123896.0	124905.0
833	123960.0	125643.0
834	124051.0	125104.0
835	124598.0	124721.0
836	123809.0	125264.0
837	123931.0	124813.0
838	124269.0	124963.0
839	124072.0	125162.0
840	124075.0	125372.0
841	123545.0	124627.0
842	123857.0	125872.0
843	124448.0	125453.0
844	123924.0	125051.0
845	124154.0	125862.0
846	124504.0	126111.0
847	124115.0	125696.0
848	124135.0	126033.0
849	124610.0	125296.0
850	124528.0	125765.0
851	124608.0	125503.0
852	124552.0	125938.0
853	123961.0	125204.0
854	123617.0	125909.0
855	124434.0	125610.0
856	124433.0	125794.0
857	123792.0	125382.0
858	124445.0	125872.0
859	124357.0	125639.0
860	124445.0	125967.0
861	124878.0	125589.0
862	123839.0	125533.0
863	124469.0	125952.0
864	124278.0	125596.0
865	123589.0	124710.0
866	124471.0	125388.0
867	124225.0	125839.0
868	124331.0	125536.0
869	124439.0	125274.0
870	124396.0	125814.0
871	124359.0	125998.0
872	123885.0	125874.0
873	124628.0	126152.0
874	124339.0	125331.0
875	124315.0	125431.0
876	125558.0	125303.0
877	123767.0	125237.0
878	124183.0	126106.0
879	124674.0	125899.0
880	124741.0	126467.0
881	123751.0	125370.0
882	124844.0	125737.0
883	124363.0	126010.0
884	124426.0	125893.0
885	124658.0	125367.0
886	124367.0	125245.0
887	124956.0	125524.0
888	124581.0	125690.0
889	124822.0	125113.0
890	124621.0	125534.0
891	124608.0	125719.0
892	124519.0	125049.0
893	124644.0	125943.0
894	125717.0	125806.0
895	123853.0	125265.0
896	124472.0	125936.0
897	124876.0	125325.0
898	124189.0	125614.0
899	125015.0	125424.0
900	124932.0	125635.0
901	124764.0	124390.0
902	125111.0	125604.0
903	125255.0	125057.0
904	124245.0	124925.0
905	124580.0	125559.0
906	125052.0	125974.0
907	124479.0	124971.0
908	124678.0	125282.0
909	124584.0	124927.0
910	124523.0	124743.0
911	124331.0	125195.0
912	125353.0	125589.0
913	125024.0	124833.0
914	124618.0	125928.0
915	125623.0	125138.0
916	125022.0	125146.0
917	124682.0	125483.0
918	124978.0	125173.0
919	125002.0	124822.0
920	125027.0	125936.0
921	125364.0	125327.0
922	125305.0	124538.0
923	125227.0	124642.0
924	125259.0	125110.0
925	125388.0	124054.0
926	125101.0	125054.0
927	124956.0	125244.0
928	124995.0	124643.0
929	124781.0	124896.0
930	125512.0	124903.0
931	125048.0	124191.0
932	124613.0	125038.0
933	125377.0	125211.0
934	125156.0	124377.0
935	124446.0	124782.0
936	125123.0	125359.0
937	124679.0	124886.0
938	124763.0	124658.0
939	125204.0	124969.0
940	124711.0	124745.0
941	124927.0	124846.0
942	125258.0	124582.0
943	125018.0	124688.0
944	124950.0	124280.0
945	124825.0	124348.0
946	124531.0	124029.0
947	124658.0	124645.0
948	125241.0	124484.0
949	124385.0	123840.0
950	124719.0	125010.0
951	125820.0	124699.0
952	124747.0	123790.0
953	124531.0	124327.0
954	124361.0	124621.0
955	124898.0	124487.0
956	125107.0	124173.0
957	124668.0	124223.0
958	124893.0	124433.0
959	125005.0	125147.0
960	125209.0	123904.0
961	124588.0	123967.0
962	125065.0	124555.0
963	124893.0	124395.0
964	124368.0	123948.0
965	124166.0	123889.0
966	124652.0	123426.0
967	124278.0	123797.0
968	124741.0	124390.0
969	124427.0	124124.0
970	124418.0	123188.0
971	124803.0	124419.0
972	124896.0	124282.0
973	125201.0	124046.0
974	124445.0	123955.0
975	125106.0	124521.0
976	124743.0	124277.0
977	124212.0	124804.0
978	124632.0	124206.0
979	124949.0	123805.0
980	124330.0	123965.0
981	124144.0	124473.0
982	124737.0	123975.0
983	124615.0	124334.0
984	125518.0	124386.0
985	124254.0	123556.0
986	124036.0	124247.0
987	124248.0	124218.0
988	124649.0	124274.0
989	124117.0	124633.0
990	124828.0	124610.0
991	124062.0	124465.0
992	124579.0	124295.0
993	124545.0	123843.0
994	123928.0	123875.0
995	124198.0	124814.0
996	124495.0	124064.0
997	124041.0	123968.0
998	124197.0	124654.0
999	123795.0	124703.0
1000	123962.0	124320.0
1001	124031.0	124770.0
1002	124624.0	123954.0
1003	124150.0	124078.0
1004	124186.0	124177.0
1005	124559.0	124123.0
1006	124221.0	124281.0
1007	124428.0	124387.0
1008	124403.0	124485.0
1009	124486.0	124340.0
1010	124890.0	124159.0
1011	124546.0	124079.0
1012	124295.0	123939.0
1013	124492.0	124750.0
1014	124366.0	124020.0
1015	124029.0	124027.0
1016	124329.0	124939.0
1017	124647.0	124604.0
1018	123675.0	124103.0
1019	123781.0	124439.0
1020	124407.0	124533.0
1021	124135.0	124294.0
1022	124365.0	124081.0
1023	124798.0	124104.0
1024	123878.0	124451.0
1025	123622.0	124532.0
1026	123573.0	124991.0
1027	123497.0	124003.0
1028	123858.0	124998.0
1029	123789.0	125162.0
1030	124642.0	124302.0
1031	123457.0	124700.0
1032	123911.0	124163.0
1033	123940.0	124842.0
1034	123558.0	124550.0
1035	123989.0	125076.0
1036	124105.0	124475.0
1037	124197.0	124250.0
1038	124488.0	124711.0
1039	123941.0	124370.0
1040	123898.0	124474.0
1041	123839.0	124739.0
1042	123811.0	123914.0
1043	124159.0	124742.0
1044	124592.0	124782.0
1045	124648.0	124501.0
1046	123775.0	124891.0
1047	124515.0	125527.0
1048	123591.0	124960.0
1049	123655.0	124846.0
1050	123963.0	124557.0
1051	124263.0	124480.0
1052	123728.0	124883.0
1053	124102.0	124465.0
1054	123976.0	124906.0
1055	123899.0	124783.0
1056	124529.0	125463.0
1057	123854.0	124614.0
1058	124262.0	124922.0
1059	124297.0	125119.0
1060	124031.0	124182.0
1061	124289.0	124670.0
1062	124255.0	125335.0
1063	123787.0	124347.0
1064	123551.0	125092.0
1065	124291.0	125343.0
1066	123999.0	124691.0
1067	124093.0	124508.0
1068	123826.0	125438.0
1069	123961.0	124593.0
1070	123421.0	124952.0
1071	123305.0	124884.0
1072	123715.0	124527.0
1073	124595.0	124900.0
1074	124569.0	124849.0
1075	124096.0	124965.0
1076	124134.0	124222.0
1077	124289.0	124991.0
1078	123780.0	124684.0
1079	124526.0	125339.0
1080	123838.0	125109.0
1081	124223.0	124693.0
1082	124164.0	125099.0
1083	124439.0	124891.0
1084	124083.0	124463.0
1085	123645.0	125346.0
1086	124287.0	125135.0
1087	124174.0	124884.0
1088	124316.0	125040.0
1089	123874.0	125069.0
1090	124110.0	125271.0
1091	124171.0	125594.0
1092	124224.0	124987.0
1093	124358.0	124312.0
1094	123764.0	124763.0
1095	124350.0	124760.0
1096	124053.0	124577.0
1097	124361.0	124917.0
1098	124462.0	124640.0
1099	124526.0	124612.0
1100	123767.0	125529.0
1101	124350.0	124416.0
1102	124402.0	124754.0
1103	123847.0	125229.0
1104	124987.0	124726.0
1105	124466.0	124140.0
1106	123969.0	124634.0
1107	124940.0	124157.0
1108	124188.0	124597.0
1109	124368.0	125364.0
1110	124619.0	123968.0
1111	124564.0	124982.0
1112	124377.0	124468.0
1113	123867.0	125253.0
1114	124194.0	124392.0
1115	124842.0	124687.0
1116	124828.0	125047.0
1117	124639.0	124504.0
1118	124302.0	124417.0
1119	124747.0	124403.0
1120	124394.0	123959.0
1121	124552.0	124695.0
1122	124519.0	124527.0
1123	124372.0	124391.0
1124	124596.0	124381.0
1125	124187.0	124258.0
1126	124252.0	123759.0
1127	124942.0	124335.0
1128	124563.0	124922.0
1129	124355.0	124663.0
1130	125447.0	124365.0
1131	124855.0	124885.0
1132	124071.0	124354.0
1133	124489.0	124343.0
1134	125131.0	124062.0
1135	124380.0	123646.0
1136	124241.0	124574.0
1137	124594.0	124611.0
1138	123990.0	123913.0
1139	124079.0	124089.0
1140	125245.0	124145.0
1141	124059.0	124324.0
1142	124990.0	124267.0
1143	124552.0	124645.0
1144	124598.0	124316.0
1145	124464.0	124680.0
1146	124158.0	124936.0
1147	125158.0	123923.0
1148	124348.0	124249.0
1149	124851.0	124077.0
1150	124373.0	123950.0
1151	124788.0	124839.0
1152	124948.0	124345.0
1153	123605.0	124292.0
1154	123624.0	123997.0
1155	124057.0	123565.0
1156	123925.0	123844.0
1157	124413.0	123990.0
1158	124470.0	124180.0
1159	124424.0	123903.0
1160	124233.0	124040.0
1161	124391.0	124410.0
1162	124035.0	124097.0
1163	124591.0	124514.0
1164	123909.0	123809.0
1165	124401.0	123683.0
1166	124535.0	123601.0
1167	124584.0	123935.0
1168	124205.0	123485.0
1169	124038.0	123793.0
1170	124528.0	123639.0
1171	123891.0	123845.0
1172	124542.0	124169.0
1173	124438.0	123940.0
1174	123922.0	123745.0
1175	124118.0	124206.0
1176	124005.0	123636.0
1177	124067.0	123458.0
1178	124382.0	123495.0
1179	124736.0	124163.0
1180	123388.0	123411.0
1181	123631.0	123573.0
1182	123577.0	124025.0
1183	123994.0	124134.0
1184	123735.0	124544.0
1185	124084.0	123923.0
1186	124077.0	124104.0
1187	124413.0	123843.0
1188	124147.0	124132.0
1189	124185.0	123743.0
1190	123322.0	124361.0
1191	124133.0	123170.0
1192	123524.0	123434.0
1193	123781.0	124046.0
1194	123422.0	124052.0
1195	123722.0	123826.0
1196	124099.0	123731.0
1197	123488.0	123919.0
1198	123580.0	123494.0
1199	123777.0	124219.0
1200	123706.0	124044.0
1201	123356.0	123923.0
1202	123764.0	124229.0
1203	123966.0	124031.0
1204	124264.0	123562.0
1205	124242.0	124196.0
1206	123468.0	123821.0
1207	124001.0	124088.0
1208	123158.0	124491.0
1209	123717.0	124378.0
1210	123133.0	123837.0
1211	123194.0	124518.0
1212	124270.0	124056.0
1213	124128.0	124086.0
1214	123733.0	124720.0
1215	123991.0	124331.0
1216	123598.0	124321.0
1217	124042.0	124510.0
1218	123430.0	124120.0
1219	123091.0	124175.0
1220	123694.0	123721.0
1221	124043.0	124511.0
1222	123557.0	124287.0
1223	123959.0	124204.0
1224	124032.0	123487.0
1225	123593.0	124282.0
1226	123471.0	124171.0
1227	123909.0	124365.0
1228	122865.0	123410.0
1229	123448.0	123906.0
1230	123902.0	124319.0
1231	123872.0	124237.0
1232	123621.0	124460.0
1233	123900.0	124385.0
1234	123052.0	124419.0
1235	124132.0	124191.0
1236	123661.0	124115.0
1237	123646.0	124207.0
1238	123320.0	124277.0
1239	123812.0	124948.0
1240	123690.0	124739.0
1241	123424.0	124565.0
1242	123251.0	124552.0
1243	123533.0	123717.0
1244	123713.0	124188.0
1245	124008.0	123904.0
1246	123374.0	124552.0
1247	123996.0	124551.0
1248	123818.0	124405.0
1249	123928.0	123838.0
1250	123537.0	124366.0
1251	124218.0	124009.0
1252	123659.0	124643.0
1253	123973.0	124205.0
1254	124022.0	124448.0
1255	123607.0	123503.0
1256	123496.0	123944.0
1257	123569.0	124626.0
1258	123542.0	124539.0
1259	123915.0	124517.0
1260	123993.0	124376.0
1261	123699.0	125022.0
1262	124053.0	124442.0
1263	123951.0	124369.0
1264	123720.0	124324.0
1265	124728.0	124578.0
1266	123822.0	124267.0
1267	123912.0	124829.0
1268	123875.0	124343.0
1269	124129.0	124715.0
1270	123785.0	124584.0
1271	123551.0	124652.0
1272	123567.0	124098.0
1273	123541.0	124042.0
1274	123798.0	124095.0
1275	123695.0	124527.0
1276	123812.0	124547.0
1277	123903.0	124414.0
1278	124063.0	124727.0
1279	123209.0	124110.0
1280	123901.0	124475.0
1281	124014.0	125048.0
1282	123596.0	124238.0
1283	123823.0	124799.0
1284	123720.0	124538.0
1285	123644.0	124703.0
1286	123896.0	124650.0
1287	124325.0	124584.0
1288	123216.0	124145.0
1289	124046.0	124362.0
1290	124353.0	124071.0
1291	123790.0	123802.0
1292	123988.0	124161.0
1293	123905.0	124600.0
1294	123725.0	124706.0
1295	123679.0	124417.0
1296	124416.0	124173.0
1297	124387.0	124347.0
1298	123904.0	124500.0
1299	123803.0	124785.0
1300	123898.0	124242.0
1301	124508.0	125005.0
1302	124323.0	124455.0
1303	124083.0	123810.0
1304	124055.0	124200.0
1305	124444.0	123519.0
1306	123925.0	124053.0
1307	124093.0	123636.0
1308	123596.0	123655.0
1309	123294.0	124232.0
1310	124139.0	123846.0
1311	123686.0	124696.0
1312	124239.0	123976.0
1313	123746.0	124069.0
1314	124032.0	124794.0
1315	123860.0	124067.0
1316	124189.0	123699.0
1317	124201.0	124373.0
1318	124157.0	124168.0
1319	123687.0	124194.0
1320	124448.0	124164.0
1321	124259.0	124182.0
1322	124434.0	124397.0
1323	124563.0	123730.0
1324	124836.0	123784.0
1325	123851.0	123844.0
1326	124388.0	123816.0
1327	123303.0	123854.0
1328	123712.0	124064.0
1329	124517.0	123727.0
1330	123412.0	123743.0
1331	124467.0	123989.0
1332	123353.0	124146.0
1333	123364.0	124054.0
1334	124016.0	124412.0
1335	124042.0	123507.0
1336	123539.0	123641.0
1337	124412.0	123893.0
1338	124149.0	123696.0
1339	123922.0	123917.0
1340	123681.0	124057.0
1341	124372.0	124015.0
1342	123853.0	124320.0
1343	123238.0	124330.0
1344	124073.0	124156.0
1345	123545.0	123567.0
1346	124265.0	123816.0
1347	123526.0	123397.0
1348	123389.0	123697.0
1349	123980.0	124271.0
1350	123524.0	123996.0
1351	123179.0	123862.0
1352	123857.0	123968.0
1353	124171.0	123195.0
1354	124347.0	123640.0
1355	123656.0	123374.0
1356	123856.0	123767.0
1357	124113.0	123876.0
1358	124174.0	124113.0
1359	123153.0	123432.0
1360	123662.0	123434.0
1361	123620.0	123878.0
1362	124018.0	124246.0
1363	123887.0	124434.0
1364	124165.0	123646.0
1365	124421.0	123661.0
1366	123547.0	124313.0
1367	123771.0	123681.0
1368	124019.0	124231.0
1369	123760.0	124143.0
1370	123819.0	123968.0
1371	123769.0	124199.0
1372	123842.0	123444.0
1373	123834.0	123073.0
1374	123602.0	124023.0
1375	123587.0	124026.0
1376	123673.0	124139.0
1377	123646.0	123737.0
1378	123733.0	123205.0
1379	123760.0	123650.0
1380	124284.0	123830.0
1381	123895.0	124267.0
1382	123581.0	124217.0
1383	124278.0	123558.0
1384	124331.0	124099.0
1385	123808.0	123565.0
1386	123541.0	123484.0
1387	123281.0	123739.0
1388	123598.0	123778.0
1389	123201.0	123992.0
1390	123929.0	124388.0
1391	124259.0	123640.0
1392	124009.0	123744.0
1393	123684.0	123495.0
1394	123369.0	123836.0
1395	123831.0	123636.0
1396	123331.0	124292.0
1397	123093.0	124133.0
1398	123275.0	124056.0
1399	124032.0	124129.0
1400	123615.0	124062.0
1401	123682.0	123537.0
1402	123779.0	123113.0
1403	123988.0	123751.0
1404	123360.0	123606.0
1405	123189.0	123446.0
1406	124075.0	123233.0
1407	123375.0	124171.0
1408	123475.0	123451.0
1409	124124.0	124468.0
1410	123550.0	124159.0
1411	124085.0	124213.0
1412	123230.0	123314.0
1413	123965.0	123555.0
1414	123582.0	123999.0
1415	123489.0	123964.0
1416	123957.0	123342.0
1417	123501.0	123356.0
1418	123054.0	124312.0
1419	123892.0	124065.0
1420	122697.0	123582.0
1421	123333.0	123366.0
1422	123506.0	124052.0
1423	123882.0	123381.0
1424	123668.0	124318.0
1425	123660.0	123874.0
1426	123327.0	123684.0
1427	123509.0	124152.0
1428	123387.0	124083.0
1429	123440.0	124011.0
1430	122916.0	124168.0
1431	123804.0	124081.0
1432	124216.0	123751.0
1433	123467.0	124156.0
1434	123519.0	124504.0
1435	123663.0	123542.0
1436	123769.0	123764.0
1437	122732.0	124358.0
1438	122975.0	123303.0
1439	123251.0	123949.0
1440	123127.0	123864.0
1441	123479.0	123920.0
1442	123391.0	123902.0
1443	123966.0	124667.0
1444	123614.0	124138.0
1445	123674.0	124229.0
1446	123503.0	124281.0
1447	123714.0	124361.0
1448	123526.0	124167.0
1449	123043.0	124353.0
1450	123235.0	124063.0
1451	123845.0	124154.0
1452	123432.0	123858.0
1453	123405.0	123828.0
1454	123405.0	123715.0
1455	123415.0	123900.0
1456	123339.0	124404.0
1457	123060.0	124040.0
1458	123279.0	124391.0
1459	123446.0	124161.0
1460	123273.0	124376.0
1461	123540.0	124516.0
1462	123972.0	124496.0
1463	123635.0	123931.0
1464	124179.0	124423.0
1465	123713.0	123682.0
1466	123799.0	123682.0
1467	123724.0	124686.0
1468	123219.0	123799.0
1469	123729.0	123776.0
1470	123451.0	124784.0
1471	123561.0	124071.0
1472	123272.0	124376.0
1473	123234.0	124240.0
1474	123680.0	123748.0
1475	123961.0	124676.0
1476	124098.0	123482.0
1477	123776.0	123689.0
1478	123441.0	123518.0
1479	123204.0	123179.0
1480	123342.0	123706.0
1481	123682.0	123955.0
1482	123674.0	123683.0
1483	124110.0	123466.0
1484	123606.0	124082.0
1485	123567.0	123330.0
1486	123547.0	124145.0
1487	124048.0	123866.0
1488	123679.0	123658.0
1489	123484.0	124171.0
1490	123443.0	123636.0
1491	123393.0	124320.0
1492	123635.0	123642.0
1493	123507.0	123878.0
1494	124404.0	124082.0
1495	123822.0	123785.0
1496	123744.0	123885.0
1497	123636.0	123470.0
1498	123681.0	123950.0
1499	123986.0	123107.0
1500	123471.0	123452.0
1501	123569.0	123443.0
1502	123925.0	123601.0
1503	123625.0	124352.0
1504	123459.0	124217.0
1505	123967.0	123634.0
1506	123428.0	123828.0
1507	123984.0	123513.0
1508	124143.0	123542.0
1509	123839.0	123327.0
1510	123946.0	123933.0
1511	123828.0	123091.0
1512	123388.0	123806.0
1513	124030.0	122906.0
1514	122971.0	123565.0
1515	124040.0	123888.0
1516	123300.0	123811.0
1517	123952.0	123508.0
1518	123860.0	123528.0
1519	123851.0	123448.0
1520	123532.0	123278.0
1521	123402.0	124479.0
1522	123779.0	123546.0
1523	123448.0	123670.0
1524	123506.0	123096.0
1525	124133.0	123286.0
1526	123865.0	123782.0
1527	123591.0	123975.0
1528	123995.0	123595.0
1529	123394.0	123348.0
1530	123204.0	123976.0
1531	123540.0	123168.0
1532	123152.0	123784.0
1533	123002.0	123852.0
1534	123462.0	123479.0
1535	123560.0	123474.0
1536	123415.0	123797.0
1537	123303.0	123896.0
1538	122979.0	123778.0
1539	124079.0	123393.0
1540	123980.0	123743.0
1541	123875.0	123775.0
1542	123466.0	123155.0
1543	123240.0	123149.0
1544	123478.0	123739.0
1545	123265.0	123660.0
1546	123631.0	123290.0
1547	123516.0	123102.0
1548	123155.0	123281.0
1549	123761.0	123411.0
1550	123335.0	123180.0
1551	123397.0	123654.0
1552	123516.0	123089.0
1553	123159.0	123350.0
1554	123308.0	123383.0
1555	123592.0	123295.0
1556	123043.0	123423.0
1557	123189.0	124021.0
1558	123416.0	124197.0
1559	123677.0	123738.0
1560	123598.0	123254.0
1561	123575.0	123850.0
1562	123196.0	123857.0
1563	123554.0	123770.0
1564	123955.0	123617.0
1565	124046.0	123543.0
1566	123113.0	123981.0
1567	123731.0	123336.0
1568	123143.0	123397.0
1569	123352.0	123283.0
1570	123173.0	123579.0
1571	122890.0	123310.0
1572	122688.0	123417.0
1573	123374.0	123454.0
1574	123138.0	123539.0
1575	123263.0	123547.0
1576	123148.0	123117.0
1577	122590.0	123605.0
1578	122817.0	123503.0
1579	123240.0	123332.0
1580	123127.0	123665.0
1581	124030.0	123338.0
1582	123253.0	123473.0
1583	123240.0	123624.0
1584	123095.0	123443.0
1585	123118.0	123278.0
1586	123273.0	123046.0
1587	123050.0	123736.0
1588	123576.0	123720.0
1589	123152.0	123639.0
1590	123136.0	123718.0
1591	123261.0	123413.0
1592	123866.0	123637.0
1593	123567.0	123466.0
1594	123687.0	123046.0
1595	122996.0	123566.0
1596	123595.0	123937.0
1597	123153.0	123514.0
1598	123048.0	123703.0
1599	123060.0	123298.0
1600	123199.0	123844.0
1601	122952.0	124053.0
1602	123416.0	123688.0
1603	123318.0	123682.0
1604	122962.0	123611.0
1605	122835.0	123289.0
1606	122711.0	123425.0
1607	123134.0	123608.0
1608	122722.0	123537.0
1609	122810.0	123930.0
1610	122817.0	124119.0
1611	123499.0	124266.0
1612	123214.0	123019.0
1613	122847.0	123940.0
1614	123225.0	123637.0
1615	122976.0	123979.0
1616	122980.0	124244.0
1617	123153.0	123652.0
1618	122827.0	123620.0
1619	123286.0	123135.0
1620	123094.0	123579.0
1621	122780.0	124015.0
1622	123475.0	122452.0
1623	123414.0	123647.0
1624	123210.0	123497.0
1625	123447.0	123266.0
1626	123317.0	123463.0
1627	123196.0	123533.0
1628	123379.0	123189.0
1629	122905.0	124111.0
1630	123389.0	123510.0
1631	123264.0	123317.0
1632	123272.0	123390.0
1633	122759.0	122830.0
1634	122413.0	123661.0
1635	123245.0	123573.0
1636	123230.0	123995.0
1637	122943.0	123860.0
1638	123022.0	122752.0
1639	122800.0	124001.0
1640	123276.0	123742.0
1641	122892.0	123410.0
1642	122897.0	123889.0
1643	123165.0	124169.0
1644	124012.0	123400.0
1645	123730.0	123431.0
1646	122772.0	123841.0
1647	123876.0	123885.0
1648	122195.0	123482.0
1649	123088.0	123455.0
1650	123263.0	123669.0
1651	123154.0	123729.0
1652	122517.0	123648.0
1653	123344.0	123212.0
1654	122916.0	123052.0
1655	123164.0	123949.0
1656	123039.0	123681.0
1657	123498.0	123029.0
1658	123126.0	123329.0
1659	123661.0	124353.0
1660	123201.0	123960.0
1661	123321.0	124172.0
1662	123250.0	123900.0
1663	123180.0	124059.0
1664	123753.0	123862.0
1665	123123.0	124073.0
1666	123062.0	123668.0
1667	123700.0	123214.0
1668	123532.0	123570.0
1669	123318.0	123361.0
1670	122963.0	123227.0
1671	123350.0	123186.0
1672	123546.0	123842.0
1673	123525.0	123457.0
1674	123207.0	123621.0
1675	123135.0	124645.0
1676	123666.0	124294.0
1677	123275.0	123261.0
1678	122762.0	123574.0
1679	123107.0	124210.0
1680	123297.0	123530.0
1681	123501.0	123411.0
1682	123485.0	123955.0
1683	123543.0	123208.0
1684	123151.0	123224.0
1685	123130.0	122818.0
1686	123196.0	123240.0
1687	122826.0	122818.0
1688	123671.0	123093.0
1689	123438.0	123230.0
1690	123023.0	123139.0
1691	123396.0	123586.0
1692	123705.0	123637.0
1693	122915.0	123447.0
1694	123068.0	123200.0
1695	123702.0	123516.0
1696	123408.0	123943.0
1697	123644.0	123892.0
1698	123218.0	123365.0
1699	123284.0	122989.0
1700	123010.0	123697.0
1701	123336.0	123343.0
1702	123517.0	123316.0
1703	123115.0	123846.0
1704	123545.0	123568.0
1705	123382.0	123214.0
1706	123284.0	123707.0
1707	123180.0	122599.0
1708	122963.0	123422.0
1709	123013.0	123236.0
1710	123314.0	123345.0
1711	123340.0	122489.0
1712	123317.0	123028.0
1713	122969.0	122933.0
1714	122888.0	123490.0
1715	123055.0	123528.0
1716	123033.0	123299.0
1717	123296.0	123896.0
1718	122878.0	123352.0
1719	123083.0	123251.0
1720	123445.0	123293.0
1721	122965.0	123171.0
1722	123961.0	123337.0
1723	123552.0	123116.0
1724	122485.0	123000.0
1725	123581.0	122818.0
1726	123288.0	123149.0
1727	123567.0	123395.0
1728	123630.0	123110.0
1729	122979.0	123219.0
1730	123201.0	123275.0
1731	123145.0	122845.0
1732	122953.0	123340.0
1733	123112.0	123157.0
1734	123022.0	123223.0
1735	123278.0	122731.0
1736	122923.0	123069.0
1737	123628.0	122967.0
1738	122776.0	123318.0
1739	123647.0	123383.0
1740	123165.0	123057.0
1741	123356.0	122648.0
1742	123179.0	123594.0
1743	123149.0	122767.0
1744	123563.0	122977.0
1745	122810.0	123069.0
1746	123225.0	123174.0
1747	123145.0	123148.0
1748	122824.0	123108.0
1749	123573.0	124054.0
1750	123024.0	123373.0
1751	123039.0	123504.0
1752	123242.0	123659.0
1753	123529.0	123303.0
1754	123130.0	122844.0
1755	123924.0	123607.0
1756	122863.0	123704.0
1757	123290.0	123214.0
1758	123587.0	123648.0
1759	123093.0	122758.0
1760	122723.0	122922.0
1761	123015.0	123530.0
1762	123095.0	123168.0
1763	123217.0	122848.0
1764	123582.0	122898.0
1765	123246.0	123471.0
1766	123190.0	123408.0
1767	123853.0	123049.0
1768	123174.0	123122.0
1769	123137.0	123202.0
1770	123119.0	123804.0
1771	122647.0	123855.0
1772	123163.0	123674.0
1773	122630.0	123812.0
1774	122810.0	123062.0
1775	123173.0	123335.0
1776	123200.0	123654.0
1777	122758.0	123554.0
1778	122971.0	122707.0
1779	123057.0	123199.0
1780	123020.0	122967.0
1781	122647.0	122928.0
1782	123115.0	123123.0
1783	122739.0	122569.0
1784	122801.0	123804.0
1785	123438.0	123086.0
1786	123184.0	123090.0
1787	123549.0	123162.0
1788	122882.0	123359.0
1789	122624.0	123714.0
1790	123209.0	123375.0
1791	123257.0	123668.0
1792	122809.0	122949.0
1793	122999.0	122966.0
1794	123565.0	123170.0
1795	122597.0	123293.0
1796	123354.0	122912.0
1797	122392.0	123445.0
1798	122792.0	123940.0
1799	122972.0	123209.0
1800	122775.0	123478.0
1801	123455.0	123814.0
1802	122872.0	122909.0
1803	123606.0	123936.0
1804	123125.0	123148.0
1805	122803.0	123584.0
1806	122555.0	123205.0
1807	122607.0	123229.0
1808	123264.0	123416.0
1809	123132.0	122828.0
1810	123072.0	122892.0
1811	122745.0	122688.0
1812	123444.0	122987.0
1813	122417.0	123179.0
1814	122606.0	123631.0
1815	123201.0	123139.0
1816	123158.0	123598.0
1817	123153.0	123377.0
1818	123579.0	123131.0
1819	123285.0	123605.0
1820	123621.0	123126.0
1821	123246.0	122705.0
1822	122931.0	122999.0
1823	122997.0	123318.0
1824	122798.0	123239.0
1825	123134.0	123505.0
1826	123517.0	123178.0
1827	122886.0	123388.0
1828	122853.0	123555.0
1829	123263.0	123264.0
1830	123477.0	123241.0
1831	122693.0	123249.0
1832	122150.0	122894.0
1833	122901.0	123522.0
1834	122483.0	123528.0
1835	123617.0	123314.0
1836	123377.0	123772.0
1837	123146.0	123490.0
1838	123382.0	123253.0
1839	123307.0	123201.0
1840	123386.0	122539.0
1841	123175.0	123346.0
1842	123446.0	122917.0
1843	122888.0	123760.0
1844	123609.0	123962.0
1845	122626.0	123425.0
1846	122503.0	123171.0
1847	122828.0	123372.0
1848	123628.0	123750.0
1849	122997.0	123709.0
1850	123459.0	123229.0
1851	122708.0	123513.0
1852	122586.0	122920.0
1853	123005.0	123746.0
1854	123643.0	123337.0
1855	123234.0	123268.0
1856	122890.0	123480.0
1857	122723.0	123180.0
1858	124135.0	123960.0
1859	122833.0	123201.0
1860	122665.0	123411.0
1861	123340.0	123177.0
1862	123707.0	123631.0
1863	122940.0	123315.0
1864	123263.0	122990.0
1865	123480.0	123663.0
1866	122926.0	122835.0
1867	123471.0	123615.0
1868	123648.0	123644.0
1869	123417.0	123139.0
1870	123364.0	123050.0
1871	122692.0	123677.0
1872	123376.0	123438.0
1873	123479.0	122939.0
1874	123431.0	123198.0
1875	122805.0	122952.0
1876	122568.0	122876.0
1877	122719.0	123598.0
1878	122701.0	123638.0
1879	122913.0	123525.0
1880	123357.0	122979.0
1881	123339.0	123613.0
1882	122467.0	123388.0
1883	123284.0	123169.0
1884	123161.0	123346.0
1885	122885.0	123415.0
1886	122999.0	123048.0
1887	123006.0	123790.0
1888	123097.0	122986.0
1889	122696.0	123404.0
1890	123533.0	123085.0
1891	123246.0	123114.0
1892	123188.0	122962.0
1893	123579.0	123191.0
1894	122865.0	123074.0
1895	123007.0	123241.0
1896	123089.0	123044.0
1897	123042.0	123027.0
1898	123406.0	122610.0
1899	123114.0	122852.0
1900	123449.0	123108.0
1901	123310.0	123084.0
1902	123316.0	123236.0
1903	122669.0	122720.0
1904	122803.0	123098.0
1905	123144.0	122957.0
1906	122988.0	123131.0
1907	122865.0	123009.0
1908	123160.0	123578.0
1909	122523.0	123046.0
1910	122691.0	123321.0
1911	123068.0	122746.0
1912	122818.0	123014.0
1913	122748.0	122804.0
1914	122328.0	122981.0
1915	123125.0	123010.0
1916	123204.0	122760.0
1917	123289.0	123725.0
1918	122712.0	122842.0
1919	123024.0	122445.0
1920	122449.0	123032.0
1921	122265.0	123568.0
1922	122930.0	123454.0
1923	123174.0	123296.0
1924	123266.0	123842.0
1925	123433.0	123145.0
1926	122948.0	123576.0
1927	122740.0	122883.0
1928	123095.0	123041.0
1929	123292.0	123428.0
1930	123469.0	122887.0
1931	123178.0	123345.0
1932	122577.0	123347.0
1933	122724.0	123366.0
1934	123278.0	123218.0
1935	123538.0	123055.0
1936	122835.0	123076.0
1937	123010.0	123250.0
1938	123409.0	123284.0
1939	122586.0	122923.0
1940	122682.0	123576.0
1941	123086.0	122995.0
1942	123345.0	123183.0
1943	122706.0	122980.0
1944	123057.0	122755.0
1945	123072.0	123110.0
1946	123332.0	123036.0
1947	122942.0	123189.0
1948	122690.0	122917.0
1949	123035.0	123034.0
1950	123255.0	122926.0
1951	122718.0	123463.0
1952	123186.0	123382.0
1953	123198.0	123454.0
1954	122926.0	122799.0
1955	122783.0	123537.0
1956	122857.0	123110.0
1957	122737.0	122797.0
1958	123683.0	123316.0
1959	122565.0	122521.0
1960	122734.0	122823.0
1961	122885.0	123058.0
1962	122862.0	123094.0
1963	122832.0	122799.0
1964	122532.0	123162.0
1965	122314.0	122725.0
1966	122847.0	123656.0
1967	122946.0	122872.0
1968	122664.0	122710.0
1969	122955.0	122855.0
1970	122355.0	123025.0
1971	122670.0	122689.0
1972	122376.0	123094.0
1973	122617.0	123690.0
1974	122789.0	122738.0
1975	122911.0	123463.0
1976	123210.0	123567.0
1977	122487.0	122420.0
1978	122852.0	123529.0
1979	123365.0	122479.0
1980	122616.0	123289.0
1981	122612.0	123440.0
1982	121747.0	123694.0
1983	123063.0	123230.0
1984	122616.0	123180.0
1985	122986.0	122658.0
1986	122972.0	122866.0
1987	122778.0	123113.0
1988	122902.0	122250.0
1989	123419.0	123281.0
1990	122461.0	122369.0
1991	122685.0	122576.0
1992	123222.0	123109.0
1993	122135.0	122747.0
1994	122358.0	123081.0
1995	122783.0	123606.0
1996	123077.0	122903.0
1997	122477.0	123628.0
1998	122283.0	123521.0
1999	122729.0	123671.0
